date/time: ,11/11/2019,01:17 p.m.
Run 1

time	(V)	(V)
0,000000	2,579083E+0	2,437499E-1
0,066667	2,579169E+0	2,365509E-1
0,133333	2,579042E+0	2,382116E-1
0,200000	2,579267E+0	2,472742E-1
0,266667	2,579191E+0	2,525419E-1
0,333333	2,579241E+0	2,493858E-1
0,400000	2,579281E+0	2,446291E-1
0,466667	2,579269E+0	2,396168E-1
0,533333	2,579281E+0	2,378960E-1
0,600000	2,579331E+0	2,411874E-1
0,666667	2,579304E+0	2,342514E-1
0,733333	2,579258E+0	2,307722E-1
0,800000	2,579354E+0	2,301861E-1
0,866667	2,579317E+0	2,259178E-1
0,933333	2,579164E+0	2,243021E-1
1,000000	2,579091E+0	2,218073E-1
1,066667	2,579017E+0	2,268947E-1
1,133333	2,579044E+0	2,317341E-1
1,200000	2,578962E+0	2,195229E-1
1,266667	2,579110E+0	2,240316E-1
1,333333	2,579081E+0	2,243172E-1
1,400000	2,579131E+0	2,263010E-1
1,466667	2,579260E+0	2,206200E-1
1,533333	2,579283E+0	2,246929E-1
1,600000	2,579058E+0	2,296675E-1
1,666667	2,579092E+0	2,317942E-1
1,733333	2,579169E+0	2,239790E-1
1,800000	2,579162E+0	2,325832E-1
1,866667	2,579133E+0	2,375879E-1
1,933333	2,579066E+0	2,283826E-1
2,000000	2,579104E+0	2,321023E-1
2,066667	2,579085E+0	2,210183E-1
2,133333	2,579048E+0	2,184107E-1
2,200000	2,578925E+0	2,210183E-1
2,266667	2,578827E+0	2,205298E-1
2,333333	2,578998E+0	2,230397E-1
2,400000	2,579056E+0	2,291265E-1
2,466667	2,579094E+0	2,358671E-1
2,533333	2,579041E+0	2,209131E-1
2,600000	2,579046E+0	2,204547E-1
2,666667	2,579196E+0	2,245276E-1
2,733333	2,579035E+0	2,258577E-1
2,800000	2,579087E+0	2,284352E-1
2,866667	2,579037E+0	2,298479E-1
2,933333	2,578956E+0	2,370769E-1
3,000000	2,578919E+0	2,383394E-1
3,066667	2,578889E+0	2,322000E-1
3,133333	2,578927E+0	2,343942E-1
3,200000	2,578706E+0	2,366862E-1
3,266667	2,578723E+0	2,367613E-1
3,333333	2,578969E+0	2,287733E-1
3,400000	2,578902E+0	2,243322E-1
3,466667	2,583376E+0	2,191171E-1
3,533333	2,587106E+0	2,279768E-1
3,600000	2,592388E+0	2,367237E-1
3,666667	2,603407E+0	2,600941E-1
3,733333	2,617179E+0	3,395081E-1
3,800000	2,640742E+0	5,066923E-1
3,866667	2,670518E+0	6,512201E-1
3,933333	2,699251E+0	7,688532E-1
4,000000	2,729559E+0	7,782915E-1
4,066667	2,765713E+0	9,272754E-1
4,133333	2,801281E+0	9,946135E-1
4,200000	2,833238E+0	1,113825E+0
4,266667	2,866806E+0	1,229166E+0
4,333333	2,891069E+0	1,261606E+0
4,400000	2,915769E+0	1,268677E+0
4,466667	2,937485E+0	1,321016E+0
4,533333	2,955083E+0	1,486036E+0
4,600000	2,981171E+0	1,539811E+0
4,666667	3,004817E+0	1,546732E+0
4,733333	3,030824E+0	1,548024E+0
4,800000	3,052798E+0	1,624628E+0
4,866667	3,067592E+0	1,618421E+0
4,933333	3,085267E+0	1,737948E+0
5,000000	3,105208E+0	2,116276E+0
5,066667	3,119399E+0	2,210644E+0
5,133333	3,128388E+0	2,133702E+0
5,200000	3,136058E+0	2,176761E+0
5,266667	3,146045E+0	2,108934E+0
5,333333	3,147753E+0	2,068251E+0
5,400000	3,159956E+0	2,037959E+0
5,466667	3,167519E+0	2,036013E+0
5,533333	3,177494E+0	1,904583E+0
5,600000	3,185844E+0	1,881761E+0
5,666667	3,200303E+0	1,909332E+0
5,733333	3,217153E+0	1,905538E+0
5,800000	3,226757E+0	1,929374E+0
5,866667	3,230860E+0	2,011395E+0
5,933333	3,236138E+0	2,030715E+0
6,000000	3,242837E+0	2,182630E+0
6,066667	3,248813E+0	2,172260E+0
6,133333	3,254353E+0	2,244061E+0
6,200000	3,262476E+0	2,167826E+0
6,266667	3,269408E+0	2,329389E+0
6,333333	3,270472E+0	2,353842E+0
6,400000	3,272684E+0	2,284392E+0
6,466667	3,281299E+0	2,185876E+0
6,533333	3,287187E+0	2,208352E+0
6,600000	3,293311E+0	2,323596E+0
6,666667	3,293858E+0	2,341338E+0
6,733333	3,295252E+0	2,189333E+0
6,800000	3,299092E+0	2,225102E+0
6,866667	3,300932E+0	2,234894E+0
6,933333	3,300465E+0	2,243070E+0
7,000000	3,297734E+0	2,232346E+0
7,066667	3,292382E+0	2,230761E+0
7,133333	3,288953E+0	2,286369E+0
7,200000	3,283032E+0	2,296671E+0
7,266667	3,277131E+0	2,255416E+0
7,333333	3,260206E+0	2,200530E+0
7,400000	3,233462E+0	2,197501E+0
7,466667	3,209040E+0	2,203333E+0
7,533333	3,197524E+0	2,094439E+0
7,600000	3,187406E+0	2,077967E+0
7,666667	3,173851E+0	2,110017E+0
7,733333	3,157355E+0	2,050847E+0
7,800000	3,133035E+0	2,017016E+0
7,866667	3,115860E+0	2,059601E+0
7,933333	3,081976E+0	1,979774E+0
8,000000	3,031640E+0	1,854476E+0
8,066667	2,973152E+0	1,780600E+0
8,133333	2,921308E+0	1,674284E+0
8,200000	2,876922E+0	1,571252E+0
8,266667	2,837556E+0	1,455978E+0
8,333333	2,806678E+0	1,301794E+0
8,400000	2,788103E+0	1,186926E+0
8,466667	2,765583E+0	1,164075E+0
8,533333	2,734378E+0	1,102185E+0
8,600000	2,703363E+0	1,017728E+0
8,666667	2,674099E+0	8,345080E-1
8,733333	2,652102E+0	7,763527E-1
8,800000	2,627776E+0	6,805945E-1
8,866667	2,608907E+0	5,657944E-1
8,933333	2,594834E+0	5,131548E-1
9,000000	2,587431E+0	5,063391E-1
9,066667	2,582216E+0	5,080599E-1
9,133333	2,580231E+0	5,630516E-1
9,200000	2,580187E+0	4,630627E-1
9,266667	2,580404E+0	4,517758E-1
9,333333	2,583822E+0	4,469664E-1
9,400000	2,586565E+0	4,003986E-1
9,466667	2,592486E+0	4,170509E-1
9,533333	2,604954E+0	4,395947E-1
9,600000	2,622836E+0	5,350222E-1
9,666667	2,655072E+0	6,525426E-1
9,733333	2,690439E+0	7,323023E-1
9,800000	2,724964E+0	8,865990E-1
9,866667	2,756129E+0	9,757895E-1
9,933333	2,798615E+0	1,165788E+0
10,000000	2,833940E+0	1,300224E+0
10,066667	2,863304E+0	1,333648E+0
10,133333	2,892556E+0	1,385837E+0
10,200000	2,921914E+0	1,424462E+0
10,266667	2,945964E+0	1,481964E+0
10,333333	2,969640E+0	1,554817E+0
10,400000	3,008014E+0	1,690140E+0
10,466667	3,040682E+0	1,872346E+0
10,533333	3,070146E+0	2,111226E+0
10,600000	3,089041E+0	2,110678E+0
10,666667	3,115916E+0	2,119748E+0
10,733333	3,139680E+0	2,205384E+0
10,800000	3,159575E+0	2,013635E+0
10,866667	3,177967E+0	1,971358E+0
10,933333	3,188933E+0	1,998200E+0
11,000000	3,196052E+0	2,064907E+0
11,066667	3,208361E+0	2,071106E+0
11,133333	3,224689E+0	2,117907E+0
11,200000	3,235636E+0	2,143967E+0
11,266667	3,249410E+0	2,180278E+0
11,333333	3,259104E+0	2,216964E+0
11,400000	3,267718E+0	2,256746E+0
11,466667	3,276104E+0	2,326286E+0
11,533333	3,286787E+0	2,349228E+0
11,600000	3,296303E+0	2,437306E+0
11,666667	3,301960E+0	2,433992E+0
11,733333	3,306905E+0	2,457814E+0
11,800000	3,314851E+0	2,408946E+0
11,866667	3,314610E+0	2,402807E+0
11,933333	3,323758E+0	2,395022E+0
12,000000	3,331035E+0	2,398035E+0
12,066667	3,341364E+0	2,396667E+0
12,133333	3,353509E+0	2,413710E+0
12,200000	3,363292E+0	2,342052E+0
12,266667	3,370872E+0	2,393293E+0
12,333333	3,378010E+0	2,380601E+0
12,400000	3,387651E+0	2,374514E+0
12,466667	3,401462E+0	2,387763E+0
12,533333	3,405361E+0	2,510904E+0
12,600000	3,402166E+0	2,562093E+0
12,666667	3,396139E+0	2,516179E+0
12,733333	3,390473E+0	2,471911E+0
12,800000	3,395755E+0	2,485294E+0
12,866667	3,407925E+0	2,443213E+0
12,933333	3,418515E+0	2,427800E+0
13,000000	3,412133E+0	2,402296E+0
13,066667	3,411852E+0	2,364798E+0
13,133333	3,421581E+0	2,406729E+0
13,200000	3,428718E+0	2,445437E+0
13,266667	3,422562E+0	2,514609E+0
13,333333	3,405551E+0	2,560613E+0
13,400000	3,322758E+0	2,488480E+0
13,466667	3,201142E+0	2,411028E+0
13,533333	3,022242E+0	2,120469E+0
13,600000	2,833476E+0	1,635997E+0
13,666667	2,702615E+0	1,197251E+0
13,733333	2,639848E+0	8,457573E-1
13,800000	2,610572E+0	6,974046E-1
13,866667	2,599324E+0	5,155820E-1
13,933333	2,585721E+0	5,074813E-1
14,000000	2,576467E+0	4,135116E-1
14,066667	2,579487E+0	3,690779E-1
14,133333	2,579506E+0	3,506296E-1
14,200000	2,579443E+0	3,386589E-1
14,266667	2,579610E+0	3,309414E-1
14,333333	2,579694E+0	3,374190E-1
14,400000	2,579560E+0	3,382907E-1
14,466667	2,579494E+0	3,311293E-1
14,533333	2,579371E+0	3,344357E-1
14,600000	2,582501E+0	3,492845E-1
14,666667	2,590914E+0	3,680484E-1
14,733333	2,602721E+0	4,532862E-1
14,800000	2,626899E+0	5,441374E-1
14,866667	2,667988E+0	7,649231E-1
14,933333	2,698834E+0	8,903112E-1
15,000000	2,728667E+0	1,023124E+0
15,066667	2,745830E+0	1,121294E+0
15,133333	2,754994E+0	1,113922E+0
15,200000	2,761026E+0	1,119115E+0
15,266667	2,765652E+0	1,122835E+0
15,333333	2,766542E+0	1,131687E+0
15,400000	2,768227E+0	1,135805E+0
15,466667	2,769816E+0	1,148610E+0
15,533333	2,770984E+0	1,142230E+0
15,600000	2,770678E+0	1,128320E+0
15,666667	2,771538E+0	1,113847E+0
15,733333	2,772128E+0	1,145949E+0
15,800000	2,770291E+0	1,153509E+0
15,866667	2,765823E+0	1,145408E+0
15,933333	2,760199E+0	1,155283E+0
16,000000	2,757879E+0	1,135632E+0
16,066667	2,758110E+0	1,141208E+0
16,133333	2,757479E+0	1,151473E+0
16,200000	2,759083E+0	1,162444E+0
16,266667	2,754798E+0	1,162391E+0
16,333333	2,746628E+0	1,127922E+0
16,400000	2,734601E+0	1,106520E+0
16,466667	2,724243E+0	1,069421E+0
16,533333	2,711771E+0	1,046712E+0
16,600000	2,690522E+0	1,013761E+0
16,666667	2,651069E+0	8,885453E-1
16,733333	2,624754E+0	7,504800E-1
16,800000	2,607170E+0	5,963787E-1
16,866667	2,591753E+0	4,366114E-1
16,933333	2,578556E+0	4,275488E-1
17,000000	2,577663E+0	3,216384E-1
17,066667	2,579587E+0	3,061434E-1
17,133333	2,579214E+0	2,700734E-1
17,200000	2,579323E+0	2,784522E-1
17,266667	2,579337E+0	2,843661E-1
17,333333	2,579339E+0	2,823372E-1
17,400000	2,579260E+0	2,780990E-1
17,466667	2,579352E+0	2,833592E-1
17,533333	2,579098E+0	2,870338E-1
17,600000	2,579493E+0	2,942102E-1
17,666667	2,579493E+0	2,990721E-1
17,733333	2,579362E+0	3,000040E-1
17,800000	2,579269E+0	3,043474E-1
17,866667	2,579375E+0	3,098931E-1
17,933333	2,579171E+0	3,241483E-1
18,000000	2,579162E+0	3,344357E-1
18,066667	2,579089E+0	3,391774E-1
18,133333	2,580768E+0	3,417699E-1
18,200000	2,581504E+0	3,383132E-1
18,266667	2,580814E+0	3,633443E-1
18,333333	2,580806E+0	3,299946E-1
18,400000	2,583618E+0	3,204135E-1
18,466667	2,586729E+0	3,106596E-1
18,533333	2,593578E+0	3,162354E-1
18,600000	2,604963E+0	3,596546E-1
18,666667	2,618651E+0	4,513850E-1
18,733333	2,630886E+0	4,966528E-1
18,800000	2,642231E+0	5,378101E-1
18,866667	2,655243E+0	5,928694E-1
18,933333	2,665515E+0	6,020297E-1
19,000000	2,672411E+0	6,385204E-1
19,066667	2,680872E+0	6,563149E-1
19,133333	2,684759E+0	7,049568E-1
19,200000	2,690001E+0	7,146806E-1
19,266667	2,694981E+0	7,104950E-1
19,333333	2,702088E+0	6,913178E-1
19,400000	2,706649E+0	7,167546E-1
19,466667	2,712831E+0	7,516223E-1
19,533333	2,716343E+0	7,767059E-1
19,600000	2,719746E+0	7,896460E-1
19,666667	2,719757E+0	8,134522E-1
19,733333	2,720942E+0	8,142186E-1
19,800000	2,719827E+0	8,178557E-1
19,866667	2,716895E+0	8,226801E-1
19,933333	2,709878E+0	7,972658E-1
20,000000	2,700855E+0	7,882032E-1
20,066667	2,686718E+0	7,620450E-1
20,133333	2,659746E+0	7,366157E-1
20,200000	2,624562E+0	5,873011E-1
20,266667	2,588264E+0	5,053171E-1
20,333333	2,579050E+0	6,458246E-1
20,400000	2,579558E+0	4,336882E-1
20,466667	2,579516E+0	5,745113E-1
20,533333	2,579677E+0	6,177051E-1
20,600000	2,579594E+0	6,045170E-1
20,666667	2,579646E+0	6,233410E-1
20,733333	2,579633E+0	6,432771E-1
20,800000	2,579512E+0	6,391066E-1
20,866667	2,579456E+0	6,497096E-1
20,933333	2,579577E+0	6,436378E-1
21,000000	2,579879E+0	6,491986E-1
21,066667	2,581408E+0	5,273047E-1
21,133333	2,582287E+0	4,759952E-1
21,200000	2,581726E+0	4,694501E-1
21,266667	2,581893E+0	4,698784E-1
21,333333	2,583259E+0	4,626343E-1
21,400000	2,584599E+0	5,038668E-1
21,466667	2,586367E+0	5,242538E-1
21,533333	2,586729E+0	5,549884E-1
21,600000	2,596075E+0	5,642764E-1
21,666667	2,612201E+0	5,652083E-1
21,733333	2,630802E+0	6,849605E-1
21,800000	2,648869E+0	7,490448E-1
21,866667	2,667350E+0	8,343502E-1
21,933333	2,690253E+0	8,787388E-1
22,000000	2,710707E+0	9,819965E-1
22,066667	2,726684E+0	1,061238E+0
22,133333	2,740410E+0	9,875348E-1
22,200000	2,757152E+0	1,001053E+0
22,266667	2,775504E+0	1,006246E+0
22,333333	2,787616E+0	1,038799E+0
22,400000	2,807080E+0	1,138848E+0
22,466667	2,825949E+0	1,199228E+0
22,533333	2,840656E+0	1,216789E+0
22,600000	2,851963E+0	1,301163E+0
22,666667	2,863005E+0	1,445067E+0
22,733333	2,872319E+0	1,466025E+0
22,800000	2,880286E+0	1,491935E+0
22,866667	2,886639E+0	1,554269E+0
22,933333	2,889825E+0	1,564654E+0
23,000000	2,896872E+0	1,584267E+0
23,066667	2,903701E+0	1,572837E+0
23,133333	2,908000E+0	1,576482E+0
23,200000	2,909869E+0	1,604639E+0
23,266667	2,906705E+0	1,636283E+0
23,333333	2,891069E+0	1,632000E+0
23,400000	2,850951E+0	1,598898E+0
23,466667	2,791473E+0	1,514118E+0
23,533333	2,711255E+0	1,282903E+0
23,600000	2,635672E+0	8,334034E-1
23,666667	2,589337E+0	5,734893E-1
23,733333	2,575678E+0	4,620106E-1
23,800000	2,578667E+0	3,827319E-1
23,866667	2,579166E+0	3,983622E-1
23,933333	2,578921E+0	3,985350E-1
24,000000	2,578942E+0	3,951159E-1
24,066667	2,578979E+0	3,926286E-1
24,133333	2,578919E+0	4,038178E-1
24,200000	2,578883E+0	4,275262E-1
24,266667	2,579025E+0	4,469063E-1
24,333333	2,578987E+0	4,360929E-1
24,400000	2,578814E+0	4,510694E-1
24,466667	2,579114E+0	4,673986E-1
24,533333	2,578954E+0	4,909267E-1
24,600000	2,578967E+0	4,842162E-1
24,666667	2,578937E+0	5,007407E-1
24,733333	2,578971E+0	5,098484E-1
24,800000	2,578881E+0	5,259897E-1
24,866667	2,579094E+0	5,315355E-1
24,933333	2,579131E+0	5,147028E-1
25,000000	2,579079E+0	5,253359E-1
25,066667	2,578996E+0	5,714228E-1
25,133333	2,578940E+0	5,842352E-1
25,200000	2,578965E+0	5,821611E-1
25,266667	2,578948E+0	5,804553E-1
25,333333	2,578925E+0	5,771715E-1
25,400000	2,578981E+0	5,739853E-1
25,466667	2,579037E+0	5,850768E-1
25,533333	2,579141E+0	5,793281E-1
25,600000	2,579123E+0	5,858358E-1
25,666667	2,579019E+0	6,002863E-1
25,733333	2,579067E+0	6,042089E-1
25,800000	2,579104E+0	5,996475E-1
25,866667	2,579066E+0	6,065685E-1
25,933333	2,579237E+0	6,022551E-1
26,000000	2,579350E+0	6,105888E-1
26,066667	2,579283E+0	6,054187E-1
26,133333	2,579198E+0	6,203051E-1
26,200000	2,579298E+0	6,235589E-1
26,266667	2,579342E+0	6,215826E-1
26,333333	2,579316E+0	6,113102E-1
26,400000	2,579179E+0	5,952064E-1
26,466667	2,579383E+0	5,974307E-1
26,533333	2,579071E+0	5,955145E-1
26,600000	2,579119E+0	5,896231E-1
26,666667	2,578979E+0	5,810790E-1
26,733333	2,579098E+0	5,773443E-1
26,800000	2,580272E+0	5,455501E-1
26,866667	2,643041E+0	5,790426E-1
26,933333	2,733439E+0	7,932605E-1
27,000000	2,832747E+0	1,095647E+0
27,066667	2,903093E+0	1,239063E+0
27,133333	2,980260E+0	1,457008E+0
27,200000	3,035321E+0	1,657091E+0
27,266667	3,063576E+0	1,838237E+0
27,333333	3,073624E+0	1,922085E+0
27,400000	3,056135E+0	1,888855E+0
27,466667	3,024577E+0	1,921205E+0
27,533333	2,964712E+0	1,860818E+0
27,600000	2,880203E+0	1,654911E+0
27,666667	2,757783E+0	1,423064E+0
27,733333	2,633293E+0	1,038987E+0
27,800000	2,578806E+0	5,536959E-1
27,866667	2,579404E+0	4,466508E-1
27,933333	2,579433E+0	3,699195E-1
28,000000	2,579550E+0	3,762844E-1
28,066667	2,579544E+0	3,693033E-1
28,133333	2,579373E+0	3,479544E-1
28,200000	2,579468E+0	3,468648E-1
28,266667	2,579502E+0	3,506897E-1
28,333333	2,579519E+0	3,445503E-1
28,400000	2,579310E+0	3,385612E-1
28,466667	2,579450E+0	3,364947E-1
28,533333	2,579302E+0	3,362843E-1
28,600000	2,579248E+0	3,380202E-1
28,666667	2,579262E+0	3,461585E-1
28,733333	2,579241E+0	3,385161E-1
28,800000	2,579169E+0	3,359236E-1
28,866667	2,579229E+0	3,554540E-1
28,933333	2,579269E+0	3,780278E-1
29,000000	2,579198E+0	3,804925E-1
29,066667	2,579133E+0	3,821908E-1
29,133333	2,579306E+0	3,915840E-1
29,200000	2,579369E+0	3,815220E-1
29,266667	2,579327E+0	3,852493E-1
29,333333	2,579441E+0	3,922078E-1
29,400000	2,579412E+0	3,896303E-1
29,466667	2,579456E+0	3,811839E-1
29,533333	2,579252E+0	3,678831E-1
29,600000	2,579350E+0	3,698594E-1
29,666667	2,579491E+0	3,708213E-1
29,733333	2,625243E+0	4,508139E-1
29,800000	2,740485E+0	8,513106E-1
29,866667	2,945571E+0	1,422899E+0
29,933333	3,116343E+0	1,914953E+0
30,000000	3,219850E+0	2,190039E+0
30,066667	3,266175E+0	2,279876E+0
30,133333	3,270599E+0	2,284527E+0
30,200000	3,221619E+0	2,284385E+0
30,266667	3,119574E+0	2,230332E+0
30,333333	2,928772E+0	1,951046E+0
30,400000	2,682092E+0	1,285442E+0
30,466667	2,576853E+0	8,124227E-1
30,533333	2,579321E+0	3,911632E-1
30,600000	2,579071E+0	3,897881E-1
30,666667	2,579283E+0	3,903517E-1
30,733333	2,579125E+0	3,979639E-1
30,800000	2,579198E+0	4,011726E-1
30,866667	2,579212E+0	4,123168E-1
30,933333	2,579171E+0	4,225967E-1
31,000000	2,579266E+0	4,346801E-1
31,066667	2,579204E+0	4,353264E-1
31,133333	2,579054E+0	4,352813E-1
31,200000	2,579177E+0	4,419467E-1
31,266667	2,579292E+0	4,515128E-1
31,333333	2,579275E+0	4,573967E-1
31,400000	2,579281E+0	4,555406E-1
31,466667	2,579146E+0	4,491908E-1
31,533333	2,579375E+0	4,381519E-1
31,600000	2,579156E+0	4,331096E-1
31,666667	2,579239E+0	4,371900E-1
31,733333	2,579206E+0	4,413080E-1
31,800000	2,579231E+0	4,446745E-1
31,866667	2,579166E+0	4,455687E-1
31,933333	2,579062E+0	4,450728E-1
32,000000	2,578956E+0	4,369646E-1
32,066667	2,579564E+0	4,254748E-1
32,133333	2,594215E+0	4,534140E-1
32,200000	2,603865E+0	4,403085E-1
32,266667	2,637713E+0	6,044794E-1
32,333333	2,727496E+0	9,626315E-1
32,400000	2,923280E+0	1,381907E+0
32,466667	3,223972E+0	2,025297E+0
32,533333	3,501652E+0	2,334507E+0
32,600000	3,721409E+0	2,514661E+0
32,666667	3,914493E+0	2,639636E+0
32,733333	4,066382E+0	2,763754E+0
32,800000	4,069151E+0	2,841921E+0
32,866667	4,049892E+0	2,841868E+0
32,933333	4,065131E+0	2,872731E+0
33,000000	4,074995E+0	2,894591E+0
33,066667	4,088723E+0	2,955759E+0
33,133333	4,053723E+0	2,952122E+0
33,200000	3,914203E+0	2,803168E+0
33,266667	3,598394E+0	2,646482E+0
33,333333	3,202046E+0	2,340090E+0
33,400000	2,837071E+0	1,657106E+0
33,466667	2,632842E+0	9,564169E-1
33,533333	2,573761E+0	6,492512E-1
33,600000	2,580014E+0	6,057719E-1
33,666667	2,579608E+0	5,165890E-1
33,733333	2,579643E+0	5,302955E-1
33,800000	2,579591E+0	5,516895E-1
33,866667	2,581156E+0	5,463467E-1
33,933333	2,590285E+0	5,878046E-1
34,000000	2,588217E+0	7,477598E-1
34,066667	2,580387E+0	8,134672E-1
34,133333	2,579373E+0	6,030817E-1
34,200000	2,579600E+0	6,239948E-1
34,266667	2,579581E+0	6,044418E-1
34,333333	2,579587E+0	6,926479E-1
34,400000	2,579516E+0	6,965329E-1
34,466667	2,579589E+0	6,943011E-1
34,533333	2,579556E+0	6,978705E-1
34,600000	2,579683E+0	7,077221E-1
34,666667	2,579985E+0	7,062793E-1
34,733333	2,579441E+0	7,221050E-1
34,800000	2,579396E+0	7,277710E-1
34,866667	2,579500E+0	7,243594E-1
34,933333	2,579598E+0	7,237657E-1
35,000000	2,579748E+0	7,600010E-1
35,066667	2,579571E+0	7,589415E-1
35,133333	2,579768E+0	7,585732E-1
35,200000	2,579450E+0	7,642167E-1
35,266667	2,579656E+0	8,396179E-1
35,333333	2,580154E+0	8,505441E-1
35,400000	2,580822E+0	8,616957E-1
35,466667	2,587052E+0	8,983969E-1
35,533333	2,599351E+0	9,737906E-1
35,600000	2,633960E+0	1,050116E+0
35,666667	2,719317E+0	1,299698E+0
35,733333	2,838096E+0	1,447923E+0
35,800000	2,927035E+0	1,613574E+0
35,866667	2,965537E+0	1,634622E+0
35,933333	2,948989E+0	1,650440E+0
36,000000	2,896261E+0	1,678695E+0
36,066667	2,793460E+0	1,528351E+0
36,133333	2,683850E+0	1,238041E+0
36,200000	2,593380E+0	1,051379E+0
36,266667	2,579096E+0	9,002755E-1
36,333333	2,579235E+0	8,677675E-1
36,400000	2,579173E+0	9,153197E-1
36,466667	2,579021E+0	9,170330E-1
36,533333	2,579050E+0	8,779422E-1
36,600000	2,579087E+0	8,100030E-1
36,666667	2,579085E+0	7,279213E-1
36,733333	2,579196E+0	7,151766E-1
36,800000	2,579185E+0	6,940907E-1
36,866667	2,583043E+0	7,480829E-1
36,933333	2,589052E+0	7,297999E-1
37,000000	2,591826E+0	7,234501E-1
37,066667	2,600657E+0	7,013498E-1
37,133333	2,620717E+0	5,548081E-1
37,200000	2,689074E+0	8,552257E-1
37,266667	2,800086E+0	1,072277E+0
37,333333	2,928600E+0	1,578098E+0
37,400000	3,004788E+0	1,953713E+0
37,466667	3,006409E+0	1,937452E+0
37,533333	2,935856E+0	1,917072E+0
37,600000	2,797505E+0	1,719687E+0
37,666667	2,671268E+0	1,353502E+0
37,733333	2,592249E+0	9,935539E-1
37,800000	2,579137E+0	8,262495E-1
37,866667	2,579325E+0	7,785019E-1
37,933333	2,579210E+0	8,625524E-1
38,000000	2,579510E+0	7,832812E-1
38,066667	2,579552E+0	8,200199E-1
38,133333	2,579400E+0	8,214477E-1
38,200000	2,579529E+0	8,214251E-1
38,266667	2,579267E+0	8,131816E-1
38,333333	2,579281E+0	7,935010E-1
38,400000	2,579393E+0	7,256294E-1
38,466667	2,579250E+0	6,261665E-1
38,533333	2,579206E+0	5,343835E-1
38,600000	2,579423E+0	5,112987E-1
38,666667	2,579541E+0	5,037616E-1
38,733333	2,579339E+0	5,134103E-1
38,800000	2,579975E+0	5,260874E-1
38,866667	2,581485E+0	5,394708E-1
38,933333	2,588548E+0	5,626458E-1
39,000000	2,596942E+0	6,070719E-1
39,066667	2,619328E+0	6,607936E-1
39,133333	2,673903E+0	8,630934E-1
39,200000	2,792917E+0	1,110736E+0
39,266667	2,948601E+0	1,588964E+0
39,333333	3,125412E+0	1,867792E+0
39,400000	3,250116E+0	2,162641E+0
39,466667	3,313764E+0	2,314616E+0
39,533333	3,314258E+0	2,416919E+0
39,600000	3,214623E+0	2,478388E+0
39,666667	2,981065E+0	2,064621E+0
39,733333	2,676940E+0	1,135978E+0
39,800000	2,577688E+0	5,589937E-1
39,866667	2,579739E+0	4,009622E-1
39,933333	2,579485E+0	3,752624E-1
40,000000	2,578944E+0	4,529781E-1
40,066667	2,579433E+0	6,199068E-1
40,133333	2,579206E+0	6,505813E-1
40,200000	2,579248E+0	6,585242E-1
40,266667	2,579273E+0	6,447350E-1
40,333333	2,579273E+0	6,379568E-1
40,400000	2,579285E+0	6,721406E-1
40,466667	2,579302E+0	6,789789E-1
40,533333	2,579221E+0	7,056180E-1
40,600000	2,579329E+0	7,030706E-1
40,666667	2,579262E+0	6,965179E-1
40,733333	2,580091E+0	7,119002E-1
40,800000	2,581993E+0	7,773672E-1
40,866667	2,588475E+0	7,147482E-1
40,933333	2,601149E+0	7,685601E-1
41,000000	2,636443E+0	7,669370E-1
41,066667	2,731798E+0	8,596442E-1
41,133333	2,842405E+0	1,173205E+0
41,200000	2,959609E+0	1,475358E+0
41,266667	3,073206E+0	1,815348E+0
41,333333	3,152106E+0	1,769020E+0
41,400000	3,204517E+0	1,815663E+0
41,466667	3,217882E+0	1,956013E+0
41,533333	3,218930E+0	2,086977E+0
41,600000	3,190926E+0	2,134694E+0
41,666667	3,129740E+0	2,047488E+0
41,733333	3,032448E+0	1,901652E+0
41,800000	2,892243E+0	1,777294E+0
41,866667	2,724726E+0	1,177375E+0
41,933333	2,594854E+0	7,100967E-1
42,000000	2,579373E+0	6,711036E-1
42,066667	2,579412E+0	7,779458E-1
42,133333	2,579323E+0	7,944403E-1
42,200000	2,579291E+0	7,878049E-1
42,266667	2,579404E+0	7,771267E-1
42,333333	2,579314E+0	7,486390E-1
42,400000	2,582003E+0	7,648629E-1
42,466667	2,582797E+0	6,817668E-1
42,533333	2,579585E+0	6,389863E-1
42,600000	2,579418E+0	7,026949E-1
42,666667	2,579429E+0	7,089996E-1
42,733333	2,579241E+0	7,161535E-1
42,800000	2,579248E+0	7,108557E-1
42,866667	2,579152E+0	7,222703E-1
42,933333	2,579464E+0	7,306491E-1
43,000000	2,582557E+0	7,586860E-1
43,066667	2,588575E+0	7,687179E-1
43,133333	2,591684E+0	7,873315E-1
43,200000	2,602771E+0	8,068619E-1
43,266667	2,681341E+0	1,042985E+0
43,333333	2,832809E+0	1,266130E+0
43,400000	2,923988E+0	1,485969E+0
43,466667	2,962871E+0	1,562933E+0
43,533333	2,952298E+0	1,706755E+0
43,600000	2,854971E+0	1,637297E+0
43,666667	2,707572E+0	1,230594E+0
43,733333	2,594855E+0	9,489625E-1
43,800000	2,579394E+0	8,513406E-1
43,866667	2,579600E+0	5,289279E-1
43,933333	2,579441E+0	5,782235E-1
44,000000	2,579285E+0	6,327117E-1
44,066667	2,579298E+0	6,175322E-1
44,133333	2,579471E+0	6,358302E-1
44,200000	2,579573E+0	6,445697E-1
44,266667	2,579516E+0	6,636116E-1
44,333333	2,579481E+0	6,505437E-1
44,400000	2,579435E+0	6,337862E-1
44,466667	2,579406E+0	6,356273E-1
44,533333	2,579587E+0	6,393395E-1
44,600000	2,579581E+0	6,348984E-1
44,666667	2,579594E+0	6,350412E-1
44,733333	2,585686E+0	6,341469E-1
44,800000	2,597564E+0	6,775962E-1
44,866667	2,617510E+0	7,292288E-1
44,933333	2,655043E+0	8,058023E-1
45,000000	2,742851E+0	1,046607E+0
45,066667	2,856856E+0	1,201016E+0
45,133333	2,968678E+0	1,463575E+0
45,200000	3,085178E+0	1,725947E+0
45,266667	3,188685E+0	1,851545E+0
45,333333	3,267454E+0	2,017865E+0
45,400000	3,317980E+0	2,222299E+0
45,466667	3,334284E+0	2,290441E+0
45,533333	3,315518E+0	2,284738E+0
45,600000	3,261499E+0	2,297986E+0
45,666667	3,122581E+0	2,126376E+0
45,733333	2,904699E+0	1,740044E+0
45,800000	2,728571E+0	1,358732E+0
45,866667	2,631459E+0	9,525319E-1
45,933333	2,583391E+0	6,231381E-1
46,000000	2,579548E+0	6,153530E-1
46,066667	2,579660E+0	5,746315E-1
46,133333	2,579494E+0	5,602787E-1
46,200000	2,579569E+0	6,595913E-1
46,266667	2,579514E+0	6,501004E-1
46,333333	2,579650E+0	6,243780E-1
46,400000	2,579593E+0	5,236902E-1
46,466667	2,579389E+0	4,770323E-1
46,533333	2,579419E+0	5,373592E-1
46,600000	2,579393E+0	6,012707E-1
46,666667	2,579523E+0	6,286838E-1
46,733333	2,579462E+0	6,426084E-1
46,800000	2,581189E+0	6,206357E-1
46,866667	2,582072E+0	4,795346E-1
46,933333	2,580829E+0	5,052870E-1
47,000000	2,583516E+0	5,064969E-1
47,066667	2,591101E+0	5,285597E-1
47,133333	2,601507E+0	5,936584E-1
47,200000	2,620601E+0	8,645437E-1
47,266667	2,655790E+0	8,852614E-1
47,333333	2,728553E+0	8,375589E-1
47,400000	2,842711E+0	1,246547E+0
47,466667	2,978519E+0	1,563497E+0
47,533333	3,135324E+0	1,779789E+0
47,600000	3,215431E+0	2,014206E+0
47,666667	3,272165E+0	2,090689E+0
47,733333	3,340470E+0	2,225358E+0
47,800000	3,427437E+0	2,288901E+0
47,866667	3,482483E+0	2,415634E+0
47,933333	3,532242E+0	2,566963E+0
48,000000	3,553289E+0	2,496521E+0
48,066667	3,561531E+0	2,497160E+0
48,133333	3,567294E+0	2,488293E+0
48,200000	3,541226E+0	2,529007E+0
48,266667	3,427846E+0	2,435367E+0
48,333333	3,239508E+0	2,255491E+0
48,400000	2,982162E+0	1,989708E+0
48,466667	2,766458E+0	1,418405E+0
48,533333	2,608645E+0	1,044052E+0
48,600000	2,579419E+0	8,096197E-1
48,666667	2,579731E+0	6,947294E-1
48,733333	2,579585E+0	8,339594E-1
48,800000	2,579608E+0	6,962323E-1
48,866667	2,579475E+0	6,955034E-1
48,933333	2,579698E+0	7,264259E-1
49,000000	2,579614E+0	6,935647E-1
49,066667	2,579598E+0	7,062493E-1
49,133333	2,579708E+0	6,771904E-1
49,200000	2,579810E+0	6,916334E-1
49,266667	2,579820E+0	6,682180E-1
49,333333	2,579650E+0	6,786783E-1
49,400000	2,579756E+0	6,099049E-1
49,466667	2,579616E+0	6,015337E-1
49,533333	2,579398E+0	6,071020E-1
49,600000	2,579518E+0	5,666661E-1
49,666667	2,579558E+0	5,334066E-1
49,733333	2,579648E+0	5,534404E-1
49,800000	2,579537E+0	5,308667E-1
49,866667	2,579614E+0	5,267487E-1
49,933333	2,579562E+0	4,843740E-1
50,000000	2,579629E+0	4,897394E-1
50,066667	2,579487E+0	4,854035E-1
50,133333	2,579456E+0	4,998841E-1
50,200000	2,579508E+0	5,077143E-1
50,266667	2,579541E+0	4,521891E-1
50,333333	2,579458E+0	4,598840E-1
50,400000	2,579604E+0	4,427057E-1
50,466667	2,579529E+0	4,478532E-1
50,533333	2,579575E+0	3,950408E-1
50,600000	2,579302E+0	3,819579E-1
50,666667	2,579471E+0	3,847157E-1
50,733333	2,579448E+0	3,800792E-1
50,800000	2,579458E+0	3,577234E-1
50,866667	2,579410E+0	3,501186E-1
50,933333	2,579475E+0	3,557546E-1
51,000000	2,579383E+0	3,535829E-1
51,066667	2,579331E+0	3,508100E-1
51,133333	2,579371E+0	3,487735E-1
51,200000	2,579402E+0	3,320160E-1
51,266667	2,579416E+0	3,211950E-1
51,333333	2,579512E+0	3,323617E-1
51,400000	2,579379E+0	3,380051E-1
51,466667	2,579394E+0	4,170810E-1
51,533333	2,579306E+0	4,694050E-1
51,600000	2,579304E+0	4,717345E-1
51,666667	2,579279E+0	4,909643E-1
51,733333	2,579414E+0	4,948493E-1
51,800000	2,579466E+0	5,047385E-1
51,866667	2,579414E+0	5,065871E-1
51,933333	2,579283E+0	5,020032E-1
52,000000	2,579223E+0	4,973517E-1
52,066667	2,579439E+0	4,923620E-1
52,133333	2,579350E+0	4,870943E-1
52,200000	2,579175E+0	5,041448E-1
52,266667	2,579221E+0	5,158525E-1
52,333333	2,579241E+0	5,338124E-1
52,400000	2,579371E+0	5,308516E-1
52,466667	2,579262E+0	5,280863E-1
52,533333	2,579373E+0	5,192491E-1
52,600000	2,579435E+0	5,360217E-1
52,666667	2,579506E+0	5,434235E-1
52,733333	2,579394E+0	5,384639E-1
52,800000	2,579171E+0	5,349546E-1
52,866667	2,579244E+0	5,345789E-1
52,933333	2,579237E+0	5,340679E-1
53,000000	2,579333E+0	5,398240E-1
53,066667	2,579298E+0	5,461137E-1
53,133333	2,579221E+0	5,348043E-1
53,200000	2,579379E+0	5,396211E-1
53,266667	2,579260E+0	5,459634E-1
53,333333	2,579271E+0	5,582047E-1
53,400000	2,579231E+0	5,683043E-1
53,466667	2,579110E+0	5,565139E-1
53,533333	2,579144E+0	5,583249E-1
53,600000	2,579258E+0	5,588359E-1
53,666667	2,579364E+0	5,598203E-1
53,733333	2,579385E+0	5,638105E-1
53,800000	2,579344E+0	5,678308E-1
53,866667	2,579439E+0	5,733540E-1
53,933333	2,579341E+0	5,776524E-1
54,000000	2,579416E+0	5,831380E-1
54,066667	2,579508E+0	5,787044E-1
54,133333	2,579469E+0	5,816952E-1
54,200000	2,579546E+0	5,800120E-1
54,266667	2,579502E+0	5,892624E-1
54,333333	2,579475E+0	5,856404E-1
54,400000	2,579535E+0	5,906150E-1
54,466667	2,579485E+0	5,907803E-1
54,533333	2,579583E+0	5,841525E-1
54,600000	2,579527E+0	5,792380E-1
54,666667	2,579696E+0	5,891121E-1
54,733333	2,579466E+0	5,824016E-1
54,800000	2,579585E+0	5,807860E-1
54,866667	2,579571E+0	5,890520E-1
54,933333	2,579791E+0	5,908931E-1
55,000000	2,579602E+0	5,985955E-1
55,066667	2,579614E+0	5,923133E-1
55,133333	2,579771E+0	5,970550E-1
55,200000	2,579575E+0	5,998504E-1
55,266667	2,579571E+0	5,887664E-1
55,333333	2,579506E+0	5,794108E-1
55,400000	2,579531E+0	5,918023E-1
55,466667	2,579389E+0	5,899237E-1
55,533333	2,579485E+0	5,856779E-1
55,600000	2,579383E+0	5,854375E-1
55,666667	2,579660E+0	5,849791E-1
55,733333	2,579573E+0	5,940116E-1
55,800000	2,579448E+0	6,005343E-1
55,866667	2,579406E+0	5,974082E-1
55,933333	2,579418E+0	5,923133E-1
56,000000	2,579441E+0	5,838143E-1
56,066667	2,579546E+0	5,874965E-1
56,133333	2,579473E+0	5,853323E-1
56,200000	2,579468E+0	5,827473E-1
56,266667	2,579504E+0	5,805756E-1
56,333333	2,579446E+0	5,779605E-1
56,400000	2,579469E+0	5,767657E-1
56,466667	2,579450E+0	5,780882E-1
56,533333	2,579521E+0	5,773894E-1
56,600000	2,579460E+0	5,794409E-1
56,666667	2,579527E+0	5,776599E-1
56,733333	2,579373E+0	5,798917E-1
56,800000	2,579241E+0	5,777501E-1
56,866667	2,579393E+0	5,804854E-1
56,933333	2,579400E+0	5,798466E-1
57,000000	2,579410E+0	5,786218E-1
57,066667	2,579398E+0	5,808987E-1
57,133333	2,579506E+0	5,784264E-1
57,200000	2,579331E+0	5,767807E-1
57,266667	2,579360E+0	5,766079E-1
57,333333	2,579383E+0	5,762772E-1
57,400000	2,579329E+0	5,763073E-1
57,466667	2,579123E+0	5,752853E-1
57,533333	2,579200E+0	5,832733E-1
57,600000	2,579292E+0	5,830929E-1
57,666667	2,579435E+0	5,812894E-1
57,733333	2,579493E+0	5,795160E-1
57,800000	2,579427E+0	5,816050E-1
57,866667	2,579498E+0	5,776148E-1
57,933333	2,579383E+0	5,770136E-1
58,000000	2,579498E+0	5,793131E-1
58,066667	2,579521E+0	5,785917E-1
58,133333	2,579350E+0	5,787345E-1
58,200000	2,579352E+0	5,808085E-1
58,266667	2,579337E+0	5,811542E-1
58,333333	2,579225E+0	5,859109E-1
58,400000	2,579198E+0	5,871132E-1
58,466667	2,579044E+0	5,873161E-1
58,533333	2,579202E+0	5,784114E-1
58,600000	2,579156E+0	5,737523E-1
58,666667	2,579200E+0	5,721442E-1
58,733333	2,579114E+0	5,685372E-1
58,800000	2,579346E+0	5,652158E-1
58,866667	2,579298E+0	5,658620E-1
58,933333	2,579431E+0	5,654938E-1
59,000000	2,579304E+0	5,680187E-1
59,066667	2,579164E+0	5,679060E-1
59,133333	2,579354E+0	5,674551E-1
59,200000	2,579277E+0	5,673875E-1
59,266667	2,579194E+0	5,718136E-1
59,333333	2,579285E+0	5,725650E-1
59,400000	2,579346E+0	5,750148E-1
59,466667	2,579312E+0	5,751951E-1
59,533333	2,579192E+0	5,745489E-1
59,600000	2,579283E+0	5,777651E-1
59,666667	2,579331E+0	5,793732E-1
59,733333	2,579319E+0	5,764876E-1
59,800000	2,579362E+0	5,731286E-1
59,866667	2,579360E+0	5,780056E-1
59,933333	2,579427E+0	5,781559E-1
60,000000	2,579306E+0	5,740003E-1
60,066667	2,579473E+0	5,708818E-1
60,133333	2,579229E+0	5,643967E-1
60,200000	2,579200E+0	5,704760E-1
60,266667	2,579200E+0	5,661025E-1
60,333333	2,579137E+0	5,675227E-1
60,400000	2,579256E+0	5,710846E-1
60,466667	2,579264E+0	5,696494E-1
60,533333	2,579346E+0	5,625857E-1
60,600000	2,579425E+0	5,612932E-1
60,666667	2,579123E+0	5,607596E-1
60,733333	2,579148E+0	5,604515E-1
60,800000	2,579166E+0	5,588209E-1
60,866667	2,579269E+0	5,577463E-1
60,933333	2,579331E+0	5,477143E-1
61,000000	2,579264E+0	5,568671E-1
61,066667	2,579283E+0	5,550936E-1
61,133333	2,579523E+0	5,625180E-1
61,200000	2,579360E+0	5,580393E-1
61,266667	2,579443E+0	5,600758E-1
61,333333	2,579469E+0	5,545300E-1
61,400000	2,579373E+0	5,576110E-1
61,466667	2,579312E+0	5,580995E-1
61,533333	2,579414E+0	5,567919E-1
61,600000	2,579419E+0	5,539815E-1
61,666667	2,579425E+0	5,533352E-1
61,733333	2,579396E+0	5,532751E-1
61,800000	2,579398E+0	5,577763E-1
61,866667	2,579329E+0	5,600683E-1
61,933333	2,579435E+0	5,602637E-1
62,000000	2,579410E+0	5,604590E-1
62,066667	2,579375E+0	5,620822E-1
62,133333	2,579308E+0	5,611654E-1
62,200000	2,579519E+0	5,608949E-1
62,266667	2,579300E+0	5,651632E-1
62,333333	2,579346E+0	5,657718E-1
62,400000	2,579237E+0	5,646672E-1
62,466667	2,582026E+0	5,149733E-1
62,533333	2,579279E+0	5,633597E-1
62,600000	2,579454E+0	6,238745E-1
62,666667	2,579427E+0	6,239722E-1
62,733333	2,579341E+0	6,093338E-1
62,800000	2,579377E+0	6,250092E-1
62,866667	2,579366E+0	6,314492E-1
62,933333	2,579346E+0	6,404817E-1
63,000000	2,581206E+0	6,398580E-1
63,066667	2,582378E+0	7,217067E-1
63,133333	2,579644E+0	6,586294E-1
63,200000	2,579381E+0	5,943122E-1
63,266667	2,579391E+0	6,813460E-1
63,333333	2,580876E+0	6,639122E-1
63,400000	2,584622E+0	6,854114E-1
63,466667	2,583718E+0	4,705772E-1
63,533333	2,583709E+0	5,067374E-1
63,600000	2,581710E+0	5,444530E-1
63,666667	2,582082E+0	3,533349E-1
63,733333	2,582612E+0	3,794630E-1
63,800000	2,584653E+0	3,588506E-1
63,866667	2,580564E+0	4,017438E-1
63,933333	2,584290E+0	3,179638E-1
64,000000	2,583109E+0	2,744694E-1
64,066667	2,591826E+0	4,587643E-1
64,133333	2,605302E+0	5,240058E-1
64,200000	2,616183E+0	5,404703E-1
64,266667	2,630455E+0	5,749997E-1
64,333333	2,655903E+0	6,924149E-1
64,400000	2,663024E+0	6,800986E-1
64,466667	2,672884E+0	6,322082E-1
64,533333	2,684473E+0	6,872224E-1
64,600000	2,703086E+0	6,532790E-1
64,666667	2,712769E+0	7,395088E-1
64,733333	2,705547E+0	8,749890E-1
64,800000	2,682576E+0	7,328734E-1
64,866667	2,662885E+0	6,995162E-1
64,933333	2,645237E+0	6,362811E-1
65,000000	2,616166E+0	5,345187E-1
65,066667	2,591318E+0	4,457942E-1
65,133333	2,587887E+0	5,070981E-1
65,200000	2,582986E+0	4,782646E-1
65,266667	2,585440E+0	4,983060E-1
65,333333	2,581310E+0	5,016876E-1
65,400000	2,582035E+0	6,324637E-1
65,466667	2,579933E+0	5,816050E-1
65,533333	2,580154E+0	6,097546E-1
65,600000	2,580045E+0	6,157813E-1
65,666667	2,583695E+0	6,774384E-1
65,733333	2,580627E+0	6,740493E-1
65,800000	2,579044E+0	7,489170E-1
65,866667	2,575596E+0	6,822252E-1
65,933333	2,578063E+0	7,467077E-1
66,000000	2,580350E+0	6,069367E-1
66,066667	2,579354E+0	6,717874E-1
66,133333	2,578035E+0	7,361798E-1
66,200000	2,579266E+0	7,307543E-1
66,266667	2,580710E+0	6,542334E-1
66,333333	2,579937E+0	3,015520E-1
66,400000	2,583657E+0	4,107312E-1
66,466667	2,581295E+0	3,820856E-1
66,533333	2,588644E+0	4,178550E-1
66,600000	2,582405E+0	3,753676E-1
66,666667	2,583830E+0	4,626794E-1
66,733333	2,582509E+0	3,998651E-1
66,800000	2,581949E+0	3,713924E-1
66,866667	2,582464E+0	5,148832E-1
66,933333	2,580493E+0	4,867561E-1
67,000000	2,581370E+0	6,140680E-1
67,066667	2,576338E+0	4,075375E-1
67,133333	2,581670E+0	4,803462E-1
67,200000	2,593696E+0	5,946879E-1
67,266667	2,590241E+0	5,156196E-1
67,333333	2,593580E+0	5,556723E-1
67,400000	2,598837E+0	5,228110E-1
67,466667	2,615875E+0	6,458321E-1
67,533333	2,612434E+0	7,064597E-1
67,600000	2,606900E+0	6,969913E-1
67,666667	2,596765E+0	6,467865E-1
67,733333	2,589023E+0	5,634498E-1
67,800000	2,585290E+0	4,765889E-1
67,866667	2,580893E+0	5,161682E-1
67,933333	2,577196E+0	4,166076E-1
68,000000	2,576021E+0	4,606805E-1
68,066667	2,577159E+0	4,920539E-1
68,133333	2,577013E+0	4,763710E-1
68,200000	2,576957E+0	4,241297E-1
68,266667	2,574932E+0	4,052005E-1
68,333333	2,577188E+0	4,899874E-1
68,400000	2,578698E+0	4,880186E-1
68,466667	2,581304E+0	4,407669E-1
68,533333	2,581912E+0	4,251817E-1
68,600000	2,581655E+0	4,091982E-1
68,666667	2,580758E+0	5,032431E-1
68,733333	2,582632E+0	5,473611E-1
68,800000	2,583109E+0	5,721818E-1
68,866667	2,583409E+0	5,121253E-1
68,933333	2,581847E+0	5,457605E-1
69,000000	2,581520E+0	5,047836E-1
69,066667	2,583051E+0	6,770176E-1
69,133333	2,585705E+0	5,867676E-1
69,200000	2,588962E+0	5,324071E-1
69,266667	2,589123E+0	4,347102E-1
69,333333	2,589810E+0	3,753000E-1
69,400000	2,589637E+0	6,407973E-1
69,466667	2,593899E+0	5,962059E-1
69,533333	2,592768E+0	4,641072E-1
69,600000	2,588614E+0	4,233106E-1
69,666667	2,580483E+0	3,902164E-1
69,733333	2,579481E+0	6,486125E-1
69,800000	2,579441E+0	6,658359E-1
69,866667	2,579285E+0	7,548610E-1
69,933333	2,579077E+0	7,668393E-1
70,000000	2,579025E+0	7,678011E-1
70,066667	2,579017E+0	7,814927E-1
70,133333	2,579089E+0	7,832661E-1
70,200000	2,578989E+0	8,215378E-1
70,266667	2,579044E+0	8,275270E-1
70,333333	2,578904E+0	7,907582E-1
70,400000	2,579137E+0	7,901194E-1
70,466667	2,579141E+0	7,995803E-1
70,533333	2,579212E+0	7,975438E-1
70,600000	2,579264E+0	8,157065E-1
70,666667	2,579121E+0	8,353196E-1
70,733333	2,579346E+0	8,263246E-1
70,800000	2,579194E+0	8,297513E-1
70,866667	2,579079E+0	8,245061E-1
70,933333	2,579248E+0	8,110926E-1
71,000000	2,579333E+0	8,055017E-1
71,066667	2,579412E+0	7,644121E-1
71,133333	2,579383E+0	7,456707E-1
71,200000	2,579529E+0	7,595050E-1
71,266667	2,579373E+0	7,531402E-1
71,333333	2,579423E+0	7,541021E-1
71,400000	2,579321E+0	7,567397E-1
71,466667	2,579237E+0	7,588738E-1
71,533333	2,579323E+0	7,432285E-1
71,600000	2,579346E+0	7,401776E-1
71,666667	2,579321E+0	7,352555E-1
71,733333	2,579239E+0	7,386070E-1
71,800000	2,579219E+0	7,409290E-1
71,866667	2,579131E+0	7,397868E-1
71,933333	2,579142E+0	7,514945E-1
72,000000	2,579077E+0	7,405082E-1
72,066667	2,579033E+0	7,494956E-1
72,133333	2,579160E+0	7,534934E-1
72,200000	2,579216E+0	7,542373E-1
72,266667	2,582353E+0	7,819210E-1
72,333333	2,583618E+0	6,699764E-1
72,400000	2,590164E+0	7,106453E-1
72,466667	2,600566E+0	7,112389E-1
72,533333	2,614669E+0	6,368447E-1
72,600000	2,637899E+0	7,584079E-1
72,666667	2,677796E+0	8,202378E-1
72,733333	2,738519E+0	9,510590E-1
72,800000	2,802452E+0	1,050612E+0
72,866667	2,851513E+0	1,167133E+0
72,933333	2,908865E+0	1,330951E+0
73,000000	2,956347E+0	1,572086E+0
73,066667	3,000293E+0	1,823005E+0
73,133333	3,041330E+0	1,767833E+0
73,200000	3,075107E+0	1,995111E+0
73,266667	3,106187E+0	2,156133E+0
73,333333	3,136520E+0	2,122123E+0
73,400000	3,162585E+0	2,139887E+0
73,466667	3,180366E+0	2,055979E+0
73,533333	3,202700E+0	2,154991E+0
73,600000	3,215127E+0	2,254650E+0
73,666667	3,228973E+0	2,265215E+0
73,733333	3,249264E+0	2,206812E+0
73,800000	3,266331E+0	2,299309E+0
73,866667	3,277672E+0	2,264418E+0
73,933333	3,282013E+0	2,245572E+0
74,000000	3,278668E+0	2,309897E+0
74,066667	3,267877E+0	2,407481E+0
74,133333	3,267266E+0	2,421263E+0
74,200000	3,258548E+0	2,326564E+0
74,266667	3,247342E+0	2,414560E+0
74,333333	3,231165E+0	2,395413E+0
74,400000	3,215747E+0	2,397291E+0
74,466667	3,187264E+0	2,380504E+0
74,533333	3,156103E+0	2,361214E+0
74,600000	3,117724E+0	2,367240E+0
74,666667	3,054475E+0	2,286436E+0
74,733333	2,946752E+0	1,868408E+0
74,800000	2,792681E+0	1,321400E+0
74,866667	2,659514E+0	1,064259E+0
74,933333	2,597398E+0	7,572281E-1
75,000000	2,577948E+0	6,281804E-1
75,066667	2,577617E+0	5,949209E-1
75,133333	2,579494E+0	5,933804E-1
75,200000	2,577311E+0	5,789975E-1
75,266667	2,579035E+0	6,600121E-1
75,333333	2,579335E+0	6,566531E-1
75,400000	2,579469E+0	6,368447E-1
75,466667	2,579341E+0	6,443517E-1
75,533333	2,579254E+0	6,497171E-1
75,600000	2,579366E+0	6,459223E-1
75,666667	2,579502E+0	6,488079E-1
75,733333	2,580689E+0	6,450656E-1
75,800000	2,586211E+0	7,648178E-1
75,866667	2,602851E+0	8,183216E-1
75,933333	2,639248E+0	8,827666E-1
76,000000	2,697833E+0	9,752184E-1
76,066667	2,785169E+0	1,153915E+0
76,133333	2,873837E+0	1,421697E+0
76,200000	2,975043E+0	1,528111E+0
76,266667	3,044141E+0	1,656760E+0
76,333333	3,100347E+0	1,778098E+0
76,400000	3,125577E+0	2,059992E+0
76,466667	3,134081E+0	2,255183E+0
76,533333	3,137051E+0	2,299812E+0
76,600000	3,136405E+0	2,286030E+0
76,666667	3,127693E+0	2,308709E+0
76,733333	3,108129E+0	2,339775E+0
76,800000	3,091160E+0	2,342863E+0
76,866667	3,069844E+0	2,328811E+0
76,933333	3,030126E+0	2,270175E+0
77,000000	2,938810E+0	1,868566E+0
77,066667	2,804339E+0	1,482820E+0
77,133333	2,698333E+0	1,110571E+0
77,200000	2,636262E+0	9,609181E-1
77,266667	2,598893E+0	9,810346E-1
77,333333	2,581843E+0	9,711530E-1
77,400000	2,577938E+0	7,841303E-1
77,466667	2,579787E+0	7,099464E-1
77,533333	2,579543E+0	7,862494E-1
77,600000	2,579418E+0	7,478950E-1
77,666667	2,579569E+0	6,458922E-1
77,733333	2,579548E+0	6,491686E-1
77,800000	2,579510E+0	6,572467E-1
77,866667	2,579444E+0	6,527305E-1
77,933333	2,579916E+0	6,628601E-1
78,000000	2,580125E+0	6,824055E-1
78,066667	2,582053E+0	6,689319E-1
78,133333	2,591176E+0	6,869819E-1
78,200000	2,605325E+0	8,149025E-1
78,266667	2,629322E+0	8,824510E-1
78,333333	2,661397E+0	9,289511E-1
78,400000	2,691063E+0	9,586412E-1
78,466667	2,708440E+0	1,007268E+0
78,533333	2,723170E+0	1,015061E+0
78,600000	2,731964E+0	9,835370E-1
78,666667	2,737309E+0	1,105251E+0
78,733333	2,742220E+0	1,239093E+0
78,800000	2,745974E+0	1,300126E+0
78,866667	2,745245E+0	1,307513E+0
78,933333	2,741610E+0	1,305747E+0
79,000000	2,718390E+0	1,301727E+0
79,066667	2,664263E+0	1,166246E+0
79,133333	2,606695E+0	9,489925E-1
79,200000	2,580235E+0	9,206701E-1
79,266667	2,578852E+0	5,679811E-1
79,333333	2,579212E+0	4,569458E-1
79,400000	2,579185E+0	4,686761E-1
79,466667	2,579189E+0	5,788773E-1
79,533333	2,579027E+0	6,930011E-1
79,600000	2,579079E+0	7,298901E-1
79,666667	2,579335E+0	7,352330E-1
79,733333	2,579229E+0	7,374272E-1
79,800000	2,579227E+0	7,393885E-1
79,866667	2,579164E+0	7,382538E-1
79,933333	2,579083E+0	7,397192E-1
80,000000	2,579173E+0	7,409215E-1
80,066667	2,579108E+0	7,384793E-1
80,133333	2,579114E+0	7,359995E-1
80,200000	2,587429E+0	7,375475E-1
80,266667	2,611598E+0	8,182314E-1
80,333333	2,639711E+0	8,402642E-1
80,400000	2,678048E+0	1,118657E+0
80,466667	2,722731E+0	1,325022E+0
80,533333	2,775087E+0	1,427438E+0
80,600000	2,818340E+0	1,516440E+0
80,666667	2,851817E+0	1,660577E+0
80,733333	2,867454E+0	1,763527E+0
80,800000	2,883210E+0	1,845188E+0
80,866667	2,901377E+0	1,846638E+0
80,933333	2,923186E+0	1,986695E+0
81,000000	2,940280E+0	1,977955E+0
81,066667	2,949214E+0	1,907980E+0
81,133333	2,950461E+0	1,957861E+0
81,200000	2,955275E+0	1,947777E+0
81,266667	2,949851E+0	1,925376E+0
81,333333	2,911883E+0	1,900676E+0
81,400000	2,810917E+0	1,723730E+0
81,466667	2,702246E+0	1,280753E+0
81,533333	2,636224E+0	1,042233E+0
81,600000	2,592009E+0	8,571269E-1
81,666667	2,578685E+0	8,073804E-1
81,733333	2,579514E+0	8,073954E-1
81,800000	2,579537E+0	7,848141E-1
81,866667	2,579444E+0	7,698902E-1
81,933333	2,579462E+0	7,752180E-1
82,000000	2,579402E+0	7,750076E-1
82,066667	2,579429E+0	7,843858E-1
82,133333	2,579833E+0	8,875308E-1
82,200000	2,582626E+0	9,437999E-1
82,266667	2,588804E+0	9,334449E-1
82,333333	2,602486E+0	8,831348E-1
82,400000	2,628919E+0	8,784156E-1
82,466667	2,679633E+0	9,496162E-1
82,533333	2,741435E+0	1,052656E+0
82,600000	2,804037E+0	1,183891E+0
82,666667	2,864604E+0	1,357875E+0
82,733333	2,912385E+0	1,521498E+0
82,800000	2,948495E+0	1,653687E+0
82,866667	2,975757E+0	1,770350E+0
82,933333	2,982756E+0	1,822780E+0
83,000000	2,969465E+0	1,770072E+0
83,066667	2,932205E+0	1,721318E+0
83,133333	2,862401E+0	1,658609E+0
83,200000	2,776202E+0	1,411988E+0
83,266667	2,696500E+0	1,302185E+0
83,333333	2,626764E+0	1,118784E+0
83,400000	2,583228E+0	1,027963E+0
83,466667	2,579691E+0	8,188777E-1
83,533333	2,579483E+0	8,160297E-1
83,600000	2,579548E+0	8,194939E-1
83,666667	2,579546E+0	8,287293E-1
83,733333	2,579423E+0	8,288119E-1
83,800000	2,579523E+0	8,265726E-1
83,866667	2,579502E+0	8,342600E-1
83,933333	2,581178E+0	8,379872E-1
84,000000	2,585586E+0	8,380023E-1
84,066667	2,595921E+0	8,394977E-1
84,133333	2,615562E+0	8,978784E-1
84,200000	2,649535E+0	1,017954E+0
84,266667	2,692619E+0	1,166464E+0
84,333333	2,738034E+0	1,325893E+0
84,400000	2,769503E+0	1,394667E+0
84,466667	2,794016E+0	1,476087E+0
84,533333	2,804864E+0	1,543027E+0
84,600000	2,809790E+0	1,537196E+0
84,666667	2,804074E+0	1,520836E+0
84,733333	2,780878E+0	1,372228E+0
84,800000	2,749187E+0	1,293671E+0
84,866667	2,716645E+0	1,312330E+0
84,933333	2,664769E+0	1,214798E+0
85,000000	2,612338E+0	1,046930E+0
85,066667	2,583080E+0	8,347860E-1
85,133333	2,579162E+0	7,883610E-1
85,200000	2,579383E+0	8,133920E-1
85,266667	2,579458E+0	7,934559E-1
85,333333	2,579393E+0	7,735272E-1
85,400000	2,579393E+0	7,680040E-1
85,466667	2,579187E+0	7,768412E-1
85,533333	2,579550E+0	7,800724E-1
85,600000	2,579633E+0	7,803279E-1
85,666667	2,579404E+0	7,883084E-1
85,733333	2,579404E+0	7,840176E-1
85,800000	2,579342E+0	7,771342E-1
85,866667	2,579214E+0	7,802077E-1
85,933333	2,580212E+0	7,804256E-1
86,000000	2,597258E+0	7,926593E-1
86,066667	2,619449E+0	8,366121E-1
86,133333	2,651829E+0	9,499243E-1
86,200000	2,687862E+0	1,198071E+0
86,266667	2,707149E+0	1,224852E+0
86,333333	2,706655E+0	1,165247E+0
86,400000	2,674501E+0	1,111533E+0
86,466667	2,621546E+0	9,829960E-1
86,533333	2,583465E+0	8,615830E-1
86,600000	2,579329E+0	7,708370E-1
86,666667	2,579185E+0	7,798169E-1
86,733333	2,579125E+0	7,618721E-1
86,800000	2,579204E+0	7,638034E-1
86,866667	2,579125E+0	7,648704E-1
86,933333	2,579175E+0	7,616768E-1
87,000000	2,581143E+0	7,591443E-1
87,066667	2,630028E+0	8,515285E-1
87,133333	2,690068E+0	8,930991E-1
87,200000	2,717701E+0	1,169966E+0
87,266667	2,699620E+0	1,164180E+0
87,333333	2,648661E+0	1,012731E+0
87,400000	2,595315E+0	8,897251E-1
87,466667	2,578887E+0	8,531817E-1
87,533333	2,578983E+0	8,365745E-1
87,600000	2,579041E+0	8,214251E-1
87,666667	2,579069E+0	7,751579E-1
87,733333	2,578925E+0	7,576790E-1
87,800000	2,579041E+0	7,440701E-1
87,866667	2,579035E+0	7,480604E-1
87,933333	2,578965E+0	7,534558E-1
88,000000	2,579050E+0	7,585958E-1
88,066667	2,578929E+0	7,618270E-1
88,133333	2,579039E+0	7,617744E-1
88,200000	2,578990E+0	7,598282E-1
88,266667	2,579044E+0	7,656595E-1
88,333333	2,578989E+0	7,603392E-1
88,400000	2,578992E+0	7,571079E-1
88,466667	2,578885E+0	7,696798E-1
88,533333	2,578967E+0	7,780585E-1
88,600000	2,579175E+0	7,766758E-1
88,666667	2,579121E+0	7,727758E-1
88,733333	2,579223E+0	7,719266E-1
88,800000	2,579031E+0	7,744666E-1
88,866667	2,579085E+0	7,717012E-1
88,933333	2,579102E+0	7,649907E-1
89,000000	2,578940E+0	7,619172E-1
89,066667	2,578873E+0	7,523812E-1
89,133333	2,578969E+0	7,510737E-1
89,200000	2,578967E+0	7,456707E-1
89,266667	2,578942E+0	7,443181E-1
89,333333	2,578806E+0	7,475268E-1
89,400000	2,578854E+0	7,502922E-1
89,466667	2,579110E+0	7,489471E-1
89,533333	2,578992E+0	7,534483E-1
89,600000	2,579069E+0	7,549362E-1
89,666667	2,579035E+0	7,508032E-1
89,733333	2,579139E+0	7,500743E-1
89,800000	2,579054E+0	7,540194E-1
89,866667	2,579041E+0	7,445736E-1
89,933333	2,579073E+0	7,486841E-1
90,000000	2,587388E+0	7,614438E-1
90,066667	2,611211E+0	8,335311E-1
90,133333	2,661374E+0	8,674970E-1
90,200000	2,713996E+0	1,014332E+0
90,266667	2,759347E+0	1,280257E+0
90,333333	2,781265E+0	1,355441E+0
90,400000	2,775714E+0	1,296000E+0
90,466667	2,728528E+0	1,210582E+0
90,533333	2,639150E+0	1,032397E+0
90,600000	2,581001E+0	9,061068E-1
90,666667	2,579294E+0	7,350376E-1
90,733333	2,579177E+0	7,175512E-1
90,800000	2,579206E+0	7,250432E-1
90,866667	2,579296E+0	7,286202E-1
90,933333	2,579037E+0	7,224807E-1
91,000000	2,578952E+0	7,236004E-1
91,066667	2,578962E+0	7,217518E-1
91,133333	2,579044E+0	7,221576E-1
91,200000	2,578973E+0	7,240588E-1
91,266667	2,578952E+0	7,326329E-1
91,333333	2,579137E+0	7,343162E-1
91,400000	2,579123E+0	7,355862E-1
91,466667	2,579031E+0	7,377954E-1
91,533333	2,579091E+0	7,304011E-1
91,600000	2,579216E+0	7,334144E-1
91,666667	2,579173E+0	7,317612E-1
91,733333	2,579296E+0	7,364954E-1
91,800000	2,582297E+0	7,079400E-1
91,866667	2,588750E+0	7,392683E-1
91,933333	2,601624E+0	7,207223E-1
92,000000	2,628378E+0	8,265501E-1
92,066667	2,666854E+0	9,000501E-1
92,133333	2,714624E+0	1,118852E+0
92,200000	2,775079E+0	1,382471E+0
92,266667	2,840928E+0	1,344988E+0
92,333333	2,900662E+0	1,394374E+0
92,400000	2,933796E+0	1,629227E+0
92,466667	2,936858E+0	1,709588E+0
92,533333	2,919772E+0	1,710053E+0
92,600000	2,880125E+0	1,634968E+0
92,666667	2,807940E+0	1,536549E+0
92,733333	2,722625E+0	1,326818E+0
92,800000	2,629140E+0	1,031127E+0
92,866667	2,579598E+0	7,582952E-1
92,933333	2,579156E+0	7,866627E-1
93,000000	2,579275E+0	8,686617E-1
93,066667	2,579431E+0	9,032964E-1
93,133333	2,579260E+0	8,745306E-1
93,200000	2,579237E+0	8,890187E-1
93,266667	2,579244E+0	8,765370E-1
93,333333	2,579242E+0	9,019212E-1
93,400000	2,579262E+0	8,880719E-1
93,466667	2,579281E+0	8,850360E-1
93,533333	2,579441E+0	8,469221E-1
93,600000	2,579452E+0	8,516337E-1
93,666667	2,579369E+0	8,575402E-1
93,733333	2,579198E+0	8,743503E-1
93,800000	2,578994E+0	8,709011E-1
93,866667	2,578912E+0	8,800087E-1
93,933333	2,579008E+0	8,975703E-1
94,000000	2,579042E+0	9,078577E-1
94,066667	2,583607E+0	8,996143E-1
94,133333	2,592495E+0	7,383064E-1
94,200000	2,626858E+0	7,955900E-1
94,266667	2,698580E+0	9,411323E-1
94,333333	2,783692E+0	1,245330E+0
94,400000	2,833409E+0	1,425927E+0
94,466667	2,867951E+0	1,466724E+0
94,533333	2,841385E+0	1,498578E+0
94,600000	2,733662E+0	1,334513E+0
94,666667	2,598931E+0	9,805161E-1
94,733333	2,579210E+0	8,487181E-1
94,800000	2,579150E+0	7,879327E-1
94,866667	2,579216E+0	7,796967E-1
94,933333	2,579096E+0	7,516749E-1
95,000000	2,579179E+0	7,419435E-1
95,066667	2,579164E+0	7,481280E-1
95,133333	2,579177E+0	7,445060E-1
95,200000	2,578983E+0	7,460014E-1
95,266667	2,579194E+0	7,644571E-1
95,333333	2,579198E+0	7,618195E-1
95,400000	2,579262E+0	7,611207E-1
95,466667	2,579187E+0	7,574235E-1
95,533333	2,579217E+0	7,560483E-1
95,600000	2,579279E+0	7,543125E-1
95,666667	2,579704E+0	7,535836E-1
95,733333	2,589837E+0	7,671248E-1
95,800000	2,606566E+0	8,302547E-1
95,866667	2,647149E+0	9,502324E-1
95,933333	2,709159E+0	1,109684E+0
96,000000	2,790763E+0	1,493882E+0
96,066667	2,840174E+0	1,757688E+0
96,133333	2,869241E+0	1,812740E+0
96,200000	2,881075E+0	1,810335E+0
96,266667	2,887099E+0	1,770486E+0
96,333333	2,903203E+0	1,751060E+0
96,400000	2,912795E+0	1,779526E+0
96,466667	2,921518E+0	1,813800E+0
96,533333	2,919466E+0	1,909558E+0
96,600000	2,919000E+0	1,866710E+0
96,666667	2,917017E+0	1,963896E+0
96,733333	2,916598E+0	1,774393E+0
96,800000	2,909190E+0	1,774333E+0
96,866667	2,894418E+0	1,785830E+0
96,933333	2,871109E+0	1,764962E+0
97,000000	2,836267E+0	1,723722E+0
97,066667	2,783261E+0	1,548986E+0
97,133333	2,722656E+0	1,457924E+0
97,200000	2,657396E+0	1,258803E+0
97,266667	2,599314E+0	8,908447E-1
97,333333	2,579489E+0	8,650547E-1
97,400000	2,579227E+0	6,313139E-1
97,466667	2,579112E+0	6,198467E-1
97,533333	2,579229E+0	6,341620E-1
97,600000	2,579266E+0	6,583138E-1
97,666667	2,579277E+0	6,808650E-1
97,733333	2,579362E+0	6,716522E-1
97,800000	2,579254E+0	6,718626E-1
97,866667	2,579106E+0	6,739216E-1
97,933333	2,579073E+0	6,635590E-1
98,000000	2,578931E+0	6,628827E-1
98,066667	2,579058E+0	6,536322E-1
98,133333	2,578981E+0	6,530461E-1
98,200000	2,578912E+0	6,570739E-1
98,266667	2,578969E+0	6,538952E-1
98,333333	2,579083E+0	6,473651E-1
98,400000	2,579010E+0	6,517536E-1
98,466667	2,578964E+0	6,534218E-1
98,533333	2,579012E+0	6,597265E-1
98,600000	2,579102E+0	6,579005E-1
98,666667	2,579010E+0	6,618757E-1
98,733333	2,579039E+0	6,592757E-1
98,800000	2,579025E+0	6,537074E-1
98,866667	2,578906E+0	6,479963E-1
98,933333	2,579077E+0	6,527605E-1
99,000000	2,578998E+0	6,530912E-1
99,066667	2,579046E+0	6,471772E-1
99,133333	2,578954E+0	6,368146E-1
99,200000	2,579060E+0	6,411806E-1
99,266667	2,579191E+0	6,429465E-1
99,333333	2,579012E+0	6,513027E-1
99,400000	2,579185E+0	6,579907E-1
99,466667	2,579142E+0	6,525126E-1
99,533333	2,579144E+0	6,476431E-1
99,600000	2,579185E+0	6,484547E-1
99,666667	2,579087E+0	6,492888E-1
99,733333	2,579233E+0	6,544513E-1
99,800000	2,579129E+0	6,541357E-1
99,866667	2,579106E+0	6,585017E-1
99,933333	2,579156E+0	6,651446E-1
100,000000	2,579196E+0	6,630480E-1

