date/time: ,11/11/2019,12:26 p.m.
Run 1

time	(V)	(V)
0,000000	2,896088E+0	2,998912E-1
0,066667	2,885404E+0	3,087434E-1
0,133333	2,879176E+0	3,082174E-1
0,200000	2,870432E+0	3,140412E-1
0,266667	2,847396E+0	3,150030E-1
0,333333	2,824426E+0	2,762128E-1
0,400000	2,817215E+0	2,170431E-1
0,466667	2,825844E+0	2,177344E-1
0,533333	2,818184E+0	2,128048E-1
0,600000	2,787487E+0	2,089574E-1
0,666667	2,759620E+0	1,992486E-1
0,733333	2,729105E+0	1,784482E-1
0,800000	2,695748E+0	1,735562E-1
0,866667	2,669797E+0	2,325757E-1
0,933333	2,640631E+0	2,415932E-1
1,000000	2,621284E+0	2,376931E-1
1,066667	2,610642E+0	2,479505E-1
1,133333	2,603334E+0	1,715724E-1
1,200000	2,599864E+0	1,176328E-1
1,266667	2,594357E+0	1,105991E-1
1,333333	2,592861E+0	1,071950E-1
1,400000	2,591276E+0	1,071500E-1
1,466667	2,589008E+0	1,031297E-1
1,533333	2,587400E+0	9,547231E-2
1,600000	2,590641E+0	1,088482E-1
1,666667	2,590353E+0	1,259364E-1
1,733333	2,589289E+0	1,262445E-1
1,800000	2,587929E+0	1,310388E-1
1,866667	2,579973E+0	1,053089E-1
1,933333	2,576200E+0	9,964290E-2
2,000000	2,574166E+0	8,212643E-2
2,066667	2,574993E+0	8,050328E-2
2,133333	2,575047E+0	8,262990E-2
2,200000	2,575117E+0	8,447849E-2
2,266667	2,575136E+0	8,404264E-2
2,333333	2,575161E+0	8,583111E-2
2,400000	2,575334E+0	8,917510E-2
2,466667	2,575292E+0	9,296996E-2
2,533333	2,577538E+0	9,311273E-2
2,600000	2,576144E+0	9,550237E-2
2,666667	2,578152E+0	9,659198E-2
2,733333	2,581010E+0	9,680239E-2
2,800000	2,587433E+0	9,451796E-2
2,866667	2,593069E+0	9,309019E-2
2,933333	2,601441E+0	9,207572E-2
3,000000	2,610720E+0	9,411969E-2
3,066667	2,619045E+0	9,439773E-2
3,133333	2,628272E+0	9,721569E-2
3,200000	2,637015E+0	9,702031E-2
3,266667	2,640233E+0	9,816253E-2
3,333333	2,644416E+0	1,098176E-1
3,400000	2,646115E+0	1,212774E-1
3,466667	2,648257E+0	1,234566E-1
3,533333	2,650796E+0	1,254855E-1
3,600000	2,654882E+0	1,662746E-1
3,666667	2,659233E+0	2,453730E-1
3,733333	2,666123E+0	2,572986E-1
3,800000	2,673295E+0	3,246067E-1
3,866667	2,683569E+0	3,655536E-1
3,933333	2,692613E+0	3,738196E-1
4,000000	2,703311E+0	3,732560E-1
4,066667	2,713369E+0	3,981518E-1
4,133333	2,722267E+0	4,183059E-1
4,200000	2,729773E+0	3,843625E-1
4,266667	2,734312E+0	3,900436E-1
4,333333	2,734868E+0	4,242048E-1
4,400000	2,735251E+0	4,474248E-1
4,466667	2,738679E+0	4,941880E-1
4,533333	2,740796E+0	5,087588E-1
4,600000	2,743605E+0	5,393957E-1
4,666667	2,746134E+0	5,498785E-1
4,733333	2,746219E+0	5,362396E-1
4,800000	2,747638E+0	5,435513E-1
4,866667	2,749508E+0	5,494427E-1
4,933333	2,751635E+0	5,545150E-1
5,000000	2,756898E+0	5,539514E-1
5,066667	2,761572E+0	5,469854E-1
5,133333	2,768141E+0	5,595347E-1
5,200000	2,775537E+0	5,664106E-1
5,266667	2,779766E+0	5,801021E-1
5,333333	2,786924E+0	5,830554E-1
5,400000	2,790838E+0	5,890670E-1
5,466667	2,795618E+0	5,958827E-1
5,533333	2,800211E+0	6,053060E-1
5,600000	2,805366E+0	5,912763E-1
5,666667	2,811015E+0	5,854450E-1
5,733333	2,815920E+0	5,716633E-1
5,800000	2,820819E+0	5,796663E-1
5,866667	2,827815E+0	5,808461E-1
5,933333	2,835634E+0	5,838519E-1
6,000000	2,839983E+0	5,918174E-1
6,066667	2,845754E+0	5,586856E-1
6,133333	2,850924E+0	5,475039E-1
6,200000	2,854269E+0	5,481126E-1
6,266667	2,860713E+0	5,368332E-1
6,333333	2,862342E+0	5,422888E-1
6,400000	2,864477E+0	5,478346E-1
6,466667	2,864456E+0	5,553341E-1
6,533333	2,865377E+0	5,515543E-1
6,600000	2,867120E+0	5,521705E-1
6,666667	2,870340E+0	5,682667E-1
6,733333	2,874643E+0	5,631943E-1
6,800000	2,881890E+0	5,694239E-1
6,866667	2,887218E+0	5,739477E-1
6,933333	2,889280E+0	5,728656E-1
7,000000	2,894458E+0	5,789223E-1
7,066667	2,899848E+0	5,923659E-1
7,133333	2,908250E+0	6,119865E-1
7,200000	2,916300E+0	6,452760E-1
7,266667	2,923445E+0	6,517386E-1
7,333333	2,927833E+0	6,449529E-1
7,400000	2,928593E+0	6,334631E-1
7,466667	2,927496E+0	6,242803E-1
7,533333	2,927004E+0	6,178328E-1
7,600000	2,928800E+0	6,186444E-1
7,666667	2,929154E+0	6,252948E-1
7,733333	2,930557E+0	5,984602E-1
7,800000	2,938822E+0	6,095067E-1
7,866667	2,945202E+0	6,281729E-1
7,933333	2,950280E+0	6,475229E-1
8,000000	2,958411E+0	6,432471E-1
8,066667	2,963748E+0	6,370701E-1
8,133333	2,966293E+0	6,309608E-1
8,200000	2,972914E+0	6,198467E-1
8,266667	2,979967E+0	5,872034E-1
8,333333	2,987351E+0	6,259636E-1
8,400000	2,992435E+0	6,912727E-1
8,466667	2,993595E+0	7,087892E-1
8,533333	2,995799E+0	7,005532E-1
8,600000	2,998040E+0	6,967734E-1
8,666667	3,001289E+0	6,750938E-1
8,733333	3,004857E+0	6,845322E-1
8,800000	3,008073E+0	6,950676E-1
8,866667	3,010872E+0	6,948647E-1
8,933333	3,016004E+0	7,142673E-1
9,000000	3,017623E+0	6,895369E-1
9,066667	3,020734E+0	6,833749E-1
9,133333	3,023767E+0	6,800760E-1
9,200000	3,024663E+0	6,919039E-1
9,266667	3,023294E+0	7,017556E-1
9,333333	3,022340E+0	6,965930E-1
9,400000	3,022840E+0	7,025746E-1
9,466667	3,023490E+0	7,051146E-1
9,533333	3,025617E+0	7,164165E-1
9,600000	3,029593E+0	7,193622E-1
9,666667	3,033207E+0	7,082031E-1
9,733333	3,035646E+0	6,994561E-1
9,800000	3,037918E+0	7,297022E-1
9,866667	3,032434E+0	7,483985E-1
9,933333	3,031501E+0	7,465800E-1
10,000000	3,034823E+0	7,286051E-1
10,066667	3,036023E+0	7,428452E-1
10,133333	3,034742E+0	7,246299E-1
10,200000	3,038234E+0	7,069331E-1
10,266667	3,045581E+0	6,979682E-1
10,333333	3,051902E+0	6,813159E-1
10,400000	3,058486E+0	6,886126E-1
10,466667	3,064258E+0	7,121708E-1
10,533333	3,067944E+0	7,101193E-1
10,600000	3,074622E+0	7,140795E-1
10,666667	3,077906E+0	7,338879E-1
10,733333	3,078688E+0	7,371642E-1
10,800000	3,079387E+0	6,982312E-1
10,866667	3,081829E+0	7,116522E-1
10,933333	3,084528E+0	7,168223E-1
11,000000	3,085080E+0	7,121708E-1
11,066667	3,087094E+0	7,104875E-1
11,133333	3,086548E+0	7,077747E-1
11,200000	3,090312E+0	7,223530E-1
11,266667	3,096758E+0	7,406059E-1
11,333333	3,102253E+0	7,778181E-1
11,400000	3,107629E+0	7,916900E-1
11,466667	3,107900E+0	8,090712E-1
11,533333	3,112738E+0	8,092440E-1
11,600000	3,121626E+0	8,176678E-1
11,666667	3,128461E+0	8,104538E-1
11,733333	3,133554E+0	8,263096E-1
11,800000	3,136135E+0	8,384682E-1
11,866667	3,138688E+0	8,395578E-1
11,933333	3,143137E+0	8,474255E-1
12,000000	3,149927E+0	8,444798E-1
12,066667	3,159335E+0	8,877037E-1
12,133333	3,156946E+0	9,193851E-1
12,200000	3,156646E+0	9,235857E-1
12,266667	3,162951E+0	8,629206E-1
12,333333	3,167061E+0	8,740422E-1
12,400000	3,175219E+0	8,836007E-1
12,466667	3,182878E+0	8,837209E-1
12,533333	3,183790E+0	8,793700E-1
12,600000	3,187995E+0	8,768000E-1
12,666667	3,191478E+0	8,941962E-1
12,733333	3,195208E+0	8,831724E-1
12,800000	3,199893E+0	9,032438E-1
12,866667	3,202954E+0	9,042658E-1
12,933333	3,206256E+0	9,402531E-1
13,000000	3,213342E+0	9,128399E-1
13,066667	3,218011E+0	9,530804E-1
13,133333	3,224047E+0	9,482937E-1
13,200000	3,225049E+0	9,438150E-1
13,266667	3,227330E+0	9,580100E-1
13,333333	3,230000E+0	9,631124E-1
13,400000	3,231381E+0	9,676587E-1
13,466667	3,232439E+0	9,726409E-1
13,533333	3,236243E+0	9,746247E-1
13,600000	3,242372E+0	9,816133E-1
13,666667	3,246925E+0	9,679367E-1
13,733333	3,253241E+0	1,011852E+0
13,800000	3,259729E+0	1,049785E+0
13,866667	3,268710E+0	1,079896E+0
13,933333	3,271878E+0	1,099645E+0
14,000000	3,279891E+0	1,122489E+0
14,066667	3,281151E+0	1,130176E+0
14,133333	3,284213E+0	1,148970E+0
14,200000	3,291992E+0	1,156500E+0
14,266667	3,297312E+0	1,168193E+0
14,333333	3,296647E+0	1,160438E+0
14,400000	3,298680E+0	1,171709E+0
14,466667	3,295535E+0	1,173851E+0
14,533333	3,298968E+0	1,176872E+0
14,600000	3,303766E+0	1,182305E+0
14,666667	3,304043E+0	1,181914E+0
14,733333	3,305460E+0	1,183936E+0
14,800000	3,305233E+0	1,181756E+0
14,866667	3,292700E+0	1,174227E+0
14,933333	3,290107E+0	1,168861E+0
15,000000	3,294671E+0	1,169417E+0
15,066667	3,301184E+0	1,190699E+0
15,133333	3,306535E+0	1,197620E+0
15,200000	3,309330E+0	1,180486E+0
15,266667	3,310575E+0	1,167877E+0
15,333333	3,311852E+0	1,161257E+0
15,400000	3,307428E+0	1,149827E+0
15,466667	3,311546E+0	1,145882E+0
15,533333	3,318792E+0	1,160175E+0
15,600000	3,329054E+0	1,185904E+0
15,666667	3,336777E+0	1,201437E+0
15,733333	3,338063E+0	1,198657E+0
15,800000	3,339389E+0	1,190218E+0
15,866667	3,349162E+0	1,194373E+0
15,933333	3,352576E+0	1,214881E+0
16,000000	3,356515E+0	1,238905E+0
16,066667	3,364284E+0	1,307265E+0
16,133333	3,370370E+0	1,332649E+0
16,200000	3,373452E+0	1,315959E+0
16,266667	3,379905E+0	1,282452E+0
16,333333	3,392898E+0	1,275178E+0
16,400000	3,409698E+0	1,286960E+0
16,466667	3,421420E+0	1,312405E+0
16,533333	3,432147E+0	1,252589E+0
16,600000	3,442690E+0	1,210222E+0
16,666667	3,445512E+0	1,249200E+0
16,733333	3,452146E+0	1,250958E+0
16,800000	3,459047E+0	1,231323E+0
16,866667	3,466053E+0	1,237740E+0
16,933333	3,474399E+0	1,267445E+0
17,000000	3,479975E+0	1,307776E+0
17,066667	3,487925E+0	1,350707E+0
17,133333	3,479007E+0	1,389662E+0
17,200000	3,463621E+0	1,407479E+0
17,266667	3,451440E+0	1,431278E+0
17,333333	3,443638E+0	1,439521E+0
17,400000	3,435638E+0	1,458187E+0
17,466667	3,439241E+0	1,447795E+0
17,533333	3,450840E+0	1,469835E+0
17,600000	3,468655E+0	1,480566E+0
17,666667	3,490435E+0	1,515914E+0
17,733333	3,517229E+0	1,532161E+0
17,800000	3,522709E+0	1,536023E+0
17,866667	3,522474E+0	1,567051E+0
17,933333	3,521841E+0	1,541840E+0
18,000000	3,526500E+0	1,527517E+0
18,066667	3,527391E+0	1,556921E+0
18,133333	3,530584E+0	1,543523E+0
18,200000	3,532934E+0	1,543252E+0
18,266667	3,536402E+0	1,559010E+0
18,333333	3,544210E+0	1,582103E+0
18,400000	3,554339E+0	1,584733E+0
18,466667	3,561487E+0	1,603482E+0
18,533333	3,568875E+0	1,603737E+0
18,600000	3,583066E+0	1,607780E+0
18,666667	3,598033E+0	1,605518E+0
18,733333	3,602291E+0	1,637132E+0
18,800000	3,607770E+0	1,657729E+0
18,866667	3,617597E+0	1,662546E+0
18,933333	3,623275E+0	1,653792E+0
19,000000	3,632540E+0	1,698030E+0
19,066667	3,634362E+0	1,732026E+0
19,133333	3,635706E+0	1,763783E+0
19,200000	3,632400E+0	1,758763E+0
19,266667	3,639821E+0	1,753931E+0
19,333333	3,647482E+0	1,747799E+0
19,400000	3,661223E+0	1,759913E+0
19,466667	3,676457E+0	1,710422E+0
19,533333	3,683090E+0	1,733694E+0
19,600000	3,688589E+0	1,762377E+0
19,666667	3,699035E+0	1,808637E+0
19,733333	3,711107E+0	1,841386E+0
19,800000	3,722650E+0	1,844369E+0
19,866667	3,728205E+0	1,881243E+0
19,933333	3,735147E+0	1,895716E+0
20,000000	3,737172E+0	1,897008E+0
20,066667	3,739452E+0	1,931936E+0
20,133333	3,746078E+0	1,933665E+0
20,200000	3,745572E+0	1,946297E+0
20,266667	3,753432E+0	1,976873E+0
20,333333	3,762907E+0	2,017873E+0
20,400000	3,771445E+0	2,036486E+0
20,466667	3,773624E+0	2,060082E+0
20,533333	3,783375E+0	2,072421E+0
20,600000	3,783679E+0	2,078433E+0
20,666667	3,787637E+0	2,073608E+0
20,733333	3,798886E+0	2,106379E+0
20,800000	3,816389E+0	2,112632E+0
20,866667	3,829109E+0	2,137745E+0
20,933333	3,833457E+0	2,171508E+0
21,000000	3,837271E+0	2,181037E+0
21,066667	3,841570E+0	2,206609E+0
21,133333	3,848396E+0	2,243438E+0
21,200000	3,859429E+0	2,262510E+0
21,266667	3,870813E+0	2,269100E+0
21,333333	3,888536E+0	2,309371E+0
21,400000	3,904028E+0	2,300827E+0
21,466667	3,908973E+0	2,294018E+0
21,533333	3,915230E+0	2,268807E+0
21,600000	3,902727E+0	2,231670E+0
21,666667	3,900350E+0	2,214740E+0
21,733333	3,913395E+0	2,214845E+0
21,800000	3,928262E+0	2,247653E+0
21,866667	3,928933E+0	2,273759E+0
21,933333	3,938995E+0	2,285091E+0
22,000000	3,950236E+0	2,338309E+0
22,066667	3,957356E+0	2,339632E+0
22,133333	3,965706E+0	2,319688E+0
22,200000	3,967618E+0	2,343329E+0
22,266667	3,965887E+0	2,375048E+0
22,333333	3,950164E+0	2,394969E+0
22,400000	3,920048E+0	2,400004E+0
22,466667	3,887443E+0	2,393677E+0
22,533333	3,863825E+0	2,380316E+0
22,600000	3,851445E+0	2,372726E+0
22,666667	3,857448E+0	2,373658E+0
22,733333	3,864046E+0	2,378234E+0
22,800000	3,851955E+0	2,371944E+0
22,866667	3,818832E+0	2,292651E+0
22,933333	3,817220E+0	2,281018E+0
23,000000	3,838115E+0	2,337964E+0
23,066667	3,855669E+0	2,358538E+0
23,133333	3,870216E+0	2,381946E+0
23,200000	3,879289E+0	2,395946E+0
23,266667	3,894424E+0	2,407481E+0
23,333333	3,909769E+0	2,422044E+0
23,400000	3,919600E+0	2,406729E+0
23,466667	3,926496E+0	2,403934E+0
23,533333	3,934228E+0	2,410509E+0
23,600000	3,942520E+0	2,422488E+0
23,666667	3,950634E+0	2,420045E+0
23,733333	3,957147E+0	2,424764E+0
23,800000	3,963575E+0	2,421503E+0
23,866667	3,965529E+0	2,441296E+0
23,933333	3,965008E+0	2,449292E+0
24,000000	3,966572E+0	2,432752E+0
24,066667	3,967203E+0	2,410209E+0
24,133333	3,973918E+0	2,414612E+0
24,200000	3,974800E+0	2,433684E+0
24,266667	3,976705E+0	2,448150E+0
24,333333	3,983095E+0	2,477569E+0
24,400000	3,989671E+0	2,486354E+0
24,466667	3,995197E+0	2,481522E+0
24,533333	4,006369E+0	2,501886E+0
24,600000	4,014582E+0	2,519057E+0
24,666667	4,011703E+0	2,528992E+0
24,733333	4,009519E+0	2,535702E+0
24,800000	4,007388E+0	2,542608E+0
24,866667	4,010050E+0	2,530006E+0
24,933333	4,009806E+0	2,532786E+0
25,000000	4,012287E+0	2,534357E+0
25,066667	4,013609E+0	2,542728E+0
25,133333	4,021220E+0	2,547162E+0
25,200000	4,020231E+0	2,575837E+0
25,266667	4,015284E+0	2,588191E+0
25,333333	4,022384E+0	2,598163E+0
25,400000	4,016513E+0	2,589176E+0
25,466667	4,004961E+0	2,576191E+0
25,533333	3,990040E+0	2,571697E+0
25,600000	3,968378E+0	2,565557E+0
25,666667	3,963719E+0	2,570081E+0
25,733333	3,961249E+0	2,571644E+0
25,800000	3,954912E+0	2,579061E+0
25,866667	3,961819E+0	2,569307E+0
25,933333	3,966381E+0	2,543525E+0
26,000000	3,970180E+0	2,554917E+0
26,066667	3,963844E+0	2,555646E+0
26,133333	3,955646E+0	2,550716E+0
26,200000	3,966052E+0	2,550972E+0
26,266667	3,981496E+0	2,556991E+0
26,333333	3,998477E+0	2,530878E+0
26,400000	3,998923E+0	2,554105E+0
26,466667	4,014424E+0	2,555180E+0
26,533333	4,020387E+0	2,556720E+0
26,600000	4,027081E+0	2,563656E+0
26,666667	4,047258E+0	2,551205E+0
26,733333	4,051298E+0	2,542007E+0
26,800000	4,056491E+0	2,551257E+0
26,866667	4,065264E+0	2,564040E+0
26,933333	4,081096E+0	2,557547E+0
27,000000	4,093026E+0	2,543773E+0
27,066667	4,102711E+0	2,580654E+0
27,133333	4,105269E+0	2,622075E+0
27,200000	4,114565E+0	2,607030E+0
27,266667	4,119476E+0	2,605527E+0
27,333333	4,129772E+0	2,632580E+0
27,400000	4,142546E+0	2,620316E+0
27,466667	4,147576E+0	2,622300E+0
27,533333	4,153156E+0	2,645971E+0
27,600000	4,166144E+0	2,634661E+0
27,666667	4,175519E+0	2,649909E+0
27,733333	4,185580E+0	2,667613E+0
27,800000	4,196121E+0	2,675511E+0
27,866667	4,216004E+0	2,700189E+0
27,933333	4,234297E+0	2,732516E+0
28,000000	4,234799E+0	2,758892E+0
28,066667	4,238619E+0	2,768075E+0
28,133333	4,249129E+0	2,772050E+0
28,200000	4,252695E+0	2,746839E+0
28,266667	4,251614E+0	2,776890E+0
28,333333	4,254007E+0	2,766662E+0
28,400000	4,263511E+0	2,760568E+0
28,466667	4,267465E+0	2,764040E+0
28,533333	4,273572E+0	2,765167E+0
28,600000	4,271476E+0	2,772389E+0
28,666667	4,276438E+0	2,785419E+0
28,733333	4,284052E+0	2,792520E+0
28,800000	4,286352E+0	2,799922E+0
28,866667	4,288197E+0	2,800538E+0
28,933333	4,299322E+0	2,800455E+0
29,000000	4,293579E+0	2,816552E+0
29,066667	4,290251E+0	2,823405E+0
29,133333	4,290632E+0	2,832806E+0
29,200000	4,299245E+0	2,832212E+0
29,266667	4,309684E+0	2,852930E+0
29,333333	4,312554E+0	2,864036E+0
29,400000	4,313219E+0	2,872776E+0
29,466667	4,319457E+0	2,863180E+0
29,533333	4,334424E+0	2,864014E+0
29,600000	4,345261E+0	2,859325E+0
29,666667	4,350616E+0	2,863217E+0
29,733333	4,354611E+0	2,859670E+0
29,800000	4,361607E+0	2,860181E+0
29,866667	4,369501E+0	2,868072E+0
29,933333	4,369637E+0	2,871626E+0
30,000000	4,367266E+0	2,859047E+0
30,066667	4,365658E+0	2,842620E+0
30,133333	4,355390E+0	2,839396E+0
30,200000	4,328130E+0	2,894733E+0
30,266667	4,298839E+0	2,903751E+0
30,333333	4,253472E+0	2,900865E+0
30,400000	4,194238E+0	2,856529E+0
30,466667	4,124967E+0	2,876713E+0
30,533333	4,076528E+0	2,855936E+0
30,600000	4,040857E+0	2,786786E+0
30,666667	3,997884E+0	2,735319E+0
30,733333	3,938187E+0	2,677525E+0
30,800000	3,882684E+0	2,653831E+0
30,866667	3,813550E+0	2,582743E+0
30,933333	3,756019E+0	2,546568E+0
31,000000	3,714475E+0	2,560485E+0
31,066667	3,671516E+0	2,507981E+0
31,133333	3,651490E+0	2,458926E+0
31,200000	3,666623E+0	2,459722E+0
31,266667	3,661541E+0	2,419376E+0
31,333333	3,625977E+0	2,408571E+0
31,400000	3,605483E+0	2,338858E+0
31,466667	3,568490E+0	2,320530E+0
31,533333	3,571733E+0	2,345967E+0
31,600000	3,578275E+0	2,367413E+0
31,666667	3,574024E+0	2,319222E+0
31,733333	3,568142E+0	2,315916E+0
31,800000	3,539028E+0	2,313737E+0
31,866667	3,500491E+0	2,256821E+0
31,933333	3,469186E+0	2,181495E+0
32,000000	3,454390E+0	2,156697E+0
32,066667	3,422078E+0	2,172162E+0
32,133333	3,418600E+0	2,137888E+0
32,200000	3,433392E+0	2,101322E+0
32,266667	3,449195E+0	2,095844E+0
32,333333	3,494380E+0	2,131734E+0
32,400000	3,540284E+0	2,180714E+0
32,466667	3,556501E+0	2,259158E+0
32,533333	3,600216E+0	2,288270E+0
32,600000	3,630117E+0	2,324663E+0
32,666667	3,679400E+0	2,397892E+0
32,733333	3,722862E+0	2,415424E+0
32,800000	3,764140E+0	2,431467E+0
32,866667	3,810936E+0	2,482897E+0
32,933333	3,849202E+0	2,527774E+0
33,000000	3,890934E+0	2,555172E+0
33,066667	3,915584E+0	2,595496E+0
33,133333	3,928210E+0	2,618731E+0
33,200000	3,943523E+0	2,624840E+0
33,266667	3,963719E+0	2,620760E+0
33,333333	3,981727E+0	2,635548E+0
33,400000	4,003407E+0	2,624336E+0
33,466667	4,021332E+0	2,621842E+0
33,533333	4,034752E+0	2,622608E+0
33,600000	4,045854E+0	2,624134E+0
33,666667	4,051540E+0	2,650382E+0
33,733333	4,061979E+0	2,662623E+0
33,800000	4,079915E+0	2,655544E+0
33,866667	4,099673E+0	2,662465E+0
33,933333	4,108387E+0	2,683972E+0
34,000000	4,118452E+0	2,691765E+0
34,066667	4,139192E+0	2,708688E+0
34,133333	4,149553E+0	2,717389E+0
34,200000	4,149911E+0	2,734380E+0
34,266667	4,155535E+0	2,741368E+0
34,333333	4,158736E+0	2,737108E+0
34,400000	4,173216E+0	2,748019E+0
34,466667	4,196281E+0	2,748883E+0
34,533333	4,215262E+0	2,760020E+0
34,600000	4,228116E+0	2,753955E+0
34,666667	4,237022E+0	2,774635E+0
34,733333	4,244562E+0	2,757179E+0
34,800000	4,259800E+0	2,725941E+0
34,866667	4,265636E+0	2,704201E+0
34,933333	4,268173E+0	2,757457E+0
35,000000	4,266427E+0	2,771352E+0
35,066667	4,258252E+0	2,762319E+0
35,133333	4,231440E+0	2,754602E+0
35,200000	4,200339E+0	2,719426E+0
35,266667	4,171868E+0	2,710964E+0
35,333333	4,150046E+0	2,705171E+0
35,400000	4,125600E+0	2,694590E+0
35,466667	4,110943E+0	2,700917E+0
35,533333	4,097108E+0	2,734733E+0
35,600000	4,097040E+0	2,779302E+0
35,666667	4,109433E+0	2,770420E+0
35,733333	4,122388E+0	2,756067E+0
35,800000	4,119701E+0	2,773779E+0
35,866667	4,100595E+0	2,769608E+0
35,933333	4,073300E+0	2,767797E+0
36,000000	4,037418E+0	2,749687E+0
36,066667	4,007079E+0	2,738378E+0
36,133333	3,978536E+0	2,712873E+0
36,200000	3,950328E+0	2,690081E+0
36,266667	3,912139E+0	2,672535E+0
36,333333	3,849312E+0	2,640538E+0
36,400000	3,803340E+0	2,587177E+0
36,466667	3,758519E+0	2,461631E+0
36,533333	3,715189E+0	2,388026E+0
36,600000	3,699862E+0	2,402431E+0
36,666667	3,694157E+0	2,403393E+0
36,733333	3,671954E+0	2,412215E+0
36,800000	3,671935E+0	2,445467E+0
36,866667	3,658232E+0	2,461518E+0
36,933333	3,663589E+0	2,434856E+0
37,000000	3,653145E+0	2,435653E+0
37,066667	3,648367E+0	2,444573E+0
37,133333	3,644660E+0	2,432189E+0
37,200000	3,611043E+0	2,418204E+0
37,266667	3,618680E+0	2,457911E+0
37,333333	3,589214E+0	2,447301E+0
37,400000	3,540315E+0	2,399343E+0
37,466667	3,463240E+0	2,291659E+0
37,533333	3,411664E+0	2,196066E+0
37,600000	3,390871E+0	2,209630E+0
37,666667	3,369355E+0	2,192955E+0
37,733333	3,381092E+0	2,193413E+0
37,800000	3,367933E+0	2,210359E+0
37,866667	3,415074E+0	2,223569E+0
37,933333	3,416244E+0	2,228597E+0
38,000000	3,436533E+0	2,242679E+0
38,066667	3,492924E+0	2,285249E+0
38,133333	3,572314E+0	2,341293E+0
38,200000	3,618551E+0	2,365760E+0
38,266667	3,659261E+0	2,407015E+0
38,333333	3,691655E+0	2,455191E+0
38,400000	3,703529E+0	2,428507E+0
38,466667	3,733570E+0	2,477254E+0
38,533333	3,757954E+0	2,516863E+0
38,600000	3,779024E+0	2,555315E+0
38,666667	3,818863E+0	2,547259E+0
38,733333	3,856971E+0	2,563777E+0
38,800000	3,903668E+0	2,574327E+0
38,866667	3,942126E+0	2,596615E+0
38,933333	3,970286E+0	2,615589E+0
39,000000	3,981033E+0	2,616544E+0
39,066667	3,988078E+0	2,588672E+0
39,133333	3,976605E+0	2,604566E+0
39,200000	3,969697E+0	2,690562E+0
39,266667	3,981342E+0	2,664442E+0
39,333333	4,007107E+0	2,642845E+0
39,400000	4,029983E+0	2,654124E+0
39,466667	4,044902E+0	2,650622E+0
39,533333	4,046618E+0	2,728857E+0
39,600000	4,050765E+0	2,773253E+0
39,666667	4,058057E+0	2,782496E+0
39,733333	4,057722E+0	2,783931E+0
39,800000	4,065668E+0	2,795105E+0
39,866667	4,080671E+0	2,809360E+0
39,933333	4,124209E+0	2,840035E+0
40,000000	4,148515E+0	2,856529E+0
40,066667	4,190960E+0	2,900392E+0
40,133333	4,217362E+0	2,903533E+0
40,200000	4,229405E+0	2,905810E+0
40,266667	4,247478E+0	2,856341E+0
40,333333	4,279226E+0	2,818761E+0
40,400000	4,300026E+0	2,811825E+0
40,466667	4,314745E+0	2,846670E+0
40,533333	4,320923E+0	2,875706E+0
40,600000	4,332960E+0	2,888496E+0
40,666667	4,335768E+0	2,890029E+0
40,733333	4,363984E+0	2,887534E+0
40,800000	4,377774E+0	2,899392E+0
40,866667	4,395172E+0	2,860061E+0
40,933333	4,413591E+0	2,891397E+0
41,000000	4,426321E+0	2,984600E+0
41,066667	4,432693E+0	3,052735E+0
41,133333	4,437733E+0	3,061294E+0
41,200000	4,437177E+0	3,072618E+0
41,266667	4,441728E+0	3,065615E+0
41,333333	4,445286E+0	3,077969E+0
41,400000	4,454631E+0	3,083544E+0
41,466667	4,455287E+0	3,074948E+0
41,533333	4,464712E+0	3,080178E+0
41,600000	4,474562E+0	3,081718E+0
41,666667	4,494845E+0	3,076007E+0
41,733333	4,509635E+0	3,061076E+0
41,800000	4,521478E+0	3,074895E+0
41,866667	4,530520E+0	3,071769E+0
41,933333	4,535261E+0	3,082312E+0
42,000000	4,537139E+0	3,085295E+0
42,066667	4,541894E+0	3,076278E+0
42,133333	4,539307E+0	3,069071E+0
42,200000	4,526971E+0	3,012990E+0
42,266667	4,495182E+0	3,006002E+0
42,333333	4,466066E+0	2,990852E+0
42,400000	4,446965E+0	2,986907E+0
42,466667	4,432295E+0	2,984690E+0
42,533333	4,425103E+0	2,989094E+0
42,600000	4,408934E+0	2,990386E+0
42,666667	4,388534E+0	2,984517E+0
42,733333	4,378437E+0	2,985419E+0
42,800000	4,360778E+0	2,978468E+0
42,866667	4,341449E+0	2,975598E+0
42,933333	4,321290E+0	2,965693E+0
43,000000	4,301927E+0	2,959922E+0
43,066667	4,290238E+0	2,957029E+0
43,133333	4,282380E+0	2,961485E+0
43,200000	4,268342E+0	2,964431E+0
43,266667	4,262474E+0	2,952400E+0
43,333333	4,254124E+0	2,931171E+0
43,400000	4,247046E+0	2,910664E+0
43,466667	4,251618E+0	2,903007E+0
43,533333	4,266990E+0	2,926573E+0
43,600000	4,280493E+0	2,909184E+0
43,666667	4,299411E+0	2,905675E+0
43,733333	4,309376E+0	2,908049E+0
43,800000	4,319190E+0	2,908417E+0
43,866667	4,341497E+0	2,916390E+0
43,933333	4,356898E+0	2,934448E+0
44,000000	4,362128E+0	2,939453E+0
44,066667	4,363813E+0	2,938145E+0
44,133333	4,365685E+0	2,931202E+0
44,200000	4,366569E+0	2,904307E+0
44,266667	4,374633E+0	2,896860E+0
44,333333	4,379818E+0	2,902113E+0
44,400000	4,387697E+0	2,902661E+0
44,466667	4,385554E+0	2,905765E+0
44,533333	4,384458E+0	2,911739E+0
44,600000	4,391554E+0	2,908372E+0
44,666667	4,407878E+0	2,919253E+0
44,733333	4,425309E+0	2,927843E+0
44,800000	4,431626E+0	2,942113E+0
44,866667	4,436132E+0	2,945073E+0
44,933333	4,449926E+0	2,955879E+0
45,000000	4,458864E+0	2,955601E+0
45,066667	4,467308E+0	2,952085E+0
45,133333	4,471723E+0	2,963206E+0
45,200000	4,477461E+0	2,963664E+0
45,266667	4,489063E+0	2,973809E+0
45,333333	4,492883E+0	2,947185E+0
45,400000	4,497428E+0	2,937394E+0
45,466667	4,507127E+0	2,924296E+0
45,533333	4,507871E+0	2,926693E+0
45,600000	4,516267E+0	2,938528E+0
45,666667	4,513936E+0	2,946561E+0
45,733333	4,492737E+0	2,957668E+0
45,800000	4,458495E+0	2,951453E+0
45,866667	4,409784E+0	2,929563E+0
45,933333	4,372461E+0	2,911859E+0
46,000000	4,334024E+0	2,903653E+0
46,066667	4,306899E+0	2,881350E+0
46,133333	4,292530E+0	2,862909E+0
46,200000	4,280853E+0	2,849323E+0
46,266667	4,265663E+0	2,853493E+0
46,333333	4,259869E+0	2,854485E+0
46,400000	4,254403E+0	2,847219E+0
46,466667	4,272941E+0	2,848301E+0
46,533333	4,247088E+0	2,839712E+0
46,600000	4,240034E+0	2,836864E+0
46,666667	4,217714E+0	2,832663E+0
46,733333	4,160635E+0	2,801380E+0
46,800000	4,107918E+0	2,757359E+0
46,866667	4,088675E+0	2,740339E+0
46,933333	4,090683E+0	2,742631E+0
47,000000	4,094147E+0	2,750611E+0
47,066667	4,100481E+0	2,751919E+0
47,133333	4,112886E+0	2,753031E+0
47,200000	4,137884E+0	2,764468E+0
47,266667	4,162891E+0	2,776236E+0
47,333333	4,165170E+0	2,780504E+0
47,400000	4,176559E+0	2,781083E+0
47,466667	4,182778E+0	2,789529E+0
47,533333	4,188695E+0	2,787470E+0
47,600000	4,194005E+0	2,796090E+0
47,666667	4,214794E+0	2,807624E+0
47,733333	4,220811E+0	2,824337E+0
47,800000	4,222925E+0	2,839674E+0
47,866667	4,234945E+0	2,847617E+0
47,933333	4,246644E+0	2,848677E+0
48,000000	4,257038E+0	2,854981E+0
48,066667	4,269637E+0	2,859310E+0
48,133333	4,290724E+0	2,870612E+0
48,200000	4,296941E+0	2,863165E+0
48,266667	4,305854E+0	2,854748E+0
48,333333	4,309798E+0	2,863796E+0
48,400000	4,300630E+0	2,860610E+0
48,466667	4,297285E+0	2,862346E+0
48,533333	4,300690E+0	2,855094E+0
48,600000	4,307289E+0	2,853749E+0
48,666667	4,313500E+0	2,853343E+0
48,733333	4,320910E+0	2,854275E+0
48,800000	4,322862E+0	2,862135E+0
48,866667	4,319121E+0	2,859362E+0
48,933333	4,325480E+0	2,866276E+0
49,000000	4,335341E+0	2,868282E+0
49,066667	4,354161E+0	2,864472E+0
49,133333	4,375377E+0	2,878630E+0
49,200000	4,389155E+0	2,874226E+0
49,266667	4,407561E+0	2,894696E+0
49,333333	4,423580E+0	2,894891E+0
49,400000	4,432026E+0	2,911844E+0
49,466667	4,436121E+0	2,940377E+0
49,533333	4,445598E+0	2,946426E+0
49,600000	4,444642E+0	2,940069E+0
49,666667	4,446556E+0	2,958344E+0
49,733333	4,445134E+0	2,966783E+0
49,800000	4,438750E+0	2,966129E+0
49,866667	4,425971E+0	2,965776E+0
49,933333	4,408609E+0	2,958938E+0
50,000000	4,372371E+0	2,957007E+0
50,066667	4,307368E+0	2,933493E+0
50,133333	4,256878E+0	2,893065E+0
50,200000	4,230184E+0	2,862022E+0
50,266667	4,220880E+0	2,842898E+0
50,333333	4,209907E+0	2,846339E+0
50,400000	4,218436E+0	2,860024E+0
50,466667	4,228190E+0	2,865825E+0
50,533333	4,235206E+0	2,860692E+0
50,600000	4,232675E+0	2,855943E+0
50,666667	4,222646E+0	2,853877E+0
50,733333	4,220001E+0	2,852366E+0
50,800000	4,200886E+0	2,843927E+0
50,866667	4,174193E+0	2,834594E+0
50,933333	4,158344E+0	2,833046E+0
51,000000	4,160356E+0	2,832114E+0
51,066667	4,172445E+0	2,833535E+0
51,133333	4,191895E+0	2,839749E+0
51,200000	4,210078E+0	2,846587E+0
51,266667	4,227614E+0	2,852569E+0
51,333333	4,248507E+0	2,862744E+0
51,400000	4,263947E+0	2,868207E+0
51,466667	4,271991E+0	2,871761E+0
51,533333	4,280289E+0	2,876601E+0
51,600000	4,292917E+0	2,880786E+0
51,666667	4,298207E+0	2,896642E+0
51,733333	4,302815E+0	2,901587E+0
51,800000	4,305920E+0	2,904840E+0
51,866667	4,311292E+0	2,906223E+0
51,933333	4,327923E+0	2,915196E+0
52,000000	4,327726E+0	2,919449E+0
52,066667	4,328498E+0	2,922334E+0
52,133333	4,340214E+0	2,919892E+0
52,200000	4,342337E+0	2,919539E+0
52,266667	4,351807E+0	2,897581E+0
52,333333	4,378805E+0	2,891975E+0
52,400000	4,384010E+0	2,915579E+0
52,466667	4,386372E+0	2,908846E+0
52,533333	4,396299E+0	2,913850E+0
52,600000	4,410758E+0	2,906704E+0
52,666667	4,408971E+0	2,909965E+0
52,733333	4,407501E+0	2,919486E+0
52,800000	4,401979E+0	2,921425E+0
52,866667	4,395824E+0	2,917074E+0
52,933333	4,388695E+0	2,913820E+0
53,000000	4,381692E+0	2,909139E+0
53,066667	4,366900E+0	2,906058E+0
53,133333	4,331023E+0	2,897416E+0
53,200000	4,306885E+0	2,894207E+0
53,266667	4,303683E+0	2,888083E+0
53,333333	4,300586E+0	2,887241E+0
53,400000	4,292171E+0	2,884235E+0
53,466667	4,278899E+0	2,881515E+0
53,533333	4,263243E+0	2,878006E+0
53,600000	4,239519E+0	2,874482E+0
53,666667	4,208558E+0	2,872347E+0
53,733333	4,168754E+0	2,863751E+0
53,800000	4,135450E+0	2,845408E+0
53,866667	4,105286E+0	2,829477E+0
53,933333	4,095130E+0	2,819790E+0
54,000000	4,076401E+0	2,804416E+0
54,066667	4,055960E+0	2,786275E+0
54,133333	4,046439E+0	2,776792E+0
54,200000	4,043650E+0	2,775793E+0
54,266667	4,032371E+0	2,771532E+0
54,333333	4,008027E+0	2,770157E+0
54,400000	3,989981E+0	2,765723E+0
54,466667	3,975372E+0	2,750799E+0
54,533333	3,951347E+0	2,725858E+0
54,600000	3,912181E+0	2,709431E+0
54,666667	3,874244E+0	2,700324E+0
54,733333	3,842081E+0	2,653478E+0
54,800000	3,822708E+0	2,647151E+0
54,866667	3,801405E+0	2,637675E+0
54,933333	3,789170E+0	2,617243E+0
55,000000	3,778839E+0	2,646429E+0
55,066667	3,768281E+0	2,677675E+0
55,133333	3,757785E+0	2,693786E+0
55,200000	3,773601E+0	2,698325E+0
55,266667	3,820102E+0	2,712279E+0
55,333333	3,874196E+0	2,724461E+0
55,400000	3,926315E+0	2,736679E+0
55,466667	3,954254E+0	2,752114E+0
55,533333	3,975251E+0	2,762259E+0
55,600000	3,990594E+0	2,781376E+0
55,666667	4,015142E+0	2,795842E+0
55,733333	4,034960E+0	2,813388E+0
55,800000	4,059661E+0	2,824374E+0
55,866667	4,080221E+0	2,831626E+0
55,933333	4,113873E+0	2,812118E+0
56,000000	4,148120E+0	2,830672E+0
56,066667	4,175209E+0	2,834812E+0
56,133333	4,181760E+0	2,821481E+0
56,200000	4,193788E+0	2,814748E+0
56,266667	4,202397E+0	2,813831E+0
56,333333	4,214644E+0	2,837021E+0
56,400000	4,241519E+0	2,842109E+0
56,466667	4,258259E+0	2,857123E+0
56,533333	4,271801E+0	2,870739E+0
56,600000	4,285448E+0	2,873505E+0
56,666667	4,283680E+0	2,875451E+0
56,733333	4,279558E+0	2,874617E+0
56,800000	4,258461E+0	2,875684E+0
56,866667	4,231398E+0	2,880163E+0
56,933333	4,211938E+0	2,887444E+0
57,000000	4,175649E+0	2,881267E+0
57,066667	4,147030E+0	2,860249E+0
57,133333	4,110620E+0	2,853050E+0
57,200000	4,054743E+0	2,840636E+0
57,266667	3,993183E+0	2,809225E+0
57,333333	3,904612E+0	2,762026E+0
57,400000	3,835938E+0	2,712490E+0
57,466667	3,804091E+0	2,661579E+0
57,533333	3,794542E+0	2,650224E+0
57,600000	3,775150E+0	2,650149E+0
57,666667	3,750966E+0	2,641718E+0
57,733333	3,725237E+0	2,617032E+0
57,800000	3,698279E+0	2,605430E+0
57,866667	3,674890E+0	2,588965E+0
57,933333	3,656653E+0	2,578189E+0
58,000000	3,643462E+0	2,567677E+0
58,066667	3,630342E+0	2,556397E+0
58,133333	3,615941E+0	2,522116E+0
58,200000	3,609141E+0	2,519125E+0
58,266667	3,600741E+0	2,499572E+0
58,333333	3,586250E+0	2,509093E+0
58,400000	3,573341E+0	2,520868E+0
58,466667	3,549636E+0	2,478606E+0
58,533333	3,544552E+0	2,465208E+0
58,600000	3,552304E+0	2,468905E+0
58,666667	3,570400E+0	2,453342E+0
58,733333	3,591774E+0	2,449713E+0
58,800000	3,601903E+0	2,465591E+0
58,866667	3,633048E+0	2,518298E+0
58,933333	3,675369E+0	2,561019E+0
59,000000	3,725174E+0	2,581413E+0
59,066667	3,754592E+0	2,604896E+0
59,133333	3,765775E+0	2,627500E+0
59,200000	3,778060E+0	2,644866E+0
59,266667	3,801475E+0	2,665201E+0
59,333333	3,821514E+0	2,677945E+0
59,400000	3,837434E+0	2,690855E+0
59,466667	3,852409E+0	2,700564E+0
59,533333	3,878168E+0	2,714338E+0
59,600000	3,891246E+0	2,723859E+0
59,666667	3,909111E+0	2,731862E+0
59,733333	3,927994E+0	2,736168E+0
59,800000	3,938748E+0	2,739257E+0
59,866667	3,942776E+0	2,748688E+0
59,933333	3,953313E+0	2,752843E+0
60,000000	3,937739E+0	2,747207E+0
60,066667	3,923738E+0	2,746614E+0
60,133333	3,902216E+0	2,743585E+0
60,200000	3,883177E+0	2,740429E+0
60,266667	3,870905E+0	2,736815E+0
60,333333	3,854198E+0	2,729758E+0
60,400000	3,834082E+0	2,720290E+0
60,466667	3,817472E+0	2,716225E+0
60,533333	3,781128E+0	2,707914E+0
60,600000	3,736426E+0	2,681552E+0
60,666667	3,702375E+0	2,662225E+0
60,733333	3,665863E+0	2,641011E+0
60,800000	3,640000E+0	2,626643E+0
60,866667	3,606061E+0	2,596052E+0
60,933333	3,545752E+0	2,576566E+0
61,000000	3,515429E+0	2,544381E+0
61,066667	3,503484E+0	2,510829E+0
61,133333	3,487640E+0	2,447225E+0
61,200000	3,478190E+0	2,403040E+0
61,266667	3,457737E+0	2,372335E+0
61,333333	3,444163E+0	2,364437E+0
61,400000	3,426577E+0	2,368578E+0
61,466667	3,403722E+0	2,347342E+0
61,533333	3,391754E+0	2,351535E+0
61,600000	3,367281E+0	2,339797E+0
61,666667	3,334291E+0	2,334710E+0
61,733333	3,317955E+0	2,247984E+0
61,800000	3,309267E+0	2,187965E+0
61,866667	3,304839E+0	2,164279E+0
61,933333	3,292473E+0	2,170667E+0
62,000000	3,268435E+0	2,194165E+0
62,066667	3,257994E+0	2,182705E+0
62,133333	3,252949E+0	2,167278E+0
62,200000	3,237867E+0	2,157554E+0
62,266667	3,233435E+0	2,164880E+0
62,333333	3,234984E+0	2,191610E+0
62,400000	3,260770E+0	2,202934E+0
62,466667	3,291940E+0	2,221044E+0
62,533333	3,325213E+0	2,227988E+0
62,600000	3,344438E+0	2,237689E+0
62,666667	3,364071E+0	2,262788E+0
62,733333	3,403510E+0	2,258813E+0
62,800000	3,441486E+0	2,318576E+0
62,866667	3,482271E+0	2,372493E+0
62,933333	3,550021E+0	2,424539E+0
63,000000	3,617689E+0	2,449773E+0
63,066667	3,667542E+0	2,479350E+0
63,133333	3,711001E+0	2,509852E+0
63,200000	3,742333E+0	2,542435E+0
63,266667	3,763311E+0	2,601800E+0
63,333333	3,778668E+0	2,616258E+0
63,400000	3,783609E+0	2,621323E+0
63,466667	3,786119E+0	2,622954E+0
63,533333	3,786912E+0	2,616401E+0
63,600000	3,789491E+0	2,597735E+0
63,666667	3,786150E+0	2,604070E+0
63,733333	3,773953E+0	2,604070E+0
63,800000	3,769143E+0	2,603085E+0
63,866667	3,767956E+0	2,599749E+0
63,933333	3,771297E+0	2,596856E+0
64,000000	3,764119E+0	2,595240E+0
64,066667	3,742377E+0	2,590528E+0
64,133333	3,724689E+0	2,593745E+0
64,200000	3,702613E+0	2,589559E+0
64,266667	3,660656E+0	2,600177E+0
64,333333	3,616821E+0	2,595323E+0
64,400000	3,575913E+0	2,583780E+0
64,466667	3,549928E+0	2,519779E+0
64,533333	3,531455E+0	2,501188E+0
64,600000	3,506671E+0	2,489337E+0
64,666667	3,494943E+0	2,481499E+0
64,733333	3,474072E+0	2,470385E+0
64,800000	3,449622E+0	2,451050E+0
64,866667	3,430104E+0	2,430062E+0
64,933333	3,403441E+0	2,415131E+0
65,000000	3,371784E+0	2,392925E+0
65,066667	3,327586E+0	2,334499E+0
65,133333	3,313535E+0	2,314819E+0
65,200000	3,311500E+0	2,308672E+0
65,266667	3,323064E+0	2,315563E+0
65,333333	3,320313E+0	2,340804E+0
65,400000	3,318854E+0	2,351294E+0
65,466667	3,310761E+0	2,349513E+0
65,533333	3,296131E+0	2,336002E+0
65,600000	3,285644E+0	2,275119E+0
65,666667	3,260037E+0	2,214973E+0
65,733333	3,227286E+0	2,182374E+0
65,800000	3,202675E+0	2,150730E+0
65,866667	3,186371E+0	2,149325E+0
65,933333	3,166013E+0	2,131726E+0
66,000000	3,138909E+0	2,090930E+0
66,066667	3,094911E+0	2,022043E+0
66,133333	3,032042E+0	1,929697E+0
66,200000	3,002020E+0	1,798492E+0
66,266667	3,007502E+0	1,775505E+0
66,333333	3,000383E+0	1,699736E+0
66,400000	3,013926E+0	1,804594E+0
66,466667	3,012822E+0	1,808186E+0
66,533333	3,011310E+0	1,815325E+0
66,600000	3,011470E+0	1,813101E+0
66,666667	3,011799E+0	1,806856E+0
66,733333	3,015350E+0	1,799402E+0
66,800000	3,019426E+0	1,818105E+0
66,866667	3,043896E+0	1,842039E+0
66,933333	3,066090E+0	1,866056E+0
67,000000	3,100291E+0	1,892545E+0
67,066667	3,140546E+0	1,911016E+0
67,133333	3,181253E+0	1,944869E+0
67,200000	3,208597E+0	1,994097E+0
67,266667	3,241689E+0	2,019241E+0
67,333333	3,266752E+0	2,042333E+0
67,400000	3,307888E+0	2,076960E+0
67,466667	3,349629E+0	2,123618E+0
67,533333	3,386187E+0	2,170111E+0
67,600000	3,423591E+0	2,156697E+0
67,666667	3,445881E+0	2,198711E+0
67,733333	3,469263E+0	2,216460E+0
67,800000	3,486436E+0	2,252095E+0
67,866667	3,509954E+0	2,276810E+0
67,933333	3,541036E+0	2,302172E+0
68,000000	3,557405E+0	2,310182E+0
68,066667	3,582251E+0	2,322611E+0
68,133333	3,605494E+0	2,348589E+0
68,200000	3,624221E+0	2,383795E+0
68,266667	3,643110E+0	2,412403E+0
68,333333	3,658094E+0	2,437276E+0
68,400000	3,677862E+0	2,465313E+0
68,466667	3,692601E+0	2,482003E+0
68,533333	3,708903E+0	2,492493E+0
68,600000	3,722512E+0	2,497701E+0
68,666667	3,732775E+0	2,501406E+0
68,733333	3,744089E+0	2,513286E+0
68,800000	3,751852E+0	2,519328E+0
68,866667	3,757282E+0	2,519861E+0
68,933333	3,760776E+0	2,531892E+0
69,000000	3,764961E+0	2,540076E+0
69,066667	3,765919E+0	2,542150E+0
69,133333	3,764028E+0	2,543442E+0
69,200000	3,755817E+0	2,552294E+0
69,266667	3,733918E+0	2,556833E+0
69,333333	3,693517E+0	2,551408E+0
69,400000	3,648396E+0	2,531704E+0
69,466667	3,620894E+0	2,517817E+0
69,533333	3,594846E+0	2,507282E+0
69,600000	3,572739E+0	2,497423E+0
69,666667	3,547828E+0	2,488676E+0
69,733333	3,523769E+0	2,459722E+0
69,800000	3,500873E+0	2,444956E+0
69,866667	3,475360E+0	2,432332E+0
69,933333	3,462005E+0	2,424411E+0
70,000000	3,457462E+0	2,421503E+0
70,066667	3,442740E+0	2,411982E+0
70,133333	3,421737E+0	2,407436E+0
70,200000	3,390988E+0	2,379677E+0
70,266667	3,345992E+0	2,313707E+0
70,333333	3,324434E+0	2,283821E+0
70,400000	3,311219E+0	2,270828E+0
70,466667	3,297432E+0	2,253162E+0
70,533333	3,284381E+0	2,226530E+0
70,600000	3,269891E+0	2,201176E+0
70,666667	3,256246E+0	2,177460E+0
70,733333	3,240823E+0	2,172515E+0
70,800000	3,221398E+0	2,163791E+0
70,866667	3,192099E+0	2,125309E+0
70,933333	3,165390E+0	2,106635E+0
71,000000	3,144574E+0	2,070700E+0
71,066667	3,138422E+0	2,035720E+0
71,133333	3,120261E+0	2,013672E+0
71,200000	3,098722E+0	1,993150E+0
71,266667	3,076698E+0	1,964617E+0
71,333333	3,061702E+0	1,934491E+0
71,400000	3,053633E+0	1,909881E+0
71,466667	3,041644E+0	1,899774E+0
71,533333	3,025817E+0	1,869964E+0
71,600000	3,006552E+0	1,824936E+0
71,666667	2,972019E+0	1,803783E+0
71,733333	2,967014E+0	1,792082E+0
71,800000	2,955227E+0	1,766608E+0
71,866667	2,950486E+0	1,757793E+0
71,933333	2,939256E+0	1,740427E+0
72,000000	2,928450E+0	1,698436E+0
72,066667	2,917069E+0	1,659308E+0
72,133333	2,907234E+0	1,661359E+0
72,200000	2,888703E+0	1,638650E+0
72,266667	2,864752E+0	1,574919E+0
72,333333	2,852205E+0	1,526608E+0
72,400000	2,833241E+0	1,503215E+0
72,466667	2,831656E+0	1,545477E+0
72,533333	2,826902E+0	1,531800E+0
72,600000	2,826015E+0	1,507265E+0
72,666667	2,823191E+0	1,513149E+0
72,733333	2,824547E+0	1,501592E+0
72,800000	2,813235E+0	1,457737E+0
72,866667	2,804560E+0	1,461734E+0
72,933333	2,820750E+0	1,509955E+0
73,000000	2,861205E+0	1,570365E+0
73,066667	2,920291E+0	1,647051E+0
73,133333	2,982747E+0	1,704786E+0
73,200000	3,022521E+0	1,681566E+0
73,266667	3,062881E+0	1,765458E+0
73,333333	3,087019E+0	1,880837E+0
73,400000	3,107572E+0	1,911181E+0
73,466667	3,124485E+0	1,940217E+0
73,533333	3,142160E+0	1,954765E+0
73,600000	3,148182E+0	1,947221E+0
73,666667	3,160733E+0	1,952053E+0
73,733333	3,179924E+0	1,982893E+0
73,800000	3,196762E+0	1,996336E+0
73,866667	3,229509E+0	2,013056E+0
73,933333	3,276298E+0	2,029678E+0
74,000000	3,331758E+0	2,080086E+0
74,066667	3,384358E+0	2,112970E+0
74,133333	3,424686E+0	2,160883E+0
74,200000	3,456608E+0	2,192820E+0
74,266667	3,491156E+0	2,202874E+0
74,333333	3,502503E+0	2,226861E+0
74,400000	3,516640E+0	2,246910E+0
74,466667	3,527802E+0	2,280627E+0
74,533333	3,536760E+0	2,303742E+0
74,600000	3,541505E+0	2,300060E+0
74,666667	3,553706E+0	2,343930E+0
74,733333	3,557132E+0	2,345561E+0
74,800000	3,564112E+0	2,353819E+0
74,866667	3,570367E+0	2,349964E+0
74,933333	3,564574E+0	2,364753E+0
75,000000	3,551690E+0	2,366767E+0
75,066667	3,535537E+0	2,350310E+0
75,133333	3,537520E+0	2,336626E+0
75,200000	3,526627E+0	2,329337E+0
75,266667	3,506819E+0	2,312151E+0
75,333333	3,497192E+0	2,302074E+0
75,400000	3,472683E+0	2,292846E+0
75,466667	3,447679E+0	2,278486E+0
75,533333	3,408211E+0	2,259865E+0
75,600000	3,374394E+0	2,249773E+0
75,666667	3,348750E+0	2,249878E+0
75,733333	3,333012E+0	2,227462E+0
75,800000	3,315841E+0	2,203798E+0
75,866667	3,299892E+0	2,171959E+0
75,933333	3,271093E+0	2,169179E+0
76,000000	3,239309E+0	2,147236E+0
76,066667	3,212794E+0	2,125722E+0
76,133333	3,189922E+0	2,118305E+0
76,200000	3,177571E+0	2,090125E+0
76,266667	3,167015E+0	2,068634E+0
76,333333	3,150481E+0	2,079395E+0
76,400000	3,140421E+0	2,050809E+0
76,466667	3,125104E+0	2,020217E+0
76,533333	3,106629E+0	1,999673E+0
76,600000	3,077696E+0	1,956246E+0
76,666667	3,061350E+0	1,930351E+0
76,733333	3,050644E+0	1,901232E+0
76,800000	3,038151E+0	1,782321E+0
76,866667	3,024804E+0	1,766375E+0
76,933333	3,002316E+0	1,774100E+0
77,000000	2,970894E+0	1,736437E+0
77,066667	2,906992E+0	1,603880E+0
77,133333	2,868705E+0	1,531041E+0
77,200000	2,852976E+0	1,499615E+0
77,266667	2,847189E+0	1,511383E+0
77,333333	2,830075E+0	1,507025E+0
77,400000	2,813408E+0	1,427423E+0
77,466667	2,780207E+0	1,384312E+0
77,533333	2,758693E+0	1,327126E+0
77,600000	2,726540E+0	1,295700E+0
77,666667	2,700570E+0	1,333077E+0
77,733333	2,690551E+0	1,194178E+0
77,800000	2,681141E+0	9,773149E-1
77,866667	2,675009E+0	9,417034E-1
77,933333	2,662870E+0	8,985472E-1
78,000000	2,655584E+0	1,031766E+0
78,066667	2,651010E+0	1,143733E+0
78,133333	2,644918E+0	1,120588E+0
78,200000	2,636655E+0	1,116034E+0
78,266667	2,625797E+0	6,531814E-1
78,333333	2,615848E+0	5,979042E-1
78,400000	2,612150E+0	6,077182E-1
78,466667	2,602442E+0	6,002036E-1
78,533333	2,597823E+0	4,718697E-1
78,600000	2,593501E+0	4,568105E-1
78,666667	2,592128E+0	4,728917E-1
78,733333	2,590733E+0	4,875977E-1
78,800000	2,586252E+0	4,605904E-1
78,866667	2,580298E+0	4,955932E-1
78,933333	2,579920E+0	5,878497E-1
79,000000	2,576821E+0	5,591139E-1
79,066667	2,576400E+0	4,876353E-1
79,133333	2,574288E+0	5,190387E-1
79,200000	2,572260E+0	5,655389E-1
79,266667	2,571885E+0	5,557925E-1
79,333333	2,569871E+0	5,379529E-1
79,400000	2,568638E+0	5,175884E-1
79,466667	2,572812E+0	5,198803E-1
79,533333	2,572054E+0	5,762772E-1
79,600000	2,574259E+0	5,622325E-1
79,666667	2,580091E+0	5,413119E-1
79,733333	2,577917E+0	5,897358E-1
79,800000	2,580495E+0	6,011805E-1
79,866667	2,592341E+0	6,246109E-1
79,933333	2,607827E+0	6,524825E-1
80,000000	2,616879E+0	6,607410E-1
80,066667	2,619357E+0	7,091499E-1
80,133333	2,632710E+0	7,028752E-1
80,200000	2,652874E+0	6,524374E-1
80,266667	2,670914E+0	6,476807E-1
80,333333	2,678673E+0	6,737262E-1
80,400000	2,689468E+0	6,868016E-1
80,466667	2,701709E+0	6,848778E-1
80,533333	2,714614E+0	7,136211E-1
80,600000	2,727982E+0	7,907807E-1
80,666667	2,734480E+0	8,752220E-1
80,733333	2,741533E+0	9,041906E-1
80,800000	2,745069E+0	9,356617E-1
80,866667	2,749435E+0	9,299506E-1
80,933333	2,759056E+0	9,327911E-1
81,000000	2,772459E+0	9,103601E-1
81,066667	2,791494E+0	9,140497E-1
81,133333	2,802088E+0	9,117653E-1
81,200000	2,818148E+0	9,569129E-1
81,266667	2,829848E+0	1,042504E+0
81,333333	2,843232E+0	1,081211E+0
81,400000	2,855225E+0	1,098976E+0
81,466667	2,872409E+0	1,134001E+0
81,533333	2,898705E+0	1,205803E+0
81,600000	2,930574E+0	1,250364E+0
81,666667	2,951851E+0	1,268287E+0
81,733333	2,972793E+0	1,331740E+0
81,800000	2,991193E+0	1,352367E+0
81,866667	3,001229E+0	1,374175E+0
81,933333	3,013351E+0	1,405112E+0
82,000000	3,021418E+0	1,400588E+0
82,066667	3,026789E+0	1,415234E+0
82,133333	3,028741E+0	1,381208E+0
82,200000	3,021561E+0	1,335287E+0
82,266667	3,014534E+0	1,339450E+0
82,333333	3,007610E+0	1,339615E+0
82,400000	3,005084E+0	1,322234E+0
82,466667	2,997286E+0	1,312194E+0
82,533333	2,992022E+0	1,329703E+0
82,600000	2,979469E+0	1,342929E+0
82,666667	2,963510E+0	1,336692E+0
82,733333	2,944965E+0	1,328659E+0
82,800000	2,924330E+0	1,278537E+0
82,866667	2,910695E+0	1,207855E+0
82,933333	2,891662E+0	1,236215E+0
83,000000	2,886107E+0	1,259194E+0
83,066667	2,875537E+0	1,270947E+0
83,133333	2,870049E+0	1,268414E+0
83,200000	2,857110E+0	1,237830E+0
83,266667	2,854696E+0	1,169004E+0
83,333333	2,834872E+0	1,031270E+0
83,400000	2,809336E+0	1,063695E+0
83,466667	2,782003E+0	1,028767E+0
83,533333	2,762503E+0	1,032442E+0
83,600000	2,745378E+0	1,060975E+0
83,666667	2,726568E+0	1,023702E+0
83,733333	2,706320E+0	9,414930E-1
83,800000	2,682640E+0	9,771797E-1
83,866667	2,668925E+0	9,230672E-1
83,933333	2,657836E+0	9,239314E-1
84,000000	2,652787E+0	9,274933E-1
84,066667	2,651504E+0	9,405837E-1
84,133333	2,640348E+0	9,298529E-1
84,200000	2,618747E+0	8,995842E-1
84,266667	2,603680E+0	8,659865E-1
84,333333	2,591566E+0	7,698676E-1
84,400000	2,584572E+0	7,300930E-1
84,466667	2,581433E+0	7,432961E-1
84,533333	2,577165E+0	6,282931E-1
84,600000	2,577704E+0	6,226496E-1
84,666667	2,577806E+0	6,283607E-1
84,733333	2,575794E+0	6,335307E-1
84,800000	2,575599E+0	6,018117E-1
84,866667	2,575596E+0	6,100703E-1
84,933333	2,575753E+0	6,167883E-1
85,000000	2,575799E+0	5,895029E-1
85,066667	2,575588E+0	5,632695E-1
85,133333	2,577500E+0	5,461062E-1
85,200000	2,583445E+0	5,582498E-1
85,266667	2,593036E+0	5,536358E-1
85,333333	2,605277E+0	5,531023E-1
85,400000	2,622090E+0	5,888867E-1
85,466667	2,647569E+0	6,246636E-1
85,533333	2,675986E+0	6,592231E-1
85,600000	2,698105E+0	7,378105E-1
85,666667	2,724404E+0	7,772545E-1
85,733333	2,749773E+0	8,641079E-1
85,800000	2,788091E+0	9,158532E-1
85,866667	2,803781E+0	9,644800E-1
85,933333	2,826065E+0	1,027167E+0
86,000000	2,846802E+0	1,052709E+0
86,066667	2,881213E+0	1,097300E+0
86,133333	2,916463E+0	1,050830E+0
86,200000	2,936848E+0	1,108910E+0
86,266667	2,963725E+0	1,183447E+0
86,333333	2,985980E+0	1,215384E+0
86,400000	2,996905E+0	1,306844E+0
86,466667	3,011622E+0	1,306874E+0
86,533333	3,021949E+0	1,322722E+0
86,600000	3,043194E+0	1,331732E+0
86,666667	3,054631E+0	1,357898E+0
86,733333	3,078481E+0	1,450748E+0
86,800000	3,090199E+0	1,605901E+0
86,866667	3,092997E+0	1,659999E+0
86,933333	3,092445E+0	1,667964E+0
87,000000	3,098831E+0	1,654896E+0
87,066667	3,102857E+0	1,637688E+0
87,133333	3,104282E+0	1,668490E+0
87,200000	3,101959E+0	1,653784E+0
87,266667	3,098166E+0	1,643174E+0
87,333333	3,088071E+0	1,658721E+0
87,400000	3,078625E+0	1,669896E+0
87,466667	3,078140E+0	1,687472E+0
87,533333	3,085925E+0	1,730358E+0
87,600000	3,085511E+0	1,755577E+0
87,666667	3,075182E+0	1,740998E+0
87,733333	3,048205E+0	1,723985E+0
87,800000	3,031546E+0	1,711241E+0
87,866667	3,019470E+0	1,701389E+0
87,933333	3,011559E+0	1,686991E+0
88,000000	2,995007E+0	1,658353E+0
88,066667	2,970125E+0	1,607254E+0
88,133333	2,928400E+0	1,561971E+0
88,200000	2,897403E+0	1,553217E+0
88,266667	2,891446E+0	1,498315E+0
88,333333	2,902547E+0	1,504004E+0
88,400000	2,897696E+0	1,492702E+0
88,466667	2,880509E+0	1,468430E+0
88,533333	2,849345E+0	1,439161E+0
88,600000	2,824724E+0	1,384763E+0
88,666667	2,807776E+0	1,340359E+0
88,733333	2,797859E+0	1,311856E+0
88,800000	2,785758E+0	1,288328E+0
88,866667	2,774858E+0	1,241370E+0
88,933333	2,757073E+0	1,136173E+0
89,000000	2,727884E+0	1,086614E+0
89,066667	2,705452E+0	1,026874E+0
89,133333	2,682247E+0	8,837435E-1
89,200000	2,667296E+0	8,123926E-1
89,266667	2,659662E+0	7,611733E-1
89,333333	2,651304E+0	7,496534E-1
89,400000	2,642093E+0	7,130199E-1
89,466667	2,633098E+0	6,585918E-1
89,533333	2,627497E+0	6,294654E-1
89,600000	2,620934E+0	7,006284E-1
89,666667	2,608845E+0	6,566230E-1
89,733333	2,599212E+0	6,736285E-1
89,800000	2,592486E+0	6,539929E-1
89,866667	2,592657E+0	6,386407E-1
89,933333	2,593788E+0	5,823565E-1
90,000000	2,595219E+0	5,872335E-1
90,066667	2,594253E+0	6,649341E-1
90,133333	2,589179E+0	6,862154E-1
90,200000	2,581747E+0	5,763298E-1
90,266667	2,578267E+0	4,937221E-1
90,333333	2,576184E+0	4,655350E-1
90,400000	2,573889E+0	4,409698E-1
90,466667	2,571962E+0	4,273459E-1
90,533333	2,573962E+0	4,474173E-1
90,600000	2,575682E+0	4,504156E-1
90,666667	2,577382E+0	5,131097E-1
90,733333	2,581008E+0	5,151236E-1
90,800000	2,592270E+0	5,540641E-1
90,866667	2,603348E+0	5,764801E-1
90,933333	2,613890E+0	5,972278E-1
91,000000	2,621342E+0	6,092436E-1
91,066667	2,627501E+0	6,230179E-1
91,133333	2,635397E+0	6,247387E-1
91,200000	2,642691E+0	6,158940E-1
91,266667	2,650381E+0	6,125951E-1
91,333333	2,660856E+0	6,229127E-1
91,400000	2,680105E+0	6,108142E-1
91,466667	2,699578E+0	6,611919E-1
91,533333	2,717491E+0	7,764805E-1
91,600000	2,736819E+0	8,508372E-1
91,666667	2,754705E+0	8,878239E-1
91,733333	2,785079E+0	9,257049E-1
91,800000	2,817213E+0	1,040017E+0
91,866667	2,846981E+0	1,050597E+0
91,933333	2,866637E+0	1,112472E+0
92,000000	2,882217E+0	1,151593E+0
92,066667	2,901981E+0	1,130379E+0
92,133333	2,917186E+0	1,129102E+0
92,200000	2,928470E+0	1,163691E+0
92,266667	2,939151E+0	1,155185E+0
92,333333	2,958009E+0	1,213445E+0
92,400000	2,980688E+0	1,249718E+0
92,466667	3,007358E+0	1,258841E+0
92,533333	3,042125E+0	1,281430E+0
92,600000	3,083355E+0	1,269023E+0
92,666667	3,126370E+0	1,305221E+0
92,733333	3,156084E+0	1,380073E+0
92,800000	3,174946E+0	1,422674E+0
92,866667	3,205498E+0	1,511909E+0
92,933333	3,233966E+0	1,554427E+0
93,000000	3,268812E+0	1,637305E+0
93,066667	3,295021E+0	1,731861E+0
93,133333	3,321419E+0	1,802122E+0
93,200000	3,346219E+0	1,843903E+0
93,266667	3,361999E+0	1,861434E+0
93,333333	3,375925E+0	1,888089E+0
93,400000	3,387924E+0	1,907747E+0
93,466667	3,398451E+0	1,897955E+0
93,533333	3,405488E+0	1,854559E+0
93,600000	3,410679E+0	1,850471E+0
93,666667	3,403018E+0	1,871910E+0
93,733333	3,384937E+0	1,900833E+0
93,800000	3,363973E+0	1,916531E+0
93,866667	3,348127E+0	1,896257E+0
93,933333	3,338587E+0	1,895130E+0
94,000000	3,324909E+0	1,911136E+0
94,066667	3,311142E+0	1,885098E+0
94,133333	3,280349E+0	1,858166E+0
94,200000	3,249533E+0	1,855175E+0
94,266667	3,222918E+0	1,848735E+0
94,333333	3,205375E+0	1,845361E+0
94,400000	3,188297E+0	1,853747E+0
94,466667	3,164892E+0	1,824989E+0
94,533333	3,138394E+0	1,820277E+0
94,600000	3,107073E+0	1,784951E+0
94,666667	3,072918E+0	1,727690E+0
94,733333	3,040386E+0	1,679702E+0
94,800000	3,004480E+0	1,681212E+0
94,866667	2,982077E+0	1,580359E+0
94,933333	2,956837E+0	1,503117E+0
95,000000	2,928204E+0	1,497083E+0
95,066667	2,908736E+0	1,455197E+0
95,133333	2,889879E+0	1,461419E+0
95,200000	2,872021E+0	1,447058E+0
95,266667	2,852143E+0	1,404007E+0
95,333333	2,831447E+0	1,333701E+0
95,400000	2,811617E+0	1,330552E+0
95,466667	2,790471E+0	1,275012E+0
95,533333	2,773632E+0	1,209027E+0
95,600000	2,757860E+0	1,194043E+0
95,666667	2,742530E+0	1,137142E+0
95,733333	2,728346E+0	1,107212E+0
95,800000	2,713927E+0	9,581828E-1
95,866667	2,705966E+0	1,092213E+0
95,933333	2,694558E+0	1,033509E+0
96,000000	2,685758E+0	9,358420E-1
96,066667	2,675657E+0	8,851938E-1
96,133333	2,665355E+0	8,801215E-1
96,200000	2,657329E+0	8,373109E-1
96,266667	2,649500E+0	8,465689E-1
96,333333	2,639677E+0	7,888344E-1
96,400000	2,628284E+0	7,964542E-1
96,466667	2,616122E+0	8,570667E-1
96,533333	2,605769E+0	8,866967E-1
96,600000	2,598627E+0	8,498302E-1
96,666667	2,593959E+0	8,156389E-1
96,733333	2,591284E+0	7,253663E-1
96,800000	2,585948E+0	6,927531E-1
96,866667	2,580345E+0	6,115882E-1
96,933333	2,576301E+0	5,180393E-1
97,000000	2,576484E+0	4,950071E-1
97,066667	2,573495E+0	5,162809E-1
97,133333	2,575521E+0	7,326855E-1
97,200000	2,575103E+0	7,532229E-1
97,266667	2,573522E+0	7,311225E-1
97,333333	2,575001E+0	7,152292E-1
97,400000	2,574968E+0	7,369012E-1
97,466667	2,575072E+0	7,469407E-1
97,533333	2,575197E+0	7,613386E-1
97,600000	2,575307E+0	7,554697E-1
97,666667	2,575390E+0	7,332717E-1
97,733333	2,575315E+0	7,489621E-1
97,800000	2,575192E+0	7,606623E-1
97,866667	2,575567E+0	6,602601E-1
97,933333	2,576180E+0	6,451107E-1
98,000000	2,576173E+0	6,421349E-1
98,066667	2,576030E+0	6,450130E-1
98,133333	2,576661E+0	6,417066E-1
98,200000	2,578161E+0	6,153305E-1
98,266667	2,579573E+0	6,485975E-1
98,333333	2,583313E+0	6,578103E-1
98,400000	2,589760E+0	7,167171E-1
98,466667	2,601109E+0	6,926554E-1
98,533333	2,620573E+0	6,735158E-1
98,600000	2,643747E+0	6,927832E-1
98,666667	2,669970E+0	6,150524E-1
98,733333	2,708318E+0	5,493976E-1
98,800000	2,730915E+0	6,602601E-1
98,866667	2,755673E+0	6,849905E-1
98,933333	2,783363E+0	7,574310E-1
99,000000	2,804162E+0	8,333733E-1
99,066667	2,823308E+0	8,632512E-1
99,133333	2,841056E+0	9,000351E-1
99,200000	2,864513E+0	9,360825E-1
99,266667	2,889769E+0	9,871215E-1
99,333333	2,920572E+0	1,014429E+0
99,400000	2,949993E+0	1,049432E+0
99,466667	2,973545E+0	1,088358E+0
99,533333	2,997934E+0	1,204586E+0
99,600000	3,024965E+0	1,352645E+0
99,666667	3,057740E+0	1,395343E+0
99,733333	3,085832E+0	1,355847E+0
99,800000	3,116735E+0	1,400551E+0
99,866667	3,140017E+0	1,433036E+0
99,933333	3,161098E+0	1,389114E+0
100,000000	3,179770E+0	1,532416E+0
100,066667	3,203238E+0	1,615618E+0
100,133333	3,227278E+0	1,594043E+0
100,200000	3,253824E+0	1,700292E+0
100,266667	3,279966E+0	1,808404E+0
100,333333	3,300746E+0	1,856911E+0
100,400000	3,312104E+0	1,852477E+0
100,466667	3,325045E+0	1,817271E+0
100,533333	3,335476E+0	1,813401E+0
100,600000	3,346992E+0	1,881002E+0
100,666667	3,354807E+0	1,841273E+0
100,733333	3,378861E+0	1,865770E+0
100,800000	3,398373E+0	1,886458E+0
100,866667	3,416761E+0	1,925647E+0
100,933333	3,427742E+0	1,920529E+0
101,000000	3,424042E+0	2,008254E+0
101,066667	3,417854E+0	2,055175E+0
101,133333	3,422868E+0	2,003821E+0
101,200000	3,435279E+0	2,037080E+0
101,266667	3,444838E+0	2,035660E+0
101,333333	3,432899E+0	2,006909E+0
101,400000	3,422280E+0	2,006135E+0
101,466667	3,428227E+0	1,950264E+0
101,533333	3,436860E+0	1,980368E+0
101,600000	3,436773E+0	2,002145E+0
101,666667	3,422701E+0	2,012387E+0
101,733333	3,407655E+0	1,995314E+0
101,800000	3,394324E+0	2,012740E+0
101,866667	3,388330E+0	2,030152E+0
101,933333	3,379513E+0	2,028611E+0
102,000000	3,366731E+0	2,063592E+0
102,066667	3,359408E+0	2,040116E+0
102,133333	3,353961E+0	2,048074E+0
102,200000	3,345282E+0	2,058519E+0
102,266667	3,342809E+0	2,101645E+0
102,333333	3,330931E+0	2,088269E+0
102,400000	3,292946E+0	2,054822E+0
102,466667	3,208676E+0	1,932214E+0
102,533333	3,084990E+0	1,777955E+0
102,600000	2,965751E+0	1,618308E+0
102,666667	2,891162E+0	1,346897E+0
102,733333	2,819848E+0	1,235628E+0
102,800000	2,766583E+0	1,100419E+0
102,866667	2,716278E+0	9,940198E-1
102,933333	2,686668E+0	9,090375E-1
103,000000	2,664249E+0	8,733959E-1
103,066667	2,637722E+0	7,033336E-1
103,133333	2,619122E+0	6,015487E-1
103,200000	2,602522E+0	5,345112E-1
103,266667	2,593861E+0	4,532862E-1
103,333333	2,587490E+0	4,561342E-1
103,400000	2,581691E+0	5,153941E-1
103,466667	2,576021E+0	5,320014E-1
103,533333	2,571689E+0	4,798953E-1
103,600000	2,574755E+0	3,691080E-1
103,666667	2,574724E+0	4,018565E-1
103,733333	2,574609E+0	4,319974E-1
103,800000	2,574626E+0	4,404438E-1
103,866667	2,574709E+0	4,419918E-1
103,933333	2,574734E+0	4,374079E-1
104,000000	2,574924E+0	4,484017E-1
104,066667	2,575040E+0	4,402635E-1
104,133333	2,574940E+0	4,247759E-1
104,200000	2,575199E+0	4,154879E-1
104,266667	2,575113E+0	4,178475E-1
104,333333	2,575028E+0	4,018940E-1
104,400000	2,575136E+0	4,045542E-1
104,466667	2,575038E+0	4,012854E-1
104,533333	2,575145E+0	3,920725E-1
104,600000	2,575157E+0	3,859631E-1
104,666667	2,575013E+0	3,750294E-1
104,733333	2,575142E+0	3,920650E-1
104,800000	2,575036E+0	3,955668E-1
104,866667	2,574986E+0	3,986327E-1
104,933333	2,575094E+0	3,989709E-1
105,000000	2,575022E+0	4,109341E-1
105,066667	2,574967E+0	4,032542E-1
105,133333	2,575022E+0	4,028334E-1
105,200000	2,574978E+0	4,050502E-1
105,266667	2,574984E+0	4,025854E-1
105,333333	2,574838E+0	4,067334E-1
105,400000	2,574949E+0	4,219504E-1
105,466667	2,574990E+0	4,248811E-1
105,533333	2,574930E+0	3,989784E-1
105,600000	2,575055E+0	3,808608E-1
105,666667	2,574963E+0	3,753375E-1
105,733333	2,574807E+0	3,687923E-1
105,800000	2,574842E+0	3,615182E-1
105,866667	2,574803E+0	3,580165E-1
105,933333	2,574793E+0	3,669813E-1
106,000000	2,574957E+0	3,730456E-1
106,066667	2,574888E+0	3,813041E-1
106,133333	2,575059E+0	3,829498E-1
106,200000	2,575059E+0	3,631790E-1
106,266667	2,575124E+0	3,617061E-1
106,333333	2,575001E+0	3,675074E-1
106,400000	2,574917E+0	3,658917E-1
106,466667	2,574893E+0	3,594292E-1
106,533333	2,574838E+0	3,654559E-1
106,600000	2,574957E+0	3,553563E-1
106,666667	2,575088E+0	3,629610E-1
106,733333	2,574849E+0	3,569043E-1
106,800000	2,574832E+0	3,498105E-1
106,866667	2,575049E+0	3,616385E-1
106,933333	2,575011E+0	3,621269E-1
107,000000	2,574949E+0	3,609772E-1
107,066667	2,575072E+0	3,640206E-1
107,133333	2,575170E+0	3,606916E-1
107,200000	2,575278E+0	3,569794E-1
107,266667	2,575172E+0	3,590159E-1
107,333333	2,575145E+0	3,639830E-1
107,400000	2,575049E+0	3,674998E-1
107,466667	2,575026E+0	3,650576E-1
107,533333	2,574949E+0	3,605639E-1
107,600000	2,574818E+0	3,646293E-1
107,666667	2,574907E+0	3,589483E-1
107,733333	2,574965E+0	3,580240E-1
107,800000	2,574892E+0	3,499233E-1
107,866667	2,574872E+0	3,442197E-1
107,933333	2,574861E+0	3,419653E-1
108,000000	2,574859E+0	3,411462E-1
108,066667	2,574803E+0	3,256512E-1
108,133333	2,574932E+0	3,213453E-1
108,200000	2,574913E+0	3,271842E-1
108,266667	2,575049E+0	3,267934E-1
108,333333	2,574807E+0	3,248847E-1
108,400000	2,574936E+0	3,262599E-1
108,466667	2,574936E+0	3,311669E-1
108,533333	2,574982E+0	3,250575E-1
108,600000	2,574901E+0	3,265680E-1
108,666667	2,574759E+0	3,238928E-1
108,733333	2,574861E+0	3,229084E-1
108,800000	2,574932E+0	3,249598E-1
108,866667	2,574886E+0	3,255685E-1
108,933333	2,575013E+0	3,251778E-1
109,000000	2,575045E+0	3,277478E-1
109,066667	2,574936E+0	3,267934E-1
109,133333	2,574936E+0	3,254333E-1
109,200000	2,574974E+0	3,295062E-1
109,266667	2,574947E+0	3,323842E-1
109,333333	2,574815E+0	3,367803E-1
109,400000	2,574872E+0	3,343080E-1
109,466667	2,574992E+0	3,340750E-1
109,533333	2,574909E+0	3,414092E-1
109,600000	2,574843E+0	3,404549E-1
109,666667	2,574955E+0	3,397110E-1
109,733333	2,574826E+0	3,421156E-1
109,800000	2,574768E+0	3,426266E-1
109,866667	2,574765E+0	3,431075E-1
109,933333	2,574820E+0	3,465492E-1
110,000000	2,574855E+0	3,518395E-1
110,066667	2,574953E+0	3,528765E-1
110,133333	2,574849E+0	3,514788E-1
110,200000	2,574895E+0	3,538008E-1
110,266667	2,574903E+0	3,560551E-1
110,333333	2,574905E+0	3,568517E-1
110,400000	2,574943E+0	3,509152E-1
110,466667	2,574997E+0	3,382606E-1
110,533333	2,575024E+0	3,400341E-1
110,600000	2,574986E+0	3,416422E-1
110,666667	2,574826E+0	3,428821E-1
110,733333	2,574943E+0	3,392526E-1
110,800000	2,574842E+0	3,384410E-1
110,866667	2,574820E+0	3,380878E-1
110,933333	2,574828E+0	3,445579E-1
111,000000	2,574992E+0	3,414919E-1
111,066667	2,574795E+0	3,384861E-1
111,133333	2,574828E+0	3,396584E-1
111,200000	2,574959E+0	3,444977E-1
111,266667	2,575070E+0	3,446105E-1
111,333333	2,574892E+0	3,460082E-1
111,400000	2,574757E+0	3,480296E-1
111,466667	2,574859E+0	3,483452E-1
111,533333	2,574826E+0	3,474585E-1
111,600000	2,574793E+0	3,468348E-1
111,666667	2,575103E+0	3,473608E-1
111,733333	2,574893E+0	3,492319E-1
111,800000	2,574843E+0	3,487810E-1
111,866667	2,574828E+0	3,534777E-1
111,933333	2,574851E+0	3,590910E-1
112,000000	2,574915E+0	3,602182E-1
112,066667	2,574878E+0	3,603911E-1
112,133333	2,574738E+0	3,595344E-1
112,200000	2,575244E+0	3,587980E-1
112,266667	2,575990E+0	3,623524E-1
112,333333	2,576007E+0	3,588957E-1
112,400000	2,575145E+0	3,629160E-1
112,466667	2,574917E+0	3,653432E-1
112,533333	2,575119E+0	3,711970E-1
112,600000	2,576503E+0	3,723543E-1
112,666667	2,577069E+0	3,817625E-1
112,733333	2,576921E+0	4,086872E-1
112,800000	2,581314E+0	3,888863E-1
112,866667	2,583909E+0	3,832504E-1
112,933333	2,586315E+0	4,052606E-1
113,000000	2,589660E+0	4,052455E-1
113,066667	2,594186E+0	3,805677E-1
113,133333	2,601618E+0	3,929367E-1
113,200000	2,609210E+0	3,960327E-1
113,266667	2,620707E+0	3,744358E-1
113,333333	2,631800E+0	4,047721E-1
113,400000	2,641614E+0	4,301864E-1
113,466667	2,652962E+0	5,292961E-1
113,533333	2,662335E+0	5,424241E-1
113,600000	2,677162E+0	5,852797E-1
113,666667	2,693684E+0	5,742408E-1
113,733333	2,711496E+0	6,676995E-1
113,800000	2,729477E+0	7,463470E-1
113,866667	2,746171E+0	7,756088E-1
113,933333	2,758554E+0	7,640814E-1
114,000000	2,773348E+0	8,093567E-1
114,066667	2,789303E+0	8,486955E-1
114,133333	2,805303E+0	8,868094E-1
114,200000	2,831018E+0	9,081132E-1
114,266667	2,853930E+0	9,501122E-1
114,333333	2,883820E+0	9,864226E-1
114,400000	2,903233E+0	9,908337E-1
114,466667	2,926486E+0	1,026332E+0
114,533333	2,941190E+0	1,116898E+0
114,600000	2,954441E+0	1,123263E+0
114,666667	2,969671E+0	1,163609E+0
114,733333	2,990831E+0	1,219863E+0
114,800000	3,017160E+0	1,243338E+0
114,866667	3,049892E+0	1,277545E+0
114,933333	3,075238E+0	1,363128E+0
115,000000	3,099272E+0	1,401941E+0
115,066667	3,125204E+0	1,474209E+0
115,133333	3,148690E+0	1,478635E+0
115,200000	3,174809E+0	1,471398E+0
115,266667	3,203556E+0	1,469504E+0
115,333333	3,234437E+0	1,455302E+0
115,400000	3,260604E+0	1,447494E+0
115,466667	3,293481E+0	1,529478E+0
115,533333	3,319938E+0	1,604970E+0
115,600000	3,346248E+0	1,626236E+0
115,666667	3,366839E+0	1,681460E+0
115,733333	3,380192E+0	1,739120E+0
115,800000	3,378801E+0	1,792308E+0
115,866667	3,371396E+0	1,828701E+0
115,933333	3,364483E+0	1,855310E+0
116,000000	3,358599E+0	1,852041E+0
116,066667	3,348812E+0	1,857053E+0
116,133333	3,335861E+0	1,872338E+0
116,200000	3,320521E+0	1,857790E+0
116,266667	3,310219E+0	1,877486E+0
116,333333	3,303800E+0	1,866815E+0
116,400000	3,296964E+0	1,855393E+0
116,466667	3,285191E+0	1,844301E+0
116,533333	3,263620E+0	1,815475E+0
116,600000	3,231314E+0	1,751609E+0
116,666667	3,202182E+0	1,724008E+0
116,733333	3,185504E+0	1,727232E+0
116,800000	3,164907E+0	1,671556E+0
116,866667	3,151083E+0	1,639289E+0
116,933333	3,136953E+0	1,711053E+0
117,000000	3,117106E+0	1,720777E+0
117,066667	3,084517E+0	1,705139E+0
117,133333	3,056403E+0	1,597793E+0
117,200000	3,035314E+0	1,557305E+0
117,266667	3,017606E+0	1,519679E+0
117,333333	2,994103E+0	1,476681E+0
117,400000	2,970929E+0	1,425199E+0
117,466667	2,953585E+0	1,382418E+0
117,533333	2,946077E+0	1,401460E+0
117,600000	2,930907E+0	1,408952E+0
117,666667	2,914784E+0	1,369959E+0
117,733333	2,894914E+0	1,339397E+0
117,800000	2,871330E+0	1,280340E+0
117,866667	2,850124E+0	1,281798E+0
117,933333	2,840406E+0	1,279153E+0
118,000000	2,826548E+0	1,289245E+0
118,066667	2,809482E+0	1,270721E+0
118,133333	2,776421E+0	1,198634E+0
118,200000	2,747584E+0	1,090124E+0
118,266667	2,728082E+0	9,248858E-1
118,333333	2,713683E+0	8,638148E-1
118,400000	2,698484E+0	8,077486E-1
118,466667	2,677806E+0	8,240477E-1
118,533333	2,656503E+0	7,154696E-1
118,600000	2,639707E+0	7,208651E-1
118,666667	2,633947E+0	7,413348E-1
118,733333	2,636714E+0	7,782464E-1
118,800000	2,646524E+0	7,951842E-1
118,866667	2,655268E+0	7,990693E-1
118,933333	2,667263E+0	8,048931E-1
119,000000	2,669981E+0	8,086428E-1
119,066667	2,678839E+0	8,409254E-1
119,133333	2,693113E+0	8,622368E-1
119,200000	2,717738E+0	8,556089E-1
119,266667	2,745717E+0	8,689698E-1
119,333333	2,772873E+0	9,168677E-1
119,400000	2,802031E+0	9,521411E-1
119,466667	2,830068E+0	9,906082E-1
119,533333	2,859939E+0	1,070699E+0
119,600000	2,890007E+0	1,170665E+0
119,666667	2,920395E+0	1,199100E+0
119,733333	2,959578E+0	1,263057E+0
119,800000	3,003084E+0	1,340494E+0
119,866667	3,044366E+0	1,393893E+0
119,933333	3,082037E+0	1,468512E+0
120,000000	3,112159E+0	1,475133E+0
120,066667	3,141038E+0	1,453160E+0
120,133333	3,169393E+0	1,499007E+0
120,200000	3,191351E+0	1,523429E+0
120,266667	3,216414E+0	1,482978E+0
120,333333	3,242333E+0	1,502832E+0
120,400000	3,273655E+0	1,542959E+0
120,466667	3,301386E+0	1,580472E+0
120,533333	3,329750E+0	1,588377E+0
120,600000	3,359870E+0	1,634547E+0
120,666667	3,383775E+0	1,659773E+0
120,733333	3,408186E+0	1,707972E+0
120,800000	3,426511E+0	1,750106E+0
120,866667	3,448705E+0	1,761107E+0
120,933333	3,472664E+0	1,773131E+0
121,000000	3,498465E+0	1,807209E+0
121,066667	3,512847E+0	1,809952E+0
121,133333	3,526364E+0	1,836464E+0
121,200000	3,541211E+0	1,868566E+0
121,266667	3,562948E+0	1,897797E+0
121,333333	3,585588E+0	1,942366E+0
121,400000	3,607206E+0	1,975949E+0
121,466667	3,625298E+0	2,010779E+0
121,533333	3,635006E+0	2,085083E+0
121,600000	3,644724E+0	2,117899E+0
121,666667	3,652827E+0	2,150152E+0
121,733333	3,659636E+0	2,151422E+0
121,800000	3,667646E+0	2,166158E+0
121,866667	3,677496E+0	2,196254E+0
121,933333	3,687090E+0	2,235134E+0
122,000000	3,700295E+0	2,255288E+0
122,066667	3,711178E+0	2,261165E+0
122,133333	3,720773E+0	2,231587E+0
122,200000	3,728605E+0	2,237817E+0
122,266667	3,739030E+0	2,230663E+0
122,333333	3,740006E+0	2,260458E+0
122,400000	3,741746E+0	2,303103E+0
122,466667	3,743164E+0	2,312820E+0
122,533333	3,746401E+0	2,289863E+0
122,600000	3,751724E+0	2,303667E+0
122,666667	3,742781E+0	2,300609E+0
122,733333	3,723179E+0	2,285189E+0
122,800000	3,689131E+0	2,260939E+0
122,866667	3,658488E+0	2,258640E+0
122,933333	3,638257E+0	2,238042E+0
123,000000	3,636387E+0	2,248247E+0
123,066667	3,635547E+0	2,256678E+0
123,133333	3,628778E+0	2,271775E+0
123,200000	3,617187E+0	2,261841E+0
123,266667	3,612363E+0	2,277779E+0
123,333333	3,614182E+0	2,273053E+0
123,400000	3,612501E+0	2,281161E+0
123,466667	3,600795E+0	2,287586E+0
123,533333	3,590347E+0	2,276870E+0
123,600000	3,580408E+0	2,299549E+0
123,666667	3,574435E+0	2,310355E+0
123,733333	3,567559E+0	2,314683E+0
123,800000	3,539626E+0	2,278974E+0
123,866667	3,509493E+0	2,238411E+0
123,933333	3,492558E+0	2,226530E+0
124,000000	3,488911E+0	2,222472E+0
124,066667	3,486903E+0	2,215048E+0
124,133333	3,486451E+0	2,212207E+0
124,200000	3,493387E+0	2,206842E+0
124,266667	3,505322E+0	2,192940E+0
124,333333	3,536870E+0	2,194420E+0
124,400000	3,577461E+0	2,215634E+0
124,466667	3,612063E+0	2,273496E+0
124,533333	3,645087E+0	2,293034E+0
124,600000	3,661647E+0	2,286789E+0
124,666667	3,682064E+0	2,289713E+0
124,733333	3,703148E+0	2,298294E+0
124,800000	3,728582E+0	2,324362E+0
124,866667	3,757227E+0	2,353616E+0
124,933333	3,782523E+0	2,367594E+0
125,000000	3,811740E+0	2,375086E+0
125,066667	3,829008E+0	2,391452E+0
125,133333	3,845498E+0	2,415927E+0
125,200000	3,871072E+0	2,432565E+0
125,266667	3,896320E+0	2,469356E+0
125,333333	3,926473E+0	2,484843E+0
125,400000	3,959976E+0	2,485753E+0
125,466667	3,985637E+0	2,467274E+0
125,533333	4,010960E+0	2,503480E+0
125,600000	4,041744E+0	2,551505E+0
125,666667	4,063343E+0	2,579602E+0
125,733333	4,075878E+0	2,566121E+0
125,800000	4,085663E+0	2,565625E+0
125,866667	4,087244E+0	2,589349E+0
125,933333	4,080623E+0	2,609255E+0
126,000000	4,068651E+0	2,615063E+0
126,066667	4,059122E+0	2,600102E+0
126,133333	4,051780E+0	2,583795E+0
126,200000	4,048057E+0	2,557765E+0
126,266667	4,040176E+0	2,554917E+0
126,333333	4,025379E+0	2,516758E+0
126,400000	3,985324E+0	2,476525E+0
126,466667	3,928227E+0	2,473542E+0
126,533333	3,856408E+0	2,424321E+0
126,600000	3,793942E+0	2,368510E+0
126,666667	3,747502E+0	2,339203E+0
126,733333	3,699099E+0	2,319012E+0
126,800000	3,636064E+0	2,271632E+0
126,866667	3,584634E+0	2,195585E+0
126,933333	3,543867E+0	2,171501E+0
127,000000	3,515954E+0	2,174274E+0
127,066667	3,488688E+0	2,190971E+0
127,133333	3,469769E+0	2,192594E+0
127,200000	3,462046E+0	2,184847E+0
127,266667	3,459116E+0	2,153053E+0
127,333333	3,461465E+0	2,157929E+0
127,400000	3,476116E+0	2,179632E+0
127,466667	3,500773E+0	2,202724E+0
127,533333	3,538693E+0	2,219564E+0
127,600000	3,589487E+0	2,249299E+0
127,666667	3,637953E+0	2,323250E+0
127,733333	3,683940E+0	2,333275E+0
127,800000	3,734426E+0	2,332035E+0
127,866667	3,789257E+0	2,355773E+0
127,933333	3,830546E+0	2,402146E+0
128,000000	3,872971E+0	2,431903E+0
128,066667	3,912083E+0	2,454327E+0
128,133333	3,954483E+0	2,496679E+0
128,200000	4,007304E+0	2,525663E+0
128,266667	4,055345E+0	2,512865E+0
128,333333	4,094715E+0	2,566204E+0
128,400000	4,133548E+0	2,565790E+0
128,466667	4,160554E+0	2,555015E+0
128,533333	4,171831E+0	2,541721E+0
128,600000	4,176854E+0	2,547801E+0
128,666667	4,168096E+0	2,548973E+0
128,733333	4,130488E+0	2,541150E+0
128,800000	4,072360E+0	2,525956E+0
128,866667	4,010585E+0	2,497295E+0
128,933333	3,933399E+0	2,470002E+0
129,000000	3,864936E+0	2,466395E+0
129,066667	3,788580E+0	2,436705E+0
129,133333	3,700820E+0	2,378685E+0
129,200000	3,607366E+0	2,317802E+0
129,266667	3,545593E+0	2,253199E+0
129,333333	3,509345E+0	2,220841E+0
129,400000	3,476609E+0	2,210697E+0
129,466667	3,439633E+0	2,180616E+0
129,533333	3,399775E+0	2,141067E+0
129,600000	3,356748E+0	2,111512E+0
129,666667	3,321896E+0	2,057212E+0
129,733333	3,308413E+0	2,044294E+0
129,800000	3,292771E+0	2,014882E+0
129,866667	3,295373E+0	1,978527E+0
129,933333	3,299569E+0	1,975213E+0
130,000000	3,333066E+0	1,985455E+0
130,066667	3,400877E+0	2,052109E+0
130,133333	3,475508E+0	2,121822E+0
130,200000	3,535819E+0	2,186387E+0
130,266667	3,583180E+0	2,217452E+0
130,333333	3,625725E+0	2,236389E+0
130,400000	3,663214E+0	2,275886E+0
130,466667	3,711736E+0	2,330569E+0
130,533333	3,760743E+0	2,397659E+0
130,600000	3,809813E+0	2,365166E+0
130,666667	3,877027E+0	2,372200E+0
130,733333	3,942399E+0	2,399959E+0
130,800000	3,980946E+0	2,422164E+0
130,866667	4,008731E+0	2,456356E+0
130,933333	4,028129E+0	2,470881E+0
131,000000	4,034609E+0	2,507846E+0
131,066667	4,013378E+0	2,509093E+0
131,133333	3,964627E+0	2,496551E+0
131,200000	3,887228E+0	2,484904E+0
131,266667	3,778485E+0	2,451952E+0
131,333333	3,650115E+0	2,381796E+0
131,400000	3,539599E+0	2,316570E+0
131,466667	3,436052E+0	2,255596E+0
131,533333	3,365058E+0	2,207999E+0
131,600000	3,323678E+0	2,134018E+0
131,666667	3,288866E+0	2,038057E+0
131,733333	3,252801E+0	2,025816E+0
131,800000	3,197260E+0	2,009750E+0
131,866667	3,148988E+0	1,932643E+0
131,933333	3,104030E+0	1,840303E+0
132,000000	3,046287E+0	1,776016E+0
132,066667	2,981039E+0	1,747303E+0
132,133333	2,920285E+0	1,673457E+0
132,200000	2,894274E+0	1,606337E+0
132,266667	2,887272E+0	1,644391E+0
132,333333	2,928627E+0	1,633563E+0
132,400000	2,989985E+0	1,599296E+0
132,466667	3,097783E+0	1,667611E+0
132,533333	3,245065E+0	1,742787E+0
132,600000	3,386959E+0	1,891621E+0
132,666667	3,506100E+0	1,992879E+0
132,733333	3,609883E+0	2,057460E+0
132,800000	3,690353E+0	2,136085E+0
132,866667	3,750762E+0	2,204001E+0
132,933333	3,786731E+0	2,247924E+0
133,000000	3,793952E+0	2,291937E+0
133,066667	3,788733E+0	2,288292E+0
133,133333	3,770622E+0	2,291997E+0
133,200000	3,708697E+0	2,284497E+0
133,266667	3,593655E+0	2,256859E+0
133,333333	3,493776E+0	2,191813E+0
133,400000	3,439831E+0	2,106658E+0
133,466667	3,410273E+0	2,094702E+0
133,533333	3,371838E+0	2,068611E+0
133,600000	3,317765E+0	2,051095E+0
133,666667	3,232287E+0	1,993338E+0
133,733333	3,152302E+0	1,926060E+0
133,800000	3,097079E+0	1,842520E+0
133,866667	3,032336E+0	1,722377E+0
133,933333	2,969021E+0	1,651718E+0
134,000000	2,910298E+0	1,613619E+0
134,066667	2,847577E+0	1,542065E+0
134,133333	2,807103E+0	1,466258E+0
134,200000	2,780351E+0	1,453994E+0
134,266667	2,761234E+0	1,411898E+0
134,333333	2,746130E+0	1,333175E+0
134,400000	2,740631E+0	1,330507E+0
134,466667	2,733412E+0	1,336714E+0
134,533333	2,765342E+0	1,360874E+0
134,600000	2,855129E+0	1,421779E+0
134,666667	2,984547E+0	1,516230E+0
134,733333	3,096279E+0	1,620683E+0
134,800000	3,172991E+0	1,622313E+0
134,866667	3,239885E+0	1,644797E+0
134,933333	3,293635E+0	1,707626E+0
135,000000	3,363296E+0	1,766856E+0
135,066667	3,431876E+0	1,821908E+0
135,133333	3,498854E+0	1,883219E+0
135,200000	3,560500E+0	2,013101E+0
135,266667	3,606156E+0	2,084828E+0
135,333333	3,641156E+0	2,137542E+0
135,400000	3,673093E+0	2,188792E+0
135,466667	3,672181E+0	2,223599E+0
135,533333	3,628278E+0	2,199102E+0
135,600000	3,552473E+0	2,186222E+0
135,666667	3,468572E+0	2,140811E+0
135,733333	3,369218E+0	2,104816E+0
135,800000	3,282855E+0	2,058639E+0
135,866667	3,194182E+0	1,964174E+0
135,933333	3,104240E+0	1,875351E+0
136,000000	3,030095E+0	1,787273E+0
136,066667	2,964493E+0	1,735565E+0
136,133333	2,922751E+0	1,684917E+0
136,200000	2,879986E+0	1,547663E+0
136,266667	2,811887E+0	1,468520E+0
136,333333	2,749600E+0	1,441340E+0
136,400000	2,717478E+0	1,408614E+0
136,466667	2,688283E+0	1,350729E+0
136,533333	2,665551E+0	1,324826E+0
136,600000	2,648171E+0	1,262493E+0
136,666667	2,628870E+0	1,235531E+0
136,733333	2,617564E+0	1,190999E+0
136,800000	2,610215E+0	1,158529E+0
136,866667	2,604940E+0	1,162211E+0
136,933333	2,609143E+0	1,122158E+0
137,000000	2,645236E+0	1,119213E+0
137,066667	2,687758E+0	1,060148E+0
137,133333	2,737784E+0	1,094084E+0
137,200000	2,762638E+0	1,124060E+0
137,266667	2,784100E+0	1,176932E+0
137,333333	2,817455E+0	1,225724E+0
137,400000	2,859257E+0	1,272472E+0
137,466667	2,893593E+0	1,359581E+0
137,533333	2,929156E+0	1,369801E+0
137,600000	2,957022E+0	1,396155E+0
137,666667	2,974499E+0	1,434006E+0
137,733333	2,973787E+0	1,490124E+0
137,800000	2,959507E+0	1,534115E+0
137,866667	2,929918E+0	1,499194E+0
137,933333	2,889840E+0	1,466040E+0
138,000000	2,848764E+0	1,395050E+0
138,066667	2,805760E+0	1,332995E+0
138,133333	2,778733E+0	1,234426E+0
138,200000	2,752282E+0	1,197146E+0
138,266667	2,737357E+0	1,184259E+0
138,333333	2,718192E+0	1,159265E+0
138,400000	2,706645E+0	1,164090E+0
138,466667	2,693540E+0	1,128313E+0
138,533333	2,682193E+0	1,094362E+0
138,600000	2,675500E+0	1,057014E+0
138,666667	2,679668E+0	1,054572E+0
138,733333	2,694485E+0	1,113336E+0
138,800000	2,721629E+0	1,093077E+0
138,866667	2,755615E+0	1,108226E+0
138,933333	2,799532E+0	1,163917E+0
139,000000	2,834922E+0	1,181847E+0
139,066667	2,869247E+0	1,274261E+0
139,133333	2,901643E+0	1,332085E+0
139,200000	2,936113E+0	1,351931E+0
139,266667	2,979815E+0	1,361362E+0
139,333333	3,019591E+0	1,446164E+0
139,400000	3,040388E+0	1,506499E+0
139,466667	3,071477E+0	1,561039E+0
139,533333	3,084580E+0	1,608885E+0
139,600000	3,079102E+0	1,629294E+0
139,666667	3,056889E+0	1,622712E+0
139,733333	3,017393E+0	1,558184E+0
139,800000	2,968236E+0	1,529170E+0
139,866667	2,913462E+0	1,504327E+0
139,933333	2,859332E+0	1,485879E+0
140,000000	2,817380E+0	1,447795E+0
140,066667	2,786418E+0	1,421246E+0
140,133333	2,769081E+0	1,372649E+0
140,200000	2,746078E+0	1,364345E+0
140,266667	2,731896E+0	1,368862E+0
140,333333	2,714704E+0	1,331717E+0
140,400000	2,702163E+0	1,259006E+0
140,466667	2,674921E+0	1,212919E+0
140,533333	2,668723E+0	1,190947E+0
140,600000	2,673388E+0	1,182981E+0
140,666667	2,710905E+0	1,181749E+0
140,733333	2,761370E+0	1,238341E+0
140,800000	2,809144E+0	1,279746E+0
140,866667	2,857877E+0	1,301118E+0
140,933333	2,891138E+0	1,338142E+0
141,000000	2,915817E+0	1,345033E+0
141,066667	2,949711E+0	1,328764E+0
141,133333	2,986682E+0	1,350932E+0
141,200000	3,028853E+0	1,415121E+0
141,266667	3,049413E+0	1,443121E+0
141,333333	3,067136E+0	1,446502E+0
141,400000	3,089052E+0	1,474667E+0
141,466667	3,079525E+0	1,499751E+0
141,533333	3,036202E+0	1,511338E+0
141,600000	2,972475E+0	1,483790E+0
141,666667	2,927737E+0	1,446577E+0
141,733333	2,873023E+0	1,389910E+0
141,800000	2,825617E+0	1,292904E+0
141,866667	2,776166E+0	1,249064E+0
141,933333	2,740569E+0	1,264214E+0
142,000000	2,702415E+0	1,183988E+0
142,066667	2,682397E+0	1,139757E+0
142,133333	2,662670E+0	1,112547E+0
142,200000	2,650981E+0	1,061117E+0
142,266667	2,641031E+0	1,027385E+0
142,333333	2,639767E+0	1,033539E+0
142,400000	2,648140E+0	1,044405E+0
142,466667	2,661237E+0	1,050432E+0
142,533333	2,673424E+0	1,093858E+0
142,600000	2,697939E+0	1,097067E+0
142,666667	2,726297E+0	1,107685E+0
142,733333	2,755201E+0	1,151848E+0
142,800000	2,774438E+0	1,208907E+0
142,866667	2,796737E+0	1,150646E+0
142,933333	2,819067E+0	1,203173E+0
143,000000	2,853409E+0	1,269572E+0
143,066667	2,895516E+0	1,303718E+0
143,133333	2,954210E+0	1,324082E+0
143,200000	3,000197E+0	1,400483E+0
143,266667	3,041071E+0	1,456294E+0
143,333333	3,069690E+0	1,482362E+0
143,400000	3,095982E+0	1,503012E+0
143,466667	3,110597E+0	1,478454E+0
143,533333	3,118747E+0	1,454032E+0
143,600000	3,137405E+0	1,460509E+0
143,666667	3,151491E+0	1,507588E+0
143,733333	3,174376E+0	1,563437E+0
143,800000	3,194648E+0	1,579157E+0
143,866667	3,216168E+0	1,624019E+0
143,933333	3,200982E+0	1,659465E+0
144,000000	3,139367E+0	1,637816E+0
144,066667	3,081295E+0	1,578195E+0
144,133333	3,035060E+0	1,540404E+0
144,200000	3,004513E+0	1,487908E+0
144,266667	2,989361E+0	1,499104E+0
144,333333	2,994222E+0	1,474058E+0
144,400000	2,987126E+0	1,457233E+0
144,466667	2,943194E+0	1,416902E+0
144,533333	2,876143E+0	1,382230E+0
144,600000	2,809217E+0	1,341358E+0
144,666667	2,756136E+0	1,289245E+0
144,733333	2,722602E+0	1,191044E+0
144,800000	2,696883E+0	1,158010E+0
144,866667	2,679426E+0	1,121760E+0
144,933333	2,654840E+0	1,138112E+0
145,000000	2,637018E+0	1,108685E+0
145,066667	2,622825E+0	1,073291E+0
145,133333	2,614271E+0	1,034283E+0
145,200000	2,606496E+0	1,087546E+0
145,266667	2,599393E+0	1,056060E+0
145,333333	2,593676E+0	1,067355E+0
145,400000	2,590429E+0	1,090995E+0
145,466667	2,587021E+0	1,061373E+0
145,533333	2,582939E+0	1,044217E+0
145,600000	2,577898E+0	9,812300E-1
145,666667	2,575186E+0	9,298153E-1
145,733333	2,574543E+0	9,020189E-1
145,800000	2,573912E+0	8,985171E-1
145,866667	2,574576E+0	9,060843E-1
145,933333	2,574913E+0	8,712242E-1
146,000000	2,576319E+0	8,604107E-1
146,066667	2,575484E+0	8,657160E-1
146,133333	2,576630E+0	8,783555E-1
146,200000	2,578517E+0	8,844198E-1
146,266667	2,580225E+0	8,897927E-1
146,333333	2,582049E+0	8,871551E-1
146,400000	2,579287E+0	8,673241E-1
146,466667	2,577273E+0	8,626426E-1
146,533333	2,573934E+0	8,777018E-1
146,600000	2,574697E+0	8,835706E-1
146,666667	2,575067E+0	8,901158E-1
146,733333	2,576407E+0	8,948951E-1
146,800000	2,578565E+0	8,994189E-1
146,866667	2,585098E+0	9,001628E-1
146,933333	2,592799E+0	8,945645E-1
147,000000	2,598702E+0	9,136440E-1
147,066667	2,602640E+0	9,295899E-1
147,133333	2,608226E+0	9,222181E-1
147,200000	2,613904E+0	9,046791E-1
147,266667	2,619670E+0	9,198811E-1
147,333333	2,624573E+0	9,425300E-1
147,400000	2,632371E+0	9,527348E-1
147,466667	2,641023E+0	9,536666E-1
147,533333	2,654695E+0	9,639390E-1
147,600000	2,664590E+0	9,847995E-1
147,666667	2,677871E+0	9,915776E-1
147,733333	2,683282E+0	1,011611E+0
147,800000	2,687623E+0	1,010815E+0
147,866667	2,693361E+0	9,936441E-1
147,933333	2,692636E+0	9,783369E-1
148,000000	2,688558E+0	9,706044E-1
148,066667	2,686806E+0	9,755941E-1
148,133333	2,683775E+0	9,513145E-1
148,200000	2,674946E+0	9,511793E-1
148,266667	2,668529E+0	9,621656E-1
148,333333	2,656557E+0	9,665616E-1
148,400000	2,644393E+0	9,601066E-1
148,466667	2,631469E+0	9,411097E-1
148,533333	2,619561E+0	9,319269E-1
148,600000	2,613184E+0	9,491954E-1
148,666667	2,607073E+0	9,580701E-1
148,733333	2,602707E+0	9,597910E-1
148,800000	2,597977E+0	9,591071E-1
148,866667	2,594711E+0	9,566649E-1
148,933333	2,591249E+0	9,416959E-1
149,000000	2,586654E+0	9,255996E-1
149,066667	2,580329E+0	9,217071E-1
149,133333	2,575144E+0	9,069560E-1
149,200000	2,574089E+0	9,074520E-1
149,266667	2,573841E+0	8,771983E-1
149,333333	2,574718E+0	8,630859E-1
149,400000	2,574632E+0	8,567361E-1
149,466667	2,574715E+0	8,561274E-1
149,533333	2,574640E+0	8,678201E-1
149,600000	2,574670E+0	8,814891E-1
149,666667	2,574670E+0	8,916187E-1
149,733333	2,574757E+0	8,924003E-1
149,800000	2,574738E+0	8,979535E-1
149,866667	2,574992E+0	8,913257E-1
149,933333	2,575007E+0	8,880568E-1
150,000000	2,574845E+0	8,902661E-1
150,066667	2,574792E+0	8,910852E-1
150,133333	2,574761E+0	8,940910E-1
150,200000	2,574636E+0	8,989830E-1
150,266667	2,574655E+0	9,056184E-1
150,333333	2,574559E+0	9,018311E-1
150,400000	2,574649E+0	9,011848E-1
150,466667	2,574580E+0	8,966385E-1
150,533333	2,574616E+0	8,973975E-1
150,600000	2,574624E+0	8,944067E-1
150,666667	2,574511E+0	8,986975E-1
150,733333	2,574488E+0	9,125318E-1
150,800000	2,574591E+0	9,170931E-1
150,866667	2,574636E+0	9,152521E-1
150,933333	2,574609E+0	9,104954E-1
151,000000	2,574661E+0	9,035895E-1
151,066667	2,574686E+0	9,038374E-1
151,133333	2,574709E+0	9,029507E-1
151,200000	2,574605E+0	9,009969E-1
151,266667	2,574772E+0	8,942188E-1
151,333333	2,574782E+0	8,931367E-1
151,400000	2,574530E+0	8,838938E-1
151,466667	2,574584E+0	8,872678E-1
151,533333	2,574641E+0	8,881245E-1
151,600000	2,574599E+0	8,832776E-1
151,666667	2,574826E+0	8,766647E-1
151,733333	2,574707E+0	8,809481E-1
151,800000	2,574641E+0	8,757329E-1
151,866667	2,574543E+0	8,702849E-1
151,933333	2,574490E+0	8,692930E-1
152,000000	2,574601E+0	8,650472E-1
152,066667	2,574526E+0	8,648744E-1
152,133333	2,574540E+0	8,633640E-1
152,200000	2,574534E+0	8,587124E-1
152,266667	2,574526E+0	8,526256E-1
152,333333	2,574551E+0	8,585922E-1
152,400000	2,574555E+0	8,581714E-1
152,466667	2,574522E+0	8,555187E-1
152,533333	2,574578E+0	8,463510E-1
152,600000	2,574643E+0	8,501684E-1
152,666667	2,574640E+0	8,574350E-1
152,733333	2,574565E+0	8,566985E-1
152,800000	2,574397E+0	8,562251E-1
152,866667	2,574497E+0	8,579760E-1
152,933333	2,574486E+0	8,537528E-1
153,000000	2,574305E+0	8,582090E-1
153,066667	2,574364E+0	8,530915E-1
153,133333	2,574301E+0	8,539106E-1
153,200000	2,574157E+0	8,530765E-1
153,266667	2,574455E+0	8,550002E-1
153,333333	2,574403E+0	8,513406E-1
153,400000	2,574401E+0	8,411434E-1
153,466667	2,574507E+0	8,395127E-1
153,533333	2,574478E+0	8,377017E-1
153,600000	2,574622E+0	8,406775E-1
153,666667	2,574474E+0	8,440891E-1
153,733333	2,574515E+0	8,338693E-1
153,800000	2,574374E+0	8,362664E-1
153,866667	2,574413E+0	8,377167E-1
153,933333	2,574411E+0	8,325843E-1
154,000000	2,574499E+0	8,353722E-1
154,066667	2,574491E+0	8,364918E-1
154,133333	2,574586E+0	8,380323E-1
154,200000	2,574347E+0	8,325843E-1
154,266667	2,574503E+0	8,317201E-1
154,333333	2,574386E+0	8,381225E-1
154,400000	2,574313E+0	8,328097E-1
154,466667	2,574441E+0	8,366647E-1
154,533333	2,574618E+0	8,315999E-1
154,600000	2,574597E+0	8,263472E-1
154,666667	2,574416E+0	8,280229E-1
154,733333	2,574357E+0	8,222743E-1
154,800000	2,574436E+0	8,257986E-1
154,866667	2,574453E+0	8,182690E-1
154,933333	2,574388E+0	8,192158E-1
155,000000	2,574374E+0	8,287669E-1
155,066667	2,574261E+0	8,298414E-1
155,133333	2,574472E+0	8,326068E-1
155,200000	2,574505E+0	8,339669E-1
155,266667	2,574476E+0	8,319681E-1
155,333333	2,574580E+0	8,252275E-1
155,400000	2,574455E+0	8,233038E-1
155,466667	2,574440E+0	8,175326E-1
155,533333	2,574505E+0	8,182164E-1
155,600000	2,574555E+0	8,200349E-1
155,666667	2,574418E+0	8,162776E-1
155,733333	2,574386E+0	8,190806E-1
155,800000	2,574359E+0	8,105741E-1
155,866667	2,574278E+0	8,152406E-1
155,933333	2,575447E+0	8,133169E-1
156,000000	2,575167E+0	7,885338E-1
156,066667	2,574322E+0	7,824771E-1
156,133333	2,574436E+0	7,840476E-1
156,200000	2,574528E+0	7,877448E-1
156,266667	2,574582E+0	7,897963E-1
156,333333	2,574784E+0	7,973860E-1
156,400000	2,576421E+0	7,704463E-1
156,466667	2,579208E+0	7,729561E-1
156,533333	2,580306E+0	7,562287E-1
156,600000	2,580666E+0	7,476621E-1
156,666667	2,582330E+0	7,424395E-1
156,733333	2,585586E+0	7,122910E-1
156,800000	2,591382E+0	7,139667E-1
156,866667	2,599433E+0	7,151390E-1
156,933333	2,608051E+0	7,577541E-1
157,000000	2,618957E+0	7,547032E-1
157,066667	2,630400E+0	7,222628E-1
157,133333	2,654657E+0	7,508332E-1
157,200000	2,684840E+0	8,013236E-1
157,266667	2,710067E+0	8,074706E-1
157,333333	2,736494E+0	8,525129E-1
157,400000	2,762753E+0	9,942904E-1
157,466667	2,784760E+0	1,014918E+0
157,533333	2,811392E+0	1,009425E+0
157,600000	2,837723E+0	9,908261E-1
157,666667	2,856606E+0	1,113900E+0
157,733333	2,871346E+0	1,188339E+0
157,800000	2,905107E+0	1,253010E+0
157,866667	2,934448E+0	1,265566E+0
157,933333	2,978117E+0	1,300607E+0
158,000000	3,003865E+0	1,340629E+0
158,066667	3,013422E+0	1,353126E+0
158,133333	3,037251E+0	1,345131E+0
158,200000	3,048088E+0	1,399844E+0
158,266667	3,042600E+0	1,420577E+0
158,333333	3,033906E+0	1,430293E+0
158,400000	3,024858E+0	1,425251E+0
158,466667	3,025262E+0	1,455016E+0
158,533333	3,034113E+0	1,415865E+0
158,600000	3,038149E+0	1,472082E+0
158,666667	3,060044E+0	1,499968E+0
158,733333	3,106056E+0	1,539232E+0
158,800000	3,145572E+0	1,518529E+0
158,866667	3,176579E+0	1,576963E+0
158,933333	3,208780E+0	1,639965E+0
159,000000	3,237265E+0	1,687239E+0
159,066667	3,262778E+0	1,712571E+0
159,133333	3,281921E+0	1,722813E+0
159,200000	3,307180E+0	1,664034E+0
159,266667	3,311033E+0	1,630444E+0
159,333333	3,326986E+0	1,651252E+0
159,400000	3,335817E+0	1,687209E+0
159,466667	3,344851E+0	1,731560E+0
159,533333	3,348275E+0	1,740833E+0
159,600000	3,353097E+0	1,764173E+0
159,666667	3,352259E+0	1,753367E+0
159,733333	3,348435E+0	1,769877E+0
159,800000	3,327425E+0	1,762941E+0
159,866667	3,298491E+0	1,755344E+0
159,933333	3,256809E+0	1,752841E+0
160,000000	3,203125E+0	1,732695E+0
160,066667	3,145122E+0	1,716208E+0
160,133333	3,113384E+0	1,723858E+0
160,200000	3,082047E+0	1,714645E+0
160,266667	3,043935E+0	1,688163E+0
160,333333	2,998150E+0	1,617218E+0
160,400000	2,939237E+0	1,531064E+0
160,466667	2,893729E+0	1,454085E+0
160,533333	2,860084E+0	1,411312E+0
160,600000	2,822772E+0	1,378713E+0
160,666667	2,794731E+0	1,340149E+0
160,733333	2,761359E+0	1,288779E+0
160,800000	2,719334E+0	1,138585E+0
160,866667	2,673651E+0	1,074629E+0
160,933333	2,641627E+0	1,049485E+0
161,000000	2,619265E+0	1,042271E+0
161,066667	2,606058E+0	9,784947E-1
161,133333	2,592466E+0	9,422519E-1
161,200000	2,584086E+0	8,735537E-1
161,266667	2,579508E+0	8,432550E-1
161,333333	2,574174E+0	8,503337E-1
161,400000	2,574915E+0	8,937604E-1
161,466667	2,578292E+0	8,905216E-1
161,533333	2,578352E+0	8,707733E-1
161,600000	2,575688E+0	8,740722E-1
161,666667	2,574942E+0	9,284702E-1
161,733333	2,575084E+0	9,146359E-1
161,800000	2,574961E+0	8,654079E-1
161,866667	2,578333E+0	8,675270E-1
161,933333	2,588641E+0	8,368826E-1
162,000000	2,596975E+0	8,504539E-1
162,066667	2,605265E+0	8,799411E-1
162,133333	2,620842E+0	9,176041E-1
162,200000	2,636999E+0	9,436947E-1
162,266667	2,647815E+0	9,624060E-1
162,333333	2,654141E+0	9,799901E-1
162,400000	2,659385E+0	9,851752E-1
162,466667	2,667927E+0	9,739860E-1
162,533333	2,673955E+0	9,684252E-1
162,600000	2,679093E+0	9,700934E-1
162,666667	2,679356E+0	9,811323E-1
162,733333	2,677129E+0	9,862873E-1
162,800000	2,678966E+0	1,013174E+0
162,866667	2,681726E+0	1,000355E+0
162,933333	2,683692E+0	9,976569E-1
163,000000	2,686677E+0	1,007689E+0
163,066667	2,689237E+0	1,011251E+0
163,133333	2,691276E+0	1,035598E+0
163,200000	2,693929E+0	1,035568E+0
163,266667	2,697147E+0	1,030706E+0
163,333333	2,697855E+0	1,050522E+0
163,400000	2,692236E+0	1,067144E+0
163,466667	2,692832E+0	1,070218E+0
163,533333	2,691419E+0	1,091409E+0
163,600000	2,686483E+0	1,074756E+0
163,666667	2,680564E+0	1,038318E+0
163,733333	2,672557E+0	1,035741E+0
163,800000	2,667944E+0	1,034568E+0
163,866667	2,665444E+0	1,038078E+0
163,933333	2,666792E+0	1,030931E+0
164,000000	2,668287E+0	1,031675E+0
164,066667	2,667125E+0	1,019058E+0
164,133333	2,659396E+0	1,007847E+0
164,200000	2,642193E+0	9,630072E-1
164,266667	2,629292E+0	9,665390E-1
164,333333	2,618974E+0	9,806364E-1
164,400000	2,614998E+0	9,731594E-1
164,466667	2,610420E+0	9,550267E-1
164,533333	2,600838E+0	8,422931E-1
164,600000	2,588192E+0	7,849193E-1
164,666667	2,581712E+0	7,205645E-1
164,733333	2,575799E+0	7,252461E-1
164,800000	2,575736E+0	7,810794E-1
164,866667	2,575145E+0	7,264484E-1
164,933333	2,575140E+0	7,307618E-1
165,000000	2,574953E+0	7,527795E-1
165,066667	2,574976E+0	7,685751E-1
165,133333	2,574945E+0	7,501569E-1
165,200000	2,575003E+0	7,658549E-1
165,266667	2,575015E+0	7,852725E-1
165,333333	2,575074E+0	7,792308E-1
165,400000	2,574893E+0	7,919154E-1
165,466667	2,575155E+0	7,728584E-1
165,533333	2,576678E+0	7,694919E-1
165,600000	2,578915E+0	7,528321E-1
165,666667	2,580416E+0	7,447089E-1
165,733333	2,583195E+0	6,747106E-1
165,800000	2,586113E+0	6,326666E-1
165,866667	2,591424E+0	6,269630E-1
165,933333	2,600978E+0	6,250769E-1
166,000000	2,616547E+0	6,629728E-1
166,066667	2,639550E+0	7,510962E-1
166,133333	2,657661E+0	7,974837E-1
166,200000	2,664494E+0	8,220939E-1
166,266667	2,673411E+0	8,012710E-1
166,333333	2,674367E+0	8,159094E-1
166,400000	2,677423E+0	8,384982E-1
166,466667	2,684061E+0	8,658137E-1
166,533333	2,688966E+0	8,834203E-1
166,600000	2,695687E+0	9,028605E-1
166,666667	2,696075E+0	9,070687E-1
166,733333	2,690034E+0	9,214291E-1
166,800000	2,684092E+0	9,287107E-1
166,866667	2,664847E+0	9,155451E-1
166,933333	2,639028E+0	8,718028E-1
167,000000	2,628913E+0	7,839575E-1
167,066667	2,625920E+0	7,547633E-1
167,133333	2,619045E+0	7,288907E-1
167,200000	2,616460E+0	7,168598E-1
167,266667	2,611536E+0	6,422401E-1
167,333333	2,603640E+0	5,890896E-1
167,400000	2,601114E+0	5,840097E-1
167,466667	2,607395E+0	6,465009E-1
167,533333	2,616826E+0	7,122459E-1
167,600000	2,631171E+0	6,903559E-1
167,666667	2,649867E+0	7,967623E-1
167,733333	2,675292E+0	7,721370E-1
167,800000	2,690988E+0	8,885678E-1
167,866667	2,702000E+0	8,906945E-1
167,933333	2,729023E+0	9,553799E-1
168,000000	2,758427E+0	9,799751E-1
168,066667	2,789861E+0	9,901874E-1
168,133333	2,826796E+0	1,139502E+0
168,200000	2,863869E+0	1,193314E+0
168,266667	2,890030E+0	1,205908E+0
168,333333	2,923022E+0	1,252919E+0
168,400000	2,951371E+0	1,262711E+0
168,466667	2,993330E+0	1,274869E+0
168,533333	3,042992E+0	1,395726E+0
168,600000	3,063164E+0	1,496129E+0
168,666667	3,058898E+0	1,502629E+0
168,733333	3,064857E+0	1,522121E+0
168,800000	3,076930E+0	1,525578E+0
168,866667	3,092122E+0	1,538826E+0
168,933333	3,110576E+0	1,568336E+0
169,000000	3,120836E+0	1,590143E+0
169,066667	3,133175E+0	1,567359E+0
169,133333	3,140758E+0	1,565766E+0
169,200000	3,141738E+0	1,603023E+0
169,266667	3,146024E+0	1,624147E+0
169,333333	3,155603E+0	1,642760E+0
169,400000	3,179052E+0	1,644571E+0
169,466667	3,210584E+0	1,586003E+0
169,533333	3,235463E+0	1,584816E+0
169,600000	3,247082E+0	1,617602E+0
169,666667	3,229640E+0	1,668911E+0
169,733333	3,223404E+0	1,700405E+0
169,800000	3,224708E+0	1,724587E+0
169,866667	3,238769E+0	1,747626E+0
169,933333	3,251458E+0	1,802648E+0
170,000000	3,234266E+0	1,739248E+0
170,066667	3,215479E+0	1,678958E+0
170,133333	3,214973E+0	1,706123E+0
170,200000	3,223389E+0	1,691966E+0
170,266667	3,243247E+0	1,652326E+0
170,333333	3,257058E+0	1,670632E+0
170,400000	3,261597E+0	1,676320E+0
170,466667	3,263247E+0	1,682024E+0
170,533333	3,263594E+0	1,718327E+0
170,600000	3,270505E+0	1,734686E+0
170,666667	3,271324E+0	1,716260E+0
170,733333	3,274363E+0	1,735558E+0
170,800000	3,280541E+0	1,743508E+0
170,866667	3,282932E+0	1,764459E+0
170,933333	3,289759E+0	1,777174E+0
171,000000	3,295166E+0	1,781720E+0
171,066667	3,296429E+0	1,794232E+0
171,133333	3,290799E+0	1,790474E+0
171,200000	3,272394E+0	1,757004E+0
171,266667	3,240404E+0	1,742637E+0
171,333333	3,196391E+0	1,742411E+0
171,400000	3,140569E+0	1,726435E+0
171,466667	3,081864E+0	1,699052E+0
171,533333	3,013563E+0	1,655911E+0
171,600000	2,965466E+0	1,585635E+0
171,666667	2,947499E+0	1,506656E+0
171,733333	2,930218E+0	1,494242E+0
171,800000	2,910870E+0	1,486593E+0
171,866667	2,906613E+0	1,490237E+0
171,933333	2,900683E+0	1,480220E+0
172,000000	2,897028E+0	1,500111E+0
172,066667	2,862859E+0	1,473427E+0
172,133333	2,810511E+0	1,386235E+0
172,200000	2,757789E+0	1,343868E+0
172,266667	2,733026E+0	1,304838E+0
172,333333	2,723543E+0	1,248388E+0
172,400000	2,721817E+0	1,238807E+0
172,466667	2,726263E+0	1,268895E+0
172,533333	2,735180E+0	1,285059E+0
172,600000	2,734693E+0	1,295647E+0
172,666667	2,739506E+0	1,260231E+0
172,733333	2,739488E+0	1,215730E+0
172,800000	2,740464E+0	1,152487E+0
172,866667	2,762626E+0	1,148136E+0
172,933333	2,823110E+0	1,227017E+0
173,000000	2,875366E+0	1,236981E+0
173,066667	2,919493E+0	1,294896E+0
173,133333	2,966962E+0	1,450921E+0
173,200000	3,002095E+0	1,535325E+0
173,266667	3,037408E+0	1,596388E+0
173,333333	3,062993E+0	1,606585E+0
173,400000	3,090104E+0	1,675787E+0
173,466667	3,118647E+0	1,677094E+0
173,533333	3,157407E+0	1,748708E+0
173,600000	3,197518E+0	1,807841E+0
173,666667	3,238513E+0	1,834359E+0
173,733333	3,272117E+0	1,834284E+0
173,800000	3,296670E+0	1,803708E+0
173,866667	3,318490E+0	1,843798E+0
173,933333	3,336777E+0	1,918883E+0
174,000000	3,355723E+0	1,940052E+0
174,066667	3,367868E+0	1,958312E+0
174,133333	3,381203E+0	1,950339E+0
174,200000	3,402208E+0	1,972703E+0
174,266667	3,421478E+0	1,973650E+0
174,333333	3,445540E+0	1,960995E+0
174,400000	3,470857E+0	2,028837E+0
174,466667	3,497909E+0	2,065094E+0
174,533333	3,521311E+0	2,070024E+0
174,600000	3,533048E+0	2,089239E+0
174,666667	3,547899E+0	2,101224E+0
174,733333	3,557491E+0	2,182637E+0
174,800000	3,560644E+0	2,203468E+0
174,866667	3,558905E+0	2,202874E+0
174,933333	3,552463E+0	2,226282E+0
175,000000	3,550361E+0	2,256167E+0
175,066667	3,548707E+0	2,255919E+0
175,133333	3,552179E+0	2,209344E+0
175,200000	3,559426E+0	2,218001E+0
175,266667	3,568827E+0	2,235540E+0
175,333333	3,577892E+0	2,244031E+0
175,400000	3,579483E+0	2,259782E+0
175,466667	3,554656E+0	2,215123E+0
175,533333	3,517587E+0	2,193361E+0
175,600000	3,491772E+0	2,151031E+0
175,666667	3,496353E+0	2,150693E+0
175,733333	3,496328E+0	2,139744E+0
175,800000	3,447774E+0	2,121784E+0
175,866667	3,234399E+0	1,987800E+0
175,933333	2,877493E+0	1,549332E+0
176,000000	2,651106E+0	1,257563E+0
176,066667	2,575813E+0	1,086374E+0
176,133333	2,574011E+0	8,959697E-1
176,200000	2,574620E+0	8,727196E-1
176,266667	2,574716E+0	8,307883E-1
176,333333	2,574636E+0	8,282709E-1
176,400000	2,574709E+0	8,308559E-1
176,466667	2,574772E+0	8,189979E-1
176,533333	2,574713E+0	7,979045E-1
176,600000	2,574630E+0	7,918628E-1
176,666667	2,574745E+0	7,855581E-1
176,733333	2,574624E+0	7,776753E-1
176,800000	2,574734E+0	7,647953E-1
176,866667	2,574651E+0	7,567998E-1
176,933333	2,574809E+0	7,509535E-1
177,000000	2,574651E+0	7,474817E-1
177,066667	2,574657E+0	7,277334E-1
177,133333	2,574476E+0	7,037394E-1
177,200000	2,574480E+0	6,828489E-1
177,266667	2,574547E+0	6,865911E-1
177,333333	2,574784E+0	6,922872E-1
177,400000	2,574515E+0	7,187685E-1
177,466667	2,574491E+0	7,110285E-1
177,533333	2,574547E+0	7,250582E-1
177,600000	2,574628E+0	7,267716E-1
177,666667	2,574553E+0	7,226836E-1
177,733333	2,574524E+0	7,074892E-1
177,800000	2,574538E+0	7,084435E-1
177,866667	2,574595E+0	7,031382E-1
177,933333	2,574557E+0	7,064221E-1
178,000000	2,574538E+0	7,110511E-1
178,066667	2,574495E+0	6,941959E-1
178,133333	2,574626E+0	6,872073E-1
178,200000	2,574555E+0	6,666174E-1
178,266667	2,574653E+0	6,680978E-1
178,333333	2,574445E+0	7,060238E-1
178,400000	2,574461E+0	7,015451E-1
178,466667	2,574507E+0	7,084135E-1
178,533333	2,574222E+0	6,988474E-1
178,600000	2,574416E+0	7,057834E-1
178,666667	2,574509E+0	6,990127E-1
178,733333	2,574501E+0	7,052423E-1
178,800000	2,574503E+0	7,210229E-1
178,866667	2,574418E+0	7,198281E-1
178,933333	2,574334E+0	7,196703E-1
179,000000	2,574372E+0	7,058435E-1
179,066667	2,574416E+0	7,170026E-1
179,133333	2,574449E+0	7,297323E-1
179,200000	2,574334E+0	7,232547E-1
179,266667	2,574301E+0	7,130424E-1
179,333333	2,574424E+0	7,097360E-1
179,400000	2,574334E+0	6,839310E-1
179,466667	2,574293E+0	6,718250E-1
179,533333	2,574307E+0	6,688267E-1
179,600000	2,574205E+0	6,977428E-1
179,666667	2,574341E+0	6,885675E-1
179,733333	2,574301E+0	6,886577E-1
179,800000	2,574361E+0	6,970589E-1
179,866667	2,574153E+0	7,280490E-1
179,933333	2,574361E+0	7,261328E-1
180,000000	2,574499E+0	7,292363E-1

