date/time: ,11/11/2019,12:21 p.m.
Run 1

time	(V)	(V)
0,000000	2,829408E+0	8,128059E-1
0,066667	2,849983E+0	9,318067E-1
0,133333	2,881448E+0	1,028437E+0
0,200000	2,898934E+0	1,156320E+0
0,266667	2,924717E+0	1,142756E+0
0,333333	2,953296E+0	1,190669E+0
0,400000	2,987411E+0	1,282121E+0
0,466667	3,017750E+0	1,316718E+0
0,533333	3,034989E+0	1,343447E+0
0,600000	3,061694E+0	1,338007E+0
0,666667	3,094665E+0	1,372266E+0
0,733333	3,126703E+0	1,391157E+0
0,800000	3,160820E+0	1,422065E+0
0,866667	3,174744E+0	1,424800E+0
0,933333	3,182365E+0	1,424710E+0
1,000000	3,205870E+0	1,466844E+0
1,066667	3,220442E+0	1,531004E+0
1,133333	3,238021E+0	1,664027E+0
1,200000	3,249710E+0	1,701757E+0
1,266667	3,263378E+0	1,941442E+0
1,333333	3,277362E+0	1,961228E+0
1,400000	3,307628E+0	1,994998E+0
1,466667	3,361318E+0	2,039312E+0
1,533333	3,382683E+0	2,034570E+0
1,600000	3,415026E+0	2,045023E+0
1,666667	3,421243E+0	1,955592E+0
1,733333	3,432524E+0	1,995938E+0
1,800000	3,452721E+0	2,085835E+0
1,866667	3,467791E+0	2,098557E+0
1,933333	3,491423E+0	2,050125E+0
2,000000	3,503732E+0	2,048510E+0
2,066667	3,502447E+0	2,063359E+0
2,133333	3,511160E+0	2,080191E+0
2,200000	3,514003E+0	2,129832E+0
2,266667	3,519995E+0	2,135754E+0
2,333333	3,528016E+0	2,147409E+0
2,400000	3,532117E+0	2,178053E+0
2,466667	3,536102E+0	2,179737E+0
2,533333	3,551169E+0	2,173297E+0
2,600000	3,566476E+0	2,182953E+0
2,666667	3,574314E+0	2,249968E+0
2,733333	3,579969E+0	2,219519E+0
2,800000	3,578432E+0	2,249660E+0
2,866667	3,571673E+0	2,200221E+0
2,933333	3,564633E+0	2,174431E+0
3,000000	3,557765E+0	2,208653E+0
3,066667	3,553716E+0	2,226816E+0
3,133333	3,550671E+0	2,255115E+0
3,200000	3,551842E+0	2,277201E+0
3,266667	3,551731E+0	2,273211E+0
3,333333	3,547328E+0	2,264486E+0
3,400000	3,539707E+0	2,284535E+0
3,466667	3,530055E+0	2,317855E+0
3,533333	3,514465E+0	2,346290E+0
3,600000	3,497807E+0	2,374447E+0
3,666667	3,489496E+0	2,315751E+0
3,733333	3,484495E+0	2,300744E+0
3,800000	3,481991E+0	2,258001E+0
3,866667	3,472800E+0	2,223254E+0
3,933333	3,468865E+0	2,228687E+0
4,000000	3,460659E+0	2,215123E+0
4,066667	3,456952E+0	2,319117E+0
4,133333	3,457926E+0	2,331757E+0
4,200000	3,457772E+0	2,332365E+0
4,266667	3,456206E+0	2,312850E+0
4,333333	3,454171E+0	2,293943E+0
4,400000	3,445929E+0	2,293921E+0
4,466667	3,435175E+0	2,300045E+0
4,533333	3,428485E+0	2,315187E+0
4,600000	3,416948E+0	2,297490E+0
4,666667	3,412066E+0	2,311580E+0
4,733333	3,408567E+0	2,293072E+0
4,800000	3,409817E+0	2,307146E+0
4,866667	3,409400E+0	2,330952E+0
4,933333	3,411229E+0	2,336551E+0
5,000000	3,408765E+0	2,293229E+0
5,066667	3,405924E+0	2,282994E+0
5,133333	3,406763E+0	2,315638E+0
5,200000	3,391325E+0	2,310453E+0
5,266667	3,379401E+0	2,266951E+0
5,333333	3,376177E+0	2,269190E+0
5,400000	3,364860E+0	2,272444E+0
5,466667	3,354755E+0	2,265087E+0
5,533333	3,352045E+0	2,268311E+0
5,600000	3,348975E+0	2,270701E+0
5,666667	3,347952E+0	2,222344E+0
5,733333	3,349195E+0	2,248232E+0
5,800000	3,356633E+0	2,280282E+0
5,866667	3,363642E+0	2,296393E+0
5,933333	3,372636E+0	2,308559E+0
6,000000	3,380467E+0	2,320890E+0
6,066667	3,383696E+0	2,337362E+0
6,133333	3,389978E+0	2,339136E+0
6,200000	3,404257E+0	2,362206E+0
6,266667	3,419277E+0	2,386245E+0
6,333333	3,426452E+0	2,412704E+0
6,400000	3,441153E+0	2,406339E+0
6,466667	3,450088E+0	2,417866E+0
6,533333	3,461792E+0	2,428965E+0
6,600000	3,470661E+0	2,429461E+0
6,666667	3,480206E+0	2,449089E+0
6,733333	3,487222E+0	2,473301E+0
6,800000	3,498536E+0	2,481732E+0
6,866667	3,508415E+0	2,471513E+0
6,933333	3,528139E+0	2,481868E+0
7,000000	3,539003E+0	2,466004E+0
7,066667	3,555289E+0	2,464111E+0
7,133333	3,563337E+0	2,484235E+0
7,200000	3,577161E+0	2,489450E+0
7,266667	3,580262E+0	2,504712E+0
7,333333	3,584576E+0	2,521672E+0
7,400000	3,585755E+0	2,521500E+0
7,466667	3,589419E+0	2,514075E+0
7,533333	3,597010E+0	2,511633E+0
7,600000	3,605363E+0	2,511325E+0
7,666667	3,616606E+0	2,499151E+0
7,733333	3,619955E+0	2,477622E+0
7,800000	3,630188E+0	2,479328E+0
7,866667	3,646414E+0	2,506794E+0
7,933333	3,657119E+0	2,552895E+0
8,000000	3,660158E+0	2,591971E+0
8,066667	3,663014E+0	2,593617E+0
8,133333	3,696916E+0	2,556352E+0
8,200000	3,714841E+0	2,565730E+0
8,266667	3,714998E+0	2,616957E+0
8,333333	3,720330E+0	2,623450E+0
8,400000	3,719809E+0	2,604370E+0
8,466667	3,722781E+0	2,594571E+0
8,533333	3,733916E+0	2,585794E+0
8,600000	3,739475E+0	2,587425E+0
8,666667	3,744210E+0	2,598013E+0
8,733333	3,751208E+0	2,596525E+0
8,800000	3,766275E+0	2,594864E+0
8,866667	3,776260E+0	2,619294E+0
8,933333	3,779803E+0	2,611366E+0
9,000000	3,781009E+0	2,600320E+0
9,066667	3,789855E+0	2,614410E+0
9,133333	3,805125E+0	2,627109E+0
9,200000	3,813383E+0	2,619287E+0
9,266667	3,821369E+0	2,620504E+0
9,333333	3,828261E+0	2,638659E+0
9,400000	3,844609E+0	2,657761E+0
9,466667	3,860584E+0	2,687955E+0
9,533333	3,882696E+0	2,688022E+0
9,600000	3,897236E+0	2,701481E+0
9,666667	3,901387E+0	2,750559E+0
9,733333	3,907088E+0	2,756458E+0
9,800000	3,912466E+0	2,752640E+0
9,866667	3,955787E+0	2,760200E+0
9,933333	3,980888E+0	2,740880E+0
10,000000	4,002812E+0	2,751971E+0
10,066667	4,010970E+0	2,755473E+0
10,133333	4,016504E+0	2,761748E+0
10,200000	4,023488E+0	2,758825E+0
10,266667	4,046781E+0	2,771321E+0
10,333333	4,045398E+0	2,758810E+0
10,400000	4,034329E+0	2,767797E+0
10,466667	4,002881E+0	2,757991E+0
10,533333	3,970519E+0	2,754955E+0
10,600000	3,940360E+0	2,729563E+0
10,666667	3,927242E+0	2,740061E+0
10,733333	3,927583E+0	2,747425E+0
10,800000	3,928202E+0	2,759509E+0
10,866667	3,914097E+0	2,738859E+0
10,933333	3,883642E+0	2,725265E+0
11,000000	3,850122E+0	2,712340E+0
11,066667	3,827426E+0	2,714000E+0
11,133333	3,808242E+0	2,705449E+0
11,200000	3,782473E+0	2,697205E+0
11,266667	3,760595E+0	2,677495E+0
11,333333	3,739983E+0	2,648203E+0
11,400000	3,723637E+0	2,646422E+0
11,466667	3,692592E+0	2,650758E+0
11,533333	3,634443E+0	2,638479E+0
11,600000	3,538578E+0	2,557569E+0
11,666667	3,439626E+0	2,382337E+0
11,733333	3,359884E+0	2,344186E+0
11,800000	3,325905E+0	2,293988E+0
11,866667	3,283727E+0	2,268416E+0
11,933333	3,252847E+0	2,153090E+0
12,000000	3,242233E+0	2,152346E+0
12,066667	3,255907E+0	2,235968E+0
12,133333	3,276142E+0	2,276096E+0
12,200000	3,316120E+0	2,331336E+0
12,266667	3,347506E+0	2,409006E+0
12,333333	3,356392E+0	2,419113E+0
12,400000	3,340631E+0	2,415905E+0
12,466667	3,302563E+0	2,383074E+0
12,533333	3,278066E+0	2,379624E+0
12,600000	3,258594E+0	2,368345E+0
12,666667	3,229863E+0	2,340609E+0
12,733333	3,192278E+0	2,276780E+0
12,800000	3,160479E+0	2,205361E+0
12,866667	3,146830E+0	2,258151E+0
12,933333	3,140765E+0	2,193849E+0
13,000000	3,132131E+0	2,213139E+0
13,066667	3,127653E+0	2,236930E+0
13,133333	3,132419E+0	2,217693E+0
13,200000	3,141952E+0	2,210201E+0
13,266667	3,160885E+0	2,225651E+0
13,333333	3,186892E+0	2,232391E+0
13,400000	3,206025E+0	2,296280E+0
13,466667	3,209074E+0	2,388890E+0
13,533333	3,207839E+0	2,359290E+0
13,600000	3,182059E+0	2,287736E+0
13,666667	3,158340E+0	2,312662E+0
13,733333	3,105987E+0	2,167233E+0
13,800000	3,061489E+0	2,154097E+0
13,866667	3,040528E+0	2,188792E+0
13,933333	3,022028E+0	1,879064E+0
14,000000	3,014367E+0	1,857745E+0
14,066667	3,019014E+0	1,850471E+0
14,133333	3,019976E+0	2,021938E+0
14,200000	3,008708E+0	2,183441E+0
14,266667	2,995649E+0	1,808780E+0
14,333333	2,991277E+0	1,778970E+0
14,400000	2,993693E+0	1,814904E+0
14,466667	3,009016E+0	1,864298E+0
14,533333	3,010566E+0	1,936941E+0
14,600000	3,025942E+0	2,029167E+0
14,666667	3,053768E+0	1,953841E+0
14,733333	3,073016E+0	2,082927E+0
14,800000	3,103340E+0	2,134807E+0
14,866667	3,141588E+0	2,264373E+0
14,933333	3,173322E+0	2,138031E+0
15,000000	3,184138E+0	2,121822E+0
15,066667	3,198614E+0	2,036652E+0
15,133333	3,209909E+0	2,008314E+0
15,200000	3,211186E+0	2,045286E+0
15,266667	3,210036E+0	2,056851E+0
15,333333	3,208197E+0	2,061585E+0
15,400000	3,204464E+0	2,005970E+0
15,466667	3,204802E+0	2,037073E+0
15,533333	3,205797E+0	2,140142E+0
15,600000	3,209336E+0	2,185778E+0
15,666667	3,211669E+0	2,200094E+0
15,733333	3,214848E+0	2,214740E+0
15,800000	3,217389E+0	2,222998E+0
15,866667	3,222300E+0	2,224509E+0
15,933333	3,228313E+0	2,231557E+0
16,000000	3,236971E+0	2,217993E+0
16,066667	3,242758E+0	2,216896E+0
16,133333	3,249864E+0	2,219263E+0
16,200000	3,252245E+0	2,225546E+0
16,266667	3,253782E+0	2,236524E+0
16,333333	3,256698E+0	2,249239E+0
16,400000	3,261724E+0	2,254063E+0
16,466667	3,268585E+0	2,281341E+0
16,533333	3,274138E+0	2,310798E+0
16,600000	3,287764E+0	2,335754E+0
16,666667	3,296645E+0	2,366294E+0
16,733333	3,300657E+0	2,335138E+0
16,800000	3,314079E+0	2,369713E+0
16,866667	3,316153E+0	2,375401E+0
16,933333	3,322726E+0	2,379076E+0
17,000000	3,329202E+0	2,412876E+0
17,066667	3,340647E+0	2,424794E+0
17,133333	3,347490E+0	2,410712E+0
17,200000	3,362574E+0	2,407338E+0
17,266667	3,369178E+0	2,429874E+0
17,333333	3,371944E+0	2,485061E+0
17,400000	3,374506E+0	2,473091E+0
17,466667	3,380886E+0	2,482386E+0
17,533333	3,400306E+0	2,483085E+0
17,600000	3,405091E+0	2,515976E+0
17,666667	3,406901E+0	2,581766E+0
17,733333	3,414220E+0	2,600703E+0
17,800000	3,425994E+0	2,633226E+0
17,866667	3,431393E+0	2,649270E+0
17,933333	3,436427E+0	2,665539E+0
18,000000	3,449963E+0	2,663953E+0
18,066667	3,471527E+0	2,672084E+0
18,133333	3,479584E+0	2,687677E+0
18,200000	3,483972E+0	2,709394E+0
18,266667	3,487409E+0	2,735785E+0
18,333333	3,487076E+0	2,731554E+0
18,400000	3,486695E+0	2,727760E+0
18,466667	3,487980E+0	2,743555E+0
18,533333	3,488867E+0	2,745479E+0
18,600000	3,490477E+0	2,732148E+0
18,666667	3,491646E+0	2,732125E+0
18,733333	3,494763E+0	2,735402E+0
18,800000	3,495553E+0	2,737115E+0
18,866667	3,497415E+0	2,730788E+0
18,933333	3,500710E+0	2,737190E+0
19,000000	3,508550E+0	2,735116E+0
19,066667	3,512455E+0	2,726895E+0
19,133333	3,515267E+0	2,714136E+0
19,200000	3,514257E+0	2,688676E+0
19,266667	3,513940E+0	2,696093E+0
19,333333	3,515321E+0	2,681770E+0
19,400000	3,516358E+0	2,689097E+0
19,466667	3,518508E+0	2,706125E+0
19,533333	3,521136E+0	2,707515E+0
19,600000	3,534629E+0	2,719223E+0
19,666667	3,540009E+0	2,720688E+0
19,733333	3,550319E+0	2,718058E+0
19,800000	3,558257E+0	2,723551E+0
19,866667	3,561400E+0	2,733561E+0
19,933333	3,564755E+0	2,733861E+0
20,000000	3,569415E+0	2,714286E+0
20,066667	3,575157E+0	2,710273E+0
20,133333	3,585022E+0	2,707681E+0
20,200000	3,590579E+0	2,718111E+0
20,266667	3,601522E+0	2,773501E+0
20,333333	3,613769E+0	2,786523E+0
20,400000	3,621182E+0	2,774124E+0
20,466667	3,631917E+0	2,778543E+0
20,533333	3,643041E+0	2,786884E+0
20,600000	3,643496E+0	2,794181E+0
20,666667	3,632606E+0	2,765453E+0
20,733333	3,661016E+0	2,624336E+0
20,800000	3,655601E+0	2,658475E+0
20,866667	3,661325E+0	2,693365E+0
20,933333	3,667077E+0	2,745885E+0
21,000000	3,671401E+0	2,775740E+0
21,066667	3,669698E+0	2,773756E+0
21,133333	3,669279E+0	2,748304E+0
21,200000	3,673357E+0	2,773305E+0
21,266667	3,672114E+0	2,810863E+0
21,333333	3,667865E+0	2,762635E+0
21,400000	3,669700E+0	2,783796E+0
21,466667	3,669783E+0	2,792550E+0
21,533333	3,698277E+0	2,814959E+0
21,600000	3,712282E+0	2,836871E+0
21,666667	3,707322E+0	2,808060E+0
21,733333	3,711913E+0	2,795195E+0
21,800000	3,711346E+0	2,813268E+0
21,866667	3,730609E+0	2,806933E+0
21,933333	3,740523E+0	2,835549E+0
22,000000	3,752808E+0	2,887001E+0
22,066667	3,775556E+0	2,897551E+0
22,133333	3,797599E+0	2,886738E+0
22,200000	3,814597E+0	2,933734E+0
22,266667	3,829109E+0	2,923559E+0
22,333333	3,834820E+0	2,911754E+0
22,400000	3,834953E+0	2,905396E+0
22,466667	3,854784E+0	2,920471E+0
22,533333	3,868543E+0	2,939520E+0
22,600000	3,868414E+0	2,943676E+0
22,666667	3,870867E+0	2,894778E+0
22,733333	3,875677E+0	2,874647E+0
22,800000	3,871569E+0	2,884025E+0
22,866667	3,867447E+0	2,895530E+0
22,933333	3,857148E+0	2,937950E+0
23,000000	3,852343E+0	3,019873E+0
23,066667	3,843132E+0	3,067313E+0
23,133333	3,846298E+0	3,083657E+0
23,200000	3,849489E+0	3,116699E+0
23,266667	3,856252E+0	3,183729E+0
23,333333	3,859491E+0	3,193107E+0
23,400000	3,864434E+0	3,200960E+0
23,466667	3,868049E+0	3,189192E+0
23,533333	3,867901E+0	3,166302E+0
23,600000	3,863240E+0	3,149755E+0
23,666667	3,862059E+0	3,123282E+0
23,733333	3,862440E+0	3,121749E+0
23,800000	3,863884E+0	3,110041E+0
23,866667	3,868883E+0	3,114970E+0
23,933333	3,875527E+0	3,124905E+0
24,000000	3,881661E+0	3,101760E+0
24,066667	3,888245E+0	3,104315E+0
24,133333	3,902248E+0	3,020016E+0
24,200000	3,916211E+0	2,797525E+0
24,266667	3,925196E+0	2,767391E+0
24,333333	3,925069E+0	2,812359E+0
24,400000	3,924699E+0	2,849879E+0
24,466667	3,925853E+0	2,859475E+0
24,533333	3,927919E+0	2,851186E+0
24,600000	3,928683E+0	2,856349E+0
24,666667	3,927215E+0	2,847294E+0
24,733333	3,927529E+0	2,813343E+0
24,800000	3,926956E+0	2,824036E+0
24,866667	3,926794E+0	2,868793E+0
24,933333	3,928006E+0	2,847339E+0
25,000000	3,929000E+0	2,864615E+0
25,066667	3,927944E+0	2,845663E+0
25,133333	3,921768E+0	2,777566E+0
25,200000	3,917725E+0	2,749123E+0
25,266667	3,915872E+0	2,752640E+0
25,333333	3,915728E+0	2,745058E+0
25,400000	3,917896E+0	2,745449E+0
25,466667	3,921187E+0	2,723536E+0
25,533333	3,920571E+0	2,735582E+0
25,600000	3,921953E+0	2,734094E+0
25,666667	3,924236E+0	2,747966E+0
25,733333	3,927217E+0	2,807669E+0
25,800000	3,935719E+0	2,802094E+0
25,866667	3,943536E+0	2,774959E+0
25,933333	3,944600E+0	2,842890E+0
26,000000	3,955556E+0	2,879268E+0
26,066667	3,973779E+0	2,894891E+0
26,133333	3,985976E+0	2,901106E+0
26,200000	3,994734E+0	2,924596E+0
26,266667	3,996911E+0	2,930976E+0
26,333333	4,006350E+0	2,933215E+0
26,400000	4,020864E+0	2,916165E+0
26,466667	4,042175E+0	2,922056E+0
26,533333	4,064735E+0	2,917450E+0
26,600000	4,075135E+0	2,920005E+0
26,666667	4,092595E+0	2,959013E+0
26,733333	4,098794E+0	2,960298E+0
26,800000	4,109199E+0	2,962177E+0
26,866667	4,120634E+0	2,957149E+0
26,933333	4,135939E+0	2,968076E+0
27,000000	4,136601E+0	2,975928E+0
27,066667	4,135170E+0	2,973929E+0
27,133333	4,134623E+0	2,974891E+0
27,200000	4,134943E+0	2,974200E+0
27,266667	4,141725E+0	2,979528E+0
27,333333	4,163805E+0	2,975673E+0
27,400000	4,168484E+0	2,986178E+0
27,466667	4,164645E+0	3,012118E+0
27,533333	4,163114E+0	3,025795E+0
27,600000	4,166169E+0	3,011908E+0
27,666667	4,167567E+0	2,992701E+0
27,733333	4,173205E+0	2,984315E+0
27,800000	4,190420E+0	2,953963E+0
27,866667	4,187004E+0	2,946516E+0
27,933333	4,181614E+0	3,005671E+0
28,000000	4,181076E+0	3,028463E+0
28,066667	4,191712E+0	3,031408E+0
28,133333	4,194603E+0	3,024773E+0
28,200000	4,192865E+0	3,035534E+0
28,266667	4,198612E+0	3,066126E+0
28,333333	4,206696E+0	3,065449E+0
28,400000	4,213042E+0	3,069898E+0
28,466667	4,219574E+0	3,098822E+0
28,533333	4,228561E+0	3,114204E+0
28,600000	4,240862E+0	3,117157E+0
28,666667	4,251183E+0	3,125032E+0
28,733333	4,263276E+0	3,133208E+0
28,800000	4,281074E+0	3,135846E+0
28,866667	4,287373E+0	3,145743E+0
28,933333	4,297197E+0	3,148080E+0
29,000000	4,319084E+0	3,140422E+0
29,066667	4,322196E+0	3,152739E+0
29,133333	4,318740E+0	3,153144E+0
29,200000	4,332358E+0	3,137988E+0
29,266667	4,343339E+0	3,127279E+0
29,333333	4,359095E+0	3,132660E+0
29,400000	4,370220E+0	3,137845E+0
29,466667	4,379455E+0	3,150920E+0
29,533333	4,386410E+0	3,162500E+0
29,600000	4,404699E+0	3,165130E+0
29,666667	4,434295E+0	3,174298E+0
29,733333	4,442307E+0	3,156361E+0
29,800000	4,442774E+0	3,191927E+0
29,866667	4,441424E+0	3,206040E+0
29,933333	4,461567E+0	3,199690E+0
30,000000	4,485135E+0	3,204386E+0
30,066667	4,490988E+0	3,253419E+0
30,133333	4,503097E+0	3,248001E+0
30,200000	4,528175E+0	3,241553E+0
30,266667	4,523166E+0	3,248963E+0
30,333333	4,527015E+0	3,252720E+0
30,400000	4,532430E+0	3,242342E+0
30,466667	4,531895E+0	3,243274E+0
30,533333	4,532230E+0	3,246716E+0
30,600000	4,534750E+0	3,248444E+0
30,666667	4,541372E+0	3,252743E+0
30,733333	4,570817E+0	3,262527E+0
30,800000	4,571921E+0	3,255824E+0
30,866667	4,570886E+0	3,227651E+0
30,933333	4,587613E+0	3,233498E+0
31,000000	4,591602E+0	3,218920E+0
31,066667	4,588536E+0	3,221031E+0
31,133333	4,581523E+0	3,217259E+0
31,200000	4,580629E+0	3,212818E+0
31,266667	4,579115E+0	3,209406E+0
31,333333	4,582887E+0	3,209879E+0
31,400000	4,580346E+0	3,210751E+0
31,466667	4,585867E+0	3,214944E+0
31,533333	4,582498E+0	3,220084E+0
31,600000	4,577765E+0	3,225412E+0
31,666667	4,574545E+0	3,219656E+0
31,733333	4,576580E+0	3,214681E+0
31,800000	4,573677E+0	3,215110E+0
31,866667	4,535998E+0	3,198540E+0
31,933333	4,437433E+0	3,156631E+0
32,000000	4,299626E+0	3,084086E+0
32,066667	4,121853E+0	2,970653E+0
32,133333	3,957454E+0	2,816582E+0
32,200000	3,825253E+0	2,712633E+0
32,266667	3,683470E+0	2,540241E+0
32,333333	3,554820E+0	2,399568E+0
32,400000	3,436404E+0	2,273917E+0
32,466667	3,349733E+0	2,227702E+0
32,533333	3,304629E+0	2,141593E+0
32,600000	3,288762E+0	2,145275E+0
32,666667	3,266310E+0	2,079199E+0
32,733333	3,256940E+0	2,097843E+0
32,800000	3,260070E+0	2,135423E+0
32,866667	3,269691E+0	2,175183E+0
32,933333	3,285227E+0	2,164204E+0
33,000000	3,297791E+0	2,143148E+0
33,066667	3,312231E+0	2,228506E+0
33,133333	3,320615E+0	2,243611E+0
33,200000	3,341476E+0	2,279929E+0
33,266667	3,349066E+0	2,358989E+0
33,333333	3,375531E+0	2,341097E+0
33,400000	3,402091E+0	2,364280E+0
33,466667	3,463515E+0	2,385771E+0
33,533333	3,521847E+0	2,474887E+0
33,600000	3,580852E+0	2,556044E+0
33,666667	3,625612E+0	2,567233E+0
33,733333	3,678450E+0	2,520808E+0
33,800000	3,710632E+0	2,581030E+0
33,866667	3,730921E+0	2,578971E+0
33,933333	3,776567E+0	2,562484E+0
34,000000	3,798876E+0	2,649277E+0
34,066667	3,827424E+0	2,676217E+0
34,133333	3,848337E+0	2,582585E+0
34,200000	3,861490E+0	2,606001E+0
34,266667	3,864977E+0	2,690795E+0
34,333333	3,878853E+0	2,722154E+0
34,400000	3,882506E+0	2,731990E+0
34,466667	3,876185E+0	2,730555E+0
34,533333	3,874875E+0	2,668981E+0
34,600000	3,874290E+0	2,644378E+0
34,666667	3,871349E+0	2,630844E+0
34,733333	3,861209E+0	2,602499E+0
34,800000	3,849879E+0	2,609615E+0
34,866667	3,852772E+0	2,582585E+0
34,933333	3,855165E+0	2,600222E+0
35,000000	3,847713E+0	2,613658E+0
35,066667	3,840270E+0	2,602694E+0
35,133333	3,819563E+0	2,568849E+0
35,200000	3,815351E+0	2,585967E+0
35,266667	3,810754E+0	2,601943E+0
35,333333	3,790826E+0	2,597772E+0
35,400000	3,777344E+0	2,556089E+0
35,466667	3,771970E+0	2,544457E+0
35,533333	3,729798E+0	2,522018E+0
35,600000	3,685148E+0	2,543540E+0
35,666667	3,633075E+0	2,519591E+0
35,733333	3,598414E+0	2,411426E+0
35,800000	3,569050E+0	2,329758E+0
35,866667	3,559138E+0	2,318711E+0
35,933333	3,547045E+0	2,335288E+0
36,000000	3,545737E+0	2,331659E+0
36,066667	3,534025E+0	2,335454E+0
36,133333	3,515467E+0	2,296040E+0
36,200000	3,492797E+0	2,247939E+0
36,266667	3,470486E+0	2,248976E+0
36,333333	3,444040E+0	2,182570E+0
36,400000	3,424621E+0	2,157283E+0
36,466667	3,397882E+0	2,152203E+0
36,533333	3,382429E+0	2,117095E+0
36,600000	3,385241E+0	2,096843E+0
36,666667	3,390938E+0	2,065102E+0
36,733333	3,392192E+0	2,035352E+0
36,800000	3,393964E+0	2,131726E+0
36,866667	3,392062E+0	2,119207E+0
36,933333	3,396749E+0	2,116840E+0
37,000000	3,415457E+0	2,139872E+0
37,066667	3,434671E+0	2,140638E+0
37,133333	3,461811E+0	2,160079E+0
37,200000	3,502272E+0	2,172891E+0
37,266667	3,536133E+0	2,209089E+0
37,333333	3,562598E+0	2,254417E+0
37,400000	3,598968E+0	2,333846E+0
37,466667	3,643408E+0	2,386688E+0
37,533333	3,692876E+0	2,419572E+0
37,600000	3,726091E+0	2,446031E+0
37,666667	3,731646E+0	2,486707E+0
37,733333	3,750396E+0	2,536844E+0
37,800000	3,780080E+0	2,561710E+0
37,866667	3,799540E+0	2,571223E+0
37,933333	3,829092E+0	2,578242E+0
38,000000	3,853444E+0	2,575717E+0
38,066667	3,891623E+0	2,621090E+0
38,133333	3,911396E+0	2,632242E+0
38,200000	3,927542E+0	2,631588E+0
38,266667	3,948703E+0	2,656942E+0
38,333333	3,959963E+0	2,677186E+0
38,400000	3,961203E+0	2,728751E+0
38,466667	3,980128E+0	2,717998E+0
38,533333	4,000437E+0	2,736123E+0
38,600000	4,021341E+0	2,769623E+0
38,666667	4,039134E+0	2,790221E+0
38,733333	4,058667E+0	2,816589E+0
38,800000	4,095740E+0	2,817814E+0
38,866667	4,120270E+0	2,821248E+0
38,933333	4,148974E+0	2,845813E+0
39,000000	4,166792E+0	2,891262E+0
39,066667	4,178719E+0	2,903841E+0
39,133333	4,186392E+0	2,913820E+0
39,200000	4,201097E+0	2,912911E+0
39,266667	4,215483E+0	2,919900E+0
39,333333	4,236318E+0	2,927023E+0
39,400000	4,240383E+0	2,914234E+0
39,466667	4,234216E+0	2,952438E+0
39,533333	4,220586E+0	2,934546E+0
39,600000	4,164518E+0	2,910769E+0
39,666667	4,081918E+0	2,834459E+0
39,733333	3,989013E+0	2,791926E+0
39,800000	3,911870E+0	2,758735E+0
39,866667	3,858583E+0	2,706831E+0
39,933333	3,813110E+0	2,655702E+0
40,000000	3,770181E+0	2,645482E+0
40,066667	3,737599E+0	2,605753E+0
40,133333	3,681986E+0	2,556442E+0
40,200000	3,614792E+0	2,479636E+0
40,266667	3,532632E+0	2,344291E+0
40,333333	3,444269E+0	2,260541E+0
40,400000	3,362903E+0	2,222292E+0
40,466667	3,313518E+0	2,067484E+0
40,533333	3,290061E+0	2,003452E+0
40,600000	3,284415E+0	1,929532E+0
40,666667	3,288251E+0	1,897362E+0
40,733333	3,287931E+0	1,901908E+0
40,800000	3,296101E+0	1,920244E+0
40,866667	3,326061E+0	1,929825E+0
40,933333	3,383662E+0	2,006255E+0
41,000000	3,453665E+0	2,099060E+0
41,066667	3,508481E+0	2,183344E+0
41,133333	3,548480E+0	2,262450E+0
41,200000	3,588223E+0	2,378873E+0
41,266667	3,631580E+0	2,405001E+0
41,333333	3,674649E+0	2,494898E+0
41,400000	3,710051E+0	2,531111E+0
41,466667	3,749371E+0	2,548740E+0
41,533333	3,794217E+0	2,548409E+0
41,600000	3,831575E+0	2,663600E+0
41,666667	3,879449E+0	2,724551E+0
41,733333	3,920269E+0	2,702796E+0
41,800000	3,950266E+0	2,721417E+0
41,866667	3,986457E+0	2,753880E+0
41,933333	4,031884E+0	2,781489E+0
42,000000	4,053108E+0	2,778107E+0
42,066667	4,073739E+0	2,793865E+0
42,133333	4,085701E+0	2,798960E+0
42,200000	4,098142E+0	2,796112E+0
42,266667	4,110607E+0	2,798487E+0
42,333333	4,131884E+0	2,790033E+0
42,400000	4,170056E+0	2,812441E+0
42,466667	4,204207E+0	2,842808E+0
42,533333	4,235233E+0	2,831438E+0
42,600000	4,273334E+0	2,833715E+0
42,666667	4,294160E+0	2,844566E+0
42,733333	4,317867E+0	2,888819E+0
42,800000	4,340750E+0	2,935252E+0
42,866667	4,359164E+0	2,986156E+0
42,933333	4,362228E+0	3,005528E+0
43,000000	4,358185E+0	2,997104E+0
43,066667	4,352153E+0	2,949590E+0
43,133333	4,346336E+0	2,919141E+0
43,200000	4,361741E+0	2,954331E+0
43,266667	4,404947E+0	2,991784E+0
43,333333	4,427507E+0	3,011352E+0
43,400000	4,448145E+0	3,023428E+0
43,466667	4,473106E+0	3,036864E+0
43,533333	4,479119E+0	3,032160E+0
43,600000	4,488265E+0	3,021128E+0
43,666667	4,495993E+0	3,016304E+0
43,733333	4,498296E+0	3,004957E+0
43,800000	4,501933E+0	3,011427E+0
43,866667	4,501308E+0	2,994099E+0
43,933333	4,503662E+0	2,990319E+0
44,000000	4,502122E+0	2,979543E+0
44,066667	4,501960E+0	2,982556E+0
44,133333	4,503970E+0	2,989199E+0
44,200000	4,501710E+0	2,997713E+0
44,266667	4,498048E+0	3,000907E+0
44,333333	4,496513E+0	3,034730E+0
44,400000	4,501246E+0	3,056868E+0
44,466667	4,501945E+0	3,055387E+0
44,533333	4,506551E+0	3,060865E+0
44,600000	4,518354E+0	3,059806E+0
44,666667	4,545648E+0	3,071889E+0
44,733333	4,573231E+0	3,087422E+0
44,800000	4,591854E+0	3,104721E+0
44,866667	4,599945E+0	3,120163E+0
44,933333	4,601570E+0	3,121666E+0
45,000000	4,591073E+0	3,129947E+0
45,066667	4,571810E+0	3,127512E+0
45,133333	4,535013E+0	3,109530E+0
45,200000	4,505803E+0	3,104142E+0
45,266667	4,484664E+0	3,105179E+0
45,333333	4,447208E+0	3,071138E+0
45,400000	4,413624E+0	3,033888E+0
45,466667	4,398780E+0	3,023909E+0
45,533333	4,385252E+0	3,014628E+0
45,600000	4,371963E+0	2,990454E+0
45,666667	4,362005E+0	2,982008E+0
45,733333	4,352780E+0	2,973020E+0
45,800000	4,346234E+0	2,969578E+0
45,866667	4,344274E+0	2,957841E+0
45,933333	4,345886E+0	2,938355E+0
46,000000	4,345242E+0	2,911085E+0
46,066667	4,341137E+0	2,910867E+0
46,133333	4,343199E+0	2,927332E+0
46,200000	4,353784E+0	2,932945E+0
46,266667	4,360653E+0	2,938769E+0
46,333333	4,361666E+0	2,937333E+0
46,400000	4,364805E+0	2,939708E+0
46,466667	4,368599E+0	2,938731E+0
46,533333	4,372496E+0	2,951979E+0
46,600000	4,373713E+0	2,959299E+0
46,666667	4,383727E+0	2,969917E+0
46,733333	4,384837E+0	2,970120E+0
46,800000	4,386937E+0	2,978446E+0
46,866667	4,391661E+0	2,977679E+0
46,933333	4,393854E+0	2,966685E+0
47,000000	4,394146E+0	2,941369E+0
47,066667	4,402264E+0	2,949755E+0
47,133333	4,406187E+0	2,952513E+0
47,200000	4,402958E+0	2,954760E+0
47,266667	4,410954E+0	2,964559E+0
47,333333	4,412354E+0	2,947801E+0
47,400000	4,414070E+0	2,950086E+0
47,466667	4,424551E+0	2,959351E+0
47,533333	4,427165E+0	2,970555E+0
47,600000	4,421712E+0	2,972336E+0
47,666667	4,404574E+0	2,979054E+0
47,733333	4,385912E+0	2,970232E+0
47,800000	4,361693E+0	2,975079E+0
47,866667	4,316132E+0	2,959975E+0
47,933333	4,302908E+0	2,950920E+0
48,000000	4,308365E+0	2,962763E+0
48,066667	4,316168E+0	2,982759E+0
48,133333	4,326695E+0	3,014861E+0
48,200000	4,324047E+0	3,005709E+0
48,266667	4,304804E+0	2,978679E+0
48,333333	4,256680E+0	2,937394E+0
48,400000	4,203398E+0	2,912520E+0
48,466667	4,167713E+0	2,896139E+0
48,533333	4,131698E+0	2,872377E+0
48,600000	4,108220E+0	2,894177E+0
48,666667	4,086071E+0	2,888346E+0
48,733333	4,063933E+0	2,888444E+0
48,800000	4,017571E+0	2,871649E+0
48,866667	3,966739E+0	2,833527E+0
48,933333	3,926392E+0	2,792009E+0
49,000000	3,883694E+0	2,779355E+0
49,066667	3,838363E+0	2,759013E+0
49,133333	3,811679E+0	2,748680E+0
49,200000	3,779976E+0	2,753572E+0
49,266667	3,768091E+0	2,752497E+0
49,333333	3,765638E+0	2,736769E+0
49,400000	3,741192E+0	2,722597E+0
49,466667	3,734374E+0	2,711197E+0
49,533333	3,710576E+0	2,681966E+0
49,600000	3,690966E+0	2,667748E+0
49,666667	3,655312E+0	2,633211E+0
49,733333	3,623002E+0	2,595766E+0
49,800000	3,593474E+0	2,523108E+0
49,866667	3,577598E+0	2,490930E+0
49,933333	3,559180E+0	2,439816E+0
50,000000	3,536600E+0	2,401770E+0
50,066667	3,519549E+0	2,391558E+0
50,133333	3,509510E+0	2,343517E+0
50,200000	3,506665E+0	2,299564E+0
50,266667	3,501372E+0	2,273301E+0
50,333333	3,498735E+0	2,234443E+0
50,400000	3,502070E+0	2,242506E+0
50,466667	3,523403E+0	2,330284E+0
50,533333	3,559877E+0	2,378790E+0
50,600000	3,563670E+0	2,373515E+0
50,666667	3,546266E+0	2,360079E+0
50,733333	3,516063E+0	2,345313E+0
50,800000	3,513736E+0	2,345268E+0
50,866667	3,543390E+0	2,363941E+0
50,933333	3,592991E+0	2,410397E+0
51,000000	3,627635E+0	2,439455E+0
51,066667	3,653377E+0	2,481732E+0
51,133333	3,651739E+0	2,493012E+0
51,200000	3,621786E+0	2,492283E+0
51,266667	3,552577E+0	2,425035E+0
51,333333	3,481573E+0	2,324873E+0
51,400000	3,434246E+0	2,277764E+0
51,466667	3,400388E+0	2,257986E+0
51,533333	3,400513E+0	2,302164E+0
51,600000	3,389973E+0	2,295258E+0
51,666667	3,350726E+0	2,236246E+0
51,733333	3,312964E+0	2,177881E+0
51,800000	3,264871E+0	2,033112E+0
51,866667	3,227201E+0	1,995795E+0
51,933333	3,206143E+0	2,006398E+0
52,000000	3,195562E+0	1,867176E+0
52,066667	3,147145E+0	1,842881E+0
52,133333	3,094798E+0	1,972365E+0
52,200000	3,049384E+0	1,807976E+0
52,266667	3,023242E+0	1,618015E+0
52,333333	2,971217E+0	1,634990E+0
52,400000	2,950386E+0	1,512999E+0
52,466667	2,919848E+0	1,459157E+0
52,533333	2,888928E+0	1,431173E+0
52,600000	2,861090E+0	1,437492E+0
52,666667	2,825563E+0	1,328200E+0
52,733333	2,796745E+0	1,284105E+0
52,800000	2,778974E+0	1,324841E+0
52,866667	2,777652E+0	1,346581E+0
52,933333	2,779703E+0	1,408479E+0
53,000000	2,777229E+0	1,351315E+0
53,066667	2,745315E+0	1,397845E+0
53,133333	2,679556E+0	1,183199E+0
53,200000	2,625185E+0	8,787763E-1
53,266667	2,598491E+0	8,185245E-1
53,333333	2,587962E+0	5,534104E-1
53,400000	2,583257E+0	5,130045E-1
53,466667	2,579625E+0	6,266098E-1
53,533333	2,576544E+0	4,237088E-1
53,600000	2,576501E+0	2,520459E-1
53,666667	2,576276E+0	2,361000E-1
53,733333	2,576319E+0	2,503552E-1
53,800000	2,575976E+0	2,961490E-1
53,866667	2,576163E+0	3,415069E-1
53,933333	2,579044E+0	3,454972E-1
54,000000	2,582130E+0	3,288524E-1
54,066667	2,585276E+0	3,771335E-1
54,133333	2,592315E+0	4,819468E-1
54,200000	2,595725E+0	5,387945E-1
54,266667	2,599076E+0	6,221762E-1
54,333333	2,602253E+0	6,471396E-1
54,400000	2,597993E+0	5,905474E-1
54,466667	2,594938E+0	4,906562E-1
54,533333	2,589997E+0	4,114902E-1
54,600000	2,588079E+0	4,351235E-1
54,666667	2,585817E+0	4,238141E-1
54,733333	2,582774E+0	4,136393E-1
54,800000	2,581628E+0	3,330155E-1
54,866667	2,578698E+0	2,443736E-1
54,933333	2,576759E+0	2,355890E-1
55,000000	2,576113E+0	2,854557E-1
55,066667	2,576226E+0	2,787152E-1
55,133333	2,576242E+0	2,712457E-1
55,200000	2,576257E+0	2,699006E-1
55,266667	2,576192E+0	2,706520E-1
55,333333	2,576023E+0	2,714486E-1
55,400000	2,576121E+0	2,697578E-1
55,466667	2,576159E+0	2,768290E-1
55,533333	2,576146E+0	2,671352E-1
55,600000	2,582301E+0	2,426978E-1
55,666667	2,608066E+0	2,576518E-1
55,733333	2,636963E+0	3,082625E-1
55,800000	2,677496E+0	4,097393E-1
55,866667	2,719057E+0	5,322193E-1
55,933333	2,778397E+0	7,768186E-1
56,000000	2,820367E+0	1,071773E+0
56,066667	2,855063E+0	1,220697E+0
56,133333	2,899517E+0	1,340757E+0
56,200000	2,918927E+0	1,506852E+0
56,266667	2,950197E+0	1,700021E+0
56,333333	2,969440E+0	1,827311E+0
56,400000	2,982648E+0	1,841453E+0
56,466667	2,993164E+0	1,772492E+0
56,533333	3,004530E+0	1,770080E+0
56,600000	3,012401E+0	1,875517E+0
56,666667	3,020362E+0	1,882565E+0
56,733333	3,033313E+0	1,910700E+0
56,800000	3,044329E+0	1,967443E+0
56,866667	3,057170E+0	2,029791E+0
56,933333	3,065328E+0	2,071256E+0
57,000000	3,072987E+0	2,060871E+0
57,066667	3,077177E+0	2,077674E+0
57,133333	3,094284E+0	2,072947E+0
57,200000	3,104875E+0	2,080680E+0
57,266667	3,107085E+0	2,135784E+0
57,333333	3,110511E+0	2,192173E+0
57,400000	3,115206E+0	2,203475E+0
57,466667	3,120561E+0	2,214439E+0
57,533333	3,132513E+0	2,207909E+0
57,600000	3,132950E+0	2,213748E+0
57,666667	3,134250E+0	2,188927E+0
57,733333	3,136283E+0	2,197291E+0
57,800000	3,140350E+0	2,218241E+0
57,866667	3,157530E+0	2,237990E+0
57,933333	3,170399E+0	2,240064E+0
58,000000	3,166284E+0	2,187334E+0
58,066667	3,174161E+0	2,214214E+0
58,133333	3,183499E+0	2,212478E+0
58,200000	3,190128E+0	2,193473E+0
58,266667	3,196779E+0	2,220263E+0
58,333333	3,193975E+0	2,215476E+0
58,400000	3,193936E+0	2,238598E+0
58,466667	3,194202E+0	2,247992E+0
58,533333	3,185271E+0	2,240402E+0
58,600000	3,178646E+0	2,233090E+0
58,666667	3,171128E+0	2,247173E+0
58,733333	3,157611E+0	2,229070E+0
58,800000	3,144558E+0	2,212493E+0
58,866667	3,153741E+0	2,197321E+0
58,933333	3,159202E+0	2,175198E+0
59,000000	3,140346E+0	2,069363E+0
59,066667	3,124533E+0	2,055799E+0
59,133333	3,084324E+0	2,100458E+0
59,200000	3,030328E+0	2,030430E+0
59,266667	2,955899E+0	1,889374E+0
59,333333	2,881521E+0	1,664395E+0
59,400000	2,826536E+0	1,518454E+0
59,466667	2,791802E+0	1,430556E+0
59,533333	2,778276E+0	1,180299E+0
59,600000	2,772509E+0	1,174107E+0
59,666667	2,772105E+0	1,126472E+0
59,733333	2,784452E+0	1,139690E+0
59,800000	2,798009E+0	1,185010E+0
59,866667	2,822664E+0	1,229406E+0
59,933333	2,867531E+0	1,293002E+0
60,000000	2,924388E+0	1,401693E+0
60,066667	2,981331E+0	1,523955E+0
60,133333	3,038501E+0	1,601370E+0
60,200000	3,106362E+0	1,696392E+0
60,266667	3,183365E+0	1,782794E+0
60,333333	3,231604E+0	1,966601E+0
60,400000	3,292402E+0	2,027198E+0
60,466667	3,350460E+0	2,242746E+0
60,533333	3,414407E+0	2,337964E+0
60,600000	3,466220E+0	2,342886E+0
60,666667	3,496642E+0	2,423209E+0
60,733333	3,510266E+0	2,458700E+0
60,800000	3,516477E+0	2,550791E+0
60,866667	3,516102E+0	2,555390E+0
60,933333	3,512341E+0	2,528616E+0
61,000000	3,508950E+0	2,486031E+0
61,066667	3,501512E+0	2,471821E+0
61,133333	3,498692E+0	2,481131E+0
61,200000	3,498069E+0	2,482589E+0
61,266667	3,497798E+0	2,491486E+0
61,333333	3,493535E+0	2,501218E+0
61,400000	3,483756E+0	2,523356E+0
61,466667	3,440266E+0	2,400628E+0
61,533333	3,375129E+0	2,343870E+0
61,600000	3,309536E+0	2,279388E+0
61,666667	3,242820E+0	2,198193E+0
61,733333	3,175565E+0	2,096926E+0
61,800000	3,128753E+0	1,979691E+0
61,866667	3,082441E+0	1,923227E+0
61,933333	3,032800E+0	1,831031E+0
62,000000	2,991599E+0	1,826296E+0
62,066667	2,957476E+0	1,653446E+0
62,133333	2,914753E+0	1,633803E+0
62,200000	2,888115E+0	1,639552E+0
62,266667	2,869049E+0	1,701690E+0
62,333333	2,869020E+0	1,666251E+0
62,400000	2,866406E+0	1,616798E+0
62,466667	2,877568E+0	1,603985E+0
62,533333	2,914107E+0	1,630887E+0
62,600000	2,992006E+0	1,808472E+0
62,666667	3,092159E+0	1,932725E+0
62,733333	3,174472E+0	1,988491E+0
62,800000	3,261901E+0	2,086278E+0
62,866667	3,348264E+0	2,070467E+0
62,933333	3,415938E+0	2,142472E+0
63,000000	3,500339E+0	2,228318E+0
63,066667	3,571496E+0	2,323701E+0
63,133333	3,625762E+0	2,419001E+0
63,200000	3,687454E+0	2,479711E+0
63,266667	3,741200E+0	2,487383E+0
63,333333	3,784671E+0	2,534680E+0
63,400000	3,842878E+0	2,569187E+0
63,466667	3,875146E+0	2,610705E+0
63,533333	3,921570E+0	2,658550E+0
63,600000	3,957010E+0	2,638148E+0
63,666667	3,994520E+0	2,669229E+0
63,733333	4,012524E+0	2,711475E+0
63,800000	4,022636E+0	2,759554E+0
63,866667	4,026887E+0	2,797420E+0
63,933333	4,027368E+0	2,797750E+0
64,000000	3,996036E+0	2,859310E+0
64,066667	3,921260E+0	2,837623E+0
64,133333	3,800926E+0	2,732449E+0
64,200000	3,677546E+0	2,649886E+0
64,266667	3,569756E+0	2,551062E+0
64,333333	3,473358E+0	2,449780E+0
64,400000	3,390496E+0	2,370381E+0
64,466667	3,336371E+0	2,288262E+0
64,533333	3,291330E+0	2,188664E+0
64,600000	3,261310E+0	2,107710E+0
64,666667	3,236946E+0	2,082243E+0
64,733333	3,218428E+0	2,085572E+0
64,800000	3,222952E+0	2,098113E+0
64,866667	3,259758E+0	2,122123E+0
64,933333	3,302400E+0	2,169795E+0
65,000000	3,351776E+0	2,208322E+0
65,066667	3,402733E+0	2,227094E+0
65,133333	3,471123E+0	2,277779E+0
65,200000	3,553719E+0	2,388191E+0
65,266667	3,650259E+0	2,525385E+0
65,333333	3,738515E+0	2,642567E+0
65,400000	3,824605E+0	2,713812E+0
65,466667	3,903916E+0	2,750927E+0
65,533333	3,987534E+0	2,832340E+0
65,600000	4,057341E+0	2,852133E+0
65,666667	4,118031E+0	2,869560E+0
65,733333	4,181566E+0	2,949702E+0
65,800000	4,245055E+0	2,989379E+0
65,866667	4,291665E+0	3,015417E+0
65,933333	4,346432E+0	3,035474E+0
66,000000	4,396328E+0	3,045874E+0
66,066667	4,450337E+0	3,050939E+0
66,133333	4,473204E+0	3,112228E+0
66,200000	4,492762E+0	3,113731E+0
66,266667	4,506969E+0	3,126220E+0
66,333333	4,500458E+0	3,128700E+0
66,400000	4,493706E+0	3,124604E+0
66,466667	4,453655E+0	3,095801E+0
66,533333	4,318884E+0	3,067629E+0
66,600000	4,167207E+0	2,965904E+0
66,666667	4,043392E+0	2,888744E+0
66,733333	3,908001E+0	2,822819E+0
66,800000	3,779780E+0	2,766708E+0
66,866667	3,663587E+0	2,653831E+0
66,933333	3,599239E+0	2,576687E+0
67,000000	3,545102E+0	2,505937E+0
67,066667	3,492501E+0	2,463066E+0
67,133333	3,494182E+0	2,451381E+0
67,200000	3,509608E+0	2,475578E+0
67,266667	3,530488E+0	2,502796E+0
67,333333	3,570756E+0	2,532125E+0
67,400000	3,644389E+0	2,571096E+0
67,466667	3,762014E+0	2,618212E+0
67,533333	3,892935E+0	2,664164E+0
67,600000	4,055870E+0	2,702233E+0
67,666667	4,126271E+0	2,785426E+0
67,733333	4,200110E+0	2,881808E+0
67,800000	4,277718E+0	2,980580E+0
67,866667	4,364757E+0	3,051277E+0
67,933333	4,437688E+0	3,086084E+0
68,000000	4,471276E+0	3,116503E+0
68,066667	4,513663E+0	3,120907E+0
68,133333	4,551871E+0	3,138521E+0
68,200000	4,574245E+0	3,191266E+0
68,266667	4,597240E+0	3,210608E+0
68,333333	4,629578E+0	3,208324E+0
68,400000	4,637306E+0	3,224916E+0
68,466667	4,640307E+0	3,248647E+0
68,533333	4,649301E+0	3,239555E+0
68,600000	4,667621E+0	3,244777E+0
68,666667	4,667463E+0	3,262481E+0
68,733333	4,661356E+0	3,282350E+0
68,800000	4,643225E+0	3,340558E+0
68,866667	4,577340E+0	3,325130E+0
68,933333	4,419962E+0	3,279697E+0
69,000000	4,255130E+0	3,154069E+0
69,066667	4,068242E+0	2,997232E+0
69,133333	3,889444E+0	2,873662E+0
69,200000	3,764801E+0	2,749680E+0
69,266667	3,646057E+0	2,675894E+0
69,333333	3,535496E+0	2,586636E+0
69,400000	3,463487E+0	2,452538E+0
69,466667	3,413836E+0	2,398155E+0
69,533333	3,387834E+0	2,347996E+0
69,600000	3,390530E+0	2,336806E+0
69,666667	3,413841E+0	2,376784E+0
69,733333	3,453038E+0	2,418167E+0
69,800000	3,507056E+0	2,466839E+0
69,866667	3,581912E+0	2,540324E+0
69,933333	3,691961E+0	2,597096E+0
70,000000	3,800005E+0	2,686046E+0
70,066667	3,876533E+0	2,786922E+0
70,133333	3,944407E+0	2,872317E+0
70,200000	3,998190E+0	2,955090E+0
70,266667	4,062529E+0	2,988981E+0
70,333333	4,116631E+0	2,996188E+0
70,400000	4,189137E+0	3,049744E+0
70,466667	4,302021E+0	3,088549E+0
70,533333	4,389170E+0	3,111296E+0
70,600000	4,479276E+0	3,184563E+0
70,666667	4,537198E+0	3,226359E+0
70,733333	4,548857E+0	3,232416E+0
70,800000	4,556970E+0	3,226840E+0
70,866667	4,553573E+0	3,216071E+0
70,933333	4,548276E+0	3,220723E+0
71,000000	4,544371E+0	3,222684E+0
71,066667	4,526408E+0	3,216988E+0
71,133333	4,511127E+0	3,202117E+0
71,200000	4,491721E+0	3,176184E+0
71,266667	4,457564E+0	3,157540E+0
71,333333	4,423682E+0	3,142617E+0
71,400000	4,382838E+0	3,140445E+0
71,466667	4,351012E+0	3,159412E+0
71,533333	4,302023E+0	3,137469E+0
71,600000	4,228074E+0	3,102639E+0
71,666667	4,138091E+0	3,078457E+0
71,733333	4,063056E+0	3,057544E+0
71,800000	3,985093E+0	3,023706E+0
71,866667	3,914861E+0	2,998307E+0
71,933333	3,845353E+0	2,967136E+0
72,000000	3,791332E+0	2,870040E+0
72,066667	3,733914E+0	2,805122E+0
72,133333	3,671391E+0	2,801793E+0
72,200000	3,661077E+0	2,785734E+0
72,266667	3,641704E+0	2,763529E+0
72,333333	3,610913E+0	2,745960E+0
72,400000	3,577996E+0	2,718667E+0
72,466667	3,561554E+0	2,678486E+0
72,533333	3,563318E+0	2,659227E+0
72,600000	3,580508E+0	2,666148E+0
72,666667	3,612315E+0	2,697160E+0
72,733333	3,654762E+0	2,764446E+0
72,800000	3,695361E+0	2,795999E+0
72,866667	3,718078E+0	2,810758E+0
72,933333	3,739711E+0	2,817514E+0
73,000000	3,753670E+0	2,824487E+0
73,066667	3,761860E+0	2,833279E+0
73,133333	3,781665E+0	2,851141E+0
73,200000	3,798934E+0	2,875969E+0
73,266667	3,827380E+0	2,889841E+0
73,333333	3,854596E+0	2,901654E+0
73,400000	3,872907E+0	2,916518E+0
73,466667	3,886976E+0	2,922349E+0
73,533333	3,886818E+0	2,929105E+0
73,600000	3,888609E+0	2,935041E+0
73,666667	3,890240E+0	2,943638E+0
73,733333	3,888838E+0	2,953828E+0
73,800000	3,893289E+0	2,964115E+0
73,866667	3,902277E+0	2,981467E+0
73,933333	3,905872E+0	2,983646E+0
74,000000	3,908263E+0	2,983706E+0
74,066667	3,909331E+0	2,980452E+0
74,133333	3,907092E+0	2,981624E+0
74,200000	3,901338E+0	2,983879E+0
74,266667	3,898805E+0	2,981023E+0
74,333333	3,898278E+0	2,978694E+0
74,400000	3,899948E+0	2,985848E+0
74,466667	3,908105E+0	2,976913E+0
74,533333	3,904708E+0	2,982714E+0
74,600000	3,901435E+0	2,980197E+0
74,666667	3,900075E+0	2,968729E+0
74,733333	3,897376E+0	2,977799E+0
74,800000	3,900785E+0	2,982473E+0
74,866667	3,903901E+0	2,984931E+0
74,933333	3,923845E+0	2,993993E+0
75,000000	3,948364E+0	3,004025E+0
75,066667	3,993822E+0	3,013862E+0
75,133333	4,024067E+0	3,043695E+0
75,200000	4,029633E+0	3,035338E+0
75,266667	4,030087E+0	3,047407E+0
75,333333	4,030170E+0	3,090691E+0
75,400000	4,030574E+0	3,105427E+0
75,466667	4,033482E+0	3,105299E+0
75,533333	4,038087E+0	3,120546E+0
75,600000	4,051442E+0	3,131134E+0
75,666667	4,058878E+0	3,137191E+0
75,733333	4,059849E+0	3,131487E+0
75,800000	4,061019E+0	3,131923E+0
75,866667	4,062712E+0	3,133186E+0
75,933333	4,066293E+0	3,148222E+0
76,000000	4,067332E+0	3,143503E+0
76,066667	4,074593E+0	3,143458E+0
76,133333	4,087746E+0	3,146058E+0
76,200000	4,095001E+0	3,151581E+0
76,266667	4,107352E+0	3,167813E+0
76,333333	4,110749E+0	3,160561E+0
76,400000	4,112180E+0	3,172637E+0
76,466667	4,113178E+0	3,190033E+0
76,533333	4,113176E+0	3,181414E+0
76,600000	4,115040E+0	3,170886E+0
76,666667	4,118364E+0	3,155617E+0
76,733333	4,127858E+0	3,146930E+0
76,800000	4,133525E+0	3,178123E+0
76,866667	4,136589E+0	3,165243E+0
76,933333	4,139542E+0	3,157277E+0
77,000000	4,138120E+0	3,196165E+0
77,066667	4,142136E+0	3,217522E+0
77,133333	4,156788E+0	3,223518E+0
77,200000	4,158328E+0	3,226141E+0
77,266667	4,158875E+0	3,222729E+0
77,333333	4,158013E+0	3,228373E+0
77,400000	4,158823E+0	3,225337E+0
77,466667	4,164118E+0	3,231702E+0
77,533333	4,167113E+0	3,228891E+0
77,600000	4,170791E+0	3,228974E+0
77,666667	4,172939E+0	3,220994E+0
77,733333	4,170760E+0	3,211751E+0
77,800000	4,166097E+0	3,193866E+0
77,866667	4,166047E+0	3,199960E+0
77,933333	4,170791E+0	3,208617E+0
78,000000	4,184876E+0	3,231867E+0
78,066667	4,201549E+0	3,242140E+0
78,133333	4,224279E+0	3,260949E+0
78,200000	4,243574E+0	3,278149E+0
78,266667	4,253991E+0	3,269124E+0
78,333333	4,264782E+0	3,266374E+0
78,400000	4,265696E+0	3,261227E+0
78,466667	4,265126E+0	3,263654E+0
78,533333	4,259962E+0	3,265277E+0
78,600000	4,256878E+0	3,256815E+0
78,666667	4,256374E+0	3,257710E+0
78,733333	4,256811E+0	3,264849E+0
78,800000	4,254990E+0	3,253877E+0
78,866667	4,256663E+0	3,267629E+0
78,933333	4,255745E+0	3,257522E+0
79,000000	4,253120E+0	3,253193E+0
79,066667	4,253407E+0	3,244379E+0
79,133333	4,254451E+0	3,245491E+0
79,200000	4,255461E+0	3,243462E+0
79,266667	4,252662E+0	3,203004E+0
79,333333	4,251414E+0	3,177785E+0
79,400000	4,250719E+0	3,174614E+0
79,466667	4,253226E+0	3,185359E+0
79,533333	4,251654E+0	3,242433E+0
79,600000	4,243924E+0	3,268666E+0
79,666667	4,227253E+0	3,245318E+0
79,733333	4,218439E+0	3,248873E+0
79,800000	4,212221E+0	3,263849E+0
79,866667	4,205348E+0	3,253825E+0
79,933333	4,196387E+0	3,215260E+0
80,000000	4,180901E+0	3,187877E+0
80,066667	4,154951E+0	3,161583E+0
80,133333	4,131184E+0	3,142684E+0
80,200000	4,112574E+0	3,138438E+0
80,266667	4,103340E+0	3,147276E+0
80,333333	4,097261E+0	3,148553E+0
80,400000	4,101012E+0	3,135019E+0
80,466667	4,102766E+0	3,131022E+0
80,533333	4,102936E+0	3,148628E+0
80,600000	4,082158E+0	3,097138E+0
80,666667	4,074474E+0	3,101346E+0
80,733333	4,079931E+0	3,110905E+0
80,800000	4,087923E+0	3,140520E+0
80,866667	4,096394E+0	3,184939E+0
80,933333	4,104244E+0	3,210526E+0
81,000000	4,115719E+0	3,215320E+0
81,066667	4,122728E+0	3,222173E+0
81,133333	4,124209E+0	3,225442E+0
81,200000	4,124902E+0	3,225277E+0
81,266667	4,129790E+0	3,218980E+0
81,333333	4,137426E+0	3,226539E+0
81,400000	4,138318E+0	3,237480E+0
81,466667	4,141650E+0	3,233716E+0
81,533333	4,151283E+0	3,235662E+0
81,600000	4,154551E+0	3,240471E+0
81,666667	4,157255E+0	3,237623E+0
81,733333	4,147509E+0	3,233753E+0
81,800000	4,129166E+0	3,226457E+0
81,866667	4,111797E+0	3,214944E+0
81,933333	4,098119E+0	3,207873E+0
82,000000	4,091431E+0	3,189943E+0
82,066667	4,087673E+0	3,184104E+0
82,133333	4,086538E+0	3,182639E+0
82,200000	4,071937E+0	3,176582E+0
82,266667	4,023238E+0	3,160065E+0
82,333333	3,952505E+0	3,129774E+0
82,400000	3,889230E+0	3,041846E+0
82,466667	3,845902E+0	3,002891E+0
82,533333	3,792157E+0	2,954557E+0
82,600000	3,720575E+0	2,882748E+0
82,666667	3,649931E+0	2,806535E+0
82,733333	3,592903E+0	2,768150E+0
82,800000	3,540636E+0	2,758021E+0
82,866667	3,499527E+0	2,810172E+0
82,933333	3,478663E+0	2,810660E+0
83,000000	3,481225E+0	2,805716E+0
83,066667	3,479421E+0	2,819678E+0
83,133333	3,472129E+0	2,784525E+0
83,200000	3,473539E+0	2,805896E+0
83,266667	3,468878E+0	2,676856E+0
83,333333	3,464743E+0	2,624276E+0
83,400000	3,441182E+0	2,646948E+0
83,466667	3,390782E+0	2,651892E+0
83,533333	3,365171E+0	2,550551E+0
83,600000	3,368020E+0	2,538866E+0
83,666667	3,393537E+0	2,695567E+0
83,733333	3,416950E+0	2,803604E+0
83,800000	3,434780E+0	2,826020E+0
83,866667	3,440353E+0	2,771036E+0
83,933333	3,435007E+0	2,741714E+0
84,000000	3,433222E+0	2,743751E+0
84,066667	3,435788E+0	2,745930E+0
84,133333	3,442540E+0	2,838088E+0
84,200000	3,451430E+0	2,851412E+0
84,266667	3,458133E+0	2,860828E+0
84,333333	3,458561E+0	2,875301E+0
84,400000	3,461123E+0	2,895515E+0
84,466667	3,479013E+0	2,895297E+0
84,533333	3,497709E+0	2,889173E+0
84,600000	3,514757E+0	2,897829E+0
84,666667	3,541432E+0	2,922289E+0
84,733333	3,574024E+0	2,943803E+0
84,800000	3,603494E+0	2,962981E+0
84,866667	3,637999E+0	2,985607E+0
84,933333	3,643006E+0	2,992460E+0
85,000000	3,631738E+0	2,989695E+0
85,066667	3,608310E+0	2,978401E+0
85,133333	3,576049E+0	2,952874E+0
85,200000	3,547270E+0	2,918006E+0
85,266667	3,512853E+0	2,888271E+0
85,333333	3,465829E+0	2,864660E+0
85,400000	3,422143E+0	2,828207E+0
85,466667	3,392214E+0	2,799666E+0
85,533333	3,366337E+0	2,770412E+0
85,600000	3,351795E+0	2,728015E+0
85,666667	3,333516E+0	2,678321E+0
85,733333	3,309024E+0	2,633918E+0
85,800000	3,289584E+0	2,604355E+0
85,866667	3,270526E+0	2,578903E+0
85,933333	3,248948E+0	2,560493E+0
86,000000	3,214102E+0	2,535071E+0
86,066667	3,165413E+0	2,496701E+0
86,133333	3,111874E+0	2,459948E+0
86,200000	3,084745E+0	2,381037E+0
86,266667	3,070067E+0	2,181563E+0
86,333333	3,065191E+0	2,138850E+0
86,400000	3,059157E+0	2,153601E+0
86,466667	3,049134E+0	2,123663E+0
86,533333	3,034177E+0	2,121529E+0
86,600000	3,008916E+0	1,986522E+0
86,666667	2,991599E+0	1,884256E+0
86,733333	2,978361E+0	1,893394E+0
86,800000	2,966951E+0	1,911534E+0
86,866667	2,954862E+0	1,882994E+0
86,933333	2,938595E+0	1,790617E+0
87,000000	2,924301E+0	1,740886E+0
87,066667	2,898307E+0	1,718252E+0
87,133333	2,875570E+0	1,679116E+0
87,200000	2,864498E+0	1,699706E+0
87,266667	2,850766E+0	1,668686E+0
87,333333	2,845898E+0	1,648509E+0
87,400000	2,837548E+0	1,645849E+0
87,466667	2,838185E+0	1,627423E+0
87,533333	2,843330E+0	1,648757E+0
87,600000	2,850310E+0	1,636320E+0
87,666667	2,861292E+0	1,652830E+0
87,733333	2,861467E+0	1,681904E+0
87,800000	2,867912E+0	1,699841E+0
87,866667	2,880961E+0	1,714630E+0
87,933333	2,898203E+0	1,728464E+0
88,000000	2,919808E+0	1,785372E+0
88,066667	2,937679E+0	1,834442E+0
88,133333	2,945537E+0	1,858632E+0
88,200000	2,953773E+0	1,867221E+0
88,266667	2,970529E+0	1,918891E+0
88,333333	2,985741E+0	1,948453E+0
88,400000	3,007352E+0	1,991880E+0
88,466667	3,034891E+0	2,033165E+0
88,533333	3,059644E+0	2,066282E+0
88,600000	3,085153E+0	2,086383E+0
88,666667	3,114967E+0	2,137790E+0
88,733333	3,147751E+0	2,177806E+0
88,800000	3,175209E+0	2,202123E+0
88,866667	3,202931E+0	2,222367E+0
88,933333	3,226926E+0	2,248615E+0
89,000000	3,255696E+0	2,292185E+0
89,066667	3,292217E+0	2,338009E+0
89,133333	3,319948E+0	2,426853E+0
89,200000	3,352195E+0	2,497979E+0
89,266667	3,385689E+0	2,484513E+0
89,333333	3,426004E+0	2,581421E+0
89,400000	3,465393E+0	2,593361E+0
89,466667	3,486397E+0	2,631385E+0
89,533333	3,504857E+0	2,607579E+0
89,600000	3,512918E+0	2,619993E+0
89,666667	3,527654E+0	2,734673E+0
89,733333	3,540470E+0	2,791092E+0
89,800000	3,552650E+0	2,855319E+0
89,866667	3,573978E+0	2,876503E+0
89,933333	3,591876E+0	2,881951E+0
90,000000	3,611588E+0	2,884679E+0
90,066667	3,627424E+0	2,906975E+0
90,133333	3,636203E+0	2,902774E+0
90,200000	3,646622E+0	2,923852E+0
90,266667	3,653060E+0	2,927399E+0
90,333333	3,665172E+0	2,957660E+0
90,400000	3,674317E+0	2,958968E+0
90,466667	3,693192E+0	2,977732E+0
90,533333	3,716316E+0	3,056740E+0
90,600000	3,733000E+0	3,079817E+0
90,666667	3,740221E+0	3,078157E+0
90,733333	3,749513E+0	3,079554E+0
90,800000	3,762634E+0	3,105397E+0
90,866667	3,764024E+0	3,118299E+0
90,933333	3,762657E+0	3,121966E+0
91,000000	3,762864E+0	3,117826E+0
91,066667	3,766296E+0	3,118172E+0
91,133333	3,772553E+0	3,122260E+0
91,200000	3,784359E+0	3,132434E+0
91,266667	3,787154E+0	3,128700E+0
91,333333	3,783044E+0	3,116225E+0
91,400000	3,778162E+0	3,099348E+0
91,466667	3,768935E+0	3,079907E+0
91,533333	3,759512E+0	3,061700E+0
91,600000	3,751877E+0	3,024029E+0
91,666667	3,737022E+0	2,947343E+0
91,733333	3,706893E+0	2,966738E+0
91,800000	3,660164E+0	2,964641E+0
91,866667	3,619205E+0	2,951356E+0
91,933333	3,594540E+0	2,963800E+0
92,000000	3,578998E+0	2,960531E+0
92,066667	3,556837E+0	2,941429E+0
92,133333	3,532700E+0	2,902300E+0
92,200000	3,486693E+0	2,872858E+0
92,266667	3,432430E+0	2,838389E+0
92,333333	3,404391E+0	2,849511E+0
92,400000	3,374735E+0	2,834188E+0
92,466667	3,349966E+0	2,798374E+0
92,533333	3,317019E+0	2,773328E+0
92,600000	3,274317E+0	2,737513E+0
92,666667	3,222929E+0	2,660219E+0
92,733333	3,188170E+0	2,631949E+0
92,800000	3,176835E+0	2,542653E+0
92,866667	3,157273E+0	2,283393E+0
92,933333	3,121934E+0	2,273932E+0
93,000000	3,086655E+0	2,139353E+0
93,066667	3,061744E+0	2,122393E+0
93,133333	3,048707E+0	2,105470E+0
93,200000	3,045826E+0	2,105365E+0
93,266667	3,056209E+0	2,127781E+0
93,333333	3,095340E+0	2,154330E+0
93,400000	3,127151E+0	2,265726E+0
93,466667	3,150281E+0	2,356209E+0
93,533333	3,158688E+0	2,350581E+0
93,600000	3,163178E+0	2,279087E+0
93,666667	3,181087E+0	2,268702E+0
93,733333	3,183982E+0	2,293274E+0
93,800000	3,188223E+0	2,306139E+0
93,866667	3,204725E+0	2,325730E+0
93,933333	3,227226E+0	2,336092E+0
94,000000	3,255134E+0	2,375619E+0
94,066667	3,284371E+0	2,396171E+0
94,133333	3,306045E+0	2,404039E+0
94,200000	3,322320E+0	2,426914E+0
94,266667	3,328794E+0	2,429025E+0
94,333333	3,341643E+0	2,428078E+0
94,400000	3,357506E+0	2,433474E+0
94,466667	3,377953E+0	2,437599E+0
94,533333	3,395408E+0	2,443739E+0
94,600000	3,428071E+0	2,464111E+0
94,666667	3,446962E+0	2,478020E+0
94,733333	3,457329E+0	2,502165E+0
94,800000	3,467434E+0	2,525941E+0
94,866667	3,476091E+0	2,543758E+0
94,933333	3,482143E+0	2,550438E+0
95,000000	3,488548E+0	2,583480E+0
95,066667	3,495574E+0	2,580880E+0
95,133333	3,496401E+0	2,566985E+0
95,200000	3,493980E+0	2,557231E+0
95,266667	3,492670E+0	2,558997E+0
95,333333	3,493162E+0	2,555518E+0
95,400000	3,489406E+0	2,551768E+0
95,466667	3,487290E+0	2,554624E+0
95,533333	3,485918E+0	2,558201E+0
95,600000	3,483095E+0	2,554128E+0
95,666667	3,482148E+0	2,557765E+0
95,733333	3,474185E+0	2,542307E+0
95,800000	3,471598E+0	2,532073E+0
95,866667	3,471000E+0	2,531915E+0
95,933333	3,471304E+0	2,536168E+0
96,000000	3,471613E+0	2,538189E+0
96,066667	3,471240E+0	2,535184E+0
96,133333	3,471588E+0	2,535244E+0
96,200000	3,473266E+0	2,536341E+0
96,266667	3,473471E+0	2,540429E+0
96,333333	3,477228E+0	2,542796E+0
96,400000	3,480929E+0	2,557705E+0
96,466667	3,488609E+0	2,561402E+0
96,533333	3,488815E+0	2,571441E+0
96,600000	3,488405E+0	2,574297E+0
96,666667	3,487588E+0	2,565445E+0
96,733333	3,485114E+0	2,561650E+0
96,800000	3,483701E+0	2,564723E+0
96,866667	3,481454E+0	2,558606E+0
96,933333	3,482052E+0	2,556352E+0
97,000000	3,479417E+0	2,554233E+0
97,066667	3,476849E+0	2,551114E+0
97,133333	3,476291E+0	2,543713E+0
97,200000	3,475924E+0	2,544502E+0
97,266667	3,476374E+0	2,543337E+0
97,333333	3,472288E+0	2,539963E+0
97,400000	3,468884E+0	2,537941E+0
97,466667	3,460996E+0	2,537100E+0
97,533333	3,456372E+0	2,526617E+0
97,600000	3,449130E+0	2,516983E+0
97,666667	3,441743E+0	2,511505E+0
97,733333	3,438389E+0	2,506914E+0
97,800000	3,437310E+0	2,506974E+0
97,866667	3,438347E+0	2,510934E+0
97,933333	3,439045E+0	2,513399E+0
98,000000	3,435396E+0	2,504945E+0
98,066667	3,431482E+0	2,506388E+0
98,133333	3,426177E+0	2,504847E+0
98,200000	3,417398E+0	2,490735E+0
98,266667	3,409240E+0	2,481650E+0
98,333333	3,403327E+0	2,473436E+0
98,400000	3,405780E+0	2,467199E+0
98,466667	3,405986E+0	2,475743E+0
98,533333	3,403960E+0	2,476224E+0
98,600000	3,398907E+0	2,466711E+0
98,666667	3,385541E+0	2,457836E+0
98,733333	3,371303E+0	2,447789E+0
98,800000	3,367683E+0	2,439358E+0
98,866667	3,370028E+0	2,437336E+0
98,933333	3,373611E+0	2,428364E+0
99,000000	3,373169E+0	2,425336E+0
99,066667	3,371338E+0	2,404167E+0
99,133333	3,366277E+0	2,394022E+0
99,200000	3,365839E+0	2,380421E+0
99,266667	3,363734E+0	2,384073E+0
99,333333	3,365167E+0	2,382292E+0
99,400000	3,366446E+0	2,383111E+0
99,466667	3,365215E+0	2,385388E+0
99,533333	3,365879E+0	2,377468E+0
99,600000	3,365943E+0	2,385786E+0
99,666667	3,364394E+0	2,388379E+0
99,733333	3,361365E+0	2,384952E+0
99,800000	3,355352E+0	2,375987E+0
99,866667	3,353617E+0	2,363213E+0
99,933333	3,356267E+0	2,363325E+0
100,000000	3,357085E+0	2,364054E+0
100,066667	3,349522E+0	2,362221E+0
100,133333	3,344009E+0	2,351873E+0
100,200000	3,339385E+0	2,351760E+0
100,266667	3,340274E+0	2,353368E+0
100,333333	3,339595E+0	2,356908E+0
100,400000	3,336869E+0	2,356269E+0
100,466667	3,335497E+0	2,358095E+0
100,533333	3,330277E+0	2,362333E+0
100,600000	3,323889E+0	2,357426E+0
100,666667	3,317748E+0	2,348386E+0
100,733333	3,311000E+0	2,335897E+0
100,800000	3,311512E+0	2,339497E+0
100,866667	3,311527E+0	2,344494E+0
100,933333	3,310975E+0	2,347823E+0
101,000000	3,306534E+0	2,346132E+0
101,066667	3,299842E+0	2,340158E+0
101,133333	3,295614E+0	2,343254E+0
101,200000	3,287922E+0	2,333169E+0
101,266667	3,283521E+0	2,326091E+0
101,333333	3,278751E+0	2,321649E+0
101,400000	3,280503E+0	2,348191E+0
101,466667	3,279555E+0	2,361830E+0
101,533333	3,281061E+0	2,361033E+0
101,600000	3,278399E+0	2,361650E+0
101,666667	3,272240E+0	2,349078E+0
101,733333	3,268947E+0	2,328555E+0
101,800000	3,268381E+0	2,329900E+0
101,866667	3,271938E+0	2,343126E+0
101,933333	3,276560E+0	2,348469E+0
102,000000	3,278177E+0	2,349709E+0
102,066667	3,278485E+0	2,352331E+0
102,133333	3,277858E+0	2,353549E+0
102,200000	3,269853E+0	2,343645E+0
102,266667	3,252859E+0	2,337054E+0
102,333333	3,221446E+0	2,320387E+0
102,400000	3,200832E+0	2,276900E+0
102,466667	3,185409E+0	2,264674E+0
102,533333	3,173753E+0	2,267387E+0
102,600000	3,161239E+0	2,249457E+0
102,666667	3,153818E+0	2,261563E+0
102,733333	3,150352E+0	2,254785E+0
102,800000	3,148584E+0	2,252801E+0
102,866667	3,149650E+0	2,255747E+0
102,933333	3,150706E+0	2,272406E+0
103,000000	3,152835E+0	2,263742E+0
103,066667	3,151106E+0	2,255551E+0
103,133333	3,151044E+0	2,246211E+0
103,200000	3,151768E+0	2,241507E+0
103,266667	3,151902E+0	2,246323E+0
103,333333	3,153037E+0	2,247428E+0
103,400000	3,150013E+0	2,248953E+0
103,466667	3,144208E+0	2,231422E+0
103,533333	3,137553E+0	2,180030E+0
103,600000	3,133000E+0	2,190092E+0
103,666667	3,133389E+0	2,165369E+0
103,733333	3,130921E+0	2,182983E+0
103,800000	3,128624E+0	2,185621E+0
103,866667	3,128663E+0	2,173515E+0
103,933333	3,121201E+0	2,181352E+0
104,000000	3,118853E+0	2,164730E+0
104,066667	3,116714E+0	2,172372E+0
104,133333	3,108679E+0	2,173409E+0
104,200000	3,098229E+0	2,160342E+0
104,266667	3,079654E+0	2,153804E+0
104,333333	3,045714E+0	2,123663E+0
104,400000	3,024544E+0	2,076637E+0
104,466667	3,021426E+0	2,049164E+0
104,533333	3,025075E+0	2,048908E+0
104,600000	3,027943E+0	2,035878E+0
104,666667	3,027547E+0	2,061923E+0
104,733333	3,026498E+0	2,073879E+0
104,800000	3,017700E+0	2,075029E+0
104,866667	3,015498E+0	2,061728E+0
104,933333	3,014198E+0	2,074976E+0
105,000000	3,016656E+0	2,082799E+0
105,066667	3,023594E+0	2,088547E+0
105,133333	3,026564E+0	2,105553E+0
105,200000	3,026952E+0	2,109475E+0
105,266667	3,025446E+0	2,109295E+0
105,333333	3,024767E+0	2,085669E+0
105,400000	3,024223E+0	2,084647E+0
105,466667	3,025242E+0	2,080176E+0
105,533333	3,024475E+0	2,072519E+0
105,600000	3,020914E+0	2,050358E+0
105,666667	3,020999E+0	2,049524E+0
105,733333	3,022286E+0	2,054724E+0
105,800000	3,021130E+0	2,074480E+0
105,866667	3,019445E+0	2,073766E+0
105,933333	3,017693E+0	2,081739E+0
106,000000	3,014982E+0	2,075359E+0
106,066667	3,011610E+0	2,066199E+0
106,133333	3,011703E+0	2,072639E+0
106,200000	3,011507E+0	2,070099E+0
106,266667	3,016669E+0	2,067304E+0
106,333333	3,012874E+0	2,065395E+0
106,400000	3,009620E+0	2,057016E+0
106,466667	3,010668E+0	2,069701E+0
106,533333	3,013307E+0	2,073338E+0
106,600000	3,019647E+0	2,088074E+0
106,666667	3,026418E+0	2,106590E+0
106,733333	3,028933E+0	2,128435E+0
106,800000	3,032001E+0	2,140984E+0
106,866667	3,028683E+0	2,142487E+0
106,933333	3,022365E+0	2,124587E+0
107,000000	3,003607E+0	2,094987E+0
107,066667	2,979194E+0	2,047698E+0
107,133333	2,970896E+0	2,020383E+0
107,200000	2,969246E+0	2,021615E+0
107,266667	2,968413E+0	2,018046E+0
107,333333	2,971490E+0	2,030242E+0
107,400000	2,968747E+0	2,042596E+0
107,466667	2,961052E+0	2,022720E+0
107,533333	2,950101E+0	1,984508E+0
107,600000	2,943557E+0	1,962829E+0
107,666667	2,944638E+0	1,930674E+0
107,733333	2,946250E+0	1,931688E+0
107,800000	2,949195E+0	1,934138E+0
107,866667	2,954333E+0	1,922641E+0
107,933333	2,960426E+0	1,951760E+0
108,000000	2,964031E+0	1,968968E+0
108,066667	2,964975E+0	1,985432E+0
108,133333	2,964050E+0	1,997944E+0
108,200000	2,963868E+0	1,988829E+0
108,266667	2,965181E+0	1,994645E+0
108,333333	2,967401E+0	1,992226E+0
108,400000	2,968584E+0	2,004294E+0
108,466667	2,968690E+0	1,995449E+0
108,533333	2,967037E+0	1,999064E+0
108,600000	2,965054E+0	1,997779E+0
108,666667	2,960717E+0	1,987521E+0
108,733333	2,948947E+0	1,961100E+0
108,800000	2,927839E+0	1,945936E+0
108,866667	2,904980E+0	1,920326E+0
108,933333	2,890236E+0	1,885887E+0
109,000000	2,883302E+0	1,789806E+0
109,066667	2,873200E+0	1,724376E+0
109,133333	2,864267E+0	1,655858E+0
109,200000	2,871790E+0	1,674164E+0
109,266667	2,889617E+0	1,729629E+0
109,333333	2,886705E+0	1,800063E+0
109,400000	2,888821E+0	1,828077E+0
109,466667	2,886387E+0	1,843242E+0
109,533333	2,884787E+0	1,859120E+0
109,600000	2,885485E+0	1,858166E+0
109,666667	2,884393E+0	1,865763E+0
109,733333	2,888363E+0	1,864177E+0
109,800000	2,888045E+0	1,871301E+0
109,866667	2,888646E+0	1,879349E+0
109,933333	2,889346E+0	1,888720E+0
110,000000	2,893510E+0	1,879590E+0
110,066667	2,899440E+0	1,892252E+0
110,133333	2,915582E+0	1,908566E+0
110,200000	2,911073E+0	1,918658E+0
110,266667	2,912580E+0	1,928885E+0
110,333333	2,913449E+0	1,952150E+0
110,400000	2,921349E+0	1,957704E+0
110,466667	2,917569E+0	1,959890E+0
110,533333	2,921189E+0	1,924903E+0
110,600000	2,943877E+0	1,951474E+0
110,666667	3,009227E+0	2,050411E+0
110,733333	3,082912E+0	2,146222E+0
110,800000	3,136762E+0	2,260902E+0
110,866667	3,206735E+0	2,310378E+0
110,933333	3,259837E+0	2,375108E+0
111,000000	3,290923E+0	2,407804E+0
111,066667	3,323626E+0	2,437449E+0
111,133333	3,327109E+0	2,465463E+0
111,200000	3,337281E+0	2,453861E+0
111,266667	3,340614E+0	2,491133E+0
111,333333	3,343688E+0	2,499812E+0
111,400000	3,354525E+0	2,513203E+0
111,466667	3,370103E+0	2,537573E+0
111,533333	3,384827E+0	2,558606E+0
111,600000	3,395893E+0	2,534169E+0
111,666667	3,396957E+0	2,521319E+0
111,733333	3,403581E+0	2,520312E+0
111,800000	3,410402E+0	2,512497E+0
111,866667	3,408309E+0	2,504178E+0
111,933333	3,403089E+0	2,503953E+0
112,000000	3,399350E+0	2,513001E+0
112,066667	3,400560E+0	2,527068E+0
112,133333	3,406480E+0	2,528090E+0
112,200000	3,414755E+0	2,547598E+0
112,266667	3,422391E+0	2,555623E+0
112,333333	3,432305E+0	2,567970E+0
112,400000	3,444154E+0	2,562454E+0
112,466667	3,450116E+0	2,622886E+0
112,533333	3,459001E+0	2,676600E+0
112,600000	3,479957E+0	2,769315E+0
112,666667	3,502004E+0	2,776950E+0
112,733333	3,511253E+0	2,659625E+0
112,800000	3,513901E+0	2,705419E+0
112,866667	3,517616E+0	2,778318E+0
112,933333	3,516498E+0	2,801793E+0
113,000000	3,515236E+0	2,810690E+0
113,066667	3,515663E+0	2,807527E+0
113,133333	3,524677E+0	2,836525E+0
113,200000	3,531915E+0	2,827666E+0
113,266667	3,532246E+0	2,821669E+0
113,333333	3,536814E+0	2,812441E+0
113,400000	3,542942E+0	2,815710E+0
113,466667	3,557345E+0	2,868613E+0
113,533333	3,580483E+0	2,881185E+0
113,600000	3,588964E+0	2,896409E+0
113,666667	3,586492E+0	2,909236E+0
113,733333	3,586663E+0	2,900264E+0
113,800000	3,575780E+0	2,911867E+0
113,866667	3,534475E+0	2,880275E+0
113,933333	3,436083E+0	2,828335E+0
114,000000	3,343859E+0	2,590265E+0
114,066667	3,271551E+0	2,701549E+0
114,133333	3,245859E+0	2,669161E+0
114,200000	3,239890E+0	2,376093E+0
114,266667	3,236742E+0	2,363941E+0
114,333333	3,235851E+0	2,496716E+0
114,400000	3,235811E+0	2,613275E+0
114,466667	3,245249E+0	2,619016E+0
114,533333	3,244322E+0	2,608443E+0
114,600000	3,245555E+0	2,635135E+0
114,666667	3,240925E+0	2,666884E+0
114,733333	3,237051E+0	2,416498E+0
114,800000	3,235661E+0	2,378835E+0
114,866667	3,238686E+0	2,400981E+0
114,933333	3,235840E+0	2,473624E+0
115,000000	3,244524E+0	2,701398E+0
115,066667	3,281511E+0	2,435788E+0
115,133333	3,331500E+0	2,510378E+0
115,200000	3,364669E+0	2,641845E+0
115,266667	3,382242E+0	2,603589E+0
115,333333	3,380675E+0	2,526534E+0
115,400000	3,362201E+0	2,521815E+0
115,466667	3,351032E+0	2,719276E+0
115,533333	3,319790E+0	2,711656E+0
115,600000	3,294985E+0	2,545929E+0
115,666667	3,258791E+0	2,443258E+0
115,733333	3,206801E+0	2,286271E+0
115,800000	3,166471E+0	2,261916E+0
115,866667	3,153337E+0	2,203596E+0
115,933333	3,143289E+0	2,155705E+0
116,000000	3,129332E+0	2,173184E+0
116,066667	3,132031E+0	2,214462E+0
116,133333	3,134170E+0	2,210193E+0
116,200000	3,130769E+0	2,212951E+0
116,266667	3,130176E+0	2,214071E+0
116,333333	3,128182E+0	2,229919E+0
116,400000	3,131411E+0	2,223329E+0
116,466667	3,137643E+0	2,225095E+0
116,533333	3,168967E+0	2,192414E+0
116,600000	3,204687E+0	2,137933E+0
116,666667	3,232335E+0	2,151768E+0
116,733333	3,254438E+0	2,161086E+0
116,800000	3,262638E+0	2,218519E+0
116,866667	3,269195E+0	2,168570E+0
116,933333	3,271940E+0	2,212748E+0
117,000000	3,270651E+0	2,220203E+0
117,066667	3,265384E+0	2,234082E+0
117,133333	3,256300E+0	2,235014E+0
117,200000	3,253136E+0	2,226680E+0
117,266667	3,242589E+0	2,197050E+0
117,333333	3,222958E+0	2,158207E+0
117,400000	3,194094E+0	2,125760E+0
117,466667	3,159517E+0	2,111039E+0
117,533333	3,127651E+0	2,142960E+0
117,600000	3,092732E+0	2,198606E+0
117,666667	3,071368E+0	1,971861E+0
117,733333	3,061583E+0	1,981390E+0
117,800000	3,064524E+0	1,999823E+0
117,866667	3,070154E+0	1,994067E+0
117,933333	3,076711E+0	2,017910E+0
118,000000	3,069761E+0	2,039056E+0
118,066667	3,066780E+0	2,041025E+0
118,133333	3,058975E+0	2,037531E+0
118,200000	3,053473E+0	2,008915E+0
118,266667	3,047980E+0	1,998237E+0
118,333333	3,039632E+0	1,995081E+0
118,400000	3,030145E+0	1,981367E+0
118,466667	3,019591E+0	1,987852E+0
118,533333	3,007831E+0	1,964715E+0
118,600000	3,004093E+0	1,949415E+0
118,666667	2,991933E+0	1,938962E+0
118,733333	2,988456E+0	1,941893E+0
118,800000	2,979078E+0	1,963911E+0
118,866667	2,977407E+0	1,940991E+0
118,933333	2,978042E+0	1,944598E+0
119,000000	2,975312E+0	1,965128E+0
119,066667	2,976618E+0	1,976407E+0
119,133333	2,968549E+0	1,985823E+0
119,200000	2,964281E+0	1,968036E+0
119,266667	2,958576E+0	1,952706E+0
119,333333	2,947454E+0	1,934664E+0
119,400000	2,942163E+0	1,930058E+0
119,466667	2,939322E+0	1,930388E+0
119,533333	2,939080E+0	1,936227E+0
119,600000	2,937318E+0	1,938805E+0
119,666667	2,940199E+0	1,937542E+0
119,733333	2,931128E+0	1,937632E+0
119,800000	2,927946E+0	1,926533E+0
119,866667	2,916946E+0	1,925782E+0
119,933333	2,904436E+0	1,932763E+0
120,000000	2,904516E+0	1,927285E+0
120,066667	2,902304E+0	1,933522E+0
120,133333	2,903839E+0	1,930358E+0
120,200000	2,900369E+0	1,917343E+0
120,266667	2,896657E+0	1,888119E+0
120,333333	2,892381E+0	1,884061E+0
120,400000	2,888878E+0	1,888299E+0
120,466667	2,887653E+0	1,901885E+0
120,533333	2,888961E+0	1,907687E+0
120,600000	2,888690E+0	1,903674E+0
120,666667	2,883062E+0	1,873540E+0
120,733333	2,876999E+0	1,880304E+0
120,800000	2,869284E+0	1,878019E+0
120,866667	2,867279E+0	1,812785E+0
120,933333	2,868387E+0	1,802543E+0
121,000000	2,868382E+0	1,791023E+0
121,066667	2,869640E+0	1,786469E+0
121,133333	2,865469E+0	1,776505E+0
121,200000	2,864677E+0	1,775671E+0
121,266667	2,863734E+0	1,803505E+0
121,333333	2,864100E+0	1,806856E+0
121,400000	2,863529E+0	1,788663E+0
121,466667	2,861159E+0	1,792361E+0
121,533333	2,856881E+0	1,798117E+0
121,600000	2,854069E+0	1,787386E+0
121,666667	2,850811E+0	1,781577E+0
121,733333	2,847694E+0	1,781697E+0
121,800000	2,841355E+0	1,794915E+0
121,866667	2,836946E+0	1,792368E+0
121,933333	2,828948E+0	1,790542E+0
122,000000	2,820046E+0	1,779766E+0
122,066667	2,817230E+0	1,757200E+0
122,133333	2,808582E+0	1,717553E+0
122,200000	2,803033E+0	1,670016E+0
122,266667	2,795518E+0	1,671774E+0
122,333333	2,789834E+0	1,649058E+0
122,400000	2,783563E+0	1,619646E+0
122,466667	2,774379E+0	1,617361E+0
122,533333	2,763407E+0	1,580089E+0
122,600000	2,751304E+0	1,520446E+0
122,666667	2,746307E+0	1,555388E+0
122,733333	2,747075E+0	1,546416E+0
122,800000	2,747752E+0	1,493506E+0
122,866667	2,751574E+0	1,543621E+0
122,933333	2,760426E+0	1,581284E+0
123,000000	2,764946E+0	1,601941E+0
123,066667	2,764755E+0	1,593390E+0
123,133333	2,763761E+0	1,587746E+0
123,200000	2,759902E+0	1,591158E+0
123,266667	2,755877E+0	1,602715E+0
123,333333	2,752226E+0	1,578774E+0
123,400000	2,752991E+0	1,551804E+0
123,466667	2,749783E+0	1,522302E+0
123,533333	2,749754E+0	1,489621E+0
123,600000	2,750418E+0	1,531996E+0
123,666667	2,748621E+0	1,538105E+0
123,733333	2,746175E+0	1,502253E+0
123,800000	2,744126E+0	1,478492E+0
123,866667	2,742983E+0	1,483609E+0
123,933333	2,740206E+0	1,496023E+0
124,000000	2,738886E+0	1,483692E+0
124,066667	2,740256E+0	1,500870E+0
124,133333	2,737473E+0	1,491860E+0
124,200000	2,738858E+0	1,434945E+0
124,266667	2,740173E+0	1,300998E+0
124,333333	2,735209E+0	1,362835E+0
124,400000	2,729140E+0	1,396087E+0
124,466667	2,729409E+0	1,386897E+0
124,533333	2,729567E+0	1,393104E+0
124,600000	2,729102E+0	1,384034E+0
124,666667	2,726905E+0	1,386912E+0
124,733333	2,725097E+0	1,347964E+0
124,800000	2,723166E+0	1,261456E+0
124,866667	2,720461E+0	1,258533E+0
124,933333	2,712750E+0	1,240145E+0
125,000000	2,708903E+0	1,184229E+0
125,066667	2,703675E+0	1,195696E+0
125,133333	2,695977E+0	1,191766E+0
125,200000	2,695985E+0	1,218706E+0
125,266667	2,692798E+0	1,273231E+0
125,333333	2,687039E+0	1,198664E+0
125,400000	2,679108E+0	1,122677E+0
125,466667	2,668941E+0	1,108925E+0
125,533333	2,658969E+0	1,076086E+0
125,600000	2,646299E+0	9,989945E-1
125,666667	2,631873E+0	9,503977E-1
125,733333	2,624589E+0	7,847089E-1
125,800000	2,622163E+0	7,239085E-1
125,866667	2,620598E+0	6,815338E-1
125,933333	2,616962E+0	7,283947E-1
126,000000	2,618082E+0	7,414626E-1
126,066667	2,620072E+0	7,462794E-1
126,133333	2,615845E+0	7,356838E-1
126,200000	2,617849E+0	7,277710E-1
126,266667	2,615748E+0	6,942410E-1
126,333333	2,611853E+0	6,947595E-1
126,400000	2,605942E+0	7,176564E-1
126,466667	2,601311E+0	6,518438E-1
126,533333	2,596537E+0	5,581896E-1
126,600000	2,593324E+0	5,425142E-1
126,666667	2,591043E+0	5,330910E-1
126,733333	2,588668E+0	5,145826E-1
126,800000	2,587633E+0	5,014772E-1
126,866667	2,583924E+0	4,369871E-1
126,933333	2,583078E+0	4,509041E-1
127,000000	2,580233E+0	4,188018E-1
127,066667	2,579845E+0	4,061924E-1
127,133333	2,575740E+0	4,499422E-1
127,200000	2,574957E+0	5,632244E-1
127,266667	2,575605E+0	3,386138E-1
127,333333	2,575874E+0	2,890627E-1
127,400000	2,576621E+0	2,502274E-1
127,466667	2,576396E+0	2,387527E-1
127,533333	2,575070E+0	2,167575E-1
127,600000	2,574961E+0	2,350705E-1
127,666667	2,575065E+0	2,554350E-1
127,733333	2,575528E+0	2,566223E-1
127,800000	2,575628E+0	2,725232E-1
127,866667	2,576594E+0	2,741388E-1
127,933333	2,580683E+0	2,686682E-1
128,000000	2,588877E+0	2,520760E-1
128,066667	2,598687E+0	2,827355E-1
128,133333	2,608131E+0	3,339097E-1
128,200000	2,618241E+0	3,655611E-1
128,266667	2,631644E+0	4,064479E-1
128,333333	2,644045E+0	5,087212E-1
128,400000	2,657673E+0	5,253059E-1
128,466667	2,672405E+0	5,772917E-1
128,533333	2,683653E+0	6,453512E-1
128,600000	2,697378E+0	6,993359E-1
128,666667	2,711734E+0	7,206021E-1
128,733333	2,731616E+0	7,936888E-1
128,800000	2,754361E+0	8,231009E-1
128,866667	2,768175E+0	8,459827E-1
128,933333	2,787516E+0	9,164995E-1
129,000000	2,813447E+0	9,952372E-1
129,066667	2,836038E+0	1,058675E+0
129,133333	2,861946E+0	1,143214E+0
129,200000	2,885478E+0	1,241129E+0
129,266667	2,909263E+0	1,303395E+0
129,333333	2,926390E+0	1,352067E+0
129,400000	2,924171E+0	1,394960E+0
129,466667	2,903843E+0	1,388715E+0
129,533333	2,879378E+0	1,393194E+0
129,600000	2,868599E+0	1,375783E+0
129,666667	2,851938E+0	1,367494E+0
129,733333	2,842213E+0	1,330763E+0
129,800000	2,818213E+0	1,330770E+0
129,866667	2,781442E+0	1,287479E+0
129,933333	2,751818E+0	1,232825E+0
130,000000	2,729994E+0	1,213814E+0
130,066667	2,720467E+0	1,153261E+0
130,133333	2,711806E+0	1,083624E+0
130,200000	2,705350E+0	1,035846E+0
130,266667	2,690666E+0	1,041437E+0
130,333333	2,681753E+0	9,592349E-1
130,400000	2,670477E+0	8,837059E-1
130,466667	2,664182E+0	7,961611E-1
130,533333	2,658348E+0	7,899240E-1
130,600000	2,651110E+0	7,676208E-1
130,666667	2,645695E+0	7,437921E-1
130,733333	2,637492E+0	7,787198E-1
130,800000	2,628517E+0	8,086278E-1
130,866667	2,622775E+0	7,679439E-1
130,933333	2,615683E+0	7,113441E-1
131,000000	2,608239E+0	6,883721E-1
131,066667	2,603661E+0	6,382950E-1
131,133333	2,600838E+0	6,374609E-1
131,200000	2,601320E+0	6,402939E-1
131,266667	2,603146E+0	6,570514E-1
131,333333	2,602234E+0	6,628977E-1
131,400000	2,598826E+0	5,755107E-1
131,466667	2,596042E+0	5,470455E-1
131,533333	2,592568E+0	5,412593E-1
131,600000	2,594915E+0	5,634874E-1
131,666667	2,603407E+0	5,529520E-1
131,733333	2,609305E+0	5,758865E-1
131,800000	2,613865E+0	5,851745E-1
131,866667	2,619463E+0	5,874213E-1
131,933333	2,624102E+0	5,927942E-1
132,000000	2,634073E+0	6,213496E-1
132,066667	2,644683E+0	6,626272E-1
132,133333	2,655680E+0	7,558004E-1
132,200000	2,665524E+0	8,737867E-1
132,266667	2,677925E+0	9,258326E-1
132,333333	2,686302E+0	9,309951E-1
132,400000	2,694587E+0	9,465728E-1
132,466667	2,699884E+0	1,026889E+0
132,533333	2,705454E+0	1,082414E+0
132,600000	2,711998E+0	1,088380E+0
132,666667	2,717707E+0	1,115313E+0
132,733333	2,730385E+0	1,156643E+0
132,800000	2,742318E+0	1,219202E+0
132,866667	2,758612E+0	1,256977E+0
132,933333	2,775458E+0	1,288862E+0
133,000000	2,791659E+0	1,309978E+0
133,066667	2,809529E+0	1,399401E+0
133,133333	2,828036E+0	1,434614E+0
133,200000	2,844186E+0	1,451702E+0
133,266667	2,853717E+0	1,482144E+0
133,333333	2,864696E+0	1,496692E+0
133,400000	2,875575E+0	1,504147E+0
133,466667	2,883800E+0	1,543568E+0
133,533333	2,894845E+0	1,570974E+0
133,600000	2,908057E+0	1,626183E+0
133,666667	2,913953E+0	1,646134E+0
133,733333	2,916604E+0	1,695392E+0
133,800000	2,914624E+0	1,716538E+0
133,866667	2,912322E+0	1,718673E+0
133,933333	2,906069E+0	1,713480E+0
134,000000	2,893266E+0	1,710129E+0
134,066667	2,878136E+0	1,676012E+0
134,133333	2,866247E+0	1,620292E+0
134,200000	2,854840E+0	1,601558E+0
134,266667	2,840574E+0	1,560483E+0
134,333333	2,829150E+0	1,546574E+0
134,400000	2,820279E+0	1,549234E+0
134,466667	2,807136E+0	1,550654E+0
134,533333	2,805799E+0	1,540652E+0
134,600000	2,794879E+0	1,549317E+0
134,666667	2,788820E+0	1,550549E+0
134,733333	2,776860E+0	1,531582E+0
134,800000	2,765490E+0	1,507693E+0
134,866667	2,752082E+0	1,469377E+0
134,933333	2,743168E+0	1,456061E+0
135,000000	2,737577E+0	1,441377E+0
135,066667	2,732916E+0	1,423109E+0
135,133333	2,728911E+0	1,404834E+0
135,200000	2,721635E+0	1,384943E+0
135,266667	2,714833E+0	1,398011E+0
135,333333	2,712244E+0	1,396403E+0
135,400000	2,711046E+0	1,375384E+0
135,466667	2,710998E+0	1,367983E+0
135,533333	2,708282E+0	1,355779E+0
135,600000	2,705858E+0	1,345702E+0
135,666667	2,700247E+0	1,342531E+0
135,733333	2,696916E+0	1,243293E+0
135,800000	2,694204E+0	1,238702E+0
135,866667	2,692553E+0	1,247952E+0
135,933333	2,687575E+0	1,236898E+0
136,000000	2,685477E+0	1,221606E+0
136,066667	2,682055E+0	1,213971E+0
136,133333	2,679639E+0	1,195020E+0
136,200000	2,675933E+0	1,188692E+0
136,266667	2,675115E+0	1,196733E+0
136,333333	2,672886E+0	1,179570E+0
136,400000	2,670714E+0	1,165532E+0
136,466667	2,669785E+0	1,163631E+0
136,533333	2,667629E+0	1,148640E+0
136,600000	2,667460E+0	1,122128E+0
136,666667	2,664795E+0	1,101711E+0
136,733333	2,664147E+0	1,063875E+0
136,800000	2,662312E+0	1,061486E+0
136,866667	2,661364E+0	1,060223E+0
136,933333	2,659054E+0	1,055947E+0
137,000000	2,656519E+0	1,046231E+0
137,066667	2,653789E+0	1,032352E+0
137,133333	2,652683E+0	1,000558E+0
137,200000	2,650744E+0	9,962066E-1
137,266667	2,648377E+0	9,784121E-1
137,333333	2,644984E+0	9,392311E-1
137,400000	2,640965E+0	9,542001E-1
137,466667	2,638688E+0	9,374802E-1
137,533333	2,636711E+0	9,616245E-1
137,600000	2,634562E+0	9,428982E-1
137,666667	2,631179E+0	9,496989E-1
137,733333	2,631015E+0	9,437323E-1
137,800000	2,629057E+0	9,367287E-1
137,866667	2,625039E+0	9,005686E-1
137,933333	2,623071E+0	9,027103E-1
138,000000	2,618649E+0	8,643258E-1
138,066667	2,615169E+0	8,175251E-1
138,133333	2,610124E+0	7,925617E-1
138,200000	2,608528E+0	7,769163E-1
138,266667	2,606266E+0	7,856633E-1
138,333333	2,603328E+0	8,117689E-1
138,400000	2,601213E+0	7,971155E-1
138,466667	2,599206E+0	8,098903E-1
138,533333	2,597069E+0	8,057948E-1
138,600000	2,596525E+0	7,963866E-1
138,666667	2,596833E+0	8,059977E-1
138,733333	2,596760E+0	8,014213E-1
138,800000	2,595400E+0	7,906905E-1
138,866667	2,596017E+0	7,819586E-1
138,933333	2,594869E+0	7,650809E-1
139,000000	2,593632E+0	7,468730E-1
139,066667	2,593059E+0	7,374423E-1
139,133333	2,591955E+0	7,083007E-1
139,200000	2,590099E+0	6,197190E-1
139,266667	2,586427E+0	5,383812E-1
139,333333	2,585571E+0	4,483416E-1
139,400000	2,585355E+0	4,165174E-1
139,466667	2,583784E+0	3,917719E-1
139,533333	2,583180E+0	4,039906E-1
139,600000	2,583349E+0	4,099271E-1
139,666667	2,583409E+0	4,244077E-1
139,733333	2,583395E+0	4,225441E-1
139,800000	2,583220E+0	4,222059E-1
139,866667	2,582591E+0	4,269401E-1
139,933333	2,582963E+0	4,277667E-1
140,000000	2,584145E+0	4,287662E-1
140,066667	2,584026E+0	4,306448E-1
140,133333	2,583099E+0	4,295928E-1
140,200000	2,582824E+0	4,325610E-1
140,266667	2,581824E+0	4,294951E-1
140,333333	2,582253E+0	4,273609E-1
140,400000	2,581656E+0	4,260835E-1
140,466667	2,580789E+0	4,274962E-1
140,533333	2,578940E+0	4,144359E-1
140,600000	2,578113E+0	4,176446E-1
140,666667	2,578954E+0	4,151197E-1
140,733333	2,579556E+0	4,058693E-1
140,800000	2,578839E+0	4,124144E-1
140,866667	2,578056E+0	3,908326E-1
140,933333	2,577286E+0	3,900586E-1
141,000000	2,576980E+0	2,834869E-1
141,066667	2,575938E+0	2,996282E-1
141,133333	2,576011E+0	3,620969E-1
141,200000	2,576353E+0	3,788318E-1
141,266667	2,576023E+0	3,750971E-1
141,333333	2,575982E+0	3,839042E-1
141,400000	2,575894E+0	3,515539E-1
141,466667	2,575876E+0	3,332184E-1
141,533333	2,576417E+0	3,129966E-1
141,600000	2,576680E+0	3,233367E-1
141,666667	2,576273E+0	3,609772E-1
141,733333	2,575767E+0	3,861210E-1
141,800000	2,575461E+0	3,820631E-1
141,866667	2,575913E+0	3,733462E-1
141,933333	2,575524E+0	3,235621E-1
142,000000	2,574903E+0	3,017849E-1
142,066667	2,574793E+0	3,012138E-1
142,133333	2,574836E+0	3,136504E-1
142,200000	2,575032E+0	3,167239E-1
142,266667	2,575172E+0	3,027393E-1
142,333333	2,574897E+0	3,130267E-1
142,400000	2,574792E+0	3,072405E-1
142,466667	2,574847E+0	3,044451E-1
142,533333	2,574903E+0	3,073757E-1
142,600000	2,574924E+0	3,076312E-1
142,666667	2,574865E+0	3,095550E-1
142,733333	2,574934E+0	3,089087E-1
142,800000	2,574853E+0	3,104868E-1
142,866667	2,575097E+0	3,047231E-1
142,933333	2,578058E+0	3,115012E-1
143,000000	2,583053E+0	3,060682E-1
143,066667	2,588046E+0	3,151608E-1
143,133333	2,594392E+0	3,342178E-1
143,200000	2,595609E+0	3,693710E-1
143,266667	2,598379E+0	3,779676E-1
143,333333	2,600503E+0	3,839793E-1
143,400000	2,603353E+0	4,012177E-1
143,466667	2,607066E+0	4,192602E-1
143,533333	2,609693E+0	4,205678E-1
143,600000	2,612286E+0	4,240620E-1
143,666667	2,615733E+0	4,432092E-1
143,733333	2,617641E+0	4,479433E-1
143,800000	2,620855E+0	4,959464E-1
143,866667	2,622250E+0	5,215035E-1
143,933333	2,627457E+0	5,399893E-1
144,000000	2,632785E+0	5,756911E-1
144,066667	2,637270E+0	6,155484E-1
144,133333	2,639046E+0	5,995198E-1
144,200000	2,638761E+0	5,900139E-1
144,266667	2,639425E+0	5,888416E-1
144,333333	2,639767E+0	6,012632E-1
144,400000	2,641117E+0	6,018719E-1
144,466667	2,644330E+0	6,100928E-1
144,533333	2,648857E+0	6,152628E-1
144,600000	2,655032E+0	6,258584E-1
144,666667	2,663064E+0	6,347406E-1
144,733333	2,669518E+0	6,756124E-1
144,800000	2,674507E+0	7,007561E-1
144,866667	2,677693E+0	7,104349E-1
144,933333	2,681722E+0	7,185356E-1
145,000000	2,685806E+0	7,384642E-1
145,066667	2,687077E+0	7,308820E-1
145,133333	2,689814E+0	7,396666E-1
145,200000	2,691201E+0	7,435441E-1
145,266667	2,693311E+0	7,449268E-1
145,333333	2,696233E+0	7,691763E-1
145,400000	2,699089E+0	7,637733E-1
145,466667	2,703329E+0	7,675682E-1
145,533333	2,704266E+0	7,742862E-1
145,600000	2,704931E+0	7,941848E-1
145,666667	2,702409E+0	7,911339E-1
145,733333	2,701769E+0	7,936212E-1
145,800000	2,699893E+0	7,937039E-1
145,866667	2,698380E+0	7,965444E-1
145,933333	2,696489E+0	7,909610E-1
146,000000	2,695464E+0	7,799522E-1
146,066667	2,694179E+0	7,945154E-1
146,133333	2,693002E+0	7,823719E-1
146,200000	2,691942E+0	7,752556E-1
146,266667	2,691978E+0	7,738579E-1
146,333333	2,690299E+0	7,601288E-1
146,400000	2,689986E+0	7,488118E-1
146,466667	2,688935E+0	7,397417E-1
146,533333	2,687208E+0	7,529072E-1
146,600000	2,685308E+0	7,621276E-1
146,666667	2,681061E+0	7,701382E-1
146,733333	2,675983E+0	7,521107E-1
146,800000	2,670653E+0	7,838523E-1
146,866667	2,667565E+0	7,835141E-1
146,933333	2,663857E+0	7,959207E-1
147,000000	2,658635E+0	7,865876E-1
147,066667	2,651493E+0	7,781036E-1
147,133333	2,642571E+0	7,504575E-1
147,200000	2,635485E+0	6,760707E-1
147,266667	2,625445E+0	6,046973E-1
147,333333	2,615487E+0	5,235249E-1
147,400000	2,610101E+0	4,910770E-1
147,466667	2,607641E+0	4,950823E-1
147,533333	2,605615E+0	4,976898E-1
147,600000	2,602288E+0	5,361344E-1
147,666667	2,601497E+0	5,315730E-1
147,733333	2,600320E+0	5,334066E-1
147,800000	2,598508E+0	5,290556E-1
147,866667	2,596231E+0	5,379529E-1
147,933333	2,594557E+0	5,292210E-1
148,000000	2,590783E+0	5,065645E-1
148,066667	2,586848E+0	4,490630E-1
148,133333	2,584330E+0	4,275864E-1
148,200000	2,582997E+0	4,058467E-1
148,266667	2,580901E+0	3,392075E-1
148,333333	2,579127E+0	3,098931E-1
148,400000	2,578150E+0	3,004323E-1
148,466667	2,577831E+0	3,063763E-1
148,533333	2,576769E+0	3,396959E-1
148,600000	2,577159E+0	3,393352E-1
148,666667	2,576813E+0	3,204135E-1
148,733333	2,579446E+0	3,380502E-1
148,800000	2,582516E+0	3,487735E-1
148,866667	2,590133E+0	3,909829E-1
148,933333	2,599018E+0	4,613869E-1
149,000000	2,604902E+0	4,641523E-1
149,066667	2,611078E+0	5,137409E-1
149,133333	2,620340E+0	5,536133E-1
149,200000	2,627034E+0	5,616238E-1
149,266667	2,635049E+0	5,655539E-1
149,333333	2,642310E+0	6,247387E-1
149,400000	2,650900E+0	6,499426E-1
149,466667	2,657007E+0	6,720580E-1
149,533333	2,659479E+0	7,331815E-1
149,600000	2,664526E+0	7,604369E-1
149,666667	2,665609E+0	7,796366E-1
149,733333	2,666338E+0	7,877674E-1
149,800000	2,667123E+0	7,956351E-1
149,866667	2,666086E+0	8,032248E-1
149,933333	2,668354E+0	8,071775E-1
150,000000	2,669118E+0	8,205309E-1
150,066667	2,670385E+0	8,328548E-1
150,133333	2,673120E+0	8,259639E-1
150,200000	2,677708E+0	8,330502E-1
150,266667	2,684296E+0	8,490111E-1
150,333333	2,687487E+0	8,617107E-1
150,400000	2,691109E+0	8,663322E-1
150,466667	2,695492E+0	8,702398E-1
150,533333	2,699441E+0	8,651599E-1
150,600000	2,702086E+0	8,681733E-1
150,666667	2,706437E+0	8,758381E-1
150,733333	2,709228E+0	8,658062E-1
150,800000	2,713539E+0	8,656033E-1
150,866667	2,718547E+0	8,888008E-1
150,933333	2,723016E+0	8,949702E-1
151,000000	2,725222E+0	8,824209E-1
151,066667	2,729858E+0	9,090676E-1
151,133333	2,732902E+0	9,452653E-1
151,200000	2,737717E+0	9,472116E-1
151,266667	2,740856E+0	9,748727E-1
151,333333	2,744551E+0	9,900070E-1
151,400000	2,744559E+0	1,043691E+0
151,466667	2,745536E+0	1,060824E+0
151,533333	2,742245E+0	1,081910E+0
151,600000	2,736322E+0	1,081940E+0
151,666667	2,729282E+0	1,063124E+0
151,733333	2,720000E+0	1,061794E+0
151,800000	2,712712E+0	1,038566E+0
151,866667	2,707293E+0	1,019201E+0
151,933333	2,705481E+0	1,008162E+0
152,000000	2,703079E+0	9,959210E-1
152,066667	2,697989E+0	1,002008E+0
152,133333	2,692324E+0	9,847544E-1
152,200000	2,687145E+0	9,540198E-1
152,266667	2,681911E+0	9,369993E-1
152,333333	2,678137E+0	9,375403E-1
152,400000	2,673619E+0	9,365935E-1
152,466667	2,669579E+0	8,901233E-1
152,533333	2,663847E+0	8,927384E-1
152,600000	2,658769E+0	8,870724E-1
152,666667	2,657207E+0	8,702323E-1
152,733333	2,654212E+0	8,465689E-1
152,800000	2,652172E+0	8,342450E-1
152,866667	2,648119E+0	8,262720E-1
152,933333	2,644582E+0	8,176303E-1
153,000000	2,642012E+0	8,106567E-1
153,066667	2,639892E+0	8,172320E-1
153,133333	2,637080E+0	8,169089E-1
153,200000	2,634124E+0	7,954322E-1
153,266667	2,631463E+0	7,764730E-1
153,333333	2,627347E+0	7,922686E-1
153,400000	2,626028E+0	7,782464E-1
153,466667	2,622408E+0	7,232247E-1
153,533333	2,620421E+0	6,665498E-1
153,600000	2,616322E+0	6,700290E-1
153,666667	2,610874E+0	6,902357E-1
153,733333	2,607512E+0	7,055354E-1
153,800000	2,606423E+0	6,578479E-1
153,866667	2,605106E+0	6,171640E-1
153,933333	2,603982E+0	5,629689E-1
154,000000	2,601540E+0	5,657493E-1
154,066667	2,601011E+0	5,666210E-1
154,133333	2,599712E+0	5,744812E-1
154,200000	2,597741E+0	5,726853E-1
154,266667	2,596279E+0	5,631417E-1
154,333333	2,594267E+0	5,478571E-1
154,400000	2,592778E+0	5,259146E-1
154,466667	2,591462E+0	5,017026E-1
154,533333	2,591832E+0	5,186930E-1
154,600000	2,592322E+0	5,317459E-1
154,666667	2,592261E+0	5,510658E-1
154,733333	2,593715E+0	5,361569E-1
154,800000	2,593805E+0	5,159953E-1
154,866667	2,593759E+0	5,009436E-1
154,933333	2,594602E+0	4,911446E-1
155,000000	2,592330E+0	5,100062E-1
155,066667	2,589939E+0	4,942106E-1
155,133333	2,587177E+0	5,017702E-1
155,200000	2,587248E+0	5,159653E-1
155,266667	2,585582E+0	5,205717E-1
155,333333	2,583578E+0	4,989222E-1
155,400000	2,581662E+0	4,987343E-1
155,466667	2,578758E+0	5,003049E-1
155,533333	2,577519E+0	4,827208E-1
155,600000	2,575894E+0	4,305471E-1
155,666667	2,577779E+0	4,401808E-1
155,733333	2,579114E+0	4,542932E-1
155,800000	2,579175E+0	4,619355E-1
155,866667	2,576628E+0	4,495815E-1
155,933333	2,576017E+0	2,781666E-1
156,000000	2,576571E+0	2,546685E-1
156,066667	2,577836E+0	2,610259E-1
156,133333	2,582870E+0	4,432392E-1
156,200000	2,589791E+0	4,559764E-1
156,266667	2,600657E+0	4,570886E-1
156,333333	2,611186E+0	6,528883E-1
156,400000	2,621430E+0	7,450996E-1
156,466667	2,628140E+0	7,932906E-1
156,533333	2,630527E+0	7,888720E-1
156,600000	2,635441E+0	7,942073E-1
156,666667	2,633745E+0	7,806586E-1
156,733333	2,632577E+0	7,682896E-1
156,800000	2,634572E+0	7,803805E-1
156,866667	2,635814E+0	7,709197E-1
156,933333	2,639844E+0	7,874292E-1
157,000000	2,651941E+0	8,394826E-1
157,066667	2,661331E+0	8,739520E-1
157,133333	2,670054E+0	8,782578E-1
157,200000	2,675442E+0	9,054456E-1
157,266667	2,678608E+0	9,058138E-1
157,333333	2,684452E+0	9,188891E-1
157,400000	2,691149E+0	9,504353E-1
157,466667	2,699728E+0	9,316564E-1
157,533333	2,707428E+0	9,560262E-1
157,600000	2,726305E+0	8,366572E-1
157,666667	2,734378E+0	8,029242E-1
157,733333	2,743978E+0	9,576117E-1
157,800000	2,758739E+0	9,803659E-1
157,866667	2,761162E+0	1,012896E+0
157,933333	2,767146E+0	1,055128E+0
158,000000	2,768876E+0	1,071585E+0
158,066667	2,776914E+0	1,106400E+0
158,133333	2,787012E+0	1,132574E+0
158,200000	2,796545E+0	1,105611E+0
158,266667	2,800548E+0	1,099532E+0
158,333333	2,802662E+0	1,117875E+0
158,400000	2,806913E+0	1,132386E+0
158,466667	2,814541E+0	1,137939E+0
158,533333	2,825955E+0	1,168020E+0
158,600000	2,837554E+0	1,210973E+0
158,666667	2,854875E+0	1,234358E+0
158,733333	2,874110E+0	1,247546E+0
158,800000	2,888809E+0	1,330725E+0
158,866667	2,899317E+0	1,369854E+0
158,933333	2,903541E+0	1,387415E+0
159,000000	2,908558E+0	1,394870E+0
159,066667	2,911874E+0	1,390466E+0
159,133333	2,920458E+0	1,389594E+0
159,200000	2,923932E+0	1,432067E+0
159,266667	2,925546E+0	1,475103E+0
159,333333	2,932451E+0	1,473660E+0
159,400000	2,936144E+0	1,476636E+0
159,466667	2,941199E+0	1,499397E+0
159,533333	2,939130E+0	1,555614E+0
159,600000	2,940459E+0	1,561453E+0
159,666667	2,945844E+0	1,542584E+0
159,733333	2,948514E+0	1,491267E+0
159,800000	2,949451E+0	1,558424E+0
159,866667	2,956795E+0	1,569268E+0
159,933333	2,960942E+0	1,585898E+0
160,000000	2,960880E+0	1,552142E+0
160,066667	2,959713E+0	1,531763E+0
160,133333	2,961238E+0	1,614536E+0
160,200000	2,976374E+0	1,663891E+0
160,266667	2,985536E+0	1,684699E+0
160,333333	2,993382E+0	1,727435E+0
160,400000	2,991089E+0	1,733243E+0
160,466667	2,993726E+0	1,691027E+0
160,533333	2,995746E+0	1,701682E+0
160,600000	2,997242E+0	1,709753E+0
160,666667	3,001008E+0	1,743756E+0
160,733333	3,000979E+0	1,760747E+0
160,800000	3,000885E+0	1,663982E+0
160,866667	2,997088E+0	1,629159E+0
160,933333	3,001883E+0	1,708964E+0
161,000000	3,008485E+0	1,718357E+0
161,066667	3,008000E+0	1,725030E+0
161,133333	3,007592E+0	1,725285E+0
161,200000	3,005636E+0	1,729231E+0
161,266667	3,001843E+0	1,721160E+0
161,333333	2,989463E+0	1,695468E+0
161,400000	2,965100E+0	1,607795E+0
161,466667	2,934934E+0	1,571530E+0
161,533333	2,917767E+0	1,511819E+0
161,600000	2,908098E+0	1,491222E+0
161,666667	2,901125E+0	1,478064E+0
161,733333	2,894674E+0	1,477034E+0
161,800000	2,894010E+0	1,482783E+0
161,866667	2,887578E+0	1,474043E+0
161,933333	2,884068E+0	1,472563E+0
162,000000	2,874806E+0	1,470804E+0
162,066667	2,860691E+0	1,468310E+0
162,133333	2,848752E+0	1,461644E+0
162,200000	2,834490E+0	1,434855E+0
162,266667	2,822352E+0	1,418826E+0
162,333333	2,809375E+0	1,380419E+0
162,400000	2,798186E+0	1,362595E+0
162,466667	2,779768E+0	1,306558E+0
162,533333	2,770274E+0	1,265476E+0
162,600000	2,749631E+0	1,255512E+0
162,666667	2,728146E+0	1,194704E+0
162,733333	2,711179E+0	1,083436E+0
162,800000	2,701203E+0	9,905706E-1
162,866667	2,697135E+0	9,650887E-1
162,933333	2,690953E+0	9,413051E-1
163,000000	2,688181E+0	9,030935E-1
163,066667	2,683844E+0	8,904164E-1
163,133333	2,680193E+0	8,872904E-1
163,200000	2,676467E+0	8,749139E-1
163,266667	2,675305E+0	8,356878E-1
163,333333	2,685092E+0	8,348462E-1
163,400000	2,705658E+0	1,017060E+0
163,466667	2,728875E+0	1,117394E+0
163,533333	2,743095E+0	1,172934E+0
163,600000	2,754228E+0	1,188542E+0
163,666667	2,762320E+0	1,219224E+0
163,733333	2,767118E+0	1,233900E+0
163,800000	2,776933E+0	1,248456E+0
163,866667	2,786512E+0	1,294948E+0
163,933333	2,801181E+0	1,315328E+0
164,000000	2,823568E+0	1,336098E+0
164,066667	2,846810E+0	1,368516E+0
164,133333	2,868089E+0	1,358920E+0
164,200000	2,887907E+0	1,406390E+0
164,266667	2,907929E+0	1,440431E+0
164,333333	2,926925E+0	1,464582E+0
164,400000	2,944271E+0	1,482046E+0
164,466667	2,966064E+0	1,520032E+0
164,533333	2,984126E+0	1,602542E+0
164,600000	2,997644E+0	1,599386E+0
164,666667	3,013365E+0	1,611748E+0
164,733333	3,035102E+0	1,554374E+0
164,800000	3,048328E+0	1,495820E+0
164,866667	3,065070E+0	1,502456E+0
164,933333	3,080991E+0	1,542794E+0
165,000000	3,100555E+0	1,595712E+0
165,066667	3,132619E+0	1,681701E+0
165,133333	3,159204E+0	1,690035E+0
165,200000	3,182082E+0	1,719289E+0
165,266667	3,207218E+0	1,773236E+0
165,333333	3,232356E+0	1,857835E+0
165,400000	3,263432E+0	1,843632E+0
165,466667	3,287708E+0	1,921822E+0
165,533333	3,314932E+0	1,967698E+0
165,600000	3,344480E+0	2,034623E+0
165,666667	3,377703E+0	2,046706E+0
165,733333	3,397478E+0	2,136460E+0
165,800000	3,414697E+0	2,203708E+0
165,866667	3,438716E+0	2,243092E+0
165,933333	3,454871E+0	2,201071E+0
166,000000	3,475481E+0	2,235871E+0
166,066667	3,488323E+0	2,295394E+0
166,133333	3,497365E+0	2,306387E+0
166,200000	3,504380E+0	2,296716E+0
166,266667	3,526440E+0	2,244783E+0
166,333333	3,540749E+0	2,259955E+0
166,400000	3,551492E+0	2,301736E+0
166,466667	3,566976E+0	2,284843E+0
166,533333	3,582681E+0	2,329096E+0
166,600000	3,600691E+0	2,351730E+0
166,666667	3,612592E+0	2,340008E+0
166,733333	3,616545E+0	2,342435E+0
166,800000	3,619436E+0	2,348995E+0
166,866667	3,620792E+0	2,334853E+0
166,933333	3,621017E+0	2,325422E+0
167,000000	3,622003E+0	2,316960E+0
167,066667	3,616523E+0	2,324933E+0
167,133333	3,611834E+0	2,322919E+0
167,200000	3,604877E+0	2,309957E+0
167,266667	3,606183E+0	2,307011E+0
167,333333	3,599204E+0	2,296040E+0
167,400000	3,581570E+0	2,276585E+0
167,466667	3,549392E+0	2,239192E+0
167,533333	3,507433E+0	2,189273E+0
167,600000	3,480611E+0	2,155104E+0
167,666667	3,461625E+0	2,136378E+0
167,733333	3,451403E+0	2,119027E+0
167,800000	3,439047E+0	2,109107E+0
167,866667	3,406584E+0	2,092463E+0
167,933333	3,350422E+0	2,039244E+0
168,000000	3,277325E+0	2,021405E+0
168,066667	3,242870E+0	1,997546E+0
168,133333	3,220669E+0	1,943043E+0
168,200000	3,196252E+0	1,856730E+0
168,266667	3,166605E+0	1,758522E+0
168,333333	3,103817E+0	1,725481E+0
168,400000	3,058438E+0	1,582103E+0
168,466667	3,040973E+0	1,501569E+0
168,533333	3,034044E+0	1,508054E+0
168,600000	3,022803E+0	1,515238E+0
168,666667	3,015602E+0	1,517605E+0
168,733333	3,009727E+0	1,514028E+0
168,800000	3,000206E+0	1,523760E+0
168,866667	2,982777E+0	1,495888E+0
168,933333	2,949351E+0	1,404022E+0
169,000000	2,918198E+0	1,408997E+0
169,066667	2,903501E+0	1,503560E+0
169,133333	2,889440E+0	1,439529E+0
169,200000	2,877955E+0	1,442324E+0
169,266667	2,861419E+0	1,409824E+0
169,333333	2,849622E+0	1,396989E+0
169,400000	2,856635E+0	1,420720E+0
169,466667	2,868970E+0	1,462584E+0
169,533333	2,879284E+0	1,483489E+0
169,600000	2,882438E+0	1,501351E+0
169,666667	2,884368E+0	1,519251E+0
169,733333	2,891011E+0	1,543703E+0
169,800000	2,906709E+0	1,564857E+0
169,866667	2,921841E+0	1,576219E+0
169,933333	2,934348E+0	1,593570E+0
170,000000	2,938406E+0	1,589925E+0
170,066667	2,942532E+0	1,570110E+0
170,133333	2,945346E+0	1,567645E+0
170,200000	2,947689E+0	1,547408E+0
170,266667	2,950836E+0	1,545868E+0
170,333333	2,959320E+0	1,555058E+0
170,400000	2,966031E+0	1,574521E+0
170,466667	2,984872E+0	1,587806E+0
170,533333	2,998279E+0	1,593104E+0
170,600000	3,015861E+0	1,620164E+0
170,666667	3,030647E+0	1,625823E+0
170,733333	3,042977E+0	1,685669E+0
170,800000	3,057807E+0	1,684722E+0
170,866667	3,076005E+0	1,675772E+0
170,933333	3,093553E+0	1,678312E+0
171,000000	3,115489E+0	1,735347E+0
171,066667	3,137147E+0	1,859526E+0
171,133333	3,164568E+0	1,890952E+0
171,200000	3,194552E+0	1,885444E+0
171,266667	3,225537E+0	1,935446E+0
171,333333	3,249714E+0	1,952872E+0
171,400000	3,267868E+0	2,000747E+0
171,466667	3,283813E+0	2,039056E+0
171,533333	3,300305E+0	2,084294E+0
171,600000	3,323580E+0	2,086691E+0
171,666667	3,356042E+0	2,104155E+0
171,733333	3,374719E+0	2,100774E+0
171,800000	3,392600E+0	2,089765E+0
171,866667	3,422582E+0	2,143524E+0
171,933333	3,446581E+0	2,170727E+0
172,000000	3,478819E+0	2,150490E+0
172,066667	3,502451E+0	2,198666E+0
172,133333	3,520076E+0	2,222577E+0
172,200000	3,541101E+0	2,254311E+0
172,266667	3,552458E+0	2,304576E+0
172,333333	3,566064E+0	2,319403E+0
172,400000	3,586361E+0	2,347492E+0
172,466667	3,609545E+0	2,438185E+0
172,533333	3,625535E+0	2,468913E+0
172,600000	3,645095E+0	2,451915E+0
172,666667	3,657157E+0	2,442341E+0
172,733333	3,664672E+0	2,412591E+0
172,800000	3,668379E+0	2,433677E+0
172,866667	3,679275E+0	2,459407E+0
172,933333	3,687825E+0	2,497738E+0
173,000000	3,686683E+0	2,527707E+0
173,066667	3,677400E+0	2,508229E+0
173,133333	3,674709E+0	2,487714E+0
173,200000	3,677448E+0	2,487233E+0
173,266667	3,691801E+0	2,487962E+0
173,333333	3,709089E+0	2,478674E+0
173,400000	3,714616E+0	2,527196E+0
173,466667	3,718036E+0	2,561868E+0
173,533333	3,724162E+0	2,593331E+0
173,600000	3,726841E+0	2,574132E+0
173,666667	3,736520E+0	2,566835E+0
173,733333	3,735553E+0	2,561815E+0
173,800000	3,714391E+0	2,521800E+0
173,866667	3,666492E+0	2,491674E+0
173,933333	3,618695E+0	2,428334E+0
174,000000	3,601662E+0	2,407368E+0
174,066667	3,601058E+0	2,397156E+0
174,133333	3,602768E+0	2,409382E+0
174,200000	3,604634E+0	2,396615E+0
174,266667	3,604727E+0	2,450607E+0
174,333333	3,599085E+0	2,456506E+0
174,400000	3,584849E+0	2,448924E+0
174,466667	3,557840E+0	2,416641E+0
174,533333	3,538149E+0	2,377701E+0
174,600000	3,520212E+0	2,338414E+0
174,666667	3,500021E+0	2,328247E+0
174,733333	3,476245E+0	2,320327E+0
174,800000	3,457528E+0	2,303697E+0
174,866667	3,447408E+0	2,300278E+0
174,933333	3,450767E+0	2,282070E+0
175,000000	3,449399E+0	2,268559E+0
175,066667	3,446241E+0	2,258392E+0
175,133333	3,437148E+0	2,261886E+0
175,200000	3,413412E+0	2,217896E+0
175,266667	3,389486E+0	2,169998E+0
175,333333	3,383004E+0	2,191377E+0
175,400000	3,381609E+0	2,152361E+0
175,466667	3,383633E+0	2,152083E+0
175,533333	3,377612E+0	2,152008E+0
175,600000	3,373384E+0	2,136475E+0
175,666667	3,367814E+0	2,139894E+0
175,733333	3,364906E+0	2,138369E+0
175,800000	3,358928E+0	2,125061E+0
175,866667	3,355346E+0	2,106364E+0
175,933333	3,346865E+0	2,145230E+0
176,000000	3,333714E+0	2,078809E+0
176,066667	3,326461E+0	2,080822E+0
176,133333	3,315180E+0	2,064621E+0
176,200000	3,303608E+0	2,070197E+0
176,266667	3,288747E+0	2,041574E+0
176,333333	3,277041E+0	1,990212E+0
176,400000	3,265650E+0	1,986522E+0
176,466667	3,251770E+0	1,947769E+0
176,533333	3,241806E+0	1,948949E+0
176,600000	3,225512E+0	1,969148E+0
176,666667	3,219476E+0	1,964474E+0
176,733333	3,211302E+0	1,912609E+0
176,800000	3,206014E+0	1,874690E+0
176,866667	3,204750E+0	1,872939E+0
176,933333	3,198006E+0	1,864914E+0
177,000000	3,185157E+0	1,867709E+0
177,066667	3,174197E+0	1,856866E+0
177,133333	3,164413E+0	1,808096E+0
177,200000	3,143152E+0	1,778872E+0
177,266667	3,125002E+0	1,773176E+0
177,333333	3,117058E+0	1,753653E+0
177,400000	3,111869E+0	1,730538E+0
177,466667	3,109747E+0	1,729982E+0
177,533333	3,112742E+0	1,725022E+0
177,600000	3,102013E+0	1,723783E+0
177,666667	3,095932E+0	1,738150E+0
177,733333	3,089610E+0	1,703937E+0
177,800000	3,085990E+0	1,685007E+0
177,866667	3,077831E+0	1,707897E+0
177,933333	3,063718E+0	1,615099E+0
178,000000	3,053304E+0	1,514081E+0
178,066667	3,034225E+0	1,480844E+0
178,133333	3,022105E+0	1,493341E+0
178,200000	3,004205E+0	1,477320E+0
178,266667	2,995797E+0	1,453882E+0
178,333333	2,971465E+0	1,461809E+0
178,400000	2,950109E+0	1,474674E+0
178,466667	2,942338E+0	1,475524E+0
178,533333	2,941145E+0	1,495092E+0
178,600000	2,941040E+0	1,478665E+0
178,666667	2,935600E+0	1,495016E+0
178,733333	2,934255E+0	1,502674E+0
178,800000	2,928810E+0	1,525338E+0
178,866667	2,923309E+0	1,529320E+0
178,933333	2,910481E+0	1,523557E+0
179,000000	2,898276E+0	1,488915E+0
179,066667	2,887301E+0	1,383605E+0
179,133333	2,879574E+0	1,416730E+0
179,200000	2,869070E+0	1,378518E+0
179,266667	2,868057E+0	1,360250E+0
179,333333	2,862705E+0	1,345446E+0
179,400000	2,864061E+0	1,348272E+0
179,466667	2,856583E+0	1,363729E+0
179,533333	2,850709E+0	1,366457E+0
179,600000	2,834290E+0	1,403579E+0
179,666667	2,817521E+0	1,405555E+0
179,733333	2,817969E+0	1,352803E+0
179,800000	2,809554E+0	1,359446E+0
179,866667	2,810027E+0	1,375948E+0
179,933333	2,802038E+0	1,356350E+0
180,000000	2,791817E+0	1,279822E+0

