date/time: ,11/11/2019,01:14 p.m.
Run 1

time	(V)	(V)
0,000000	2,698978E+0	3,971974E-1
0,066667	2,697999E+0	3,869100E-1
0,133333	2,697376E+0	3,862863E-1
0,200000	2,698780E+0	3,932974E-1
0,266667	2,703654E+0	4,124520E-1
0,333333	2,708026E+0	4,121589E-1
0,400000	2,714591E+0	4,125422E-1
0,466667	2,720646E+0	4,405039E-1
0,533333	2,725747E+0	4,599065E-1
0,600000	2,731033E+0	4,672934E-1
0,666667	2,732935E+0	4,858468E-1
0,733333	2,734220E+0	5,159277E-1
0,800000	2,734922E+0	5,368407E-1
0,866667	2,736671E+0	5,229688E-1
0,933333	2,740148E+0	5,166791E-1
1,000000	2,742705E+0	5,532676E-1
1,066667	2,743737E+0	5,558150E-1
1,133333	2,746038E+0	5,698072E-1
1,200000	2,747915E+0	5,438143E-1
1,266667	2,750077E+0	5,647123E-1
1,333333	2,751393E+0	5,716858E-1
1,400000	2,754361E+0	5,856404E-1
1,466667	2,757387E+0	5,718586E-1
1,533333	2,759652E+0	5,909006E-1
1,600000	2,762443E+0	5,993394E-1
1,666667	2,764957E+0	5,923885E-1
1,733333	2,766017E+0	5,700702E-1
1,800000	2,764138E+0	5,720315E-1
1,866667	2,766766E+0	5,793582E-1
1,933333	2,769466E+0	6,261590E-1
2,000000	2,772111E+0	6,223190E-1
2,066667	2,773667E+0	6,158790E-1
2,133333	2,777231E+0	6,278347E-1
2,200000	2,779778E+0	5,977539E-1
2,266667	2,783267E+0	6,003765E-1
2,333333	2,787632E+0	6,008950E-1
2,400000	2,793906E+0	6,098749E-1
2,466667	2,795191E+0	5,573555E-1
2,533333	2,794139E+0	5,595498E-1
2,600000	2,797653E+0	5,632244E-1
2,666667	2,800375E+0	5,752552E-1
2,733333	2,804233E+0	5,754130E-1
2,800000	2,806840E+0	5,752177E-1
2,866667	2,808651E+0	6,186444E-1
2,933333	2,813547E+0	6,575849E-1
3,000000	2,814930E+0	6,618231E-1
3,066667	2,813833E+0	7,174460E-1
3,133333	2,819152E+0	7,398394E-1
3,200000	2,820860E+0	6,954959E-1
3,266667	2,823282E+0	6,740343E-1
3,333333	2,826875E+0	7,224357E-1
3,400000	2,834849E+0	7,563715E-1
3,466667	2,837725E+0	8,019849E-1
3,533333	2,839271E+0	7,759094E-1
3,600000	2,835321E+0	7,545529E-1
3,666667	2,838348E+0	7,604143E-1
3,733333	2,839337E+0	7,877899E-1
3,800000	2,841785E+0	7,846187E-1
3,866667	2,843107E+0	7,948912E-1
3,933333	2,846125E+0	7,933732E-1
4,000000	2,846790E+0	8,078538E-1
4,066667	2,848254E+0	8,203581E-1
4,133333	2,850220E+0	8,062908E-1
4,200000	2,856906E+0	7,846563E-1
4,266667	2,863473E+0	7,834840E-1
4,333333	2,870272E+0	7,981074E-1
4,400000	2,874598E+0	8,082821E-1
4,466667	2,879696E+0	8,432099E-1
4,533333	2,883937E+0	8,446902E-1
4,600000	2,885785E+0	8,210193E-1
4,666667	2,896568E+0	8,365595E-1
4,733333	2,903524E+0	8,713069E-1
4,800000	2,909081E+0	8,660166E-1
4,866667	2,915005E+0	9,185961E-1
4,933333	2,923442E+0	9,077976E-1
5,000000	2,923776E+0	8,924003E-1
5,066667	2,928352E+0	8,685340E-1
5,133333	2,936608E+0	8,670461E-1
5,200000	2,942730E+0	9,909764E-1
5,266667	2,948172E+0	1,019028E+0
5,333333	2,950615E+0	1,079092E+0
5,400000	2,952344E+0	1,086472E+0
5,466667	2,952942E+0	1,090590E+0
5,533333	2,950903E+0	1,111097E+0
5,600000	2,955270E+0	1,152074E+0
5,666667	2,964362E+0	1,216391E+0
5,733333	2,968565E+0	1,349880E+0
5,800000	2,964000E+0	1,241212E+0
5,866667	2,940736E+0	1,078033E+0
5,933333	2,939718E+0	9,728363E-1
6,000000	2,939687E+0	9,671252E-1
6,066667	2,927215E+0	1,004255E+0
6,133333	2,898950E+0	9,670575E-1
6,200000	2,885678E+0	9,227591E-1
6,266667	2,883814E+0	9,302963E-1
6,333333	2,883256E+0	1,007163E+0
6,400000	2,879751E+0	1,055775E+0
6,466667	2,861722E+0	1,070067E+0
6,533333	2,824957E+0	1,019419E+0
6,600000	2,781938E+0	9,328061E-1
6,666667	2,737292E+0	8,422705E-1
6,733333	2,705270E+0	7,191443E-1
6,800000	2,672566E+0	6,990428E-1
6,866667	2,647636E+0	6,189224E-1
6,933333	2,632408E+0	4,997338E-1
7,000000	2,620711E+0	3,728803E-1
7,066667	2,611578E+0	3,739549E-1
7,133333	2,604617E+0	4,482965E-1
7,200000	2,598449E+0	3,180089E-1
7,266667	2,591335E+0	2,508286E-1
7,333333	2,578154E+0	1,735187E-1
7,400000	2,577386E+0	1,356978E-1
7,466667	2,577702E+0	1,120570E-1
7,533333	2,577638E+0	1,051962E-1
7,600000	2,577623E+0	1,032800E-1
7,666667	2,577733E+0	1,024759E-1
7,733333	2,577723E+0	1,033326E-1
7,800000	2,577819E+0	1,028065E-1
7,866667	2,577829E+0	1,014915E-1
7,933333	2,578052E+0	1,015065E-1
8,000000	2,580583E+0	1,025435E-1
8,066667	2,583540E+0	1,043846E-1
8,133333	2,588556E+0	1,109974E-1
8,200000	2,598168E+0	1,398609E-1
8,266667	2,609280E+0	1,589254E-1
8,333333	2,624716E+0	2,169153E-1
8,400000	2,640084E+0	2,753637E-1
8,466667	2,663459E+0	3,409133E-1
8,533333	2,688058E+0	4,739588E-1
8,600000	2,711713E+0	5,227509E-1
8,666667	2,728863E+0	4,947140E-1
8,733333	2,746717E+0	5,695066E-1
8,800000	2,765063E+0	6,817292E-1
8,866667	2,783629E+0	6,288492E-1
8,933333	2,802698E+0	6,484847E-1
9,000000	2,820352E+0	6,882218E-1
9,066667	2,834088E+0	7,058209E-1
9,133333	2,849460E+0	7,856407E-1
9,200000	2,862690E+0	8,418798E-1
9,266667	2,875804E+0	8,494470E-1
9,333333	2,890336E+0	8,562401E-1
9,400000	2,907463E+0	8,818197E-1
9,466667	2,919329E+0	9,253291E-1
9,533333	2,927594E+0	9,363229E-1
9,600000	2,930393E+0	9,874145E-1
9,666667	2,943109E+0	1,029241E+0
9,733333	2,955281E+0	1,049898E+0
9,800000	2,962204E+0	1,054858E+0
9,866667	2,966609E+0	1,069451E+0
9,933333	2,966312E+0	1,131071E+0
10,000000	2,971244E+0	1,146070E+0
10,066667	2,977192E+0	1,144852E+0
10,133333	2,980625E+0	1,150909E+0
10,200000	2,981194E+0	1,167794E+0
10,266667	2,986707E+0	1,189369E+0
10,333333	2,993872E+0	1,231728E+0
10,400000	2,998515E+0	1,217586E+0
10,466667	2,995572E+0	1,161227E+0
10,533333	2,995459E+0	1,176421E+0
10,600000	2,986088E+0	1,172904E+0
10,666667	2,972339E+0	1,146926E+0
10,733333	2,967018E+0	1,131394E+0
10,800000	2,979109E+0	1,089312E+0
10,866667	2,985399E+0	1,069083E+0
10,933333	2,969551E+0	1,073043E+0
11,000000	2,928146E+0	1,081722E+0
11,066667	2,876849E+0	1,090131E+0
11,133333	2,860942E+0	1,031585E+0
11,200000	2,868711E+0	9,342489E-1
11,266667	2,880173E+0	8,647692E-1
11,333333	2,890340E+0	8,650021E-1
11,400000	2,874152E+0	8,650472E-1
11,466667	2,820554E+0	8,452463E-1
11,533333	2,763792E+0	8,305328E-1
11,600000	2,728623E+0	8,549852E-1
11,666667	2,696408E+0	8,430972E-1
11,733333	2,671120E+0	8,665802E-1
11,800000	2,651864E+0	7,186032E-1
11,866667	2,641698E+0	5,449189E-1
11,933333	2,635020E+0	5,124109E-1
12,000000	2,629315E+0	4,476578E-1
12,066667	2,619128E+0	4,595684E-1
12,133333	2,608841E+0	4,656477E-1
12,200000	2,597989E+0	4,511370E-1
12,266667	2,593399E+0	4,525498E-1
12,333333	2,587494E+0	4,751987E-1
12,400000	2,584334E+0	4,551273E-1
12,466667	2,581901E+0	4,159463E-1
12,533333	2,578471E+0	3,985651E-1
12,600000	2,577090E+0	3,384936E-1
12,666667	2,577636E+0	1,804170E-1
12,733333	2,577790E+0	1,387187E-1
12,800000	2,577613E+0	1,438436E-1
12,866667	2,577646E+0	1,349539E-1
12,933333	2,577584E+0	1,419725E-1
13,000000	2,577561E+0	1,546646E-1
13,066667	2,577621E+0	1,539282E-1
13,133333	2,577677E+0	1,562351E-1
13,200000	2,577777E+0	1,545895E-1
13,266667	2,577696E+0	1,544542E-1
13,333333	2,577634E+0	1,537629E-1
13,400000	2,577675E+0	1,556340E-1
13,466667	2,577581E+0	1,618711E-1
13,533333	2,577548E+0	1,613601E-1
13,600000	2,577640E+0	1,463385E-1
13,666667	2,577709E+0	1,450610E-1
13,733333	2,577679E+0	1,556640E-1
13,800000	2,577575E+0	1,531016E-1
13,866667	2,577688E+0	1,533871E-1
13,933333	2,577606E+0	1,532744E-1
14,000000	2,577781E+0	1,426713E-1
14,066667	2,577798E+0	1,343151E-1
14,133333	2,577629E+0	1,393048E-1
14,200000	2,577521E+0	1,357880E-1
14,266667	2,577656E+0	1,361787E-1
14,333333	2,577708E+0	1,402592E-1
14,400000	2,577631E+0	1,395453E-1
14,466667	2,577809E+0	1,419800E-1
14,533333	2,580256E+0	1,408603E-1
14,600000	2,583697E+0	1,546045E-1
14,666667	2,589118E+0	1,688671E-1
14,733333	2,603911E+0	1,822055E-1
14,800000	2,618803E+0	1,932068E-1
14,866667	2,635982E+0	2,247906E-1
14,933333	2,660425E+0	2,581703E-1
15,000000	2,686087E+0	2,649410E-1
15,066667	2,705470E+0	2,560587E-1
15,133333	2,728211E+0	3,678455E-1
15,200000	2,748873E+0	3,727976E-1
15,266667	2,767654E+0	4,463578E-1
15,333333	2,778624E+0	4,495214E-1
15,400000	2,784875E+0	4,995008E-1
15,466667	2,783952E+0	5,574682E-1
15,533333	2,774388E+0	6,016990E-1
15,600000	2,765990E+0	5,908329E-1
15,666667	2,748773E+0	5,816426E-1
15,733333	2,697076E+0	5,297695E-1
15,800000	2,637499E+0	4,168781E-1
15,866667	2,591259E+0	3,512984E-1
15,933333	2,577284E+0	3,213529E-1
16,000000	2,577379E+0	2,060192E-1
16,066667	2,577448E+0	2,598536E-1
16,133333	2,577588E+0	2,360925E-1
16,200000	2,577442E+0	2,429383E-1
16,266667	2,577431E+0	2,463198E-1
16,333333	2,577488E+0	2,466355E-1
16,400000	2,577421E+0	2,341913E-1
16,466667	2,577369E+0	2,253767E-1
16,533333	2,577377E+0	2,243322E-1
16,600000	2,577488E+0	2,214090E-1
16,666667	2,577415E+0	2,199587E-1
16,733333	2,577475E+0	2,204697E-1
16,800000	2,577421E+0	2,196807E-1
16,866667	2,577459E+0	2,201391E-1
16,933333	2,577394E+0	2,404510E-1
17,000000	2,577432E+0	2,491378E-1
17,066667	2,577586E+0	2,481609E-1
17,133333	2,581066E+0	2,361301E-1
17,200000	2,580033E+0	1,634566E-1
17,266667	2,577673E+0	1,847379E-1
17,333333	2,577640E+0	1,931467E-1
17,400000	2,577759E+0	1,985497E-1
17,466667	2,590580E+0	2,034943E-1
17,533333	2,634158E+0	3,019352E-1
17,600000	2,691696E+0	4,198990E-1
17,666667	2,729913E+0	4,973517E-1
17,733333	2,761114E+0	5,653736E-1
17,800000	2,775233E+0	5,977388E-1
17,866667	2,785027E+0	6,348608E-1
17,933333	2,787510E+0	6,716747E-1
18,000000	2,786054E+0	6,962849E-1
18,066667	2,782619E+0	7,188662E-1
18,133333	2,776789E+0	7,793135E-1
18,200000	2,766627E+0	7,884737E-1
18,266667	2,736821E+0	7,574686E-1
18,333333	2,676086E+0	6,660012E-1
18,400000	2,591930E+0	4,066733E-1
18,466667	2,577300E+0	2,847268E-1
18,533333	2,577406E+0	1,952959E-1
18,600000	2,577609E+0	1,887808E-1
18,666667	2,577750E+0	2,005110E-1
18,733333	2,577746E+0	1,979035E-1
18,800000	2,577806E+0	1,839564E-1
18,866667	2,577709E+0	1,765395E-1
18,933333	2,577752E+0	1,570993E-1
19,000000	2,577679E+0	1,587826E-1
19,066667	2,577690E+0	1,534923E-1
19,133333	2,577554E+0	1,457974E-1
19,200000	2,577604E+0	1,463460E-1
19,266667	2,577715E+0	1,522900E-1
19,333333	2,577369E+0	1,556039E-1
19,400000	2,577417E+0	1,553935E-1
19,466667	2,577513E+0	1,566109E-1
19,533333	2,577608E+0	1,488633E-1
19,600000	2,577498E+0	1,493142E-1
19,666667	2,577338E+0	1,523651E-1
19,733333	2,577446E+0	1,497726E-1
19,800000	2,577388E+0	1,419950E-1
19,866667	2,577446E+0	1,383279E-1
19,933333	2,577486E+0	1,354273E-1
20,000000	2,577409E+0	1,357880E-1
20,066667	2,577498E+0	1,346833E-1
20,133333	2,577577E+0	1,347886E-1
20,200000	2,577575E+0	1,314371E-1
20,266667	2,577486E+0	1,320683E-1
20,333333	2,577623E+0	1,314821E-1
20,400000	2,577440E+0	1,317376E-1
20,466667	2,577473E+0	1,311440E-1
20,533333	2,577431E+0	1,313168E-1
20,600000	2,577436E+0	1,323087E-1
20,666667	2,577550E+0	1,336463E-1
20,733333	2,577446E+0	1,347886E-1
20,800000	2,577563E+0	1,349990E-1
20,866667	2,577479E+0	1,359909E-1
20,933333	2,577500E+0	1,355475E-1
21,000000	2,577484E+0	1,360285E-1
21,066667	2,577573E+0	1,398609E-1
21,133333	2,577373E+0	1,371331E-1
21,200000	2,577429E+0	1,349088E-1
21,266667	2,602184E+0	1,738643E-1
21,333333	2,636316E+0	2,515725E-1
21,400000	2,647742E+0	2,247680E-1
21,466667	2,662474E+0	2,654219E-1
21,533333	2,673724E+0	2,976669E-1
21,600000	2,679674E+0	3,906072E-1
21,666667	2,684632E+0	4,566978E-1
21,733333	2,694777E+0	6,081240E-1
21,800000	2,711232E+0	8,238148E-1
21,866667	2,721767E+0	9,082710E-1
21,933333	2,712310E+0	8,774613E-1
22,000000	2,695283E+0	7,521859E-1
22,066667	2,680912E+0	7,249530E-1
22,133333	2,678960E+0	7,789452E-1
22,200000	2,689974E+0	8,847730E-1
22,266667	2,696516E+0	8,640778E-1
22,333333	2,692871E+0	8,083423E-1
22,400000	2,692382E+0	7,638485E-1
22,466667	2,701190E+0	8,335612E-1
22,533333	2,706918E+0	8,178782E-1
22,600000	2,705146E+0	7,828528E-1
22,666667	2,699951E+0	7,638034E-1
22,733333	2,697312E+0	7,839950E-1
22,800000	2,696729E+0	7,933883E-1
22,866667	2,697689E+0	7,712879E-1
22,933333	2,697235E+0	7,273126E-1
23,000000	2,698187E+0	7,291086E-1
23,066667	2,699293E+0	7,484661E-1
23,133333	2,699876E+0	7,575437E-1
23,200000	2,694567E+0	7,647878E-1
23,266667	2,692680E+0	7,592871E-1
23,333333	2,693434E+0	7,559131E-1
23,400000	2,697568E+0	7,487291E-1
23,466667	2,697572E+0	7,671925E-1
23,533333	2,696116E+0	8,189077E-1
23,600000	2,697453E+0	7,705064E-1
23,666667	2,697822E+0	7,860465E-1
23,733333	2,702417E+0	8,035254E-1
23,800000	2,705127E+0	8,332455E-1
23,866667	2,706324E+0	8,547523E-1
23,933333	2,707755E+0	8,521748E-1
24,000000	2,705004E+0	8,049306E-1
24,066667	2,703825E+0	7,280866E-1
24,133333	2,702484E+0	6,653174E-1
24,200000	2,705289E+0	6,629804E-1
24,266667	2,708640E+0	7,063470E-1
24,333333	2,710178E+0	7,466852E-1
24,400000	2,708565E+0	7,808840E-1
24,466667	2,705187E+0	7,851147E-1
24,533333	2,708105E+0	7,640664E-1
24,600000	2,709394E+0	7,797794E-1
24,666667	2,709472E+0	7,819210E-1
24,733333	2,708859E+0	7,874442E-1
24,800000	2,710411E+0	8,187800E-1
24,866667	2,713100E+0	8,315172E-1
24,933333	2,712929E+0	8,228228E-1
25,000000	2,713623E+0	7,916599E-1
25,066667	2,712321E+0	7,858511E-1
25,133333	2,709948E+0	7,821540E-1
25,200000	2,704975E+0	7,999334E-1
25,266667	2,702090E+0	7,967773E-1
25,333333	2,702586E+0	7,966796E-1
25,400000	2,703146E+0	7,755712E-1
25,466667	2,703131E+0	7,765180E-1
25,533333	2,704035E+0	7,831684E-1
25,600000	2,704981E+0	7,879552E-1
25,666667	2,703729E+0	7,924564E-1
25,733333	2,699892E+0	7,850847E-1
25,800000	2,683496E+0	7,159205E-1
25,866667	2,649750E+0	6,872900E-1
25,933333	2,622027E+0	6,121142E-1
26,000000	2,610293E+0	5,441449E-1
26,066667	2,598414E+0	4,955857E-1
26,133333	2,579623E+0	3,931020E-1
26,200000	2,577600E+0	2,011497E-1
26,266667	2,577417E+0	1,234491E-1
26,333333	2,577790E+0	1,569115E-1
26,400000	2,577444E+0	1,204507E-1
26,466667	2,577479E+0	1,820778E-1
26,533333	2,577642E+0	1,698290E-1
26,600000	2,577582E+0	1,682585E-1
26,666667	2,577592E+0	1,696562E-1
26,733333	2,577625E+0	1,675295E-1
26,800000	2,577529E+0	1,725793E-1
26,866667	2,577579E+0	1,735713E-1
26,933333	2,577611E+0	1,750667E-1
27,000000	2,577619E+0	1,775089E-1
27,066667	2,577565E+0	1,722111E-1
27,133333	2,577577E+0	1,697088E-1
27,200000	2,577557E+0	1,739921E-1
27,266667	2,577534E+0	1,749013E-1
27,333333	2,577559E+0	1,744279E-1
27,400000	2,577469E+0	1,799286E-1
27,466667	2,577421E+0	1,814691E-1
27,533333	2,577538E+0	1,839940E-1
27,600000	2,577550E+0	1,827090E-1
27,666667	2,577456E+0	1,816119E-1
27,733333	2,577517E+0	1,842946E-1
27,800000	2,577532E+0	1,827015E-1
27,866667	2,577586E+0	1,781852E-1
27,933333	2,577469E+0	1,771783E-1
28,000000	2,577459E+0	1,767875E-1
28,066667	2,577519E+0	1,737291E-1
28,133333	2,577488E+0	1,731730E-1
28,200000	2,577642E+0	1,745932E-1
28,266667	2,577746E+0	1,706030E-1
28,333333	2,577581E+0	1,715498E-1
28,400000	2,577523E+0	1,735036E-1
28,466667	2,577638E+0	1,749765E-1
28,533333	2,577765E+0	1,757204E-1
28,600000	2,577671E+0	1,733609E-1
28,666667	2,577698E+0	1,750065E-1
28,733333	2,577621E+0	1,692880E-1
28,800000	2,577582E+0	1,681232E-1
28,866667	2,577415E+0	1,703099E-1
28,933333	2,577507E+0	1,694082E-1
29,000000	2,577559E+0	1,696411E-1
29,066667	2,577592E+0	1,694833E-1
29,133333	2,577546E+0	1,739846E-1
29,200000	2,577681E+0	1,730077E-1
29,266667	2,577746E+0	1,692729E-1
29,333333	2,577525E+0	1,701296E-1
29,400000	2,577669E+0	1,688145E-1
29,466667	2,577683E+0	1,653954E-1
29,533333	2,577636E+0	1,653428E-1
29,600000	2,578819E+0	1,667555E-1
29,666667	2,587739E+0	1,706406E-1
29,733333	2,610622E+0	2,432990E-1
29,800000	2,655045E+0	3,390121E-1
29,866667	2,724735E+0	4,356796E-1
29,933333	2,853921E+0	6,966081E-1
30,000000	3,000649E+0	1,163203E+0
30,066667	3,153197E+0	1,491845E+0
30,133333	3,290086E+0	1,808442E+0
30,200000	3,400394E+0	1,989032E+0
30,266667	3,469369E+0	1,977091E+0
30,333333	3,533348E+0	1,945387E+0
30,400000	3,587227E+0	1,956013E+0
30,466667	3,608297E+0	2,110866E+0
30,533333	3,608408E+0	2,155953E+0
30,600000	3,619397E+0	2,143952E+0
30,666667	3,648476E+0	2,209006E+0
30,733333	3,678548E+0	2,180871E+0
30,800000	3,689035E+0	2,204069E+0
30,866667	3,692497E+0	2,250712E+0
30,933333	3,694421E+0	2,290306E+0
31,000000	3,693451E+0	2,321574E+0
31,066667	3,691603E+0	2,338948E+0
31,133333	3,675575E+0	2,447616E+0
31,200000	3,633683E+0	2,446436E+0
31,266667	3,551952E+0	2,410877E+0
31,333333	3,430789E+0	2,341548E+0
31,400000	3,279232E+0	2,205993E+0
31,466667	3,069748E+0	1,862734E+0
31,533333	2,857283E+0	1,294407E+0
31,600000	2,709311E+0	7,925391E-1
31,666667	2,629363E+0	4,136694E-1
31,733333	2,591830E+0	4,073346E-1
31,800000	2,579121E+0	1,997295E-1
31,866667	2,578708E+0	2,356942E-1
31,933333	2,578250E+0	1,560849E-1
32,000000	2,578229E+0	1,640503E-1
32,066667	2,578131E+0	1,553409E-1
32,133333	2,578115E+0	1,716926E-1
32,200000	2,578104E+0	1,890663E-1
32,266667	2,578154E+0	1,606838E-1
32,333333	2,578208E+0	1,715649E-1
32,400000	2,578292E+0	1,739320E-1
32,466667	2,578211E+0	1,735262E-1
32,533333	2,578267E+0	1,759609E-1
32,600000	2,578194E+0	1,853767E-1
32,666667	2,578406E+0	1,958369E-1
32,733333	2,578413E+0	1,921323E-1
32,800000	2,578313E+0	1,924404E-1
32,866667	2,578312E+0	1,936126E-1
32,933333	2,578413E+0	1,928912E-1
33,000000	2,578250E+0	1,931843E-1
33,066667	2,578233E+0	1,949653E-1
33,133333	2,578142E+0	1,913357E-1
33,200000	2,578135E+0	1,882247E-1
33,266667	2,578100E+0	1,848657E-1
33,333333	2,578167E+0	1,878339E-1
33,400000	2,578198E+0	1,880443E-1
33,466667	2,578102E+0	1,869472E-1
33,533333	2,577990E+0	1,894496E-1
33,600000	2,578088E+0	1,912906E-1
33,666667	2,578110E+0	1,921172E-1
33,733333	2,578081E+0	1,920797E-1
33,800000	2,578150E+0	1,936652E-1
33,866667	2,578075E+0	1,996919E-1
33,933333	2,577925E+0	2,034342E-1
34,000000	2,578129E+0	1,999249E-1
34,066667	2,578075E+0	1,973849E-1
34,133333	2,578156E+0	1,993012E-1
34,200000	2,578156E+0	1,964531E-1
34,266667	2,578154E+0	1,947173E-1
34,333333	2,578198E+0	1,938155E-1
34,400000	2,578215E+0	1,959947E-1
34,466667	2,578094E+0	1,970167E-1
34,533333	2,578142E+0	1,975954E-1
34,600000	2,578086E+0	1,989555E-1
34,666667	2,579214E+0	1,982942E-1
34,733333	2,578462E+0	1,963855E-1
34,800000	2,578244E+0	2,222657E-1
34,866667	2,578108E+0	2,210032E-1
34,933333	2,577992E+0	2,131655E-1
35,000000	2,578156E+0	2,056735E-1
35,066667	2,578275E+0	2,059591E-1
35,133333	2,578263E+0	2,056510E-1
35,200000	2,578286E+0	2,053729E-1
35,266667	2,578206E+0	2,029683E-1
35,333333	2,579854E+0	2,042382E-1
35,400000	2,588808E+0	2,611236E-1
35,466667	2,590910E+0	2,510841E-1
35,533333	2,598912E+0	2,309375E-1
35,600000	2,620705E+0	2,406013E-1
35,666667	2,687793E+0	3,184973E-1
35,733333	2,824264E+0	5,521479E-1
35,800000	2,953763E+0	1,056308E+0
35,866667	3,092097E+0	1,301884E+0
35,933333	3,199032E+0	1,653461E+0
36,000000	3,281338E+0	1,919582E+0
36,066667	3,349591E+0	2,009321E+0
36,133333	3,405197E+0	1,984343E+0
36,200000	3,420429E+0	1,936257E+0
36,266667	3,436029E+0	1,944102E+0
36,333333	3,452242E+0	1,950895E+0
36,400000	3,465701E+0	2,101089E+0
36,466667	3,470048E+0	2,083858E+0
36,533333	3,450141E+0	2,105718E+0
36,600000	3,357935E+0	2,041551E+0
36,666667	3,125568E+0	1,905996E+0
36,733333	2,859964E+0	1,398033E+0
36,800000	2,690112E+0	9,453479E-1
36,866667	2,611047E+0	6,096344E-1
36,933333	2,580391E+0	3,382531E-1
37,000000	2,577469E+0	1,892842E-1
37,066667	2,577881E+0	1,344053E-1
37,133333	2,577784E+0	1,632763E-1
37,200000	2,577990E+0	2,548714E-1
37,266667	2,578021E+0	1,941462E-1
37,333333	2,577988E+0	2,303439E-1
37,400000	2,578002E+0	2,382868E-1
37,466667	2,577888E+0	2,366786E-1
37,533333	2,577925E+0	2,541275E-1
37,600000	2,578025E+0	2,486494E-1
37,666667	2,578006E+0	2,454331E-1
37,733333	2,577892E+0	2,398197E-1
37,800000	2,577806E+0	2,421267E-1
37,866667	2,577915E+0	2,422845E-1
37,933333	2,578104E+0	2,594553E-1
38,000000	2,578085E+0	2,591848E-1
38,066667	2,578044E+0	2,613866E-1
38,133333	2,577960E+0	2,633930E-1
38,200000	2,578102E+0	2,607929E-1
38,266667	2,577992E+0	2,625062E-1
38,333333	2,578004E+0	2,663762E-1
38,400000	2,578033E+0	2,661207E-1
38,466667	2,578179E+0	2,693896E-1
38,533333	2,578538E+0	2,709752E-1
38,600000	2,580404E+0	2,818938E-1
38,666667	2,578373E+0	3,428971E-1
38,733333	2,578146E+0	3,565286E-1
38,800000	2,578652E+0	3,528765E-1
38,866667	2,580568E+0	2,855985E-1
38,933333	2,588141E+0	2,280970E-1
39,000000	2,597381E+0	2,270976E-1
39,066667	2,612327E+0	2,616270E-1
39,133333	2,645307E+0	3,323767E-1
39,200000	2,710167E+0	4,148041E-1
39,266667	2,815359E+0	5,481652E-1
39,333333	2,949811E+0	8,883499E-1
39,400000	3,121909E+0	1,125555E+0
39,466667	3,338994E+0	1,507941E+0
39,533333	3,505873E+0	1,751962E+0
39,600000	3,616360E+0	1,900751E+0
39,666667	3,707191E+0	2,004271E+0
39,733333	3,795954E+0	2,099218E+0
39,800000	3,847504E+0	2,193218E+0
39,866667	3,887907E+0	2,316179E+0
39,933333	3,955825E+0	2,393248E+0
40,000000	3,994153E+0	2,437629E+0
40,066667	4,015124E+0	2,419617E+0
40,133333	4,041126E+0	2,463540E+0
40,200000	4,071250E+0	2,522191E+0
40,266667	4,089912E+0	2,466335E+0
40,333333	4,100849E+0	2,423855E+0
40,400000	4,074764E+0	2,418535E+0
40,466667	4,066861E+0	2,464997E+0
40,533333	4,064743E+0	2,536769E+0
40,600000	4,010118E+0	2,515796E+0
40,666667	3,863578E+0	2,473143E+0
40,733333	3,581510E+0	2,290524E+0
40,800000	3,180647E+0	1,732695E+0
40,866667	2,862225E+0	9,627893E-1
40,933333	2,668187E+0	4,946614E-1
41,000000	2,584494E+0	3,417173E-1
41,066667	2,576292E+0	1,462633E-1
41,133333	2,578892E+0	1,086904E-1
41,200000	2,578679E+0	1,449407E-1
41,266667	2,578675E+0	1,200224E-1
41,333333	2,578737E+0	9,971053E-2
41,400000	2,578700E+0	1,040990E-1
41,466667	2,582241E+0	1,022580E-1
41,533333	2,585602E+0	9,789952E-2
41,600000	2,584499E+0	1,160547E-1
41,666667	2,584969E+0	9,997354E-2
41,733333	2,581551E+0	1,331128E-1
41,800000	2,579629E+0	1,474581E-1
41,866667	2,578869E+0	1,326694E-1
41,933333	2,578821E+0	1,090511E-1
42,000000	2,578590E+0	1,024158E-1
42,066667	2,578458E+0	9,514918E-2
42,133333	2,578563E+0	1,031823E-1
42,200000	2,578535E+0	1,071725E-1
42,266667	2,578437E+0	1,054291E-1
42,333333	2,579312E+0	1,062482E-1
42,400000	2,581408E+0	1,074581E-1
42,466667	2,584192E+0	1,093066E-1
42,533333	2,589047E+0	1,134847E-1
42,600000	2,597652E+0	1,153934E-1
42,666667	2,608770E+0	1,159871E-1
42,733333	2,623610E+0	1,245913E-1
42,800000	2,639144E+0	1,307833E-1
42,866667	2,655193E+0	1,446627E-1
42,933333	2,670064E+0	2,187564E-1
43,000000	2,686835E+0	3,437162E-1
43,066667	2,706866E+0	4,352738E-1
43,133333	2,724689E+0	5,103594E-1
43,200000	2,740535E+0	5,757888E-1
43,266667	2,750693E+0	6,156836E-1
43,333333	2,758922E+0	6,328770E-1
43,400000	2,768154E+0	6,688643E-1
43,466667	2,775996E+0	7,104649E-1
43,533333	2,779568E+0	7,864147E-1
43,600000	2,783621E+0	8,761387E-1
43,666667	2,795614E+0	8,863360E-1
43,733333	2,800479E+0	8,933095E-1
43,800000	2,808449E+0	1,022410E+0
43,866667	2,817832E+0	1,040558E+0
43,933333	2,825159E+0	1,006118E+0
44,000000	2,824336E+0	9,675760E-1
44,066667	2,819888E+0	9,773074E-1
44,133333	2,810708E+0	9,730016E-1
44,200000	2,795989E+0	9,403658E-1
44,266667	2,764238E+0	8,231234E-1
44,333333	2,704348E+0	6,975850E-1
44,400000	2,645330E+0	5,439721E-1
44,466667	2,607052E+0	3,367352E-1
44,533333	2,587337E+0	3,242835E-1
44,600000	2,577679E+0	2,878679E-1
44,666667	2,578204E+0	2,143904E-1
44,733333	2,578404E+0	1,568363E-1
44,800000	2,578442E+0	1,381401E-1
44,866667	2,578356E+0	1,590681E-1
44,933333	2,578435E+0	1,694683E-1
45,000000	2,578540E+0	1,715649E-1
45,066667	2,578385E+0	1,666353E-1
45,133333	2,578344E+0	1,656284E-1
45,200000	2,578269E+0	1,700770E-1
45,266667	2,578240E+0	1,700770E-1
45,333333	2,578429E+0	1,695134E-1
45,400000	2,578496E+0	1,745632E-1
45,466667	2,578325E+0	1,729776E-1
45,533333	2,578225E+0	1,737516E-1
45,600000	2,578233E+0	1,719782E-1
45,666667	2,578231E+0	1,736314E-1
45,733333	2,578233E+0	1,684914E-1
45,800000	2,578006E+0	1,508697E-1
45,866667	2,578161E+0	1,432725E-1
45,933333	2,578231E+0	1,387713E-1
46,000000	2,578156E+0	1,237421E-1
46,066667	2,578313E+0	1,238473E-1
46,133333	2,578308E+0	1,254555E-1
46,200000	2,579871E+0	1,286717E-1
46,266667	2,584474E+0	1,362314E-1
46,333333	2,588456E+0	1,452038E-1
46,400000	2,595182E+0	1,587676E-1
46,466667	2,606550E+0	1,570542E-1
46,533333	2,621821E+0	2,049296E-1
46,600000	2,638055E+0	2,471540E-1
46,666667	2,650675E+0	2,723278E-1
46,733333	2,657019E+0	2,930379E-1
46,800000	2,660400E+0	3,690554E-1
46,866667	2,659717E+0	3,827093E-1
46,933333	2,659742E+0	4,029761E-1
47,000000	2,663164E+0	5,628487E-1
47,066667	2,674230E+0	5,766304E-1
47,133333	2,685985E+0	6,005418E-1
47,200000	2,691120E+0	5,791778E-1
47,266667	2,696070E+0	5,082328E-1
47,333333	2,696395E+0	4,060496E-1
47,400000	2,689980E+0	3,770659E-1
47,466667	2,675038E+0	4,157359E-1
47,533333	2,659075E+0	4,671882E-1
47,600000	2,641602E+0	4,641598E-1
47,666667	2,627888E+0	4,550446E-1
47,733333	2,611026E+0	3,878794E-1
47,800000	2,595769E+0	3,432804E-1
47,866667	2,584238E+0	3,756982E-1
47,933333	2,577938E+0	3,601205E-1
48,000000	2,578004E+0	3,676501E-1
48,066667	2,578235E+0	2,920686E-1
48,133333	2,578285E+0	2,321624E-1
48,200000	2,578242E+0	1,921698E-1
48,266667	2,578094E+0	2,120308E-1
48,333333	2,578310E+0	2,158032E-1
48,400000	2,578308E+0	2,089724E-1
48,466667	2,578131E+0	2,107684E-1
48,533333	2,578154E+0	2,057411E-1
48,600000	2,578275E+0	1,988728E-1
48,666667	2,578906E+0	1,940936E-1
48,733333	2,579573E+0	1,712342E-1
48,800000	2,579925E+0	1,647942E-1
48,866667	2,579758E+0	1,466541E-1
48,933333	2,580308E+0	1,223144E-1
49,000000	2,580358E+0	1,209317E-1
49,066667	2,580641E+0	1,196241E-1
49,133333	2,580606E+0	1,241103E-1
49,200000	2,580585E+0	1,325041E-1
49,266667	2,582774E+0	1,499229E-1
49,333333	2,593382E+0	1,362013E-1
49,400000	2,615771E+0	1,237572E-1
49,466667	2,644041E+0	1,833928E-1
49,533333	2,671687E+0	3,573777E-1
49,600000	2,701138E+0	5,369610E-1
49,666667	2,726041E+0	5,876543E-1
49,733333	2,749821E+0	5,707690E-1
49,800000	2,773500E+0	6,180207E-1
49,866667	2,798594E+0	5,857756E-1
49,933333	2,818152E+0	6,324036E-1
50,000000	2,828304E+0	6,851333E-1
50,066667	2,838135E+0	6,681504E-1
50,133333	2,843455E+0	6,640474E-1
50,200000	2,847869E+0	7,417707E-1
50,266667	2,849466E+0	7,615490E-1
50,333333	2,850570E+0	7,677410E-1
50,400000	2,830323E+0	7,660127E-1
50,466667	2,787310E+0	7,116447E-1
50,533333	2,734295E+0	6,495819E-1
50,600000	2,691274E+0	6,266173E-1
50,666667	2,650290E+0	5,154693E-1
50,733333	2,606648E+0	4,191625E-1
50,800000	2,580108E+0	3,237500E-1
50,866667	2,576990E+0	3,661021E-1
50,933333	2,577792E+0	3,103290E-1
51,000000	2,577908E+0	2,686982E-1
51,066667	2,577956E+0	2,573287E-1
51,133333	2,577969E+0	2,484089E-1
51,200000	2,578050E+0	2,454406E-1
51,266667	2,578106E+0	2,426452E-1
51,333333	2,577888E+0	2,408492E-1
51,400000	2,578071E+0	2,448169E-1
51,466667	2,578248E+0	2,444637E-1
51,533333	2,578202E+0	2,335150E-1
51,600000	2,578165E+0	2,359948E-1
51,666667	2,577981E+0	2,362578E-1
51,733333	2,577786E+0	2,352659E-1
51,800000	2,577986E+0	2,417510E-1
51,866667	2,578048E+0	2,289612E-1
51,933333	2,577994E+0	2,326734E-1
52,000000	2,577886E+0	2,338907E-1
52,066667	2,578031E+0	2,284953E-1
52,133333	2,579935E+0	2,341688E-1
52,200000	2,581826E+0	2,349503E-1
52,266667	2,582507E+0	2,334098E-1
52,333333	2,586819E+0	2,374977E-1
52,400000	2,598370E+0	2,507610E-1
52,466667	2,618553E+0	2,565923E-1
52,533333	2,647357E+0	3,025589E-1
52,600000	2,680882E+0	3,847458E-1
52,666667	2,720786E+0	4,704420E-1
52,733333	2,776643E+0	5,531173E-1
52,800000	2,830566E+0	6,539478E-1
52,866667	2,879199E+0	7,479852E-1
52,933333	2,919416E+0	8,432925E-1
53,000000	2,958520E+0	9,335425E-1
53,066667	2,986247E+0	1,029090E+0
53,133333	3,019468E+0	9,715212E-1
53,200000	3,038970E+0	1,030759E+0
53,266667	3,043058E+0	1,085976E+0
53,333333	3,038062E+0	1,122421E+0
53,400000	3,022826E+0	1,085277E+0
53,466667	3,001687E+0	1,078837E+0
53,533333	2,981342E+0	1,101816E+0
53,600000	2,941355E+0	1,053851E+0
53,666667	2,880057E+0	9,715062E-1
53,733333	2,786835E+0	8,377919E-1
53,800000	2,712127E+0	7,483985E-1
53,866667	2,654988E+0	5,959278E-1
53,933333	2,612084E+0	4,102653E-1
54,000000	2,586606E+0	4,030438E-1
54,066667	2,577802E+0	3,475186E-1
54,133333	2,577173E+0	2,204171E-1
54,200000	2,578000E+0	2,784071E-1
54,266667	2,578238E+0	3,452191E-1
54,333333	2,578152E+0	3,524482E-1
54,400000	2,578148E+0	3,433179E-1
54,466667	2,578061E+0	3,386364E-1
54,533333	2,578086E+0	3,282888E-1
54,600000	2,578513E+0	3,396358E-1
54,666667	2,583222E+0	3,464966E-1
54,733333	2,580708E+0	3,619090E-1
54,800000	2,577950E+0	3,545297E-1
54,866667	2,578077E+0	3,439717E-1
54,933333	2,578331E+0	3,420405E-1
55,000000	2,578119E+0	3,000040E-1
55,066667	2,578194E+0	3,006577E-1
55,133333	2,578312E+0	2,998837E-1
55,200000	2,579946E+0	3,280559E-1
55,266667	2,580071E+0	2,693295E-1
55,333333	2,580093E+0	2,684653E-1
55,400000	2,579568E+0	2,160211E-1
55,466667	2,581004E+0	2,205599E-1
55,533333	2,586475E+0	2,142476E-1
55,600000	2,599054E+0	2,299982E-1
55,666667	2,621450E+0	2,534737E-1
55,733333	2,668058E+0	3,280634E-1
55,800000	2,734791E+0	4,505584E-1
55,866667	2,825672E+0	5,231868E-1
55,933333	2,914470E+0	7,338879E-1
56,000000	3,029624E+0	9,742189E-1
56,066667	3,146055E+0	1,255332E+0
56,133333	3,297539E+0	1,498511E+0
56,200000	3,462023E+0	1,696422E+0
56,266667	3,612726E+0	1,924752E+0
56,333333	3,734033E+0	2,024343E+0
56,400000	3,854665E+0	2,163099E+0
56,466667	3,970650E+0	2,182900E+0
56,533333	4,026119E+0	2,197404E+0
56,600000	4,048210E+0	2,244663E+0
56,666667	4,023634E+0	2,251020E+0
56,733333	3,998359E+0	2,164617E+0
56,800000	3,933778E+0	2,200409E+0
56,866667	3,817278E+0	2,259647E+0
56,933333	3,649455E+0	2,216107E+0
57,000000	3,432924E+0	2,013702E+0
57,066667	3,177942E+0	1,795885E+0
57,133333	2,962640E+0	1,235185E+0
57,200000	2,806982E+0	8,492441E-1
57,266667	2,703009E+0	4,749808E-1
57,333333	2,642323E+0	2,861020E-1
57,400000	2,613015E+0	2,602594E-1
57,466667	2,598633E+0	2,662109E-1
57,533333	2,591632E+0	1,475182E-1
57,600000	2,588679E+0	1,403569E-1
57,666667	2,585480E+0	1,645538E-1
57,733333	2,581616E+0	1,877964E-1
57,800000	2,579281E+0	2,042833E-1
57,866667	2,578787E+0	1,803569E-1
57,933333	2,578702E+0	1,860455E-1
58,000000	2,578658E+0	1,938155E-1
58,066667	2,578740E+0	2,023746E-1
58,133333	2,578619E+0	1,992861E-1
58,200000	2,578606E+0	2,017509E-1
58,266667	2,578546E+0	1,926808E-1
58,333333	2,578502E+0	1,908473E-1
58,400000	2,578542E+0	1,902085E-1
58,466667	2,578665E+0	1,891490E-1
58,533333	2,578696E+0	1,886906E-1
58,600000	2,579046E+0	1,866992E-1
58,666667	2,580010E+0	1,907872E-1
58,733333	2,578423E+0	1,942589E-1
58,800000	2,579635E+0	1,961976E-1
58,866667	2,583032E+0	2,085892E-1
58,933333	2,584909E+0	2,361451E-1
59,000000	2,584940E+0	2,161263E-1
59,066667	2,582555E+0	1,981890E-1
59,133333	2,580262E+0	1,159195E-1
59,200000	2,579158E+0	1,013562E-1
59,266667	2,579733E+0	9,863594E-2
59,333333	2,581716E+0	9,575035E-2
59,400000	2,584547E+0	9,803478E-2
59,466667	2,581564E+0	1,148900E-1
59,533333	2,583030E+0	1,820252E-1
59,600000	2,583222E+0	1,722562E-1
59,666667	2,585819E+0	1,877287E-1
59,733333	2,588641E+0	2,025399E-1
59,800000	2,592295E+0	1,915386E-1
59,866667	2,593471E+0	1,935149E-1
59,933333	2,593886E+0	1,829570E-1
60,000000	2,594090E+0	1,805974E-1
60,066667	2,590097E+0	2,574114E-1
60,133333	2,594107E+0	2,067857E-1
60,200000	2,603375E+0	2,150893E-1
60,266667	2,607479E+0	2,055383E-1
60,333333	2,621913E+0	2,056209E-1
60,400000	2,638565E+0	2,340335E-1
60,466667	2,655720E+0	2,993352E-1
60,533333	2,669800E+0	4,187417E-1
60,600000	2,685685E+0	6,133241E-1
60,666667	2,701844E+0	6,720805E-1
60,733333	2,709944E+0	6,802263E-1
60,800000	2,737973E+0	7,213836E-1
60,866667	2,761020E+0	6,819321E-1
60,933333	2,801567E+0	6,864258E-1
61,000000	2,840047E+0	7,421163E-1
61,066667	2,881550E+0	8,853441E-1
61,133333	2,920354E+0	9,329113E-1
61,200000	2,963971E+0	9,951320E-1
61,266667	3,011932E+0	9,766537E-1
61,333333	3,034764E+0	9,853856E-1
61,400000	3,060290E+0	1,038371E+0
61,466667	3,087161E+0	1,074073E+0
61,533333	3,091845E+0	1,126697E+0
61,600000	3,088748E+0	1,141974E+0
61,666667	3,092605E+0	1,145724E+0
61,733333	3,092516E+0	1,154058E+0
61,800000	3,082870E+0	1,152307E+0
61,866667	3,079283E+0	1,156432E+0
61,933333	3,075676E+0	1,160746E+0
62,000000	3,078765E+0	1,171063E+0
62,066667	3,083591E+0	1,220652E+0
62,133333	3,089445E+0	1,248140E+0
62,200000	3,091789E+0	1,251552E+0
62,266667	3,092722E+0	1,252318E+0
62,333333	3,091641E+0	1,255437E+0
62,400000	3,097379E+0	1,218473E+0
62,466667	3,098608E+0	1,222583E+0
62,533333	3,099037E+0	1,237342E+0
62,600000	3,097608E+0	1,250875E+0
62,666667	3,098783E+0	1,267490E+0
62,733333	3,097516E+0	1,270150E+0
62,800000	3,098725E+0	1,291740E+0
62,866667	3,098427E+0	1,315290E+0
62,933333	3,096956E+0	1,303207E+0
63,000000	3,098004E+0	1,288696E+0
63,066667	3,099158E+0	1,291484E+0
63,133333	3,102544E+0	1,307558E+0
63,200000	3,100876E+0	1,322053E+0
63,266667	3,100730E+0	1,348738E+0
63,333333	3,100080E+0	1,336331E+0
63,400000	3,095119E+0	1,308880E+0
63,466667	3,096031E+0	1,264747E+0
63,533333	3,097300E+0	1,271541E+0
63,600000	3,103217E+0	1,285202E+0
63,666667	3,103965E+0	1,292446E+0
63,733333	3,109247E+0	1,284759E+0
63,800000	3,110066E+0	1,276628E+0
63,866667	3,109270E+0	1,289575E+0
63,933333	3,109845E+0	1,303778E+0
64,000000	3,110597E+0	1,309842E+0
64,066667	3,106956E+0	1,318882E+0
64,133333	3,106314E+0	1,298864E+0
64,200000	3,110272E+0	1,299833E+0
64,266667	3,111149E+0	1,326682E+0
64,333333	3,110753E+0	1,271608E+0
64,400000	3,114667E+0	1,236485E+0
64,466667	3,124725E+0	1,247997E+0
64,533333	3,130088E+0	1,285382E+0
64,600000	3,134243E+0	1,293573E+0
64,666667	3,156694E+0	1,332251E+0
64,733333	3,197422E+0	1,347265E+0
64,800000	3,239165E+0	1,432360E+0
64,866667	3,270018E+0	1,539600E+0
64,933333	3,317540E+0	1,585582E+0
65,000000	3,363402E+0	1,699646E+0
65,066667	3,411577E+0	1,763602E+0
65,133333	3,472040E+0	1,808427E+0
65,200000	3,532251E+0	1,823125E+0
65,266667	3,578888E+0	1,805038E+0
65,333333	3,614384E+0	1,874164E+0
65,400000	3,651552E+0	2,099015E+0
65,466667	3,676732E+0	2,121086E+0
65,533333	3,690828E+0	2,057272E+0
65,600000	3,716751E+0	2,012966E+0
65,666667	3,742666E+0	2,041138E+0
65,733333	3,753116E+0	2,057377E+0
65,800000	3,746484E+0	2,089885E+0
65,866667	3,732462E+0	2,091027E+0
65,933333	3,721848E+0	2,100428E+0
66,000000	3,720780E+0	2,105989E+0
66,066667	3,702919E+0	2,110911E+0
66,133333	3,693640E+0	2,085887E+0
66,200000	3,699239E+0	2,106011E+0
66,266667	3,702890E+0	2,106500E+0
66,333333	3,704009E+0	2,122340E+0
66,400000	3,707195E+0	2,128352E+0
66,466667	3,717924E+0	2,105906E+0
66,533333	3,722354E+0	2,080965E+0
66,600000	3,709586E+0	2,101052E+0
66,666667	3,681076E+0	2,090832E+0
66,733333	3,660831E+0	2,085632E+0
66,800000	3,644131E+0	2,069505E+0
66,866667	3,621836E+0	2,078298E+0
66,933333	3,597925E+0	2,080800E+0
67,000000	3,580823E+0	2,058459E+0
67,066667	3,552652E+0	2,040740E+0
67,133333	3,476991E+0	1,976054E+0
67,200000	3,355417E+0	1,818173E+0
67,266667	3,190372E+0	1,532093E+0
67,333333	3,016369E+0	1,347941E+0
67,400000	2,856543E+0	9,850474E-1
67,466667	2,746067E+0	5,666886E-1
67,533333	2,683215E+0	3,868574E-1
67,600000	2,644433E+0	2,621380E-1
67,666667	2,618599E+0	2,496338E-1
67,733333	2,596890E+0	2,171858E-1
67,800000	2,583332E+0	1,410332E-1
67,866667	2,577432E+0	1,594063E-1
67,933333	2,575197E+0	1,070673E-1
68,000000	2,577165E+0	1,012360E-1
68,066667	2,578662E+0	8,867162E-2
68,133333	2,578754E+0	8,731148E-2
68,200000	2,579702E+0	9,113640E-2
68,266667	2,580060E+0	8,574094E-2
68,333333	2,579217E+0	8,843115E-2
68,400000	2,578839E+0	8,968609E-2
68,466667	2,578700E+0	9,176011E-2
68,533333	2,579023E+0	8,857393E-2
68,600000	2,579950E+0	9,747119E-2
68,666667	2,582768E+0	1,121997E-1
68,733333	2,580100E+0	1,547773E-1
68,800000	2,578662E+0	1,310238E-1
68,866667	2,578712E+0	1,306931E-1
68,933333	2,578792E+0	1,298740E-1
69,000000	2,578783E+0	1,272514E-1
69,066667	2,578756E+0	1,259664E-1
69,133333	2,578702E+0	1,209317E-1
69,200000	2,578758E+0	1,155437E-1
69,266667	2,578631E+0	1,155888E-1
69,333333	2,578537E+0	1,156489E-1
69,400000	2,578596E+0	1,153484E-1
69,466667	2,578431E+0	1,149275E-1
69,533333	2,579179E+0	1,153559E-1
69,600000	2,581014E+0	9,913191E-2
69,666667	2,580262E+0	9,126415E-2
69,733333	2,579150E+0	9,258671E-2
69,800000	2,579448E+0	9,296996E-2
69,866667	2,578910E+0	8,979129E-2
69,933333	2,578577E+0	8,907741E-2
70,000000	2,578604E+0	8,953580E-2
70,066667	2,580083E+0	9,882381E-2
70,133333	2,580418E+0	1,891189E-1
70,200000	2,578925E+0	1,203305E-1
70,266667	2,578689E+0	1,211045E-1
70,333333	2,578910E+0	1,262821E-1
70,400000	2,584721E+0	1,272064E-1
70,466667	2,588629E+0	1,321134E-1
70,533333	2,588196E+0	1,296636E-1
70,600000	2,584980E+0	1,147848E-1
70,666667	2,580877E+0	1,117489E-1
70,733333	2,578660E+0	1,063985E-1
70,800000	2,578310E+0	1,086904E-1
70,866667	2,578198E+0	1,128761E-1
70,933333	2,578250E+0	9,089593E-2
71,000000	2,579743E+0	8,727391E-2
71,066667	2,580591E+0	8,767218E-2
71,133333	2,579987E+0	8,752941E-2
71,200000	2,583082E+0	8,798779E-2
71,266667	2,584934E+0	9,850068E-2
71,333333	2,583086E+0	9,039997E-2
71,400000	2,580877E+0	8,949822E-2
71,466667	2,579989E+0	1,049707E-1
71,533333	2,577130E+0	1,353972E-1
71,600000	2,580935E+0	1,652301E-1
71,666667	2,587756E+0	2,168853E-1
71,733333	2,591589E+0	2,452002E-1
71,800000	2,603553E+0	2,516552E-1
71,866667	2,612150E+0	2,560813E-1
71,933333	2,628665E+0	3,141313E-1
72,000000	2,631292E+0	3,701675E-1
72,066667	2,628045E+0	3,535227E-1
72,133333	2,644732E+0	3,174753E-1
72,200000	2,661904E+0	4,486647E-1
72,266667	2,684400E+0	4,429311E-1
72,333333	2,728405E+0	5,192040E-1
72,400000	2,773378E+0	6,224994E-1
72,466667	2,835038E+0	7,288681E-1
72,533333	2,915886E+0	7,931854E-1
72,600000	3,050332E+0	9,652766E-1
72,666667	3,238834E+0	1,243263E+0
72,733333	3,448441E+0	1,508114E+0
72,800000	3,653424E+0	1,627341E+0
72,866667	3,849583E+0	1,750301E+0
72,933333	4,038714E+0	1,826680E+0
73,000000	4,187610E+0	2,016475E+0
73,066667	4,257238E+0	2,258805E+0
73,133333	4,324374E+0	2,373012E+0
73,200000	4,383875E+0	2,379970E+0
73,266667	4,383594E+0	2,480275E+0
73,333333	4,290522E+0	2,567894E+0
73,400000	4,117875E+0	2,491546E+0
73,466667	3,866231E+0	2,317246E+0
73,533333	3,578709E+0	2,176723E+0
73,600000	3,233068E+0	1,826078E+0
73,666667	2,947649E+0	1,185213E+0
73,733333	2,760599E+0	6,273538E-1
73,800000	2,675107E+0	3,240656E-1
73,866667	2,627799E+0	2,187864E-1
73,933333	2,603830E+0	2,161639E-1
74,000000	2,592778E+0	1,483899E-1
74,066667	2,589241E+0	1,294382E-1
74,133333	2,585809E+0	1,608265E-1
74,200000	2,583124E+0	1,901710E-1
74,266667	2,580681E+0	1,832575E-1
74,333333	2,580989E+0	1,505015E-1
74,400000	2,579535E+0	1,245913E-1
74,466667	2,579008E+0	1,389291E-1
74,533333	2,579069E+0	1,457448E-1
74,600000	2,578898E+0	1,379522E-1
74,666667	2,578714E+0	1,428517E-1
74,733333	2,578744E+0	1,414390E-1
74,800000	2,578764E+0	1,423708E-1
74,866667	2,578852E+0	1,386285E-1
74,933333	2,578689E+0	1,379447E-1
75,000000	2,578881E+0	1,452639E-1
75,066667	2,578852E+0	1,506293E-1
75,133333	2,578779E+0	1,513657E-1
75,200000	2,578785E+0	1,491489E-1
75,266667	2,578923E+0	1,522299E-1
75,333333	2,579058E+0	1,512530E-1
75,400000	2,579104E+0	1,542363E-1
75,466667	2,578533E+0	1,621416E-1
75,533333	2,578717E+0	1,639075E-1
75,600000	2,578587E+0	1,659289E-1
75,666667	2,578619E+0	1,670486E-1
75,733333	2,578623E+0	1,685290E-1
75,800000	2,578689E+0	1,679729E-1
75,866667	2,578550E+0	1,661544E-1
75,933333	2,578681E+0	1,665451E-1
76,000000	2,578798E+0	1,665226E-1
76,066667	2,578646E+0	1,639000E-1
76,133333	2,578660E+0	1,640278E-1
76,200000	2,579096E+0	1,634116E-1
76,266667	2,578717E+0	1,642983E-1
76,333333	2,578613E+0	1,628555E-1
76,400000	2,578765E+0	1,632838E-1
76,466667	2,578669E+0	1,641705E-1
76,533333	2,578642E+0	1,643734E-1
76,600000	2,578642E+0	1,642306E-1
76,666667	2,578529E+0	1,627578E-1
76,733333	2,578563E+0	1,632913E-1
76,800000	2,578644E+0	1,631486E-1
76,866667	2,578550E+0	1,635393E-1
76,933333	2,578665E+0	1,638474E-1
77,000000	2,578794E+0	1,654180E-1
77,066667	2,578737E+0	1,667781E-1
77,133333	2,578756E+0	1,646440E-1
77,200000	2,578667E+0	1,618560E-1
77,266667	2,578700E+0	1,624046E-1
77,333333	2,578733E+0	1,616532E-1
77,400000	2,578665E+0	1,614728E-1
77,466667	2,578715E+0	1,610745E-1
77,533333	2,578623E+0	1,589178E-1
77,600000	2,578600E+0	1,582941E-1
77,666667	2,578712E+0	1,594965E-1
77,733333	2,578765E+0	1,613225E-1
77,800000	2,578850E+0	1,609318E-1
77,866667	2,582420E+0	2,071464E-1
77,933333	2,579758E+0	3,355855E-1
78,000000	2,579898E+0	2,106181E-1
78,066667	2,578331E+0	1,124778E-1
78,133333	2,578177E+0	1,750141E-1
78,200000	2,578519E+0	1,307833E-1
78,266667	2,578285E+0	2,031186E-1
78,333333	2,578654E+0	2,625513E-1
78,400000	2,578619E+0	2,770469E-1
78,466667	2,579119E+0	2,732746E-1
78,533333	2,578752E+0	2,728839E-1
78,600000	2,578754E+0	2,723052E-1
78,666667	2,578858E+0	2,770544E-1
78,733333	2,579266E+0	2,938570E-1
78,800000	2,578306E+0	2,968553E-1
78,866667	2,578615E+0	2,904154E-1
78,933333	2,578677E+0	2,830436E-1
79,000000	2,578508E+0	2,812325E-1
79,066667	2,579618E+0	2,894685E-1
79,133333	2,580631E+0	2,291866E-1
79,200000	2,580645E+0	2,128800E-1
79,266667	2,578683E+0	2,237686E-1
79,333333	2,578665E+0	2,214241E-1
79,400000	2,579235E+0	2,157280E-1
79,466667	2,579221E+0	2,185685E-1
79,533333	2,578683E+0	2,167275E-1
79,600000	2,578540E+0	2,060042E-1
79,666667	2,578608E+0	2,138268E-1
79,733333	2,578802E+0	2,055683E-1
79,800000	2,579035E+0	2,068308E-1
79,866667	2,581697E+0	2,145858E-1
79,933333	2,589064E+0	2,332295E-1
80,000000	2,598583E+0	2,535113E-1
80,066667	2,606027E+0	2,535263E-1
80,133333	2,620222E+0	2,615895E-1
80,200000	2,647703E+0	2,560888E-1
80,266667	2,686729E+0	3,347513E-1
80,333333	2,753518E+0	4,580730E-1
80,400000	2,866668E+0	6,066436E-1
80,466667	3,039380E+0	8,525054E-1
80,533333	3,232729E+0	1,165239E+0
80,600000	3,439549E+0	1,491274E+0
80,666667	3,618980E+0	1,821795E+0
80,733333	3,756336E+0	2,019549E+0
80,800000	3,895253E+0	2,135942E+0
80,866667	4,034075E+0	2,507748E+0
80,933333	4,152017E+0	2,639396E+0
81,000000	4,260108E+0	2,585990E+0
81,066667	4,277594E+0	2,617303E+0
81,133333	4,246819E+0	2,614958E+0
81,200000	4,090012E+0	2,555278E+0
81,266667	3,864854E+0	2,360838E+0
81,333333	3,666886E+0	2,114195E+0
81,400000	3,502297E+0	1,964189E+0
81,466667	3,315089E+0	1,809606E+0
81,533333	3,120859E+0	1,488133E+0
81,600000	2,926140E+0	9,716715E-1
81,666667	2,754990E+0	5,436114E-1
81,733333	2,651681E+0	3,251928E-1
81,800000	2,600599E+0	2,605374E-1
81,866667	2,581653E+0	1,892316E-1
81,933333	2,580258E+0	1,348412E-1
82,000000	2,578392E+0	1,425887E-1
82,066667	2,576175E+0	1,265376E-1
82,133333	2,577742E+0	1,122674E-1
82,200000	2,579071E+0	9,860589E-2
82,266667	2,579225E+0	7,685120E-2
82,333333	2,579154E+0	7,716681E-2
82,400000	2,579098E+0	7,767029E-2
82,466667	2,578954E+0	7,962408E-2
82,533333	2,578940E+0	8,290794E-2
82,600000	2,578933E+0	8,748432E-2
82,666667	2,578854E+0	8,798028E-2
82,733333	2,578527E+0	8,782999E-2
82,800000	2,578762E+0	8,895717E-2
82,866667	2,578764E+0	9,118900E-2
82,933333	2,578777E+0	9,128669E-2
83,000000	2,578731E+0	9,095605E-2
83,066667	2,578842E+0	9,133178E-2
83,133333	2,578631E+0	9,157976E-2
83,200000	2,578644E+0	9,250405E-2
83,266667	2,579262E+0	9,090345E-2
83,333333	2,579993E+0	9,053524E-2
83,400000	2,580312E+0	9,579544E-2
83,466667	2,579837E+0	1,030695E-1
83,533333	2,579608E+0	1,045875E-1
83,600000	2,579300E+0	1,067517E-1
83,666667	2,579012E+0	1,072176E-1
83,733333	2,578662E+0	1,050534E-1
83,800000	2,579825E+0	1,083523E-1
83,866667	2,582247E+0	9,767408E-2
83,933333	2,583191E+0	9,319539E-2
84,000000	2,580625E+0	8,945314E-2
84,066667	2,578700E+0	8,825832E-2
84,133333	2,578796E+0	9,094102E-2
84,200000	2,579596E+0	8,773981E-2
84,266667	2,579075E+0	8,492185E-2
84,333333	2,579191E+0	8,538024E-2
84,400000	2,581685E+0	8,575597E-2
84,466667	2,590143E+0	8,560568E-2
84,533333	2,597552E+0	8,830341E-2
84,600000	2,606210E+0	1,608040E-1
84,666667	2,615495E+0	1,925531E-1
84,733333	2,624658E+0	2,015931E-1
84,800000	2,632623E+0	2,086418E-1
84,866667	2,637640E+0	2,087094E-1
84,933333	2,641585E+0	2,199662E-1
85,000000	2,650033E+0	2,783920E-1
85,066667	2,663638E+0	3,213904E-1
85,133333	2,678221E+0	2,967727E-1
85,200000	2,701444E+0	3,045052E-1
85,266667	2,701401E+0	3,730306E-1
85,333333	2,681036E+0	4,110393E-1
85,400000	2,664345E+0	4,200417E-1
85,466667	2,641085E+0	3,859556E-1
85,533333	2,611771E+0	2,653768E-1
85,600000	2,592759E+0	2,287282E-1
85,666667	2,580066E+0	2,627692E-1
85,733333	2,578452E+0	1,775690E-1
85,800000	2,578625E+0	2,119482E-1
85,866667	2,578731E+0	1,974526E-1
85,933333	2,578658E+0	2,076499E-1
86,000000	2,578587E+0	2,048695E-1
86,066667	2,578696E+0	2,078978E-1
86,133333	2,578821E+0	2,027579E-1
86,200000	2,578606E+0	2,047943E-1
86,266667	2,578502E+0	2,061319E-1
86,333333	2,578690E+0	2,073192E-1
86,400000	2,579743E+0	2,057111E-1
86,466667	2,590345E+0	1,951907E-1
86,533333	2,611005E+0	1,990682E-1
86,600000	2,643100E+0	2,431412E-1
86,666667	2,690636E+0	3,243587E-1
86,733333	2,736219E+0	3,759838E-1
86,800000	2,785914E+0	4,356570E-1
86,866667	2,827892E+0	4,601620E-1
86,933333	2,861103E+0	5,032431E-1
87,000000	2,892341E+0	5,561156E-1
87,066667	2,917977E+0	5,726176E-1
87,133333	2,939520E+0	5,897133E-1
87,200000	2,953088E+0	7,065123E-1
87,266667	2,966757E+0	7,065724E-1
87,333333	2,978975E+0	7,394336E-1
87,400000	2,980515E+0	7,594524E-1
87,466667	2,969884E+0	8,045324E-1
87,533333	2,942496E+0	8,140533E-1
87,600000	2,886882E+0	7,337376E-1
87,666667	2,791492E+0	5,236527E-1
87,733333	2,698083E+0	3,933875E-1
87,800000	2,629032E+0	3,089388E-1
87,866667	2,586442E+0	2,404059E-1
87,933333	2,578387E+0	1,499154E-1
88,000000	2,578235E+0	1,156790E-1
88,066667	2,578277E+0	1,694082E-1
88,133333	2,578217E+0	1,620740E-1
88,200000	2,578221E+0	1,549802E-1
88,266667	2,578188E+0	1,460830E-1
88,333333	2,578286E+0	1,405823E-1
88,400000	2,578183E+0	1,398834E-1
88,466667	2,577934E+0	1,560849E-1
88,533333	2,578023E+0	1,724215E-1
88,600000	2,578065E+0	1,840466E-1
88,666667	2,578346E+0	2,071689E-1
88,733333	2,581583E+0	2,222281E-1
88,800000	2,590429E+0	2,511292E-1
88,866667	2,604286E+0	2,746498E-1
88,933333	2,624221E+0	2,749804E-1
89,000000	2,657036E+0	2,396845E-1
89,066667	2,694864E+0	3,139660E-1
89,133333	2,740843E+0	3,870152E-1
89,200000	2,779395E+0	4,458468E-1
89,266667	2,819544E+0	3,981292E-1
89,333333	2,856566E+0	4,011050E-1
89,400000	2,898892E+0	4,738461E-1
89,466667	2,925371E+0	5,261475E-1
89,533333	2,954327E+0	6,197490E-1
89,600000	2,985859E+0	7,486690E-1
89,666667	3,014859E+0	8,375514E-1
89,733333	3,050917E+0	9,208053E-1
89,800000	3,082183E+0	1,030511E+0
89,866667	3,092284E+0	1,119964E+0
89,933333	3,097489E+0	1,143755E+0
90,000000	3,104719E+0	1,147715E+0
90,066667	3,107416E+0	1,141847E+0
90,133333	3,105281E+0	1,179449E+0
90,200000	3,110053E+0	1,177691E+0
90,266667	3,116722E+0	1,198371E+0
90,333333	3,116416E+0	1,207509E+0
90,400000	3,107123E+0	1,238326E+0
90,466667	3,107827E+0	1,235643E+0
90,533333	3,111149E+0	1,216534E+0
90,600000	3,106581E+0	1,219998E+0
90,666667	3,103988E+0	1,224357E+0
90,733333	3,104177E+0	1,235298E+0
90,800000	3,105817E+0	1,239852E+0
90,866667	3,104315E+0	1,248839E+0
90,933333	3,098962E+0	1,259600E+0
91,000000	3,079750E+0	1,241648E+0
91,066667	3,037412E+0	1,180727E+0
91,133333	2,934996E+0	1,057616E+0
91,200000	2,774794E+0	7,306791E-1
91,266667	2,634822E+0	4,119035E-1
91,333333	2,576257E+0	2,299080E-1
91,400000	2,578115E+0	1,412586E-1
91,466667	2,578346E+0	1,074280E-1
91,533333	2,578352E+0	1,206837E-1
91,600000	2,578388E+0	1,187975E-1
91,666667	2,578419E+0	1,171894E-1
91,733333	2,578388E+0	1,213074E-1
91,800000	2,578575E+0	1,198346E-1
91,866667	2,578415E+0	1,045499E-1
91,933333	2,579167E+0	9,471334E-2
92,000000	2,580064E+0	8,916007E-2
92,066667	2,595379E+0	1,119067E-1
92,133333	2,645995E+0	1,716851E-1
92,200000	2,731485E+0	3,131620E-1
92,266667	2,754959E+0	4,140075E-1
92,333333	2,707801E+0	4,422022E-1
92,400000	2,618255E+0	3,318282E-1
92,466667	2,577048E+0	2,829158E-1
92,533333	2,578046E+0	1,649295E-1
92,600000	2,578419E+0	1,890212E-1
92,666667	2,578181E+0	1,754048E-1
92,733333	2,578317E+0	1,634792E-1
92,800000	2,578258E+0	1,597294E-1
92,866667	2,582182E+0	1,575577E-1
92,933333	2,676104E+0	2,703439E-1
93,000000	2,693215E+0	3,345484E-1
93,066667	2,638394E+0	2,176517E-1
93,133333	2,583039E+0	1,898854E-1
93,200000	2,578390E+0	1,967537E-1
93,266667	2,578346E+0	1,805147E-1
93,333333	2,578317E+0	1,759459E-1
93,400000	2,578323E+0	1,681983E-1
93,466667	2,578425E+0	1,615104E-1
93,533333	2,578256E+0	1,625248E-1
93,600000	2,578385E+0	1,597670E-1
93,666667	2,623392E+0	2,124667E-1
93,733333	2,715841E+0	4,483416E-1
93,800000	2,669666E+0	5,064668E-1
93,866667	2,594055E+0	3,002820E-1
93,933333	2,577915E+0	2,649485E-1
94,000000	2,577888E+0	1,352244E-1
94,066667	2,578146E+0	1,072101E-1
94,133333	2,578063E+0	9,501392E-2
94,200000	2,578006E+0	9,176011E-2
94,266667	2,578160E+0	9,125663E-2
94,333333	2,578042E+0	9,372893E-2
94,400000	2,578108E+0	9,375147E-2
94,466667	2,578210E+0	9,363124E-2
94,533333	2,578192E+0	9,381159E-2
94,600000	2,578027E+0	9,354858E-2
94,666667	2,577992E+0	9,488617E-2
94,733333	2,578269E+0	9,508907E-2
94,800000	2,578223E+0	9,521681E-2
94,866667	2,651448E+0	1,750817E-1
94,933333	2,704591E+0	2,853956E-1
95,000000	2,653670E+0	2,711029E-1
95,066667	2,592793E+0	1,281457E-1
95,133333	2,578379E+0	1,038511E-1
95,200000	2,578312E+0	1,002591E-1
95,266667	2,578412E+0	9,599833E-2
95,333333	2,578358E+0	9,238382E-2
95,400000	2,578400E+0	9,424743E-2
95,466667	2,578460E+0	9,324800E-2
95,533333	2,578379E+0	9,379656E-2
95,600000	2,578285E+0	9,526190E-2
95,666667	2,646705E+0	1,633064E-1
95,733333	2,762461E+0	4,467034E-1
95,800000	2,756244E+0	6,538877E-1
95,866667	2,730288E+0	4,945036E-1
95,933333	2,691511E+0	3,357733E-1
96,000000	2,648046E+0	3,242384E-1
96,066667	2,587458E+0	2,638213E-1
96,133333	2,577886E+0	1,510801E-1
96,200000	2,578298E+0	1,461431E-1
96,266667	2,578404E+0	1,435430E-1
96,333333	2,578333E+0	1,378019E-1
96,400000	2,578329E+0	1,351342E-1
96,466667	2,578385E+0	1,342625E-1
96,533333	2,670962E+0	1,892391E-1
96,600000	2,735770E+0	2,404885E-1
96,666667	2,744944E+0	2,804360E-1
96,733333	2,757619E+0	3,314224E-1
96,800000	2,771063E+0	3,284541E-1
96,866667	2,780361E+0	3,241708E-1
96,933333	2,790878E+0	3,152510E-1
97,000000	2,798438E+0	3,294385E-1
97,066667	2,816846E+0	3,304455E-1
97,133333	2,837404E+0	3,496452E-1
97,200000	2,863015E+0	4,313887E-1
97,266667	2,882833E+0	5,457906E-1
97,333333	2,894645E+0	5,466848E-1
97,400000	2,900175E+0	6,245508E-1
97,466667	2,901796E+0	7,030706E-1
97,533333	2,900183E+0	7,332942E-1
97,600000	2,896922E+0	7,318138E-1
97,666667	2,896209E+0	7,378330E-1
97,733333	2,896059E+0	7,257045E-1
97,800000	2,900704E+0	7,047388E-1
97,866667	2,905451E+0	7,282670E-1
97,933333	2,906388E+0	7,442429E-1
98,000000	2,905765E+0	7,237432E-1
98,066667	2,906115E+0	7,114268E-1
98,133333	2,907327E+0	7,521182E-1
98,200000	2,904882E+0	7,644045E-1
98,266667	2,903687E+0	7,888344E-1
98,333333	2,905111E+0	7,845060E-1
98,400000	2,907436E+0	7,832511E-1
98,466667	2,907215E+0	7,695821E-1
98,533333	2,909217E+0	7,696272E-1
98,600000	2,912899E+0	7,675532E-1
98,666667	2,909966E+0	7,536512E-1
98,733333	2,904568E+0	7,204969E-1
98,800000	2,903826E+0	6,618457E-1
98,866667	2,907048E+0	6,775887E-1
98,933333	2,908088E+0	7,097736E-1
99,000000	2,910548E+0	7,444609E-1
99,066667	2,914216E+0	7,519304E-1
99,133333	2,919391E+0	7,454453E-1
99,200000	2,922738E+0	7,390804E-1
99,266667	2,921478E+0	7,391406E-1
99,333333	2,919985E+0	7,487066E-1
99,400000	2,924674E+0	7,706867E-1
99,466667	2,924253E+0	7,923512E-1
99,533333	2,922259E+0	7,883084E-1
99,600000	2,918602E+0	7,453025E-1
99,666667	2,918617E+0	7,117124E-1
99,733333	2,919116E+0	7,320393E-1
99,800000	2,920174E+0	7,566270E-1
99,866667	2,920951E+0	7,776152E-1
99,933333	2,918131E+0	7,602490E-1
100,000000	2,915528E+0	7,079250E-1

