date/time: ,11/11/2019,12:57 p.m.
Run 1

time	(V)	(V)
0,000000	2,580991E+0	1,836633E-1
0,066667	2,581008E+0	1,856998E-1
0,133333	2,581054E+0	1,885478E-1
0,200000	2,581035E+0	1,881345E-1
0,266667	2,581101E+0	1,843998E-1
0,333333	2,581135E+0	1,836558E-1
0,400000	2,581133E+0	1,823783E-1
0,466667	2,581208E+0	1,833477E-1
0,533333	2,581168E+0	1,843547E-1
0,600000	2,581110E+0	1,873906E-1
0,666667	2,581108E+0	1,834830E-1
0,733333	2,580895E+0	1,814766E-1
0,800000	2,581016E+0	1,781702E-1
0,866667	2,581131E+0	1,796956E-1
0,933333	2,580999E+0	1,821905E-1
1,000000	2,580924E+0	1,799662E-1
1,066667	2,581072E+0	1,796581E-1
1,133333	2,581001E+0	1,804997E-1
1,200000	2,581051E+0	1,794251E-1
1,266667	2,581176E+0	1,780424E-1
1,333333	2,581141E+0	1,789292E-1
1,400000	2,581199E+0	1,810858E-1
1,466667	2,580979E+0	1,815517E-1
1,533333	2,581135E+0	1,831073E-1
1,600000	2,581220E+0	1,837610E-1
1,666667	2,581183E+0	1,850836E-1
1,733333	2,581064E+0	1,881044E-1
1,800000	2,581110E+0	1,843396E-1
1,866667	2,581185E+0	1,851512E-1
1,933333	2,581166E+0	1,839339E-1
2,000000	2,581089E+0	1,867819E-1
2,066667	2,581116E+0	1,918242E-1
2,133333	2,581014E+0	1,917340E-1
2,200000	2,581143E+0	1,925606E-1
2,266667	2,581176E+0	1,931993E-1
2,333333	2,581037E+0	1,935976E-1
2,400000	2,581164E+0	1,943491E-1
2,466667	2,581152E+0	1,953335E-1
2,533333	2,581310E+0	1,944167E-1
2,600000	2,581091E+0	1,958745E-1
2,666667	2,581164E+0	1,973774E-1
2,733333	2,581137E+0	1,993838E-1
2,800000	2,581095E+0	1,992335E-1
2,866667	2,581176E+0	1,994665E-1
2,933333	2,581062E+0	2,000000E-1
3,000000	2,581187E+0	1,999775E-1
3,066667	2,581258E+0	1,990757E-1
3,133333	2,581245E+0	2,000752E-1
3,200000	2,581222E+0	2,005110E-1
3,266667	2,581120E+0	2,007966E-1
3,333333	2,581151E+0	2,017359E-1
3,400000	2,581133E+0	2,010445E-1
3,466667	2,581214E+0	2,004359E-1
3,533333	2,581287E+0	2,008567E-1
3,600000	2,581247E+0	2,017960E-1
3,666667	2,581022E+0	2,005110E-1
3,733333	2,581110E+0	2,008717E-1
3,800000	2,581189E+0	2,013977E-1
3,866667	2,582201E+0	1,907045E-1
3,933333	2,585527E+0	1,956491E-1
4,000000	2,599133E+0	2,546159E-1
4,066667	2,620480E+0	2,970207E-1
4,133333	2,638782E+0	3,861210E-1
4,200000	2,660004E+0	3,970547E-1
4,266667	2,667937E+0	4,618754E-1
4,333333	2,678464E+0	3,787567E-1
4,400000	2,687310E+0	3,665831E-1
4,466667	2,692119E+0	3,569494E-1
4,533333	2,692419E+0	3,668761E-1
4,600000	2,690305E+0	3,606015E-1
4,666667	2,692480E+0	3,671467E-1
4,733333	2,691005E+0	3,641559E-1
4,800000	2,691424E+0	3,640356E-1
4,866667	2,690430E+0	3,768254E-1
4,933333	2,692590E+0	4,144208E-1
5,000000	2,714104E+0	4,484769E-1
5,066667	2,741300E+0	4,639719E-1
5,133333	2,759779E+0	4,795872E-1
5,200000	2,780101E+0	5,943949E-1
5,266667	2,798807E+0	7,334220E-1
5,333333	2,812339E+0	8,224321E-1
5,400000	2,821843E+0	7,923212E-1
5,466667	2,831441E+0	7,745793E-1
5,533333	2,840397E+0	7,956276E-1
5,600000	2,849124E+0	7,805834E-1
5,666667	2,855677E+0	7,876772E-1
5,733333	2,859805E+0	7,766909E-1
5,800000	2,868814E+0	8,251073E-1
5,866667	2,877122E+0	7,968900E-1
5,933333	2,897255E+0	1,023289E+0
6,000000	2,918833E+0	1,160505E+0
6,066667	2,919991E+0	1,196883E+0
6,133333	2,931566E+0	1,275606E+0
6,200000	2,936644E+0	1,339480E+0
6,266667	2,947175E+0	1,311864E+0
6,333333	2,960498E+0	1,422576E+0
6,400000	2,967786E+0	1,455302E+0
6,466667	2,970844E+0	1,554479E+0
6,533333	2,976832E+0	1,611605E+0
6,600000	2,982223E+0	1,491635E+0
6,666667	2,986824E+0	1,486315E+0
6,733333	2,989852E+0	1,476380E+0
6,800000	2,995465E+0	1,502516E+0
6,866667	2,995076E+0	1,522234E+0
6,933333	2,999025E+0	1,542839E+0
7,000000	3,008121E+0	1,554577E+0
7,066667	3,019907E+0	1,578841E+0
7,133333	3,027447E+0	1,658421E+0
7,200000	3,031596E+0	1,740022E+0
7,266667	3,035841E+0	1,747882E+0
7,333333	3,044997E+0	1,728479E+0
7,400000	3,051090E+0	1,769073E+0
7,466667	3,053618E+0	1,758357E+0
7,533333	3,053820E+0	1,737399E+0
7,600000	3,053831E+0	1,719304E+0
7,666667	3,054897E+0	1,702005E+0
7,733333	3,059855E+0	1,725052E+0
7,800000	3,059952E+0	1,752548E+0
7,866667	3,060573E+0	1,791947E+0
7,933333	3,061402E+0	1,792015E+0
8,000000	3,064926E+0	1,800574E+0
8,066667	3,074820E+0	1,790527E+0
8,133333	3,077856E+0	1,774318E+0
8,200000	3,085494E+0	1,778143E+0
8,266667	3,087083E+0	1,796133E+0
8,333333	3,087794E+0	1,787814E+0
8,400000	3,092936E+0	1,781615E+0
8,466667	3,099899E+0	1,796599E+0
8,533333	3,103917E+0	1,796554E+0
8,600000	3,104906E+0	1,822351E+0
8,666667	3,105990E+0	1,832533E+0
8,733333	3,107708E+0	1,820202E+0
8,800000	3,108049E+0	1,761122E+0
8,866667	3,108618E+0	1,735115E+0
8,933333	3,107670E+0	1,761543E+0
9,000000	3,105065E+0	1,800829E+0
9,066667	3,102363E+0	1,804151E+0
9,133333	3,102397E+0	1,767856E+0
9,200000	3,103474E+0	1,739150E+0
9,266667	3,104521E+0	1,778150E+0
9,333333	3,106743E+0	1,749911E+0
9,400000	3,109085E+0	1,670617E+0
9,466667	3,112015E+0	1,630579E+0
9,533333	3,121040E+0	1,701291E+0
9,600000	3,129303E+0	1,731327E+0
9,666667	3,138819E+0	1,717425E+0
9,733333	3,140079E+0	1,709340E+0
9,800000	3,144772E+0	1,705905E+0
9,866667	3,147174E+0	1,733830E+0
9,933333	3,153403E+0	1,704959E+0
10,000000	3,157136E+0	1,696963E+0
10,066667	3,169217E+0	1,674750E+0
10,133333	3,183671E+0	1,688727E+0
10,200000	3,185931E+0	1,792586E+0
10,266667	3,186615E+0	1,810478E+0
10,333333	3,188604E+0	1,870858E+0
10,400000	3,193596E+0	1,924121E+0
10,466667	3,202140E+0	1,898091E+0
10,533333	3,207020E+0	1,905057E+0
10,600000	3,207853E+0	1,951835E+0
10,666667	3,212417E+0	1,981825E+0
10,733333	3,225074E+0	1,972537E+0
10,800000	3,231504E+0	1,975566E+0
10,866667	3,242252E+0	1,920777E+0
10,933333	3,256729E+0	1,957681E+0
11,000000	3,265861E+0	1,949453E+0
11,066667	3,273800E+0	1,900991E+0
11,133333	3,276216E+0	1,880830E+0
11,200000	3,276710E+0	1,862509E+0
11,266667	3,280549E+0	1,851861E+0
11,333333	3,295093E+0	1,844902E+0
11,400000	3,308163E+0	1,872797E+0
11,466667	3,317430E+0	1,917275E+0
11,533333	3,324564E+0	1,882355E+0
11,600000	3,334059E+0	1,877215E+0
11,666667	3,339227E+0	1,898136E+0
11,733333	3,337313E+0	1,968938E+0
11,800000	3,336817E+0	1,990204E+0
11,866667	3,335544E+0	2,023930E+0
11,933333	3,333609E+0	1,988987E+0
12,000000	3,333387E+0	1,891034E+0
12,066667	3,326280E+0	1,873826E+0
12,133333	3,306380E+0	1,859398E+0
12,200000	3,292294E+0	1,850741E+0
12,266667	3,277976E+0	1,802265E+0
12,333333	3,260930E+0	1,778271E+0
12,400000	3,247342E+0	1,788130E+0
12,466667	3,243941E+0	1,801205E+0
12,533333	3,239492E+0	1,793984E+0
12,600000	3,234889E+0	1,758402E+0
12,666667	3,231077E+0	1,750038E+0
12,733333	3,222415E+0	1,735175E+0
12,800000	3,215208E+0	1,659210E+0
12,866667	3,215333E+0	1,684061E+0
12,933333	3,211754E+0	1,659029E+0
13,000000	3,209593E+0	1,697219E+0
13,066667	3,206324E+0	1,800161E+0
13,133333	3,204866E+0	1,837050E+0
13,200000	3,203527E+0	1,848427E+0
13,266667	3,203125E+0	1,868739E+0
13,333333	3,199237E+0	1,915870E+0
13,400000	3,189724E+0	1,889719E+0
13,466667	3,185936E+0	1,908573E+0
13,533333	3,185402E+0	1,957659E+0
13,600000	3,185767E+0	2,004302E+0
13,666667	3,185048E+0	2,010155E+0
13,733333	3,184292E+0	2,009314E+0
13,800000	3,178291E+0	2,009607E+0
13,866667	3,173913E+0	2,010283E+0
13,933333	3,164488E+0	2,016723E+0
14,000000	3,158281E+0	2,008014E+0
14,066667	3,153326E+0	1,995750E+0
14,133333	3,152512E+0	1,955780E+0
14,200000	3,152083E+0	1,950152E+0
14,266667	3,151033E+0	1,972395E+0
14,333333	3,151012E+0	1,971763E+0
14,400000	3,153193E+0	1,934581E+0
14,466667	3,153160E+0	1,937106E+0
14,533333	3,152054E+0	1,946146E+0
14,600000	3,150740E+0	1,979015E+0
14,666667	3,150165E+0	1,996494E+0
14,733333	3,149488E+0	2,011959E+0
14,800000	3,148965E+0	2,022404E+0
14,866667	3,148330E+0	2,026169E+0
14,933333	3,148767E+0	2,024313E+0
15,000000	3,148996E+0	2,006977E+0
15,066667	3,147199E+0	2,004903E+0
15,133333	3,147240E+0	2,010058E+0
15,200000	3,146713E+0	2,012320E+0
15,266667	3,145961E+0	2,018489E+0
15,333333	3,146524E+0	2,014844E+0
15,400000	3,145932E+0	2,001070E+0
15,466667	3,145841E+0	2,013635E+0
15,533333	3,145595E+0	2,021420E+0
15,600000	3,145126E+0	2,026071E+0
15,666667	3,144760E+0	2,030670E+0
15,733333	3,145082E+0	2,032804E+0
15,800000	3,144578E+0	2,034751E+0
15,866667	3,144722E+0	2,036870E+0
15,933333	3,145103E+0	2,030174E+0
16,000000	3,145749E+0	2,024711E+0
16,066667	3,148121E+0	2,016175E+0
16,133333	3,149786E+0	2,017204E+0
16,200000	3,154332E+0	2,022652E+0
16,266667	3,157671E+0	2,028416E+0
16,333333	3,160169E+0	2,017249E+0
16,400000	3,160673E+0	2,006811E+0
16,466667	3,160583E+0	2,009291E+0
16,533333	3,164428E+0	2,008728E+0
16,600000	3,164978E+0	2,033278E+0
16,666667	3,165436E+0	2,064629E+0
16,733333	3,167756E+0	2,021750E+0
16,800000	3,168848E+0	1,989791E+0
16,866667	3,168819E+0	1,989370E+0
16,933333	3,168654E+0	2,009847E+0
17,000000	3,169214E+0	2,016430E+0
17,066667	3,170125E+0	2,010651E+0
17,133333	3,174013E+0	2,012560E+0
17,200000	3,176298E+0	2,020045E+0
17,266667	3,179676E+0	2,010494E+0
17,333333	3,183386E+0	2,012132E+0
17,400000	3,185738E+0	2,034014E+0
17,466667	3,187087E+0	2,072639E+0
17,533333	3,187560E+0	2,073721E+0
17,600000	3,189435E+0	2,063719E+0
17,666667	3,190772E+0	2,054754E+0
17,733333	3,193782E+0	2,048720E+0
17,800000	3,196502E+0	2,052462E+0
17,866667	3,199424E+0	2,037824E+0
17,933333	3,200018E+0	2,010681E+0
18,000000	3,202552E+0	1,994946E+0
18,066667	3,206881E+0	1,993473E+0
18,133333	3,206926E+0	2,006368E+0
18,200000	3,208991E+0	2,018421E+0
18,266667	3,209547E+0	2,024606E+0
18,333333	3,212813E+0	2,032616E+0
18,400000	3,216054E+0	2,014364E+0
18,466667	3,222325E+0	1,994660E+0
18,533333	3,226920E+0	2,002784E+0
18,600000	3,227501E+0	2,024756E+0
18,666667	3,228171E+0	2,059842E+0
18,733333	3,236659E+0	2,097550E+0
18,800000	3,242556E+0	2,134837E+0
18,866667	3,247634E+0	2,085805E+0
18,933333	3,251718E+0	2,029370E+0
19,000000	3,258227E+0	1,944718E+0
19,066667	3,268016E+0	1,907439E+0
19,133333	3,271132E+0	1,895475E+0
19,200000	3,275073E+0	1,920709E+0
19,266667	3,281043E+0	1,999883E+0
19,333333	3,288605E+0	2,021578E+0
19,400000	3,298109E+0	1,997358E+0
19,466667	3,309615E+0	2,002228E+0
19,533333	3,325790E+0	2,058745E+0
19,600000	3,342707E+0	2,047736E+0
19,666667	3,356385E+0	2,020488E+0
19,733333	3,369195E+0	2,045549E+0
19,800000	3,378066E+0	2,112143E+0
19,866667	3,382061E+0	2,158433E+0
19,933333	3,395010E+0	2,196134E+0
20,000000	3,399073E+0	2,233271E+0
20,066667	3,403503E+0	2,255266E+0
20,133333	3,420237E+0	2,278133E+0
20,200000	3,432924E+0	2,269619E+0
20,266667	3,447381E+0	2,256754E+0
20,333333	3,458443E+0	2,239508E+0
20,400000	3,473206E+0	2,255799E+0
20,466667	3,480177E+0	2,296761E+0
20,533333	3,482756E+0	2,304915E+0
20,600000	3,489650E+0	2,320147E+0
20,666667	3,492149E+0	2,342991E+0
20,733333	3,498373E+0	2,327045E+0
20,800000	3,506652E+0	2,311745E+0
20,866667	3,511797E+0	2,313413E+0
20,933333	3,519941E+0	2,271550E+0
21,000000	3,527885E+0	2,273083E+0
21,066667	3,537835E+0	2,305944E+0
21,133333	3,541332E+0	2,314961E+0
21,200000	3,547203E+0	2,301390E+0
21,266667	3,552919E+0	2,319327E+0
21,333333	3,563177E+0	2,329908E+0
21,400000	3,574551E+0	2,324543E+0
21,466667	3,597183E+0	2,332200E+0
21,533333	3,603815E+0	2,253297E+0
21,600000	3,607527E+0	2,245294E+0
21,666667	3,607425E+0	2,266297E+0
21,733333	3,616821E+0	2,264839E+0
21,800000	3,639357E+0	2,252591E+0
21,866667	3,654918E+0	2,283258E+0
21,933333	3,657149E+0	2,305283E+0
22,000000	3,657449E+0	2,275901E+0
22,066667	3,660173E+0	2,281927E+0
22,133333	3,668040E+0	2,330126E+0
22,200000	3,672687E+0	2,359583E+0
22,266667	3,677567E+0	2,368172E+0
22,333333	3,682401E+0	2,342735E+0
22,400000	3,687304E+0	2,373154E+0
22,466667	3,693407E+0	2,363994E+0
22,533333	3,695413E+0	2,375867E+0
22,600000	3,703136E+0	2,371576E+0
22,666667	3,708851E+0	2,360395E+0
22,733333	3,717182E+0	2,378091E+0
22,800000	3,725506E+0	2,391295E+0
22,866667	3,735303E+0	2,345042E+0
22,933333	3,730804E+0	2,299977E+0
23,000000	3,737476E+0	2,310896E+0
23,066667	3,745817E+0	2,257039E+0
23,133333	3,744793E+0	2,201792E+0
23,200000	3,739606E+0	2,201063E+0
23,266667	3,743812E+0	2,246331E+0
23,333333	3,744114E+0	2,292824E+0
23,400000	3,739556E+0	2,291013E+0
23,466667	3,711984E+0	2,262435E+0
23,533333	3,669629E+0	2,306267E+0
23,600000	3,658932E+0	2,298610E+0
23,666667	3,636518E+0	2,324858E+0
23,733333	3,591749E+0	2,331621E+0
23,800000	3,592880E+0	2,337693E+0
23,866667	3,584141E+0	2,336453E+0
23,933333	3,544254E+0	2,295416E+0
24,000000	3,501556E+0	2,156021E+0
24,066667	3,467020E+0	2,103599E+0
24,133333	3,448745E+0	2,144321E+0
24,200000	3,422176E+0	2,106462E+0
24,266667	3,397249E+0	2,075299E+0
24,333333	3,374527E+0	2,120319E+0
24,400000	3,352949E+0	2,136798E+0
24,466667	3,337094E+0	2,162551E+0
24,533333	3,332828E+0	2,185004E+0
24,600000	3,334640E+0	2,246677E+0
24,666667	3,356523E+0	2,269791E+0
24,733333	3,376645E+0	2,270926E+0
24,800000	3,392371E+0	2,223629E+0
24,866667	3,419119E+0	2,161769E+0
24,933333	3,459440E+0	2,193669E+0
25,000000	3,487290E+0	2,222735E+0
25,066667	3,512053E+0	2,207360E+0
25,133333	3,533052E+0	2,135852E+0
25,200000	3,573606E+0	2,124693E+0
25,266667	3,608241E+0	2,131208E+0
25,333333	3,630690E+0	2,172395E+0
25,400000	3,650529E+0	2,186162E+0
25,466667	3,678562E+0	2,207571E+0
25,533333	3,694807E+0	2,218948E+0
25,600000	3,705881E+0	2,216731E+0
25,666667	3,717864E+0	2,213395E+0
25,733333	3,736709E+0	2,244084E+0
25,800000	3,756686E+0	2,248766E+0
25,866667	3,762897E+0	2,239237E+0
25,933333	3,780822E+0	2,276179E+0
26,000000	3,791807E+0	2,275983E+0
26,066667	3,806847E+0	2,267184E+0
26,133333	3,804762E+0	2,263960E+0
26,200000	3,808615E+0	2,269536E+0
26,266667	3,823506E+0	2,271016E+0
26,333333	3,828148E+0	2,290652E+0
26,400000	3,828642E+0	2,301082E+0
26,466667	3,828782E+0	2,305568E+0
26,533333	3,836659E+0	2,303667E+0
26,600000	3,845569E+0	2,300045E+0
26,666667	3,852016E+0	2,327173E+0
26,733333	3,855898E+0	2,311783E+0
26,800000	3,862367E+0	2,281597E+0
26,866667	3,873309E+0	2,285301E+0
26,933333	3,872992E+0	2,326286E+0
27,000000	3,866637E+0	2,348724E+0
27,066667	3,863357E+0	2,350490E+0
27,133333	3,858597E+0	2,332320E+0
27,200000	3,863648E+0	2,314015E+0
27,266667	3,870059E+0	2,301736E+0
27,333333	3,866731E+0	2,252673E+0
27,400000	3,861676E+0	2,247421E+0
27,466667	3,858214E+0	2,275052E+0
27,533333	3,864011E+0	2,301939E+0
27,600000	3,871420E+0	2,327834E+0
27,666667	3,862951E+0	2,359200E+0
27,733333	3,862713E+0	2,364806E+0
27,800000	3,875119E+0	2,352978E+0
27,866667	3,893500E+0	2,428499E+0
27,933333	3,883333E+0	2,467064E+0
28,000000	3,877089E+0	2,466275E+0
28,066667	3,877941E+0	2,445978E+0
28,133333	3,882996E+0	2,460346E+0
28,200000	3,890450E+0	2,469874E+0
28,266667	3,887224E+0	2,492614E+0
28,333333	3,878451E+0	2,498573E+0
28,400000	3,879782E+0	2,477644E+0
28,466667	3,894577E+0	2,466568E+0
28,533333	3,909309E+0	2,482506E+0
28,600000	3,915253E+0	2,497768E+0
28,666667	3,915090E+0	2,512738E+0
28,733333	3,911687E+0	2,488195E+0
28,800000	3,918692E+0	2,537663E+0
28,866667	3,919912E+0	2,524550E+0
28,933333	3,919729E+0	2,511152E+0
29,000000	3,921899E+0	2,530990E+0
29,066667	3,932361E+0	2,513016E+0
29,133333	3,943311E+0	2,530029E+0
29,200000	3,939056E+0	2,555713E+0
29,266667	3,940855E+0	2,595278E+0
29,333333	3,945273E+0	2,610051E+0
29,400000	3,948658E+0	2,601282E+0
29,466667	3,956806E+0	2,613440E+0
29,533333	3,957047E+0	2,621406E+0
29,600000	3,959561E+0	2,634429E+0
29,666667	3,962092E+0	2,651930E+0
29,733333	3,964158E+0	2,690818E+0
29,800000	3,961978E+0	2,667237E+0
29,866667	3,959224E+0	2,660797E+0
29,933333	3,956797E+0	2,675623E+0
30,000000	3,955673E+0	2,652246E+0
30,066667	3,958374E+0	2,645385E+0
30,133333	3,977084E+0	2,649646E+0
30,200000	3,992070E+0	2,691712E+0
30,266667	3,974877E+0	2,703743E+0
30,333333	3,974864E+0	2,688150E+0
30,400000	3,987440E+0	2,691915E+0
30,466667	3,989384E+0	2,697731E+0
30,533333	3,982606E+0	2,688473E+0
30,600000	3,986674E+0	2,678870E+0
30,666667	3,996965E+0	2,679696E+0
30,733333	4,005980E+0	2,689262E+0
30,800000	4,005951E+0	2,662247E+0
30,866667	4,007205E+0	2,609863E+0
30,933333	4,019991E+0	2,621120E+0
31,000000	4,027885E+0	2,630085E+0
31,066667	4,027246E+0	2,621571E+0
31,133333	4,021418E+0	2,631280E+0
31,200000	4,023867E+0	2,637938E+0
31,266667	4,030782E+0	2,621488E+0
31,333333	4,023255E+0	2,623209E+0
31,400000	4,024532E+0	2,645986E+0
31,466667	4,037235E+0	2,663976E+0
31,533333	4,040936E+0	2,711784E+0
31,600000	4,025117E+0	2,725024E+0
31,666667	4,044350E+0	2,746636E+0
31,733333	4,065099E+0	2,769841E+0
31,800000	4,061011E+0	2,775778E+0
31,866667	4,048164E+0	2,770810E+0
31,933333	4,051907E+0	2,761500E+0
32,000000	4,061963E+0	2,752122E+0
32,066667	4,069348E+0	2,769548E+0
32,133333	4,066364E+0	2,778964E+0
32,200000	4,057599E+0	2,766956E+0
32,266667	4,060846E+0	2,774831E+0
32,333333	4,067034E+0	2,775184E+0
32,400000	4,076384E+0	2,771321E+0
32,466667	4,071165E+0	2,738550E+0
32,533333	4,070292E+0	2,728714E+0
32,600000	4,080452E+0	2,786456E+0
32,666667	4,086800E+0	2,851141E+0
32,733333	4,085426E+0	2,855943E+0
32,800000	4,082418E+0	2,851562E+0
32,866667	4,087146E+0	2,830762E+0
32,933333	4,098165E+0	2,785081E+0
33,000000	4,098802E+0	2,772719E+0
33,066667	4,102122E+0	2,757044E+0
33,133333	4,109020E+0	2,824021E+0
33,200000	4,113134E+0	2,863826E+0
33,266667	4,116671E+0	2,875090E+0
33,333333	4,127905E+0	2,894703E+0
33,400000	4,129409E+0	2,921222E+0
33,466667	4,135447E+0	2,933456E+0
33,533333	4,128493E+0	2,952317E+0
33,600000	4,126021E+0	2,964559E+0
33,666667	4,128130E+0	2,955166E+0
33,733333	4,136447E+0	2,954963E+0
33,800000	4,143606E+0	2,897995E+0
33,866667	4,159886E+0	2,898446E+0
33,933333	4,151844E+0	2,926828E+0
34,000000	4,150738E+0	2,950446E+0
34,066667	4,161339E+0	2,969007E+0
34,133333	4,158630E+0	2,978746E+0
34,200000	4,154489E+0	2,979798E+0
34,266667	4,161233E+0	2,974177E+0
34,333333	4,161510E+0	2,961568E+0
34,400000	4,164974E+0	2,970473E+0
34,466667	4,164176E+0	2,957457E+0
34,533333	4,174128E+0	2,967339E+0
34,600000	4,190029E+0	2,983804E+0
34,666667	4,196935E+0	3,011653E+0
34,733333	4,199860E+0	3,013201E+0
34,800000	4,208506E+0	3,030785E+0
34,866667	4,227366E+0	3,033798E+0
34,933333	4,233304E+0	3,024615E+0
35,000000	4,235639E+0	3,058814E+0
35,066667	4,252012E+0	3,058543E+0
35,133333	4,238561E+0	3,036376E+0
35,200000	4,248346E+0	3,067140E+0
35,266667	4,269422E+0	3,101001E+0
35,333333	4,265807E+0	3,098979E+0
35,400000	4,226732E+0	3,088008E+0
35,466667	4,165666E+0	3,080494E+0
35,533333	4,129509E+0	3,075278E+0
35,600000	4,037993E+0	3,044634E+0
35,666667	4,014907E+0	3,027103E+0
35,733333	3,998250E+0	3,000170E+0
35,800000	4,030072E+0	3,002327E+0
35,866667	4,025436E+0	2,989071E+0
35,933333	4,050153E+0	3,002537E+0
36,000000	4,067842E+0	2,983270E+0
36,066667	4,105477E+0	2,979385E+0
36,133333	4,133438E+0	2,973629E+0
36,200000	4,168496E+0	2,979377E+0
36,266667	4,180735E+0	2,993482E+0
36,333333	4,197166E+0	3,044213E+0
36,400000	4,203732E+0	3,107433E+0
36,466667	4,222304E+0	3,107749E+0
36,533333	4,243651E+0	3,129661E+0
36,600000	4,253660E+0	3,119186E+0
36,666667	4,250994E+0	3,097221E+0
36,733333	4,253310E+0	3,109913E+0
36,800000	4,275663E+0	3,153175E+0
36,866667	4,277060E+0	3,124063E+0
36,933333	4,272878E+0	3,115031E+0
37,000000	4,280153E+0	3,136342E+0
37,066667	4,289766E+0	3,165220E+0
37,133333	4,291474E+0	3,177371E+0
37,200000	4,290238E+0	3,179085E+0
37,266667	4,298807E+0	3,184796E+0
37,333333	4,321973E+0	3,184548E+0
37,400000	4,333389E+0	3,203537E+0
37,466667	4,328036E+0	3,229823E+0
37,533333	4,352832E+0	3,276181E+0
37,600000	4,385302E+0	3,269741E+0
37,666667	4,394433E+0	3,288174E+0
37,733333	4,394643E+0	3,284582E+0
37,800000	4,406449E+0	3,293284E+0
37,866667	4,420331E+0	3,316293E+0
37,933333	4,403535E+0	3,311334E+0
38,000000	4,410956E+0	3,310169E+0
38,066667	4,425872E+0	3,322996E+0
38,133333	4,438893E+0	3,375553E+0
38,200000	4,452855E+0	3,333765E+0
38,266667	4,443322E+0	3,304916E+0
38,333333	4,448379E+0	3,318052E+0
38,400000	4,455244E+0	3,317120E+0
38,466667	4,461576E+0	3,308876E+0
38,533333	4,438158E+0	3,326731E+0
38,600000	4,420637E+0	3,343293E+0
38,666667	4,430381E+0	3,355144E+0
38,733333	4,421460E+0	3,358180E+0
38,800000	4,381184E+0	3,333690E+0
38,866667	4,340877E+0	3,326122E+0
38,933333	4,311794E+0	3,322470E+0
39,000000	4,288041E+0	3,306389E+0
39,066667	4,269241E+0	3,296485E+0
39,133333	4,267308E+0	3,297169E+0
39,200000	4,258121E+0	3,299521E+0
39,266667	4,221746E+0	3,281163E+0
39,333333	4,171085E+0	3,244274E+0
39,400000	4,136587E+0	3,237390E+0
39,466667	4,110876E+0	3,190928E+0
39,533333	4,102597E+0	3,178326E+0
39,600000	4,089867E+0	3,167347E+0
39,666667	4,076697E+0	3,177522E+0
39,733333	4,061775E+0	3,163432E+0
39,800000	4,043063E+0	3,162523E+0
39,866667	4,022784E+0	3,139896E+0
39,933333	4,010654E+0	3,159667E+0
40,000000	4,020356E+0	3,175688E+0
40,066667	4,026450E+0	3,189350E+0
40,133333	4,029131E+0	3,182158E+0
40,200000	4,040792E+0	3,207745E+0
40,266667	4,049770E+0	3,205514E+0
40,333333	4,065391E+0	3,208324E+0
40,400000	4,103338E+0	3,237781E+0
40,466667	4,120699E+0	3,246333E+0
40,533333	4,121886E+0	3,255470E+0
40,600000	4,145522E+0	3,252968E+0
40,666667	4,178185E+0	3,281568E+0
40,733333	4,187823E+0	3,317052E+0
40,800000	4,194940E+0	3,319863E+0
40,866667	4,224069E+0	3,331758E+0
40,933333	4,264284E+0	3,312498E+0
41,000000	4,270310E+0	3,305097E+0
41,066667	4,267023E+0	3,300317E+0
41,133333	4,261539E+0	3,328069E+0
41,200000	4,270553E+0	3,351116E+0
41,266667	4,294964E+0	3,370661E+0
41,333333	4,309288E+0	3,373374E+0
41,400000	4,318538E+0	3,372284E+0
41,466667	4,343945E+0	3,386299E+0
41,533333	4,360839E+0	3,398225E+0
41,600000	4,370947E+0	3,402050E+0
41,666667	4,369104E+0	3,390996E+0
41,733333	4,382634E+0	3,375305E+0
41,800000	4,389551E+0	3,373757E+0
41,866667	4,386476E+0	3,392296E+0
41,933333	4,380730E+0	3,392018E+0
42,000000	4,375102E+0	3,406047E+0
42,066667	4,387855E+0	3,401095E+0
42,133333	4,394881E+0	3,387659E+0
42,200000	4,382467E+0	3,365799E+0
42,266667	4,376595E+0	3,378274E+0
42,333333	4,388305E+0	3,384511E+0
42,400000	4,375133E+0	3,373066E+0
42,466667	4,347711E+0	3,353934E+0
42,533333	4,318384E+0	3,338582E+0
42,600000	4,278727E+0	3,316023E+0
42,666667	4,227155E+0	3,297958E+0
42,733333	4,185007E+0	3,286498E+0
42,800000	4,129324E+0	3,297725E+0
42,866667	4,083564E+0	3,292825E+0
42,933333	4,047566E+0	3,293374E+0
43,000000	4,012799E+0	3,241809E+0
43,066667	3,990258E+0	3,253569E+0
43,133333	3,986264E+0	3,243823E+0
43,200000	3,978126E+0	3,235091E+0
43,266667	3,960903E+0	3,223428E+0
43,333333	3,930385E+0	3,185149E+0
43,400000	3,924222E+0	3,155564E+0
43,466667	3,910202E+0	3,132539E+0
43,533333	3,879043E+0	3,100445E+0
43,600000	3,843257E+0	3,076646E+0
43,666667	3,790053E+0	3,064240E+0
43,733333	3,723475E+0	3,010691E+0
43,800000	3,659346E+0	2,935402E+0
43,866667	3,604871E+0	2,948117E+0
43,933333	3,560092E+0	2,890548E+0
44,000000	3,523342E+0	2,773786E+0
44,066667	3,501976E+0	2,729285E+0
44,133333	3,489348E+0	2,700482E+0
44,200000	3,491910E+0	2,660947E+0
44,266667	3,524798E+0	2,657912E+0
44,333333	3,568728E+0	2,672926E+0
44,400000	3,603984E+0	2,763191E+0
44,466667	3,661258E+0	2,763446E+0
44,533333	3,712582E+0	2,840681E+0
44,600000	3,729788E+0	2,879667E+0
44,666667	3,760089E+0	2,923416E+0
44,733333	3,791701E+0	2,988237E+0
44,800000	3,808820E+0	3,034384E+0
44,866667	3,825484E+0	3,046227E+0
44,933333	3,853913E+0	3,062586E+0
45,000000	3,879111E+0	3,094020E+0
45,066667	3,897505E+0	3,107824E+0
45,133333	3,908073E+0	3,124371E+0
45,200000	3,934061E+0	3,152355E+0
45,266667	3,965270E+0	3,174193E+0
45,333333	3,999350E+0	3,211946E+0
45,400000	4,022967E+0	3,222158E+0
45,466667	4,044941E+0	3,242162E+0
45,533333	4,078094E+0	3,240103E+0
45,600000	4,104971E+0	3,276368E+0
45,666667	4,139717E+0	3,297935E+0
45,733333	4,168388E+0	3,341114E+0
45,800000	4,188269E+0	3,334952E+0
45,866667	4,197333E+0	3,345307E+0
45,933333	4,226370E+0	3,349598E+0
46,000000	4,256700E+0	3,367460E+0
46,066667	4,283953E+0	3,398871E+0
46,133333	4,295067E+0	3,399938E+0
46,200000	4,315066E+0	3,408910E+0
46,266667	4,349346E+0	3,433137E+0
46,333333	4,371640E+0	3,447100E+0
46,400000	4,393921E+0	3,498048E+0
46,466667	4,411781E+0	3,480645E+0
46,533333	4,422352E+0	3,465600E+0
46,600000	4,435169E+0	3,466570E+0
46,666667	4,447952E+0	3,472581E+0
46,733333	4,460711E+0	3,473378E+0
46,800000	4,474398E+0	3,468298E+0
46,866667	4,507809E+0	3,466705E+0
46,933333	4,525440E+0	3,476587E+0
47,000000	4,531128E+0	3,462399E+0
47,066667	4,536719E+0	3,474798E+0
47,133333	4,548505E+0	3,495877E+0
47,200000	4,564308E+0	3,516624E+0
47,266667	4,561490E+0	3,503414E+0
47,333333	4,559603E+0	3,501482E+0
47,400000	4,550715E+0	3,524560E+0
47,466667	4,528737E+0	3,519818E+0
47,533333	4,501493E+0	3,516324E+0
47,600000	4,475699E+0	3,504518E+0
47,666667	4,432355E+0	3,488730E+0
47,733333	4,403025E+0	3,483057E+0
47,800000	4,364663E+0	3,475550E+0
47,866667	4,312827E+0	3,471236E+0
47,933333	4,286054E+0	3,462632E+0
48,000000	4,254711E+0	3,449008E+0
48,066667	4,216514E+0	3,425352E+0
48,133333	4,192266E+0	3,424451E+0
48,200000	4,182543E+0	3,417838E+0
48,266667	4,173024E+0	3,406709E+0
48,333333	4,146922E+0	3,379220E+0
48,400000	4,117112E+0	3,350101E+0
48,466667	4,078996E+0	3,315670E+0
48,533333	4,057324E+0	3,299603E+0
48,600000	4,037835E+0	3,303504E+0
48,666667	4,002695E+0	3,260881E+0
48,733333	3,970782E+0	3,239675E+0
48,800000	3,934242E+0	3,213314E+0
48,866667	3,906784E+0	3,186494E+0
48,933333	3,882286E+0	3,147268E+0
49,000000	3,859672E+0	3,137011E+0
49,066667	3,841499E+0	3,106118E+0
49,133333	3,838519E+0	3,087647E+0
49,200000	3,836022E+0	3,079682E+0
49,266667	3,828661E+0	3,080974E+0
49,333333	3,834316E+0	3,098048E+0
49,400000	3,835803E+0	3,096620E+0
49,466667	3,836957E+0	3,055440E+0
49,533333	3,845732E+0	3,063248E+0
49,600000	3,854927E+0	3,077037E+0
49,666667	3,889969E+0	3,112851E+0
49,733333	3,913145E+0	3,149763E+0
49,800000	3,914049E+0	3,193415E+0
49,866667	3,921801E+0	3,212908E+0
49,933333	3,943615E+0	3,197345E+0
50,000000	3,955098E+0	3,213787E+0
50,066667	3,984070E+0	3,235204E+0
50,133333	4,017650E+0	3,250639E+0
50,200000	4,038712E+0	3,257822E+0
50,266667	4,047926E+0	3,239074E+0
50,333333	4,070885E+0	3,259243E+0
50,400000	4,093176E+0	3,271168E+0
50,466667	4,101495E+0	3,278811E+0
50,533333	4,116700E+0	3,279870E+0
50,600000	4,126514E+0	3,289729E+0
50,666667	4,139853E+0	3,314024E+0
50,733333	4,166359E+0	3,312416E+0
50,800000	4,177759E+0	3,357473E+0
50,866667	4,183009E+0	3,366333E+0
50,933333	4,194757E+0	3,373832E+0
51,000000	4,208222E+0	3,381475E+0
51,066667	4,221313E+0	3,396098E+0
51,133333	4,231848E+0	3,396091E+0
51,200000	4,232846E+0	3,419957E+0
51,266667	4,243614E+0	3,427517E+0
51,333333	4,261708E+0	3,413224E+0
51,400000	4,288099E+0	3,412908E+0
51,466667	4,306414E+0	3,419814E+0
51,533333	4,318317E+0	3,434445E+0
51,600000	4,340843E+0	3,430703E+0
51,666667	4,348290E+0	3,442561E+0
51,733333	4,347642E+0	3,446235E+0
51,800000	4,352016E+0	3,450511E+0
51,866667	4,358535E+0	3,448497E+0
51,933333	4,359674E+0	3,450398E+0
52,000000	4,363228E+0	3,463338E+0
52,066667	4,380844E+0	3,462760E+0
52,133333	4,386037E+0	3,480081E+0
52,200000	4,389118E+0	3,487994E+0
52,266667	4,392023E+0	3,490203E+0
52,333333	4,396081E+0	3,494915E+0
52,400000	4,396968E+0	3,489887E+0
52,466667	4,394968E+0	3,485830E+0
52,533333	4,394496E+0	3,468366E+0
52,600000	4,393621E+0	3,465638E+0
52,666667	4,396449E+0	3,471484E+0
52,733333	4,396295E+0	3,448595E+0
52,800000	4,396580E+0	3,455801E+0
52,866667	4,393229E+0	3,457199E+0
52,933333	4,391086E+0	3,461618E+0
53,000000	4,388572E+0	3,467727E+0
53,066667	4,373844E+0	3,464406E+0
53,133333	4,356186E+0	3,464240E+0
53,200000	4,335628E+0	3,463316E+0
53,266667	4,320465E+0	3,451285E+0
53,333333	4,308690E+0	3,452600E+0
53,400000	4,289378E+0	3,446265E+0
53,466667	4,268410E+0	3,431597E+0
53,533333	4,248103E+0	3,419897E+0
53,600000	4,213785E+0	3,430440E+0
53,666667	4,173122E+0	3,427178E+0
53,733333	4,131109E+0	3,386367E+0
53,800000	4,105496E+0	3,368738E+0
53,866667	4,079192E+0	3,360599E+0
53,933333	4,041694E+0	3,349831E+0
54,000000	3,982519E+0	3,308621E+0
54,066667	3,908284E+0	3,245829E+0
54,133333	3,856719E+0	3,208279E+0
54,200000	3,838481E+0	3,169947E+0
54,266667	3,834822E+0	3,171074E+0
54,333333	3,832451E+0	3,179318E+0
54,400000	3,828819E+0	3,177695E+0
54,466667	3,830179E+0	3,182121E+0
54,533333	3,827582E+0	3,170112E+0
54,600000	3,834045E+0	3,154730E+0
54,666667	3,841535E+0	3,170045E+0
54,733333	3,864484E+0	3,207640E+0
54,800000	3,906238E+0	3,237713E+0
54,866667	3,949564E+0	3,258679E+0
54,933333	3,990981E+0	3,278420E+0
55,000000	4,017271E+0	3,304939E+0
55,066667	4,021280E+0	3,337537E+0
55,133333	4,030826E+0	3,356504E+0
55,200000	4,047708E+0	3,359773E+0
55,266667	4,052854E+0	3,372720E+0
55,333333	4,061334E+0	3,393626E+0
55,400000	4,072173E+0	3,403921E+0
55,466667	4,077017E+0	3,405318E+0
55,533333	4,080002E+0	3,400261E+0
55,600000	4,095057E+0	3,390199E+0
55,666667	4,101435E+0	3,404935E+0
55,733333	4,104913E+0	3,413772E+0
55,800000	4,110143E+0	3,406791E+0
55,866667	4,120624E+0	3,405521E+0
55,933333	4,117364E+0	3,414516E+0
56,000000	4,081094E+0	3,405401E+0
56,066667	4,063973E+0	3,386066E+0
56,133333	4,073143E+0	3,385886E+0
56,200000	4,073152E+0	3,392972E+0
56,266667	4,065043E+0	3,404770E+0
56,333333	4,062617E+0	3,415869E+0
56,400000	4,066520E+0	3,416049E+0
56,466667	4,067472E+0	3,399457E+0
56,533333	4,065520E+0	3,387990E+0
56,600000	4,068515E+0	3,401246E+0
56,666667	4,070032E+0	3,415155E+0
56,733333	4,076449E+0	3,425713E+0
56,800000	4,091783E+0	3,443823E+0
56,866667	4,123352E+0	3,443094E+0
56,933333	4,163539E+0	3,433461E+0
57,000000	4,178637E+0	3,418183E+0
57,066667	4,181855E+0	3,422549E+0
57,133333	4,180645E+0	3,456861E+0
57,200000	4,179931E+0	3,499108E+0
57,266667	4,181303E+0	3,491270E+0
57,333333	4,182032E+0	3,469606E+0
57,400000	4,180456E+0	3,482726E+0
57,466667	4,181543E+0	3,514325E+0
57,533333	4,180437E+0	3,511612E+0
57,600000	4,178346E+0	3,509027E+0
57,666667	4,175247E+0	3,509410E+0
57,733333	4,166409E+0	3,497477E+0
57,800000	4,161835E+0	3,483996E+0
57,866667	4,151673E+0	3,485319E+0
57,933333	4,139713E+0	3,481839E+0
58,000000	4,125339E+0	3,475850E+0
58,066667	4,113857E+0	3,471687E+0
58,133333	4,103542E+0	3,468696E+0
58,200000	4,088717E+0	3,465165E+0
58,266667	4,082741E+0	3,463804E+0
58,333333	4,081616E+0	3,463887E+0
58,400000	4,073393E+0	3,462797E+0
58,466667	4,054025E+0	3,457079E+0
58,533333	4,040313E+0	3,464188E+0
58,600000	4,024828E+0	3,468471E+0
58,666667	4,006584E+0	3,450804E+0
58,733333	3,982087E+0	3,421618E+0
58,800000	3,967918E+0	3,417905E+0
58,866667	3,963163E+0	3,400479E+0
58,933333	3,961548E+0	3,408332E+0
59,000000	3,955616E+0	3,405131E+0
59,066667	3,954383E+0	3,407460E+0
59,133333	3,952019E+0	3,403598E+0
59,200000	3,945313E+0	3,400524E+0
59,266667	3,937962E+0	3,394828E+0
59,333333	3,928192E+0	3,392356E+0
59,400000	3,909735E+0	3,382211E+0
59,466667	3,891350E+0	3,363793E+0
59,533333	3,865281E+0	3,289797E+0
59,600000	3,848883E+0	3,256274E+0
59,666667	3,835609E+0	3,241095E+0
59,733333	3,831935E+0	3,235632E+0
59,800000	3,818382E+0	3,230124E+0
59,866667	3,806637E+0	3,220994E+0
59,933333	3,806149E+0	3,229214E+0
60,000000	3,805341E+0	3,230845E+0
60,066667	3,803835E+0	3,222662E+0
60,133333	3,801348E+0	3,223083E+0
60,200000	3,799034E+0	3,218589E+0
60,266667	3,799997E+0	3,223045E+0
60,333333	3,800305E+0	3,220287E+0
60,400000	3,800061E+0	3,218611E+0
60,466667	3,798541E+0	3,219904E+0
60,533333	3,798476E+0	3,227336E+0
60,600000	3,798349E+0	3,231266E+0
60,666667	3,791680E+0	3,218980E+0
60,733333	3,780639E+0	3,205416E+0
60,800000	3,775215E+0	3,200223E+0
60,866667	3,772432E+0	3,181144E+0
60,933333	3,770008E+0	3,165063E+0
61,000000	3,768227E+0	3,153558E+0
61,066667	3,767867E+0	3,154610E+0
61,133333	3,763093E+0	3,151544E+0
61,200000	3,759119E+0	3,149613E+0
61,266667	3,755509E+0	3,143676E+0
61,333333	3,752803E+0	3,128459E+0
61,400000	3,746134E+0	3,115399E+0
61,466667	3,739886E+0	3,112468E+0
61,533333	3,719074E+0	3,098551E+0
61,600000	3,699349E+0	3,089083E+0
61,666667	3,682922E+0	3,090007E+0
61,733333	3,663576E+0	3,085393E+0
61,800000	3,662762E+0	3,098544E+0
61,866667	3,664522E+0	3,093907E+0
61,933333	3,661650E+0	3,085588E+0
62,000000	3,658727E+0	3,085130E+0
62,066667	3,655066E+0	3,084957E+0
62,133333	3,632236E+0	3,065164E+0
62,200000	3,604642E+0	2,974688E+0
62,266667	3,581947E+0	2,976785E+0
62,333333	3,571756E+0	2,947478E+0
62,400000	3,553846E+0	2,911716E+0
62,466667	3,552069E+0	2,894696E+0
62,533333	3,551640E+0	2,894320E+0
62,600000	3,552273E+0	2,897206E+0
62,666667	3,552025E+0	2,887369E+0
62,733333	3,551286E+0	2,874068E+0
62,800000	3,550503E+0	2,876067E+0
62,866667	3,549976E+0	2,868530E+0
62,933333	3,549732E+0	2,877127E+0
63,000000	3,549082E+0	2,861804E+0
63,066667	3,548678E+0	2,865081E+0
63,133333	3,547128E+0	2,860196E+0
63,200000	3,547482E+0	2,866907E+0
63,266667	3,547401E+0	2,875143E+0
63,333333	3,546468E+0	2,879990E+0
63,400000	3,545535E+0	2,877946E+0
63,466667	3,542929E+0	2,870416E+0
63,533333	3,541480E+0	2,854575E+0
63,600000	3,542180E+0	2,835721E+0
63,666667	3,543458E+0	2,844311E+0
63,733333	3,538101E+0	2,839336E+0
63,800000	3,533802E+0	2,838134E+0
63,866667	3,530888E+0	2,844250E+0
63,933333	3,529181E+0	2,838209E+0
64,000000	3,527918E+0	2,835135E+0
64,066667	3,521803E+0	2,832430E+0
64,133333	3,513299E+0	2,833181E+0
64,200000	3,502755E+0	2,823360E+0
64,266667	3,497592E+0	2,824930E+0
64,333333	3,482495E+0	2,815425E+0
64,400000	3,460232E+0	2,796413E+0
64,466667	3,451003E+0	2,779099E+0
64,533333	3,447218E+0	2,755601E+0
64,600000	3,438297E+0	2,743037E+0
64,666667	3,428260E+0	2,738408E+0
64,733333	3,416736E+0	2,731472E+0
64,800000	3,410410E+0	2,732757E+0
64,866667	3,405778E+0	2,715097E+0
64,933333	3,403718E+0	2,692854E+0
65,000000	3,395368E+0	2,681011E+0
65,066667	3,390332E+0	2,650374E+0
65,133333	3,386335E+0	2,599952E+0
65,200000	3,373590E+0	2,634804E+0
65,266667	3,364686E+0	2,680636E+0
65,333333	3,349270E+0	2,644566E+0
65,400000	3,340410E+0	2,605821E+0
65,466667	3,325659E+0	2,604175E+0
65,533333	3,315455E+0	2,624630E+0
65,600000	3,306135E+0	2,738550E+0
65,666667	3,292819E+0	2,668101E+0
65,733333	3,286647E+0	2,626876E+0
65,800000	3,279233E+0	2,609247E+0
65,866667	3,275244E+0	2,575837E+0
65,933333	3,267552E+0	2,512910E+0
66,000000	3,265313E+0	2,457971E+0
66,066667	3,268046E+0	2,470385E+0
66,133333	3,274707E+0	2,466049E+0
66,200000	3,273263E+0	2,470228E+0
66,266667	3,279149E+0	2,462563E+0
66,333333	3,286475E+0	2,472151E+0
66,400000	3,280551E+0	2,464344E+0
66,466667	3,275700E+0	2,493372E+0
66,533333	3,279172E+0	2,489127E+0
66,600000	3,281078E+0	2,485775E+0
66,666667	3,279437E+0	2,514932E+0
66,733333	3,276621E+0	2,528420E+0
66,800000	3,273048E+0	2,509852E+0
66,866667	3,269126E+0	2,497934E+0
66,933333	3,261324E+0	2,498347E+0
67,000000	3,245297E+0	2,442875E+0
67,066667	3,235074E+0	2,447158E+0
67,133333	3,233697E+0	2,439320E+0
67,200000	3,233025E+0	2,437073E+0
67,266667	3,232629E+0	2,454387E+0
67,333333	3,224570E+0	2,432805E+0
67,400000	3,207928E+0	2,367037E+0
67,466667	3,192992E+0	2,400936E+0
67,533333	3,178506E+0	2,396089E+0
67,600000	3,177679E+0	2,373199E+0
67,666667	3,157105E+0	2,331899E+0
67,733333	3,149586E+0	2,384576E+0
67,800000	3,147142E+0	2,415800E+0
67,866667	3,140315E+0	2,401913E+0
67,933333	3,135433E+0	2,395555E+0
68,000000	3,127453E+0	2,360860E+0
68,066667	3,122894E+0	2,369344E+0
68,133333	3,130105E+0	2,321281E+0
68,200000	3,139405E+0	2,341804E+0
68,266667	3,141281E+0	2,349483E+0
68,333333	3,140307E+0	2,356735E+0
68,400000	3,140275E+0	2,387680E+0
68,466667	3,144960E+0	2,397396E+0
68,533333	3,141675E+0	2,381736E+0
68,600000	3,138667E+0	2,364888E+0
68,666667	3,133583E+0	2,374710E+0
68,733333	3,136516E+0	2,393804E+0
68,800000	3,134906E+0	2,399192E+0
68,866667	3,136272E+0	2,402063E+0
68,933333	3,138465E+0	2,403017E+0
69,000000	3,138317E+0	2,420985E+0
69,066667	3,139386E+0	2,384682E+0
69,133333	3,134927E+0	2,362085E+0
69,200000	3,131592E+0	2,359801E+0
69,266667	3,138145E+0	2,354007E+0
69,333333	3,135214E+0	2,326662E+0
69,400000	3,135147E+0	2,330006E+0
69,466667	3,133777E+0	2,310798E+0
69,533333	3,132806E+0	2,311031E+0
69,600000	3,135916E+0	2,301924E+0
69,666667	3,133554E+0	2,320372E+0
69,733333	3,139998E+0	2,348544E+0
69,800000	3,138667E+0	2,335754E+0
69,866667	3,132036E+0	2,364693E+0
69,933333	3,129197E+0	2,392159E+0
70,000000	3,126674E+0	2,387793E+0
70,066667	3,123050E+0	2,359312E+0
70,133333	3,121203E+0	2,370479E+0
70,200000	3,117608E+0	2,364806E+0
70,266667	3,117451E+0	2,342472E+0
70,333333	3,113405E+0	2,328600E+0
70,400000	3,122761E+0	2,349266E+0
70,466667	3,130178E+0	2,312008E+0
70,533333	3,131767E+0	2,264832E+0
70,600000	3,135353E+0	2,256521E+0
70,666667	3,135079E+0	2,272617E+0
70,733333	3,137434E+0	2,289893E+0
70,800000	3,138219E+0	2,296679E+0
70,866667	3,138009E+0	2,299887E+0
70,933333	3,140123E+0	2,301766E+0
71,000000	3,139769E+0	2,304824E+0
71,066667	3,139190E+0	2,308544E+0
71,133333	3,138486E+0	2,313594E+0
71,200000	3,137463E+0	2,316457E+0
71,266667	3,129220E+0	2,301044E+0
71,333333	3,124466E+0	2,286354E+0
71,400000	3,115248E+0	2,258768E+0
71,466667	3,112346E+0	2,240327E+0
71,533333	3,098874E+0	2,237298E+0
71,600000	3,097539E+0	2,241739E+0
71,666667	3,099183E+0	2,207751E+0
71,733333	3,091180E+0	2,145027E+0
71,800000	3,084830E+0	2,136385E+0
71,866667	3,082889E+0	2,143434E+0
71,933333	3,086044E+0	2,181848E+0
72,000000	3,078908E+0	2,152602E+0
72,066667	3,078331E+0	2,149603E+0
72,133333	3,077488E+0	2,172185E+0
72,200000	3,083664E+0	2,207300E+0
72,266667	3,082934E+0	2,201371E+0
72,333333	3,084363E+0	2,155397E+0
72,400000	3,082897E+0	2,133349E+0
72,466667	3,080548E+0	2,119064E+0
72,533333	3,080966E+0	2,130501E+0
72,600000	3,079550E+0	2,120364E+0
72,666667	3,077298E+0	2,095528E+0
72,733333	3,078313E+0	2,091140E+0
72,800000	3,070354E+0	2,138234E+0
72,866667	3,062727E+0	2,208878E+0
72,933333	3,061773E+0	2,199643E+0
73,000000	3,029945E+0	2,196998E+0
73,066667	3,019316E+0	2,175506E+0
73,133333	3,015250E+0	2,177452E+0
73,200000	3,006856E+0	2,138271E+0
73,266667	2,996123E+0	2,054582E+0
73,333333	2,983518E+0	2,020052E+0
73,400000	2,970652E+0	2,083152E+0
73,466667	2,961936E+0	2,045692E+0
73,533333	2,948774E+0	1,946830E+0
73,600000	2,952421E+0	1,941029E+0
73,666667	2,939776E+0	1,945492E+0
73,733333	2,938829E+0	1,860142E+0
73,800000	2,927337E+0	1,806939E+0
73,866667	2,930226E+0	1,830768E+0
73,933333	2,923065E+0	1,851635E+0
74,000000	2,921568E+0	1,813679E+0
74,066667	2,915632E+0	1,778894E+0
74,133333	2,916090E+0	1,763429E+0
74,200000	2,917527E+0	1,766706E+0
74,266667	2,915759E+0	1,746709E+0
74,333333	2,917290E+0	1,736084E+0
74,400000	2,918429E+0	1,761784E+0
74,466667	2,914755E+0	1,771823E+0
74,533333	2,914763E+0	1,779278E+0
74,600000	2,917546E+0	1,770125E+0
74,666667	2,919404E+0	1,738804E+0
74,733333	2,918440E+0	1,754277E+0
74,800000	2,914028E+0	1,732011E+0
74,866667	2,901512E+0	1,759266E+0
74,933333	2,891496E+0	1,785267E+0
75,000000	2,881404E+0	1,861036E+0
75,066667	2,883544E+0	1,873931E+0
75,133333	2,879180E+0	1,900082E+0
75,200000	2,875891E+0	2,145801E+0
75,266667	2,870032E+0	2,113323E+0
75,333333	2,869717E+0	2,176062E+0
75,400000	2,866764E+0	2,172868E+0
75,466667	2,865367E+0	2,179962E+0
75,533333	2,863854E+0	1,920424E+0
75,600000	2,863306E+0	1,796133E+0
75,666667	2,865770E+0	1,804339E+0
75,733333	2,863831E+0	1,810621E+0
75,800000	2,859759E+0	1,927089E+0
75,866667	2,861409E+0	1,905485E+0
75,933333	2,872952E+0	1,953090E+0
76,000000	2,860407E+0	1,971583E+0
76,066667	2,863708E+0	1,996058E+0
76,133333	2,855627E+0	1,995164E+0
76,200000	2,851191E+0	1,987086E+0
76,266667	2,843188E+0	1,950339E+0
76,333333	2,844046E+0	1,866860E+0
76,400000	2,836459E+0	1,859255E+0
76,466667	2,829685E+0	1,837703E+0
76,533333	2,817332E+0	1,826281E+0
76,600000	2,803331E+0	1,818353E+0
76,666667	2,794119E+0	1,791789E+0
76,733333	2,786922E+0	1,792428E+0
76,800000	2,777916E+0	1,774799E+0
76,866667	2,772642E+0	1,740705E+0
76,933333	2,769203E+0	1,748738E+0
77,000000	2,767606E+0	1,744282E+0
77,066667	2,761982E+0	1,730035E+0
77,133333	2,755923E+0	1,735408E+0
77,200000	2,751805E+0	1,724015E+0
77,266667	2,745805E+0	1,792195E+0
77,333333	2,738609E+0	1,763843E+0
77,400000	2,733049E+0	1,601881E+0
77,466667	2,733681E+0	1,528186E+0
77,533333	2,732820E+0	1,552533E+0
77,600000	2,727220E+0	1,563730E+0
77,666667	2,722910E+0	1,538428E+0
77,733333	2,726513E+0	1,543546E+0
77,800000	2,724158E+0	1,519446E+0
77,866667	2,719040E+0	1,490891E+0
77,933333	2,713029E+0	1,387866E+0
78,000000	2,702827E+0	1,292626E+0
78,066667	2,691120E+0	1,273682E+0
78,133333	2,679647E+0	1,256834E+0
78,200000	2,674569E+0	1,260141E+0
78,266667	2,674575E+0	1,270413E+0
78,333333	2,672741E+0	1,287614E+0
78,400000	2,668591E+0	1,292108E+0
78,466667	2,664309E+0	1,285104E+0
78,533333	2,659139E+0	1,363339E+0
78,600000	2,654251E+0	1,327389E+0
78,666667	2,653026E+0	1,356583E+0
78,733333	2,651210E+0	1,341651E+0
78,800000	2,648230E+0	1,347235E+0
78,866667	2,645607E+0	1,334911E+0
78,933333	2,649735E+0	1,355538E+0
79,000000	2,655653E+0	1,240926E+0
79,066667	2,659506E+0	1,169883E+0
79,133333	2,664499E+0	1,313547E+0
79,200000	2,667200E+0	1,451176E+0
79,266667	2,669897E+0	1,257954E+0
79,333333	2,673720E+0	1,101824E+0
79,400000	2,688983E+0	1,092295E+0
79,466667	2,707391E+0	1,117627E+0
79,533333	2,739288E+0	1,223966E+0
79,600000	2,771318E+0	1,307828E+0
79,666667	2,820050E+0	1,404736E+0
79,733333	2,851488E+0	1,417398E+0
79,800000	2,866585E+0	1,422208E+0
79,866667	2,892614E+0	1,481528E+0
79,933333	2,909692E+0	1,490575E+0
80,000000	2,931286E+0	1,516012E+0
80,066667	2,946229E+0	1,607472E+0
80,133333	2,972131E+0	1,690764E+0
80,200000	2,994205E+0	1,733040E+0
80,266667	3,023346E+0	1,743411E+0
80,333333	3,047299E+0	1,749573E+0
80,400000	3,064662E+0	1,803460E+0
80,466667	3,092974E+0	1,839499E+0
80,533333	3,124142E+0	1,900751E+0
80,600000	3,150602E+0	2,147680E+0
80,666667	3,178094E+0	2,117433E+0
80,733333	3,206487E+0	1,998215E+0
80,800000	3,224858E+0	2,031880E+0
80,866667	3,250429E+0	2,046413E+0
80,933333	3,266885E+0	2,113676E+0
81,000000	3,273617E+0	2,143223E+0
81,066667	3,289138E+0	2,168991E+0
81,133333	3,316139E+0	2,220796E+0
81,200000	3,330489E+0	2,234909E+0
81,266667	3,351472E+0	2,251351E+0
81,333333	3,364359E+0	2,359350E+0
81,400000	3,364106E+0	2,416288E+0
81,466667	3,365912E+0	2,375799E+0
81,533333	3,372352E+0	2,407338E+0
81,600000	3,376912E+0	2,465178E+0
81,666667	3,393779E+0	2,519891E+0
81,733333	3,398696E+0	2,449021E+0
81,800000	3,401589E+0	2,497145E+0
81,866667	3,411547E+0	2,480613E+0
81,933333	3,426015E+0	2,466523E+0
82,000000	3,435436E+0	2,489517E+0
82,066667	3,447839E+0	2,499219E+0
82,133333	3,457726E+0	2,567601E+0
82,200000	3,459863E+0	2,569217E+0
82,266667	3,471927E+0	2,537498E+0
82,333333	3,484633E+0	2,603160E+0
82,400000	3,495070E+0	2,623112E+0
82,466667	3,510010E+0	2,637269E+0
82,533333	3,521339E+0	2,652208E+0
82,600000	3,521151E+0	2,679260E+0
82,666667	3,519491E+0	2,679884E+0
82,733333	3,529399E+0	2,695499E+0
82,800000	3,547066E+0	2,683273E+0
82,866667	3,547468E+0	2,687158E+0
82,933333	3,542152E+0	2,690217E+0
83,000000	3,547951E+0	2,689480E+0
83,066667	3,557120E+0	2,695988E+0
83,133333	3,560075E+0	2,696228E+0
83,200000	3,560286E+0	2,704089E+0
83,266667	3,560967E+0	2,706290E+0
83,333333	3,559584E+0	2,684205E+0
83,400000	3,552265E+0	2,680530E+0
83,466667	3,549497E+0	2,679644E+0
83,533333	3,542336E+0	2,657363E+0
83,600000	3,534209E+0	2,644460E+0
83,666667	3,527883E+0	2,658325E+0
83,733333	3,511012E+0	2,677532E+0
83,800000	3,499314E+0	2,657987E+0
83,866667	3,494630E+0	2,655281E+0
83,933333	3,478803E+0	2,663322E+0
84,000000	3,459340E+0	2,682041E+0
84,066667	3,439647E+0	2,631580E+0
84,133333	3,416832E+0	2,570344E+0
84,200000	3,392519E+0	2,559937E+0
84,266667	3,380455E+0	2,561996E+0
84,333333	3,374966E+0	2,569660E+0
84,400000	3,366866E+0	2,576814E+0
84,466667	3,353407E+0	2,564641E+0
84,533333	3,327507E+0	2,537671E+0
84,600000	3,300173E+0	2,510536E+0
84,666667	3,286397E+0	2,528841E+0
84,733333	3,276569E+0	2,539557E+0
84,800000	3,265134E+0	2,521770E+0
84,866667	3,267512E+0	2,519967E+0
84,933333	3,270862E+0	2,510588E+0
85,000000	3,262968E+0	2,499301E+0
85,066667	3,253389E+0	2,453170E+0
85,133333	3,243645E+0	2,436044E+0
85,200000	3,231954E+0	2,418873E+0
85,266667	3,223044E+0	2,415957E+0
85,333333	3,220227E+0	2,426523E+0
85,400000	3,212906E+0	2,427440E+0
85,466667	3,206210E+0	2,427500E+0
85,533333	3,199070E+0	2,418730E+0
85,600000	3,193721E+0	2,393812E+0
85,666667	3,188318E+0	2,383772E+0
85,733333	3,183138E+0	2,382007E+0
85,800000	3,175842E+0	2,397915E+0
85,866667	3,177388E+0	2,417265E+0
85,933333	3,169412E+0	2,411095E+0
86,000000	3,163214E+0	2,407323E+0
86,066667	3,156151E+0	2,408871E+0
86,133333	3,154353E+0	2,393181E+0
86,200000	3,147601E+0	2,384779E+0
86,266667	3,133444E+0	2,334830E+0
86,333333	3,125920E+0	2,282228E+0
86,400000	3,120165E+0	2,293034E+0
86,466667	3,105881E+0	2,249029E+0
86,533333	3,085459E+0	2,165887E+0
86,600000	3,071291E+0	2,140533E+0
86,666667	3,073841E+0	2,136445E+0
86,733333	3,061360E+0	2,110415E+0
86,800000	3,044491E+0	2,104696E+0
86,866667	3,026448E+0	2,080326E+0
86,933333	3,010195E+0	2,031489E+0
87,000000	2,994622E+0	2,034390E+0
87,066667	2,977842E+0	2,120109E+0
87,133333	2,958695E+0	2,048758E+0
87,200000	2,925305E+0	1,989731E+0
87,266667	2,903210E+0	1,949656E+0
87,333333	2,870315E+0	1,959996E+0
87,400000	2,854959E+0	1,921123E+0
87,466667	2,841091E+0	1,921063E+0
87,533333	2,826486E+0	1,886150E+0
87,600000	2,813468E+0	1,827236E+0
87,666667	2,813162E+0	1,828956E+0
87,733333	2,810077E+0	1,806758E+0
87,800000	2,809792E+0	1,819360E+0
87,866667	2,809427E+0	1,833976E+0
87,933333	2,809657E+0	1,835419E+0
88,000000	2,814491E+0	1,829069E+0
88,066667	2,810923E+0	1,832789E+0
88,133333	2,806645E+0	1,819413E+0
88,200000	2,806084E+0	1,823441E+0
88,266667	2,800598E+0	1,828926E+0
88,333333	2,804624E+0	1,838214E+0
88,400000	2,795537E+0	1,855731E+0
88,466667	2,794718E+0	1,837538E+0
88,533333	2,793419E+0	1,832120E+0
88,600000	2,802473E+0	1,806090E+0
88,666667	2,794712E+0	1,814333E+0
88,733333	2,790626E+0	1,691673E+0
88,800000	2,790694E+0	1,591263E+0
88,866667	2,789401E+0	1,581171E+0
88,933333	2,776069E+0	1,552300E+0
89,000000	2,763561E+0	1,513870E+0
89,066667	2,741414E+0	1,552014E+0
89,133333	2,730810E+0	1,498278E+0
89,200000	2,731310E+0	1,433044E+0
89,266667	2,718199E+0	1,400010E+0
89,333333	2,715210E+0	1,356237E+0
89,400000	2,698584E+0	1,276027E+0
89,466667	2,684111E+0	1,295813E+0
89,533333	2,667411E+0	1,271638E+0
89,600000	2,652762E+0	1,418901E+0
89,666667	2,641162E+0	1,341930E+0
89,733333	2,642441E+0	1,275937E+0
89,800000	2,640304E+0	1,164796E+0
89,866667	2,637909E+0	1,053197E+0
89,933333	2,636432E+0	1,029879E+0
90,000000	2,631717E+0	1,059712E+0
90,066667	2,632081E+0	1,009259E+0
90,133333	2,624746E+0	9,904579E-1
90,200000	2,623454E+0	9,977921E-1
90,266667	2,619794E+0	9,953950E-1
90,333333	2,618730E+0	9,984309E-1
90,400000	2,616073E+0	1,019434E+0
90,466667	2,615621E+0	9,778259E-1
90,533333	2,611907E+0	9,898943E-1
90,600000	2,610728E+0	1,017518E+0
90,666667	2,609697E+0	1,052288E+0
90,733333	2,612278E+0	1,059945E+0
90,800000	2,612825E+0	1,025649E+0
90,866667	2,614267E+0	1,009815E+0
90,933333	2,614608E+0	9,795843E-1
91,000000	2,611896E+0	9,125243E-1
91,066667	2,609711E+0	8,794001E-1
91,133333	2,607637E+0	9,023646E-1
91,200000	2,603600E+0	9,096086E-1
91,266667	2,599932E+0	8,864638E-1
91,333333	2,596887E+0	8,819851E-1
91,400000	2,595781E+0	8,482446E-1
91,466667	2,595046E+0	8,412711E-1
91,533333	2,593884E+0	8,303224E-1
91,600000	2,592078E+0	7,941322E-1
91,666667	2,589016E+0	8,238298E-1
91,733333	2,587356E+0	9,249759E-1
91,800000	2,584994E+0	8,812261E-1
91,866667	2,582459E+0	9,465428E-1
91,933333	2,583528E+0	9,441531E-1
92,000000	2,582947E+0	9,491278E-1
92,066667	2,582309E+0	9,875723E-1
92,133333	2,582060E+0	9,799601E-1
92,200000	2,582212E+0	9,988292E-1
92,266667	2,582078E+0	1,016661E+0
92,333333	2,581964E+0	1,021456E+0
92,400000	2,582083E+0	9,408242E-1
92,466667	2,582070E+0	9,640517E-1
92,533333	2,581787E+0	9,866631E-1
92,600000	2,581870E+0	9,656373E-1
92,666667	2,581770E+0	9,373600E-1
92,733333	2,581724E+0	9,045438E-1
92,800000	2,581758E+0	8,735537E-1
92,866667	2,581893E+0	8,494470E-1
92,933333	2,581724E+0	8,720583E-1
93,000000	2,581814E+0	8,846227E-1
93,066667	2,581905E+0	8,892667E-1
93,133333	2,581624E+0	9,040854E-1
93,200000	2,581599E+0	9,206400E-1
93,266667	2,581620E+0	8,955414E-1
93,333333	2,581712E+0	8,962853E-1
93,400000	2,581549E+0	8,706982E-1
93,466667	2,581753E+0	9,007039E-1
93,533333	2,581678E+0	8,831573E-1
93,600000	2,581695E+0	8,826013E-1
93,666667	2,581787E+0	8,544141E-1
93,733333	2,581847E+0	8,382878E-1
93,800000	2,581672E+0	8,125204E-1
93,866667	2,581551E+0	8,040665E-1
93,933333	2,581770E+0	7,922460E-1
94,000000	2,581916E+0	7,891726E-1
94,066667	2,582089E+0	7,728960E-1
94,133333	2,582155E+0	7,529974E-1
94,200000	2,581739E+0	9,016732E-1
94,266667	2,581774E+0	9,004559E-1
94,333333	2,581695E+0	9,240817E-1
94,400000	2,581932E+0	9,344819E-1
94,466667	2,581878E+0	9,206626E-1
94,533333	2,581833E+0	9,371571E-1
94,600000	2,581785E+0	9,944256E-1
94,666667	2,581883E+0	9,807416E-1
94,733333	2,581728E+0	9,795092E-1
94,800000	2,581791E+0	9,780739E-1
94,866667	2,581720E+0	9,724079E-1
94,933333	2,581768E+0	9,621580E-1
95,000000	2,581705E+0	9,637136E-1
95,066667	2,581733E+0	9,613991E-1
95,133333	2,581608E+0	9,559961E-1
95,200000	2,581689E+0	9,619101E-1
95,266667	2,582884E+0	9,590996E-1
95,333333	2,583568E+0	7,775100E-1
95,400000	2,584948E+0	6,908143E-1
95,466667	2,589460E+0	7,366307E-1
95,533333	2,598412E+0	7,449643E-1
95,600000	2,607499E+0	7,447765E-1
95,666667	2,621217E+0	7,175587E-1
95,733333	2,633266E+0	7,210755E-1
95,800000	2,646909E+0	7,509835E-1
95,866667	2,658713E+0	7,481580E-1
95,933333	2,675709E+0	7,134407E-1
96,000000	2,693542E+0	7,210680E-1
96,066667	2,706930E+0	7,996855E-1
96,133333	2,723570E+0	8,465238E-1
96,200000	2,744497E+0	9,190019E-1
96,266667	2,762999E+0	1,016301E+0
96,333333	2,781305E+0	1,095767E+0
96,400000	2,804045E+0	1,154313E+0
96,466667	2,825282E+0	1,263515E+0
96,533333	2,847896E+0	1,341449E+0
96,600000	2,875177E+0	1,476147E+0
96,666667	2,900525E+0	1,590857E+0
96,733333	2,920397E+0	1,688487E+0
96,800000	2,940384E+0	1,636726E+0
96,866667	2,969863E+0	1,695956E+0
96,933333	2,993759E+0	1,707559E+0
97,000000	3,014929E+0	1,709460E+0
97,066667	3,042708E+0	1,735671E+0
97,133333	3,074366E+0	1,885692E+0
97,200000	3,094669E+0	2,039673E+0
97,266667	3,110613E+0	2,010013E+0
97,333333	3,128540E+0	2,036291E+0
97,400000	3,141367E+0	2,055341E+0
97,466667	3,156871E+0	2,070107E+0
97,533333	3,174599E+0	2,113917E+0
97,600000	3,192901E+0	2,089412E+0
97,666667	3,209101E+0	2,080800E+0
97,733333	3,225889E+0	2,072045E+0
97,800000	3,247781E+0	2,168127E+0
97,866667	3,266296E+0	2,199124E+0
97,933333	3,288526E+0	2,208540E+0
98,000000	3,309109E+0	2,206218E+0
98,066667	3,329333E+0	2,213274E+0
98,133333	3,348100E+0	2,183877E+0
98,200000	3,371663E+0	2,253808E+0
98,266667	3,403653E+0	2,301721E+0
98,333333	3,429820E+0	2,332275E+0
98,400000	3,449957E+0	2,377971E+0
98,466667	3,464606E+0	2,466741E+0
98,533333	3,479798E+0	2,471783E+0
98,600000	3,514159E+0	2,473526E+0
98,666667	3,538453E+0	2,552730E+0
98,733333	3,541738E+0	2,610900E+0
98,800000	3,548132E+0	2,631212E+0
98,866667	3,567265E+0	2,645129E+0
98,933333	3,583686E+0	2,643882E+0
99,000000	3,596713E+0	2,624983E+0
99,066667	3,618922E+0	2,649585E+0
99,133333	3,628355E+0	2,690149E+0
99,200000	3,637447E+0	2,729773E+0
99,266667	3,646486E+0	2,734177E+0
99,333333	3,655924E+0	2,734079E+0
99,400000	3,657413E+0	2,787418E+0
99,466667	3,655811E+0	2,773907E+0
99,533333	3,660679E+0	2,791994E+0
99,600000	3,674861E+0	2,786892E+0
99,666667	3,670820E+0	2,801252E+0
99,733333	3,675286E+0	2,789830E+0
99,800000	3,678215E+0	2,772118E+0
99,866667	3,674830E+0	2,767782E+0
99,933333	3,672216E+0	2,746651E+0
100,000000	3,680862E+0	2,732013E+0
100,066667	3,680903E+0	2,735161E+0
100,133333	3,686640E+0	2,721049E+0
100,200000	3,702021E+0	2,757405E+0
100,266667	3,711367E+0	2,769811E+0
100,333333	3,724383E+0	2,800463E+0
100,400000	3,738777E+0	2,797547E+0
100,466667	3,750452E+0	2,781782E+0
100,533333	3,748767E+0	2,787974E+0
100,600000	3,757309E+0	2,791137E+0
100,666667	3,763972E+0	2,830980E+0
100,733333	3,756398E+0	2,863435E+0
100,800000	3,751662E+0	2,866343E+0
100,866667	3,747182E+0	2,879298E+0
100,933333	3,748650E+0	2,905171E+0
101,000000	3,736203E+0	2,900392E+0
101,066667	3,718403E+0	2,886182E+0
101,133333	3,702063E+0	2,863886E+0
101,200000	3,693173E+0	2,854621E+0
101,266667	3,676071E+0	2,845280E+0
101,333333	3,679610E+0	2,859430E+0
101,400000	3,672162E+0	2,849390E+0
101,466667	3,682472E+0	2,831348E+0
101,533333	3,691566E+0	2,814327E+0
101,600000	3,683690E+0	2,821015E+0
101,666667	3,673251E+0	2,835248E+0
101,733333	3,671654E+0	2,856349E+0
101,800000	3,668156E+0	2,881500E+0
101,866667	3,656009E+0	2,910108E+0
101,933333	3,634912E+0	2,865892E+0
102,000000	3,611736E+0	2,849405E+0
102,066667	3,616591E+0	2,847730E+0
102,133333	3,601545E+0	2,838164E+0
102,200000	3,586717E+0	2,824675E+0
102,266667	3,573052E+0	2,828072E+0
102,333333	3,528764E+0	2,798239E+0
102,400000	3,418725E+0	2,730307E+0
102,466667	3,299873E+0	2,665667E+0
102,533333	3,234807E+0	2,488105E+0
102,600000	3,185140E+0	2,376927E+0
102,666667	3,146291E+0	2,271490E+0
102,733333	3,120580E+0	2,290592E+0
102,800000	3,096209E+0	2,265223E+0
102,866667	3,079910E+0	2,228717E+0
102,933333	3,056813E+0	2,206120E+0
103,000000	3,033552E+0	2,187544E+0
103,066667	3,010518E+0	2,090749E+0
103,133333	2,999564E+0	2,040176E+0
103,200000	2,980912E+0	1,955787E+0
103,266667	2,962558E+0	1,851786E+0
103,333333	2,946897E+0	1,888389E+0
103,400000	2,934806E+0	1,858053E+0
103,466667	2,914518E+0	1,776249E+0
103,533333	2,905551E+0	1,770117E+0
103,600000	2,900065E+0	1,773815E+0
103,666667	2,901627E+0	1,790121E+0
103,733333	2,904470E+0	1,792676E+0
103,800000	2,912653E+0	1,798132E+0
103,866667	2,922414E+0	1,813116E+0
103,933333	2,928004E+0	1,829828E+0
104,000000	2,941842E+0	1,831466E+0
104,066667	2,957482E+0	1,860570E+0
104,133333	2,979409E+0	1,884249E+0
104,200000	3,003582E+0	1,909640E+0
104,266667	3,031865E+0	1,930381E+0
104,333333	3,063264E+0	1,952301E+0
104,400000	3,094324E+0	1,991872E+0
104,466667	3,127926E+0	2,090636E+0
104,533333	3,151416E+0	2,120958E+0
104,600000	3,186406E+0	2,129893E+0
104,666667	3,216387E+0	2,153601E+0
104,733333	3,253072E+0	2,172433E+0
104,800000	3,286243E+0	2,251088E+0
104,866667	3,308371E+0	2,298362E+0
104,933333	3,337546E+0	2,416619E+0
105,000000	3,360185E+0	2,456889E+0
105,066667	3,382685E+0	2,415912E+0
105,133333	3,402385E+0	2,422938E+0
105,200000	3,423224E+0	2,503036E+0
105,266667	3,442955E+0	2,623480E+0
105,333333	3,469413E+0	2,628875E+0
105,400000	3,502372E+0	2,587372E+0
105,466667	3,518287E+0	2,618242E+0
105,533333	3,528268E+0	2,611411E+0
105,600000	3,544439E+0	2,608796E+0
105,666667	3,563966E+0	2,642755E+0
105,733333	3,568490E+0	2,649766E+0
105,800000	3,571635E+0	2,682702E+0
105,866667	3,580702E+0	2,683251E+0
105,933333	3,587798E+0	2,682469E+0
106,000000	3,590747E+0	2,675992E+0
106,066667	3,593455E+0	2,691554E+0
106,133333	3,594313E+0	2,713354E+0
106,200000	3,596827E+0	2,724829E+0
106,266667	3,596813E+0	2,707388E+0
106,333333	3,596648E+0	2,686016E+0
106,400000	3,604536E+0	2,702751E+0
106,466667	3,606904E+0	2,689706E+0
106,533333	3,615298E+0	2,725362E+0
106,600000	3,625808E+0	2,768646E+0
106,666667	3,634104E+0	2,755556E+0
106,733333	3,644297E+0	2,736386E+0
106,800000	3,646005E+0	2,741241E+0
106,866667	3,648157E+0	2,754324E+0
106,933333	3,650144E+0	2,762507E+0
107,000000	3,651564E+0	2,762777E+0
107,066667	3,652983E+0	2,770720E+0
107,133333	3,652000E+0	2,784532E+0
107,200000	3,652770E+0	2,798547E+0
107,266667	3,654147E+0	2,818701E+0
107,333333	3,651358E+0	2,830363E+0
107,400000	3,649927E+0	2,822436E+0
107,466667	3,656267E+0	2,835195E+0
107,533333	3,653329E+0	2,828289E+0
107,600000	3,651042E+0	2,822052E+0
107,666667	3,654945E+0	2,825599E+0
107,733333	3,658702E+0	2,843627E+0
107,800000	3,656436E+0	2,850052E+0
107,866667	3,657503E+0	2,841042E+0
107,933333	3,664726E+0	2,840147E+0
108,000000	3,666663E+0	2,840561E+0
108,066667	3,668479E+0	2,843026E+0
108,133333	3,670389E+0	2,841628E+0
108,200000	3,669723E+0	2,837780E+0
108,266667	3,675751E+0	2,847910E+0
108,333333	3,683259E+0	2,861534E+0
108,400000	3,684653E+0	2,902879E+0
108,466667	3,687844E+0	2,930495E+0
108,533333	3,691159E+0	2,906727E+0
108,600000	3,684867E+0	2,907809E+0
108,666667	3,675598E+0	2,877916E+0
108,733333	3,673530E+0	2,837893E+0
108,800000	3,681560E+0	2,819700E+0
108,866667	3,686894E+0	2,855477E+0
108,933333	3,688575E+0	2,857867E+0
109,000000	3,685525E+0	2,872160E+0
109,066667	3,690659E+0	2,914151E+0
109,133333	3,687731E+0	2,892193E+0
109,200000	3,680545E+0	2,876510E+0
109,266667	3,679839E+0	2,837044E+0
109,333333	3,674411E+0	2,824848E+0
109,400000	3,676161E+0	2,832362E+0
109,466667	3,678725E+0	2,838960E+0
109,533333	3,674547E+0	2,832047E+0
109,600000	3,679910E+0	2,800147E+0
109,666667	3,681347E+0	2,801485E+0
109,733333	3,684198E+0	2,821549E+0
109,800000	3,682993E+0	2,830747E+0
109,866667	3,682436E+0	2,839216E+0
109,933333	3,685125E+0	2,835646E+0
110,000000	3,682993E+0	2,837322E+0
110,066667	3,682455E+0	2,838720E+0
110,133333	3,681316E+0	2,844093E+0
110,200000	3,674053E+0	2,846963E+0
110,266667	3,672603E+0	2,855680E+0
110,333333	3,665428E+0	2,846016E+0
110,400000	3,664620E+0	2,829800E+0
110,466667	3,660839E+0	2,823713E+0
110,533333	3,655416E+0	2,818370E+0
110,600000	3,648121E+0	2,818723E+0
110,666667	3,631553E+0	2,825426E+0
110,733333	3,618860E+0	2,821534E+0
110,800000	3,614840E+0	2,808985E+0
110,866667	3,617916E+0	2,813012E+0
110,933333	3,627626E+0	2,853290E+0
111,000000	3,625633E+0	2,836255E+0
111,066667	3,617697E+0	2,830694E+0
111,133333	3,611203E+0	2,829507E+0
111,200000	3,618937E+0	2,834519E+0
111,266667	3,626999E+0	2,845039E+0
111,333333	3,626360E+0	2,857018E+0
111,400000	3,627558E+0	2,859069E+0
111,466667	3,623992E+0	2,853290E+0
111,533333	3,621013E+0	2,837585E+0
111,600000	3,617397E+0	2,835113E+0
111,666667	3,622525E+0	2,850255E+0
111,733333	3,629692E+0	2,850405E+0
111,800000	3,616681E+0	2,823969E+0
111,866667	3,608031E+0	2,821609E+0
111,933333	3,606942E+0	2,819362E+0
112,000000	3,616862E+0	2,834384E+0
112,066667	3,608893E+0	2,836796E+0
112,133333	3,595442E+0	2,829898E+0
112,200000	3,591939E+0	2,838201E+0
112,266667	3,609676E+0	2,821865E+0
112,333333	3,597858E+0	2,792558E+0
112,400000	3,585109E+0	2,795308E+0
112,466667	3,581083E+0	2,812020E+0
112,533333	3,584676E+0	2,813215E+0
112,600000	3,583097E+0	2,820888E+0
112,666667	3,576863E+0	2,823074E+0
112,733333	3,580323E+0	2,816612E+0
112,800000	3,585836E+0	2,824269E+0
112,866667	3,570935E+0	2,828515E+0
112,933333	3,563889E+0	2,822796E+0
113,000000	3,530563E+0	2,799689E+0
113,066667	3,531705E+0	2,792159E+0
113,133333	3,549519E+0	2,810119E+0
113,200000	3,563108E+0	2,824720E+0
113,266667	3,564226E+0	2,825487E+0
113,333333	3,563266E+0	2,817889E+0
113,400000	3,586049E+0	2,821857E+0
113,466667	3,599781E+0	2,831754E+0
113,533333	3,594830E+0	2,833738E+0
113,600000	3,588715E+0	2,846024E+0
113,666667	3,585145E+0	2,858453E+0
113,733333	3,588513E+0	2,834729E+0
113,800000	3,594930E+0	2,831168E+0
113,866667	3,579067E+0	2,842883E+0
113,933333	3,574716E+0	2,839689E+0
114,000000	3,591801E+0	2,825772E+0
114,066667	3,614642E+0	2,832783E+0
114,133333	3,617318E+0	2,826584E+0
114,200000	3,602224E+0	2,831363E+0
114,266667	3,599899E+0	2,795120E+0
114,333333	3,605332E+0	2,794752E+0
114,400000	3,605881E+0	2,809834E+0
114,466667	3,602990E+0	2,790747E+0
114,533333	3,601160E+0	2,778408E+0
114,600000	3,608799E+0	2,804987E+0
114,666667	3,612976E+0	2,794391E+0
114,733333	3,606179E+0	2,835849E+0
114,800000	3,628160E+0	2,859355E+0
114,866667	3,642063E+0	2,873016E+0
114,933333	3,641223E+0	2,855673E+0
115,000000	3,635260E+0	2,834790E+0
115,066667	3,637641E+0	2,851014E+0
115,133333	3,650234E+0	2,862473E+0
115,200000	3,666305E+0	2,891547E+0
115,266667	3,676715E+0	2,905983E+0
115,333333	3,693957E+0	2,908973E+0
115,400000	3,717797E+0	2,899437E+0
115,466667	3,719744E+0	2,920508E+0
115,533333	3,740940E+0	2,920155E+0
115,600000	3,765090E+0	2,928940E+0
115,666667	3,783125E+0	2,934155E+0
115,733333	3,791074E+0	2,951589E+0
115,800000	3,796481E+0	2,976672E+0
115,866667	3,800413E+0	2,990454E+0
115,933333	3,809911E+0	2,989973E+0
116,000000	3,815260E+0	3,014854E+0
116,066667	3,818201E+0	3,047429E+0
116,133333	3,816114E+0	3,059220E+0
116,200000	3,819071E+0	3,053404E+0
116,266667	3,824630E+0	3,034993E+0
116,333333	3,825474E+0	3,037878E+0
116,400000	3,820667E+0	3,049361E+0
116,466667	3,819417E+0	3,056612E+0
116,533333	3,825936E+0	3,056342E+0
116,600000	3,820967E+0	3,037961E+0
116,666667	3,809890E+0	3,036819E+0
116,733333	3,806345E+0	3,037300E+0
116,800000	3,799440E+0	3,052186E+0
116,866667	3,795545E+0	3,063308E+0
116,933333	3,782628E+0	3,052291E+0
117,000000	3,773205E+0	3,028463E+0
117,066667	3,766488E+0	3,000546E+0
117,133333	3,749833E+0	2,987937E+0
117,200000	3,739548E+0	2,990777E+0
117,266667	3,729038E+0	2,979190E+0
117,333333	3,726060E+0	2,959719E+0
117,400000	3,713519E+0	2,951949E+0
117,466667	3,703594E+0	2,940076E+0
117,533333	3,699614E+0	2,936063E+0
117,600000	3,696115E+0	2,934606E+0
117,666667	3,692749E+0	2,929443E+0
117,733333	3,680135E+0	2,911070E+0
117,800000	3,662395E+0	2,893215E+0
117,866667	3,660614E+0	2,873347E+0
117,933333	3,652416E+0	2,877029E+0
118,000000	3,631202E+0	2,863405E+0
118,066667	3,594434E+0	2,857995E+0
118,133333	3,550411E+0	2,806099E+0
118,200000	3,515921E+0	2,783878E+0
118,266667	3,491612E+0	2,743578E+0
118,333333	3,474112E+0	2,700482E+0
118,400000	3,456872E+0	2,676841E+0
118,466667	3,439716E+0	2,653320E+0
118,533333	3,412629E+0	2,666163E+0
118,600000	3,378203E+0	2,640012E+0
118,666667	3,345977E+0	2,636352E+0
118,733333	3,288628E+0	2,570810E+0
118,800000	3,256959E+0	2,479042E+0
118,866667	3,256665E+0	2,469581E+0
118,933333	3,255299E+0	2,481161E+0
119,000000	3,253247E+0	2,511896E+0
119,066667	3,241910E+0	2,535958E+0
119,133333	3,233056E+0	2,536566E+0
119,200000	3,221700E+0	2,517968E+0
119,266667	3,210905E+0	2,531028E+0
119,333333	3,195598E+0	2,450194E+0
119,400000	3,190353E+0	2,448030E+0
119,466667	3,188183E+0	2,420639E+0
119,533333	3,172118E+0	2,452553E+0
119,600000	3,155547E+0	2,417558E+0
119,666667	3,153483E+0	2,386207E+0
119,733333	3,154472E+0	2,364798E+0
119,800000	3,168071E+0	2,358238E+0
119,866667	3,188568E+0	2,361477E+0
119,933333	3,212915E+0	2,389070E+0
120,000000	3,236443E+0	2,426831E+0
120,066667	3,290147E+0	2,471843E+0
120,133333	3,364752E+0	2,528924E+0
120,200000	3,420991E+0	2,575582E+0
120,266667	3,453265E+0	2,606031E+0
120,333333	3,488090E+0	2,658017E+0
120,400000	3,522763E+0	2,693681E+0
120,466667	3,558619E+0	2,718201E+0
120,533333	3,574572E+0	2,732479E+0
120,600000	3,579792E+0	2,795556E+0
120,666667	3,583043E+0	2,844874E+0
120,733333	3,578273E+0	2,880907E+0
120,800000	3,567317E+0	2,888940E+0
120,866667	3,548472E+0	2,878938E+0
120,933333	3,527391E+0	2,883582E+0
121,000000	3,517733E+0	2,854861E+0
121,066667	3,517373E+0	2,767662E+0
121,133333	3,517469E+0	2,696822E+0
121,200000	3,517367E+0	2,732201E+0
121,266667	3,517102E+0	2,778242E+0
121,333333	3,520116E+0	2,777483E+0
121,400000	3,530686E+0	2,749184E+0
121,466667	3,535042E+0	2,737220E+0
121,533333	3,535846E+0	2,766910E+0
121,600000	3,538714E+0	2,782067E+0
121,666667	3,539514E+0	2,763409E+0
121,733333	3,537039E+0	2,741368E+0
121,800000	3,538322E+0	2,756691E+0
121,866667	3,533017E+0	2,770427E+0
121,933333	3,521228E+0	2,784540E+0
122,000000	3,499694E+0	2,786802E+0
122,066667	3,477093E+0	2,738558E+0
122,133333	3,470071E+0	2,742285E+0
122,200000	3,460738E+0	2,741098E+0
122,266667	3,450955E+0	2,736371E+0
122,333333	3,450070E+0	2,721891E+0
122,400000	3,448605E+0	2,715556E+0
122,466667	3,447420E+0	2,720403E+0
122,533333	3,441803E+0	2,709018E+0
122,600000	3,439918E+0	2,704712E+0
122,666667	3,437389E+0	2,701173E+0
122,733333	3,435221E+0	2,703608E+0
122,800000	3,438329E+0	2,706335E+0
122,866667	3,441057E+0	2,714654E+0
122,933333	3,443819E+0	2,727136E+0
123,000000	3,444575E+0	2,689488E+0
123,066667	3,445537E+0	2,672790E+0
123,133333	3,448776E+0	2,679283E+0
123,200000	3,445523E+0	2,681560E+0
123,266667	3,441120E+0	2,683191E+0
123,333333	3,440547E+0	2,684258E+0
123,400000	3,439095E+0	2,692276E+0
123,466667	3,435248E+0	2,682619E+0
123,533333	3,433372E+0	2,672986E+0
123,600000	3,433315E+0	2,673797E+0
123,666667	3,433921E+0	2,675518E+0
123,733333	3,433711E+0	2,674624E+0
123,800000	3,430033E+0	2,671160E+0
123,866667	3,429258E+0	2,671874E+0
123,933333	3,428154E+0	2,672174E+0
124,000000	3,426756E+0	2,692832E+0
124,066667	3,425230E+0	2,675075E+0
124,133333	3,424455E+0	2,660790E+0
124,200000	3,422818E+0	2,647804E+0
124,266667	3,421666E+0	2,631250E+0
124,333333	3,416932E+0	2,626531E+0
124,400000	3,412199E+0	2,627470E+0
124,466667	3,412983E+0	2,633963E+0
124,533333	3,411468E+0	2,660249E+0
124,600000	3,408500E+0	2,683672E+0
124,666667	3,404193E+0	2,676563E+0
124,733333	3,403214E+0	2,666095E+0
124,800000	3,403243E+0	2,665201E+0
124,866667	3,402618E+0	2,645760E+0
124,933333	3,400662E+0	2,630401E+0
125,000000	3,401025E+0	2,638855E+0
125,066667	3,398659E+0	2,631535E+0
125,133333	3,393466E+0	2,640628E+0
125,200000	3,391887E+0	2,650397E+0
125,266667	3,390511E+0	2,639200E+0
125,333333	3,390053E+0	2,638096E+0
125,400000	3,386089E+0	2,640493E+0
125,466667	3,387899E+0	2,642281E+0
125,533333	3,382073E+0	2,643438E+0
125,600000	3,382184E+0	2,644190E+0
125,666667	3,381646E+0	2,640741E+0
125,733333	3,381448E+0	2,626952E+0
125,800000	3,380880E+0	2,626193E+0
125,866667	3,378720E+0	2,636683E+0
125,933333	3,376849E+0	2,638208E+0
126,000000	3,375408E+0	2,639749E+0
126,066667	3,365533E+0	2,635075E+0
126,133333	3,357785E+0	2,627861E+0
126,200000	3,345313E+0	2,627124E+0
126,266667	3,327923E+0	2,623405E+0
126,333333	3,309992E+0	2,604814E+0
126,400000	3,297099E+0	2,563311E+0
126,466667	3,286997E+0	2,574613E+0
126,533333	3,284683E+0	2,593662E+0
126,600000	3,272130E+0	2,612351E+0
126,666667	3,265088E+0	2,590934E+0
126,733333	3,258348E+0	2,571141E+0
126,800000	3,241658E+0	2,536018E+0
126,866667	3,218249E+0	2,507913E+0
126,933333	3,197208E+0	2,493155E+0
127,000000	3,190366E+0	2,444956E+0
127,066667	3,190811E+0	2,645032E+0
127,133333	3,186585E+0	2,749123E+0
127,200000	3,174636E+0	2,760320E+0
127,266667	3,160242E+0	2,627124E+0
127,333333	3,154961E+0	2,509394E+0
127,400000	3,154776E+0	2,631528E+0
127,466667	3,152377E+0	2,676127E+0
127,533333	3,148294E+0	2,698190E+0
127,600000	3,138638E+0	2,691765E+0
127,666667	3,134329E+0	2,703563E+0
127,733333	3,133446E+0	2,667402E+0
127,800000	3,129009E+0	2,680651E+0
127,866667	3,128036E+0	2,676690E+0
127,933333	3,131130E+0	2,662112E+0
128,000000	3,131009E+0	2,665554E+0
128,066667	3,121880E+0	2,685039E+0
128,133333	3,115327E+0	2,678622E+0
128,200000	3,109926E+0	2,648218E+0
128,266667	3,101324E+0	2,590686E+0
128,333333	3,075367E+0	2,555105E+0
128,400000	3,044296E+0	2,590235E+0
128,466667	3,025742E+0	2,612193E+0
128,533333	2,987334E+0	2,685362E+0
128,600000	2,969832E+0	2,618693E+0
128,666667	2,947922E+0	2,303637E+0
128,733333	2,925500E+0	2,248931E+0
128,800000	2,917633E+0	2,319388E+0
128,866667	2,905736E+0	2,302946E+0
128,933333	2,879653E+0	2,207052E+0
129,000000	2,850208E+0	2,219782E+0
129,066667	2,817573E+0	1,944538E+0
129,133333	2,805137E+0	1,920755E+0
129,200000	2,813841E+0	1,960507E+0
129,266667	2,807867E+0	2,041221E+0
129,333333	2,811881E+0	1,927645E+0
129,400000	2,807830E+0	1,875682E+0
129,466667	2,805999E+0	1,972710E+0
129,533333	2,801284E+0	1,894393E+0
129,600000	2,806757E+0	1,939511E+0
129,666667	2,807124E+0	1,945508E+0
129,733333	2,801667E+0	1,986364E+0
129,800000	2,794360E+0	2,103614E+0
129,866667	2,790457E+0	2,079823E+0
129,933333	2,794046E+0	1,889088E+0
130,000000	2,800471E+0	1,779060E+0
130,066667	2,800904E+0	1,782193E+0
130,133333	2,802825E+0	1,957508E+0
130,200000	2,806141E+0	1,965406E+0
130,266667	2,807624E+0	1,993022E+0
130,333333	2,811010E+0	2,018925E+0
130,400000	2,814807E+0	2,031038E+0
130,466667	2,818434E+0	2,057978E+0
130,533333	2,821516E+0	2,076960E+0
130,600000	2,828852E+0	2,043152E+0
130,666667	2,830595E+0	2,020766E+0
130,733333	2,828650E+0	1,960642E+0
130,800000	2,827430E+0	1,913142E+0
130,866667	2,836829E+0	1,900052E+0
130,933333	2,837858E+0	1,912962E+0
131,000000	2,835550E+0	1,954059E+0
131,066667	2,824232E+0	1,924903E+0
131,133333	2,818505E+0	1,878936E+0
131,200000	2,813089E+0	1,798402E+0
131,266667	2,816280E+0	1,825019E+0
131,333333	2,816601E+0	1,831542E+0
131,400000	2,810502E+0	1,824944E+0
131,466667	2,824203E+0	1,800311E+0
131,533333	2,836927E+0	1,796298E+0
131,600000	2,850295E+0	1,866214E+0
131,666667	2,859657E+0	1,946560E+0
131,733333	2,871217E+0	2,044219E+0
131,800000	2,877445E+0	2,005376E+0
131,866667	2,887039E+0	2,025275E+0
131,933333	2,879644E+0	2,017940E+0
132,000000	2,867518E+0	2,009674E+0
132,066667	2,862251E+0	2,003730E+0
132,133333	2,864690E+0	1,883993E+0
132,200000	2,867241E+0	1,780277E+0
132,266667	2,866989E+0	1,792225E+0
132,333333	2,860276E+0	1,739120E+0
132,400000	2,857420E+0	1,751121E+0
132,466667	2,856425E+0	1,764594E+0
132,533333	2,858276E+0	1,798410E+0
132,600000	2,856952E+0	1,790452E+0
132,666667	2,848373E+0	1,755870E+0
132,733333	2,839708E+0	1,705515E+0
132,800000	2,836057E+0	1,712518E+0
132,866667	2,828671E+0	1,724316E+0
132,933333	2,809675E+0	1,677237E+0
133,000000	2,795666E+0	1,682325E+0
133,066667	2,788468E+0	1,653829E+0
133,133333	2,779268E+0	1,636230E+0
133,200000	2,764307E+0	1,587228E+0
133,266667	2,743959E+0	1,533025E+0
133,333333	2,721267E+0	1,548783E+0
133,400000	2,713342E+0	1,529779E+0
133,466667	2,713871E+0	1,460870E+0
133,533333	2,711004E+0	1,405172E+0
133,600000	2,700974E+0	1,412521E+0
133,666667	2,692073E+0	1,299773E+0
133,733333	2,685865E+0	1,284315E+0
133,800000	2,683828E+0	1,280333E+0
133,866667	2,677673E+0	1,274802E+0
133,933333	2,668444E+0	1,260073E+0
134,000000	2,663139E+0	1,253370E+0
134,066667	2,661154E+0	1,282549E+0
134,133333	2,657180E+0	1,298924E+0
134,200000	2,649263E+0	1,276395E+0
134,266667	2,645886E+0	1,295219E+0
134,333333	2,646203E+0	1,409839E+0
134,400000	2,647149E+0	1,428234E+0
134,466667	2,641477E+0	1,469512E+0
134,533333	2,638146E+0	1,423666E+0
134,600000	2,637603E+0	1,445465E+0
134,666667	2,638978E+0	1,407712E+0
134,733333	2,637667E+0	1,488967E+0
134,800000	2,633243E+0	1,501223E+0
134,866667	2,632406E+0	1,510519E+0
134,933333	2,632229E+0	1,488997E+0
135,000000	2,632444E+0	1,475343E+0
135,066667	2,632289E+0	1,452882E+0
135,133333	2,634091E+0	1,469843E+0
135,200000	2,642175E+0	1,515043E+0
135,266667	2,645655E+0	1,588197E+0
135,333333	2,649238E+0	1,662494E+0
135,400000	2,654555E+0	1,680964E+0
135,466667	2,664636E+0	1,512548E+0
135,533333	2,672449E+0	1,491815E+0
135,600000	2,678160E+0	1,525112E+0
135,666667	2,684021E+0	1,546589E+0
135,733333	2,689884E+0	1,580931E+0
135,800000	2,695125E+0	1,599582E+0
135,866667	2,699166E+0	1,638552E+0
135,933333	2,707066E+0	1,671376E+0
136,000000	2,717859E+0	1,641573E+0
136,066667	2,725141E+0	1,636403E+0
136,133333	2,735091E+0	1,586491E+0
136,200000	2,758181E+0	1,570312E+0
136,266667	2,786795E+0	1,590294E+0
136,333333	2,792090E+0	1,652311E+0
136,400000	2,816463E+0	1,682663E+0
136,466667	2,827350E+0	1,739638E+0
136,533333	2,839314E+0	1,781682E+0
136,600000	2,852503E+0	1,842641E+0
136,666667	2,858822E+0	1,819466E+0
136,733333	2,870478E+0	1,835013E+0
136,800000	2,877718E+0	1,888104E+0
136,866667	2,884014E+0	1,921333E+0
136,933333	2,887924E+0	1,996351E+0
137,000000	2,897294E+0	1,956531E+0
137,066667	2,906628E+0	1,919522E+0
137,133333	2,916800E+0	1,895701E+0
137,200000	2,923882E+0	1,984876E+0
137,266667	2,929599E+0	1,965556E+0
137,333333	2,936558E+0	1,985545E+0
137,400000	2,943492E+0	1,946297E+0
137,466667	2,961632E+0	2,050283E+0
137,533333	2,970598E+0	2,179902E+0
137,600000	2,972571E+0	2,185275E+0
137,666667	2,972571E+0	2,188063E+0
137,733333	2,985797E+0	2,224719E+0
137,800000	3,002308E+0	2,152526E+0
137,866667	3,011064E+0	2,105320E+0
137,933333	3,019551E+0	2,085196E+0
138,000000	3,036162E+0	2,162558E+0
138,066667	3,052389E+0	2,178008E+0
138,133333	3,063329E+0	2,143051E+0
138,200000	3,074943E+0	2,154262E+0
138,266667	3,090560E+0	2,221713E+0
138,333333	3,100607E+0	2,212222E+0
138,400000	3,107223E+0	2,233180E+0
138,466667	3,111851E+0	2,239500E+0
138,533333	3,110636E+0	2,276081E+0
138,600000	3,109759E+0	2,247638E+0
138,666667	3,110759E+0	2,244715E+0
138,733333	3,111697E+0	2,235998E+0
138,800000	3,114438E+0	2,241356E+0
138,866667	3,119953E+0	2,231144E+0
138,933333	3,123411E+0	2,277561E+0
139,000000	3,127816E+0	2,315217E+0
139,066667	3,137182E+0	2,324234E+0
139,133333	3,143710E+0	2,327293E+0
139,200000	3,144991E+0	2,339512E+0
139,266667	3,144233E+0	2,397637E+0
139,333333	3,143920E+0	2,440072E+0
139,400000	3,145139E+0	2,399095E+0
139,466667	3,146041E+0	2,372290E+0
139,533333	3,146747E+0	2,437201E+0
139,600000	3,151962E+0	2,454207E+0
139,666667	3,156471E+0	2,463532E+0
139,733333	3,158936E+0	2,475939E+0
139,800000	3,158325E+0	2,445572E+0
139,866667	3,159714E+0	2,454357E+0
139,933333	3,165182E+0	2,459625E+0
140,000000	3,165270E+0	2,465140E+0
140,066667	3,164436E+0	2,406714E+0
140,133333	3,160806E+0	2,414071E+0
140,200000	3,160050E+0	2,430874E+0
140,266667	3,158704E+0	2,361687E+0
140,333333	3,160870E+0	2,310077E+0
140,400000	3,160639E+0	2,383344E+0
140,466667	3,157794E+0	2,406046E+0
140,533333	3,162137E+0	2,400763E+0
140,600000	3,163297E+0	2,440883E+0
140,666667	3,160993E+0	2,447969E+0
140,733333	3,158990E+0	2,409164E+0
140,800000	3,156467E+0	2,297896E+0
140,866667	3,154243E+0	2,246376E+0
140,933333	3,154524E+0	2,362040E+0
141,000000	3,155370E+0	2,446061E+0
141,066667	3,158661E+0	2,444438E+0
141,133333	3,164647E+0	2,433865E+0
141,200000	3,179616E+0	2,366121E+0
141,266667	3,182892E+0	2,342442E+0
141,333333	3,186040E+0	2,478802E+0
141,400000	3,188491E+0	2,532042E+0
141,466667	3,188574E+0	2,547290E+0
141,533333	3,188614E+0	2,457731E+0
141,600000	3,192486E+0	2,381450E+0
141,666667	3,191416E+0	2,431745E+0
141,733333	3,191336E+0	2,531915E+0
141,800000	3,191897E+0	2,530968E+0
141,866667	3,192936E+0	2,413087E+0
141,933333	3,194044E+0	2,283032E+0
142,000000	3,200157E+0	2,256784E+0
142,066667	3,207599E+0	2,267875E+0
142,133333	3,214327E+0	2,290689E+0
142,200000	3,218397E+0	2,360447E+0
142,266667	3,217836E+0	2,365910E+0
142,333333	3,216982E+0	2,377385E+0
142,400000	3,219403E+0	2,340000E+0
142,466667	3,220413E+0	2,349025E+0
142,533333	3,219436E+0	2,340165E+0
142,600000	3,221542E+0	2,304434E+0
142,666667	3,224233E+0	2,257220E+0
142,733333	3,226624E+0	2,226154E+0
142,800000	3,228903E+0	2,097820E+0
142,866667	3,229859E+0	2,057279E+0
142,933333	3,224054E+0	2,070633E+0
143,000000	3,216964E+0	2,090103E+0
143,066667	3,197985E+0	2,109603E+0
143,133333	3,161331E+0	2,102066E+0
143,200000	3,130055E+0	2,114803E+0
143,266667	3,096531E+0	2,024253E+0
143,333333	3,058313E+0	1,947086E+0
143,400000	3,039551E+0	1,894574E+0
143,466667	3,018204E+0	1,817692E+0
143,533333	2,989644E+0	1,891470E+0
143,600000	2,980161E+0	1,867980E+0
143,666667	2,968922E+0	1,861682E+0
143,733333	2,946862E+0	1,763527E+0
143,800000	2,939920E+0	1,704342E+0
143,866667	2,924857E+0	1,685300E+0
143,933333	2,913001E+0	1,659939E+0
144,000000	2,900131E+0	1,681025E+0
144,066667	2,908034E+0	1,692590E+0
144,133333	2,915099E+0	1,620435E+0
144,200000	2,921993E+0	1,568764E+0
144,266667	2,929441E+0	1,597245E+0
144,333333	2,935985E+0	1,617053E+0
144,400000	2,961690E+0	1,679033E+0
144,466667	2,989940E+0	1,773371E+0
144,533333	3,029797E+0	1,845872E+0
144,600000	3,073645E+0	1,959688E+0
144,666667	3,104117E+0	2,040184E+0
144,733333	3,131107E+0	2,054243E+0
144,800000	3,151650E+0	2,116163E+0
144,866667	3,171528E+0	2,182630E+0
144,933333	3,189235E+0	2,200860E+0
145,000000	3,204194E+0	2,230175E+0
145,066667	3,228332E+0	2,257948E+0
145,133333	3,251799E+0	2,237629E+0
145,200000	3,273340E+0	2,262134E+0
145,266667	3,294583E+0	2,314511E+0
145,333333	3,315482E+0	2,387920E+0
145,400000	3,326542E+0	2,352309E+0
145,466667	3,324030E+0	2,427921E+0
145,533333	3,344003E+0	2,435165E+0
145,600000	3,347458E+0	2,487459E+0
145,666667	3,345034E+0	2,485587E+0
145,733333	3,353967E+0	2,468522E+0
145,800000	3,366089E+0	2,499715E+0
145,866667	3,385524E+0	2,514218E+0
145,933333	3,424530E+0	2,565024E+0
146,000000	3,434259E+0	2,576874E+0
146,066667	3,440849E+0	2,639561E+0
146,133333	3,429999E+0	2,619302E+0
146,200000	3,413270E+0	2,616807E+0
146,266667	3,420529E+0	2,606234E+0
146,333333	3,435227E+0	2,597953E+0
146,400000	3,446444E+0	2,575063E+0
146,466667	3,450988E+0	2,590025E+0
146,533333	3,461357E+0	2,586471E+0
146,600000	3,461746E+0	2,593076E+0
146,666667	3,461028E+0	2,616379E+0
146,733333	3,470051E+0	2,640778E+0
146,800000	3,483018E+0	2,662202E+0
146,866667	3,475239E+0	2,632452E+0
146,933333	3,480015E+0	2,615011E+0
147,000000	3,489842E+0	2,633730E+0
147,066667	3,491573E+0	2,639982E+0
147,133333	3,490285E+0	2,683363E+0
147,200000	3,494774E+0	2,699024E+0
147,266667	3,487211E+0	2,718982E+0
147,333333	3,488679E+0	2,734575E+0
147,400000	3,495822E+0	2,734169E+0
147,466667	3,489606E+0	2,740797E+0
147,533333	3,489340E+0	2,747470E+0
147,600000	3,498738E+0	2,749958E+0
147,666667	3,493387E+0	2,747816E+0
147,733333	3,494216E+0	2,735484E+0
147,800000	3,486849E+0	2,732937E+0
147,866667	3,478247E+0	2,741135E+0
147,933333	3,483460E+0	2,736296E+0
148,000000	3,496674E+0	2,772907E+0
148,066667	3,508881E+0	2,786463E+0
148,133333	3,507390E+0	2,790161E+0
148,200000	3,496261E+0	2,775853E+0
148,266667	3,496946E+0	2,733516E+0
148,333333	3,504309E+0	2,701729E+0
148,400000	3,510395E+0	2,749056E+0
148,466667	3,508996E+0	2,738738E+0
148,533333	3,514607E+0	2,736965E+0
148,600000	3,528949E+0	2,757074E+0
148,666667	3,537993E+0	2,804701E+0
148,733333	3,540765E+0	2,854079E+0
148,800000	3,536820E+0	2,867065E+0
148,866667	3,531130E+0	2,866133E+0
148,933333	3,526708E+0	2,866246E+0
149,000000	3,519779E+0	2,866433E+0
149,066667	3,512795E+0	2,859851E+0
149,133333	3,500112E+0	2,855364E+0
149,200000	3,498269E+0	2,844641E+0
149,266667	3,501023E+0	2,833257E+0
149,333333	3,504130E+0	2,835338E+0
149,400000	3,525377E+0	2,855597E+0
149,466667	3,538691E+0	2,875165E+0
149,533333	3,559978E+0	2,886866E+0
149,600000	3,589346E+0	2,899047E+0
149,666667	3,585220E+0	2,899332E+0
149,733333	3,606019E+0	2,898573E+0
149,800000	3,615350E+0	2,890465E+0
149,866667	3,612172E+0	2,880253E+0
149,933333	3,619159E+0	2,878359E+0
150,000000	3,632675E+0	2,881027E+0
150,066667	3,646930E+0	2,882575E+0
150,133333	3,651896E+0	2,887655E+0
150,200000	3,648805E+0	2,898310E+0
150,266667	3,658494E+0	2,918930E+0
150,333333	3,668700E+0	2,947275E+0
150,400000	3,676159E+0	2,970781E+0
150,466667	3,675159E+0	2,977589E+0
150,533333	3,674470E+0	2,996736E+0
150,600000	3,676802E+0	2,998720E+0
150,666667	3,680635E+0	2,999877E+0
150,733333	3,684846E+0	3,000486E+0
150,800000	3,688289E+0	2,989056E+0
150,866667	3,691372E+0	2,980482E+0
150,933333	3,683513E+0	2,969864E+0
151,000000	3,680041E+0	2,967820E+0
151,066667	3,672972E+0	2,962214E+0
151,133333	3,663222E+0	2,959802E+0
151,200000	3,656872E+0	2,953264E+0
151,266667	3,646651E+0	2,938904E+0
151,333333	3,642471E+0	2,938100E+0
151,400000	3,630469E+0	2,932862E+0
151,466667	3,610639E+0	2,927347E+0
151,533333	3,597954E+0	2,926362E+0
151,600000	3,596155E+0	2,938799E+0
151,666667	3,595723E+0	2,941827E+0
151,733333	3,594415E+0	2,939152E+0
151,800000	3,594792E+0	2,942481E+0
151,866667	3,587742E+0	2,947223E+0
151,933333	3,572697E+0	2,935357E+0
152,000000	3,574258E+0	2,924799E+0
152,066667	3,562996E+0	2,917187E+0
152,133333	3,542332E+0	2,913587E+0
152,200000	3,541750E+0	2,911904E+0
152,266667	3,528416E+0	2,905720E+0
152,333333	3,526937E+0	2,893058E+0
152,400000	3,535483E+0	2,901534E+0
152,466667	3,518587E+0	2,883364E+0
152,533333	3,512786E+0	2,890525E+0
152,600000	3,519983E+0	2,885205E+0
152,666667	3,516315E+0	2,886798E+0
152,733333	3,521993E+0	2,878464E+0
152,800000	3,545804E+0	2,894808E+0
152,866667	3,572366E+0	2,925062E+0
152,933333	3,580600E+0	2,919126E+0
153,000000	3,595817E+0	2,931945E+0
153,066667	3,603767E+0	2,939964E+0
153,133333	3,607941E+0	2,931419E+0
153,200000	3,614344E+0	2,923447E+0
153,266667	3,618758E+0	2,928624E+0
153,333333	3,624810E+0	2,934876E+0
153,400000	3,629657E+0	2,935620E+0
153,466667	3,628689E+0	2,943616E+0
153,533333	3,634362E+0	2,952904E+0
153,600000	3,649900E+0	2,947561E+0
153,666667	3,661402E+0	2,957833E+0
153,733333	3,656426E+0	2,946125E+0
153,800000	3,646903E+0	2,940144E+0
153,866667	3,651175E+0	2,944502E+0
153,933333	3,674853E+0	2,957698E+0
154,000000	3,682932E+0	2,976702E+0
154,066667	3,668400E+0	2,969563E+0
154,133333	3,668302E+0	2,962101E+0
154,200000	3,680531E+0	2,966482E+0
154,266667	3,671241E+0	2,950762E+0
154,333333	3,650459E+0	2,965566E+0
154,400000	3,637818E+0	3,012194E+0
154,466667	3,625821E+0	3,009646E+0
154,533333	3,636020E+0	3,003898E+0
154,600000	3,663474E+0	3,022383E+0
154,666667	3,677729E+0	3,026870E+0
154,733333	3,680401E+0	3,030063E+0
154,800000	3,690984E+0	3,036699E+0
154,866667	3,726755E+0	3,058476E+0
154,933333	3,729044E+0	3,033212E+0
155,000000	3,733395E+0	2,990349E+0
155,066667	3,744451E+0	3,017341E+0
155,133333	3,758985E+0	3,035977E+0
155,200000	3,741493E+0	3,079637E+0
155,266667	3,739829E+0	3,108793E+0
155,333333	3,752383E+0	3,122913E+0
155,400000	3,764130E+0	3,121673E+0
155,466667	3,760245E+0	3,041418E+0
155,533333	3,765857E+0	3,043965E+0
155,600000	3,784081E+0	3,078833E+0
155,666667	3,789753E+0	3,121628E+0
155,733333	3,788091E+0	3,123890E+0
155,800000	3,777123E+0	3,140377E+0
155,866667	3,783588E+0	3,158923E+0
155,933333	3,786002E+0	3,153400E+0
156,000000	3,779241E+0	3,140302E+0
156,066667	3,791467E+0	3,125776E+0
156,133333	3,790840E+0	3,157901E+0
156,200000	3,782763E+0	3,149575E+0
156,266667	3,790036E+0	3,155639E+0
156,333333	3,790040E+0	3,164274E+0
156,400000	3,790599E+0	3,187268E+0
156,466667	3,789249E+0	3,200043E+0
156,533333	3,784298E+0	3,206693E+0
156,600000	3,785864E+0	3,206145E+0
156,666667	3,787022E+0	3,213396E+0
156,733333	3,784606E+0	3,216582E+0
156,800000	3,779195E+0	3,222774E+0
156,866667	3,778597E+0	3,221692E+0
156,933333	3,774327E+0	3,224225E+0
157,000000	3,773465E+0	3,242959E+0
157,066667	3,762901E+0	3,241508E+0
157,133333	3,754266E+0	3,227201E+0
157,200000	3,740211E+0	3,203650E+0
157,266667	3,722196E+0	3,177432E+0
157,333333	3,695427E+0	3,170112E+0
157,400000	3,662954E+0	3,143992E+0
157,466667	3,621598E+0	3,093591E+0
157,533333	3,574037E+0	3,051390E+0
157,600000	3,502682E+0	2,986065E+0
157,666667	3,413460E+0	2,860813E+0
157,733333	3,348006E+0	2,798735E+0
157,800000	3,273069E+0	2,726407E+0
157,866667	3,236826E+0	2,682356E+0
157,933333	3,205252E+0	2,605956E+0
158,000000	3,196364E+0	2,563972E+0
158,066667	3,204127E+0	2,555075E+0
158,133333	3,199189E+0	2,564761E+0
158,200000	3,196510E+0	2,596360E+0
158,266667	3,185881E+0	2,593895E+0
158,333333	3,177290E+0	2,598997E+0
158,400000	3,182447E+0	2,557487E+0
158,466667	3,193053E+0	2,524378E+0
158,533333	3,196056E+0	2,501503E+0
158,600000	3,187816E+0	2,510183E+0
158,666667	3,181684E+0	2,487338E+0
158,733333	3,179185E+0	2,444325E+0
158,800000	3,190788E+0	2,469596E+0
158,866667	3,195025E+0	2,498663E+0
158,933333	3,196668E+0	2,509559E+0
159,000000	3,212908E+0	2,536536E+0
159,066667	3,204090E+0	2,530029E+0
159,133333	3,209492E+0	2,528849E+0
159,200000	3,210676E+0	2,535912E+0
159,266667	3,212288E+0	2,552760E+0
159,333333	3,213081E+0	2,569623E+0
159,400000	3,222035E+0	2,583788E+0
159,466667	3,228788E+0	2,564040E+0
159,533333	3,231396E+0	2,519193E+0
159,600000	3,237636E+0	2,501841E+0
159,666667	3,249456E+0	2,533560E+0
159,733333	3,264151E+0	2,559666E+0
159,800000	3,262743E+0	2,552895E+0
159,866667	3,288505E+0	2,557765E+0
159,933333	3,304329E+0	2,586117E+0
160,000000	3,332860E+0	2,623480E+0
160,066667	3,388278E+0	2,657716E+0
160,133333	3,465874E+0	2,697889E+0
160,200000	3,499381E+0	2,758592E+0
160,266667	3,535789E+0	2,817236E+0
160,333333	3,564666E+0	2,856770E+0
160,400000	3,593409E+0	2,899663E+0
160,466667	3,607952E+0	2,925468E+0
160,533333	3,618787E+0	2,927677E+0
160,600000	3,622475E+0	2,937619E+0
160,666667	3,643508E+0	2,943924E+0
160,733333	3,657205E+0	2,971389E+0
160,800000	3,671018E+0	2,981316E+0
160,866667	3,654760E+0	2,983616E+0
160,933333	3,652473E+0	2,990078E+0
161,000000	3,657936E+0	2,993257E+0
161,066667	3,659406E+0	3,000441E+0
161,133333	3,648573E+0	2,999877E+0
161,200000	3,634344E+0	2,987741E+0
161,266667	3,636699E+0	2,981542E+0
161,333333	3,647072E+0	2,986967E+0
161,400000	3,638874E+0	3,001095E+0
161,466667	3,638620E+0	2,988327E+0
161,533333	3,647603E+0	2,983526E+0
161,600000	3,643598E+0	3,013088E+0
161,666667	3,638407E+0	3,011660E+0
161,733333	3,664451E+0	3,008797E+0
161,800000	3,625344E+0	2,990251E+0
161,866667	3,610249E+0	2,979588E+0
161,933333	3,634593E+0	2,988290E+0
162,000000	3,650504E+0	3,015267E+0
162,066667	3,637768E+0	3,017048E+0
162,133333	3,625841E+0	3,021256E+0
162,200000	3,627031E+0	3,014012E+0
162,266667	3,626531E+0	3,000997E+0
162,333333	3,636301E+0	3,014523E+0
162,400000	3,632246E+0	3,012118E+0
162,466667	3,629634E+0	3,010991E+0
162,533333	3,626887E+0	3,005062E+0
162,600000	3,630634E+0	3,002522E+0
162,666667	3,624181E+0	3,007918E+0
162,733333	3,619411E+0	3,005799E+0
162,800000	3,613446E+0	3,007655E+0
162,866667	3,618099E+0	3,006505E+0
162,933333	3,630319E+0	3,013073E+0
163,000000	3,645574E+0	3,024014E+0
163,066667	3,680477E+0	3,039802E+0
163,133333	3,689302E+0	3,040772E+0
163,200000	3,687366E+0	3,042710E+0
163,266667	3,707052E+0	3,050939E+0
163,333333	3,715214E+0	3,027335E+0
163,400000	3,706577E+0	3,023646E+0
163,466667	3,714618E+0	3,034858E+0
163,533333	3,721590E+0	3,043364E+0
163,600000	3,726360E+0	3,050563E+0
163,666667	3,731700E+0	3,052893E+0
163,733333	3,739177E+0	3,079802E+0
163,800000	3,740685E+0	3,099701E+0
163,866667	3,726686E+0	3,127422E+0
163,933333	3,713267E+0	3,126115E+0
164,000000	3,719786E+0	3,124619E+0
164,066667	3,719451E+0	3,129985E+0
164,133333	3,696658E+0	3,123432E+0
164,200000	3,668773E+0	3,082079E+0
164,266667	3,632796E+0	3,035158E+0
164,333333	3,578332E+0	3,002740E+0
164,400000	3,536631E+0	2,986689E+0
164,466667	3,498842E+0	2,948470E+0
164,533333	3,424896E+0	2,883920E+0
164,600000	3,375908E+0	2,849751E+0
164,666667	3,340085E+0	2,841432E+0
164,733333	3,292171E+0	2,789259E+0
164,800000	3,253845E+0	2,705719E+0
164,866667	3,225934E+0	2,613222E+0
164,933333	3,192019E+0	2,570359E+0
165,000000	3,185735E+0	2,608533E+0
165,066667	3,192596E+0	2,638374E+0
165,133333	3,196454E+0	2,631565E+0
165,200000	3,197731E+0	2,576040E+0
165,266667	3,202177E+0	2,536093E+0
165,333333	3,216353E+0	2,509379E+0
165,400000	3,223144E+0	2,589364E+0
165,466667	3,222452E+0	2,613598E+0
165,533333	3,227622E+0	2,627260E+0
165,600000	3,231744E+0	2,644152E+0
165,666667	3,231612E+0	2,670468E+0
165,733333	3,227928E+0	2,688864E+0
165,800000	3,231725E+0	2,695575E+0
165,866667	3,232154E+0	2,682108E+0
165,933333	3,252135E+0	2,721800E+0
166,000000	3,249894E+0	2,735860E+0
166,066667	3,248504E+0	2,756450E+0
166,133333	3,245626E+0	2,750769E+0
166,200000	3,253926E+0	2,731622E+0
166,266667	3,253947E+0	2,732486E+0
166,333333	3,246094E+0	2,734598E+0
166,400000	3,243464E+0	2,740617E+0
166,466667	3,248052E+0	2,745005E+0
166,533333	3,248904E+0	2,746696E+0
166,600000	3,242429E+0	2,700166E+0
166,666667	3,242579E+0	2,691149E+0
166,733333	3,249173E+0	2,733238E+0
166,800000	3,247448E+0	2,733576E+0
166,866667	3,253259E+0	2,733223E+0
166,933333	3,250279E+0	2,731697E+0
167,000000	3,252735E+0	2,726948E+0
167,066667	3,258646E+0	2,742375E+0
167,133333	3,287722E+0	2,773531E+0
167,200000	3,326280E+0	2,793978E+0
167,266667	3,354869E+0	2,810442E+0
167,333333	3,413451E+0	2,832205E+0
167,400000	3,446046E+0	2,875053E+0
167,466667	3,485120E+0	2,898040E+0
167,533333	3,482046E+0	2,888489E+0
167,600000	3,483499E+0	2,901166E+0
167,666667	3,491510E+0	2,911032E+0
167,733333	3,504365E+0	2,935793E+0
167,800000	3,501577E+0	2,945051E+0
167,866667	3,492093E+0	2,938032E+0
167,933333	3,492123E+0	2,942797E+0
168,000000	3,490839E+0	2,955579E+0
168,066667	3,459765E+0	2,947486E+0
168,133333	3,433980E+0	2,927332E+0
168,200000	3,436298E+0	2,902338E+0
168,266667	3,459865E+0	2,921012E+0
168,333333	3,462496E+0	2,938205E+0
168,400000	3,472594E+0	2,946223E+0
168,466667	3,483726E+0	2,938701E+0
168,533333	3,498738E+0	2,945239E+0
168,600000	3,495634E+0	2,940745E+0
168,666667	3,484555E+0	2,925378E+0
168,733333	3,480917E+0	2,914594E+0
168,800000	3,488063E+0	2,909161E+0
168,866667	3,498298E+0	2,914504E+0
168,933333	3,505538E+0	2,929969E+0
169,000000	3,501381E+0	2,939843E+0
169,066667	3,501704E+0	2,936259E+0
169,133333	3,508712E+0	2,937957E+0
169,200000	3,511133E+0	2,941249E+0
169,266667	3,516275E+0	2,937333E+0
169,333333	3,513003E+0	2,955962E+0
169,400000	3,515798E+0	2,967910E+0
169,466667	3,521986E+0	2,982030E+0
169,533333	3,521890E+0	3,016214E+0
169,600000	3,546008E+0	3,007587E+0
169,666667	3,565272E+0	3,009548E+0
169,733333	3,565920E+0	3,021128E+0
169,800000	3,565787E+0	3,024953E+0
169,866667	3,580618E+0	3,010037E+0
169,933333	3,587546E+0	3,003071E+0
170,000000	3,585963E+0	2,993482E+0
170,066667	3,594190E+0	3,004484E+0
170,133333	3,597519E+0	3,024773E+0
170,200000	3,601108E+0	3,012787E+0
170,266667	3,597148E+0	2,983368E+0
170,333333	3,597211E+0	2,999614E+0
170,400000	3,598117E+0	3,016958E+0
170,466667	3,599991E+0	3,023473E+0
170,533333	3,602678E+0	3,027734E+0
170,600000	3,603878E+0	3,033197E+0
170,666667	3,615723E+0	3,050029E+0
170,733333	3,623523E+0	3,042124E+0
170,800000	3,626889E+0	3,018213E+0
170,866667	3,629611E+0	3,014095E+0
170,933333	3,626943E+0	3,029778E+0
171,000000	3,631357E+0	3,041869E+0
171,066667	3,631217E+0	3,051675E+0
171,133333	3,636662E+0	3,052900E+0
171,200000	3,644541E+0	3,054305E+0
171,266667	3,645710E+0	3,066930E+0
171,333333	3,641050E+0	3,082643E+0
171,400000	3,640028E+0	3,085423E+0
171,466667	3,628668E+0	3,076030E+0
171,533333	3,633848E+0	3,080629E+0
171,600000	3,638284E+0	3,078607E+0
171,666667	3,635791E+0	3,084010E+0
171,733333	3,643314E+0	3,086205E+0
171,800000	3,648365E+0	3,076526E+0
171,866667	3,664463E+0	3,085198E+0
171,933333	3,672714E+0	3,118916E+0
172,000000	3,681368E+0	3,128083E+0
172,066667	3,688214E+0	3,135711E+0
172,133333	3,666740E+0	3,113520E+0
172,200000	3,658957E+0	3,076766E+0
172,266667	3,639019E+0	3,063458E+0
172,333333	3,634600E+0	3,062541E+0
172,400000	3,632685E+0	3,075707E+0
172,466667	3,628026E+0	3,080216E+0
172,533333	3,632163E+0	3,062564E+0
172,600000	3,642025E+0	3,068831E+0
172,666667	3,646153E+0	3,078915E+0
172,733333	3,651375E+0	3,086430E+0
172,800000	3,663595E+0	3,105164E+0
172,866667	3,669958E+0	3,113558E+0
172,933333	3,680685E+0	3,107433E+0
173,000000	3,704113E+0	3,118938E+0
173,066667	3,720176E+0	3,153655E+0
173,133333	3,729815E+0	3,163019E+0
173,200000	3,735139E+0	3,152641E+0
173,266667	3,736105E+0	3,160606E+0
173,333333	3,720900E+0	3,159336E+0
173,400000	3,701932E+0	3,146276E+0
173,466667	3,671000E+0	3,120531E+0
173,533333	3,621353E+0	3,105840E+0
173,600000	3,546339E+0	3,062203E+0
173,666667	3,483374E+0	3,001651E+0
173,733333	3,420510E+0	2,960343E+0
173,800000	3,342614E+0	2,892704E+0
173,866667	3,290976E+0	2,813148E+0
173,933333	3,263644E+0	2,780978E+0
174,000000	3,246840E+0	2,742496E+0
174,066667	3,217632E+0	2,732426E+0
174,133333	3,181203E+0	2,682642E+0
174,200000	3,153385E+0	2,626696E+0
174,266667	3,145655E+0	2,591423E+0
174,333333	3,107241E+0	2,539534E+0
174,400000	3,056305E+0	2,472264E+0
174,466667	3,017506E+0	2,304576E+0
174,533333	2,988871E+0	2,239057E+0
174,600000	2,977176E+0	2,263209E+0
174,666667	2,960438E+0	2,282190E+0
174,733333	2,947814E+0	2,260323E+0
174,800000	2,943717E+0	2,280199E+0
174,866667	2,941999E+0	2,254732E+0
174,933333	2,938120E+0	2,203964E+0
175,000000	2,924432E+0	2,198974E+0
175,066667	2,915892E+0	2,173770E+0
175,133333	2,904137E+0	2,171426E+0
175,200000	2,894239E+0	2,162153E+0
175,266667	2,872123E+0	2,140383E+0
175,333333	2,856162E+0	2,118854E+0
175,400000	2,842270E+0	2,125098E+0
175,466667	2,832118E+0	2,152744E+0
175,533333	2,815991E+0	2,152496E+0
175,600000	2,806457E+0	2,003663E+0
175,666667	2,796828E+0	1,935062E+0
175,733333	2,789113E+0	1,846428E+0
175,800000	2,783484E+0	1,812244E+0
175,866667	2,783011E+0	1,836674E+0
175,933333	2,795016E+0	1,885376E+0
176,000000	2,804904E+0	1,969937E+0
176,066667	2,823218E+0	1,976625E+0
176,133333	2,847067E+0	1,954893E+0
176,200000	2,870821E+0	1,958590E+0
176,266667	2,885356E+0	1,994285E+0
176,333333	2,902691E+0	2,015739E+0
176,400000	2,909025E+0	2,017775E+0
176,466667	2,922062E+0	2,028679E+0
176,533333	2,923930E+0	2,049254E+0
176,600000	2,936641E+0	2,112804E+0
176,666667	2,946691E+0	2,101998E+0
176,733333	2,958697E+0	2,087172E+0
176,800000	2,967093E+0	2,085203E+0
176,866667	2,969865E+0	2,108055E+0
176,933333	2,978248E+0	2,150550E+0
177,000000	2,980538E+0	2,148446E+0
177,066667	2,986736E+0	2,124760E+0
177,133333	2,996109E+0	2,127270E+0
177,200000	3,002609E+0	2,120214E+0
177,266667	3,008335E+0	2,134379E+0
177,333333	3,009677E+0	2,146102E+0
177,400000	3,011343E+0	2,140045E+0
177,466667	3,012149E+0	2,145177E+0
177,533333	3,010172E+0	2,145260E+0
177,600000	3,003763E+0	2,136844E+0
177,666667	2,995255E+0	2,140947E+0
177,733333	2,992151E+0	2,151790E+0
177,800000	2,985572E+0	2,136197E+0
177,866667	2,976659E+0	2,134657E+0
177,933333	2,969751E+0	2,103742E+0
178,000000	2,967311E+0	2,106590E+0
178,066667	2,965129E+0	2,106567E+0
178,133333	2,960630E+0	2,109393E+0
178,200000	2,956487E+0	2,116381E+0
178,266667	2,946941E+0	2,104133E+0
178,333333	2,937520E+0	2,099797E+0
178,400000	2,927569E+0	2,088532E+0
178,466667	2,911135E+0	2,081544E+0
178,533333	2,893104E+0	2,074518E+0
178,600000	2,880821E+0	2,038914E+0
178,666667	2,871049E+0	2,042160E+0
178,733333	2,860368E+0	2,021397E+0
178,800000	2,857468E+0	1,981953E+0
178,866667	2,849889E+0	1,997546E+0
178,933333	2,839531E+0	2,029310E+0
179,000000	2,828165E+0	2,007758E+0
179,066667	2,820750E+0	1,972838E+0
179,133333	2,813060E+0	1,892267E+0
179,200000	2,805016E+0	1,836606E+0
179,266667	2,800588E+0	1,831211E+0
179,333333	2,799486E+0	1,802302E+0
179,400000	2,797009E+0	1,803347E+0
179,466667	2,785733E+0	1,805256E+0
179,533333	2,770930E+0	1,771650E+0
179,600000	2,757096E+0	1,770591E+0
179,666667	2,747448E+0	1,705454E+0
179,733333	2,742162E+0	1,702464E+0
179,800000	2,732287E+0	1,667566E+0
179,866667	2,727413E+0	1,666274E+0
179,933333	2,717761E+0	1,656227E+0
180,000000	2,700896E+0	1,658316E+0

