55.000000	2.576113E+0	2.854557E-1
55.066667	2.576226E+0	2.787152E-1
55.133333	2.576242E+0	2.712457E-1
55.200000	2.576257E+0	2.699006E-1
55.266667	2.576192E+0	2.706520E-1
55.333333	2.576023E+0	2.714486E-1
55.400000	2.576121E+0	2.697578E-1
55.466667	2.576159E+0	2.768290E-1
55.533333	2.576146E+0	2.671352E-1
55.600000	2.582301E+0	2.426978E-1
55.666667	2.608066E+0	2.576518E-1
55.733333	2.636963E+0	3.082625E-1
55.800000	2.677496E+0	4.097393E-1
55.866667	2.719057E+0	5.322193E-1
55.933333	2.778397E+0	7.768186E-1
56.000000	2.820367E+0	1.071773E+0
56.066667	2.855063E+0	1.220697E+0
56.133333	2.899517E+0	1.340757E+0
56.200000	2.918927E+0	1.506852E+0
56.266667	2.950197E+0	1.700021E+0
56.333333	2.969440E+0	1.827311E+0
56.400000	2.982648E+0	1.841453E+0
56.466667	2.993164E+0	1.772492E+0
56.533333	3.004530E+0	1.770080E+0
56.600000	3.012401E+0	1.875517E+0
56.666667	3.020362E+0	1.882565E+0
56.733333	3.033313E+0	1.910700E+0
56.800000	3.044329E+0	1.967443E+0
56.866667	3.057170E+0	2.029791E+0
56.933333	3.065328E+0	2.071256E+0
57.000000	3.072987E+0	2.060871E+0
57.066667	3.077177E+0	2.077674E+0
57.133333	3.094284E+0	2.072947E+0
57.200000	3.104875E+0	2.080680E+0
57.266667	3.107085E+0	2.135784E+0
57.333333	3.110511E+0	2.192173E+0
57.400000	3.115206E+0	2.203475E+0
57.466667	3.120561E+0	2.214439E+0
57.533333	3.132513E+0	2.207909E+0
57.600000	3.132950E+0	2.213748E+0
57.666667	3.134250E+0	2.188927E+0
57.733333	3.136283E+0	2.197291E+0
57.800000	3.140350E+0	2.218241E+0
57.866667	3.157530E+0	2.237990E+0
57.933333	3.170399E+0	2.240064E+0
58.000000	3.166284E+0	2.187334E+0
58.066667	3.174161E+0	2.214214E+0
58.133333	3.183499E+0	2.212478E+0
58.200000	3.190128E+0	2.193473E+0
58.266667	3.196779E+0	2.220263E+0
58.333333	3.193975E+0	2.215476E+0
58.400000	3.193936E+0	2.238598E+0
58.466667	3.194202E+0	2.247992E+0
58.533333	3.185271E+0	2.240402E+0
58.600000	3.178646E+0	2.233090E+0
58.666667	3.171128E+0	2.247173E+0
58.733333	3.157611E+0	2.229070E+0
58.800000	3.144558E+0	2.212493E+0
58.866667	3.153741E+0	2.197321E+0
58.933333	3.159202E+0	2.175198E+0
59.000000	3.140346E+0	2.069363E+0
59.066667	3.124533E+0	2.055799E+0
59.133333	3.084324E+0	2.100458E+0
59.200000	3.030328E+0	2.030430E+0
59.266667	2.955899E+0	1.889374E+0
59.333333	2.881521E+0	1.664395E+0
59.400000	2.826536E+0	1.518454E+0
59.466667	2.791802E+0	1.430556E+0
59.533333	2.778276E+0	1.180299E+0
59.600000	2.772509E+0	1.174107E+0
59.666667	2.772105E+0	1.126472E+0
59.733333	2.784452E+0	1.139690E+0
59.800000	2.798009E+0	1.185010E+0
59.866667	2.822664E+0	1.229406E+0
59.933333	2.867531E+0	1.293002E+0
60.000000	2.924388E+0	1.401693E+0
60.066667	2.981331E+0	1.523955E+0
60.133333	3.038501E+0	1.601370E+0
60.200000	3.106362E+0	1.696392E+0
60.266667	3.183365E+0	1.782794E+0
60.333333	3.231604E+0	1.966601E+0
60.400000	3.292402E+0	2.027198E+0
60.466667	3.350460E+0	2.242746E+0
60.533333	3.414407E+0	2.337964E+0
60.600000	3.466220E+0	2.342886E+0
60.666667	3.496642E+0	2.423209E+0
60.733333	3.510266E+0	2.458700E+0
60.800000	3.516477E+0	2.550791E+0
60.866667	3.516102E+0	2.555390E+0
60.933333	3.512341E+0	2.528616E+0
61.000000	3.508950E+0	2.486031E+0
61.066667	3.501512E+0	2.471821E+0
61.133333	3.498692E+0	2.481131E+0
61.200000	3.498069E+0	2.482589E+0
61.266667	3.497798E+0	2.491486E+0
61.333333	3.493535E+0	2.501218E+0
61.400000	3.483756E+0	2.523356E+0
61.466667	3.440266E+0	2.400628E+0
61.533333	3.375129E+0	2.343870E+0
61.600000	3.309536E+0	2.279388E+0
61.666667	3.242820E+0	2.198193E+0
61.733333	3.175565E+0	2.096926E+0
61.800000	3.128753E+0	1.979691E+0
61.866667	3.082441E+0	1.923227E+0
61.933333	3.032800E+0	1.831031E+0
62.000000	2.991599E+0	1.826296E+0
62.066667	2.957476E+0	1.653446E+0
62.133333	2.914753E+0	1.633803E+0
62.200000	2.888115E+0	1.639552E+0
62.266667	2.869049E+0	1.701690E+0
62.333333	2.869020E+0	1.666251E+0
62.400000	2.866406E+0	1.616798E+0
62.466667	2.877568E+0	1.603985E+0
62.533333	2.914107E+0	1.630887E+0
62.600000	2.992006E+0	1.808472E+0
62.666667	3.092159E+0	1.932725E+0
62.733333	3.174472E+0	1.988491E+0
62.800000	3.261901E+0	2.086278E+0
62.866667	3.348264E+0	2.070467E+0
62.933333	3.415938E+0	2.142472E+0
63.000000	3.500339E+0	2.228318E+0
63.066667	3.571496E+0	2.323701E+0
63.133333	3.625762E+0	2.419001E+0
63.200000	3.687454E+0	2.479711E+0
63.266667	3.741200E+0	2.487383E+0
63.333333	3.784671E+0	2.534680E+0
63.400000	3.842878E+0	2.569187E+0
63.466667	3.875146E+0	2.610705E+0
63.533333	3.921570E+0	2.658550E+0
63.600000	3.957010E+0	2.638148E+0
63.666667	3.994520E+0	2.669229E+0
63.733333	4.012524E+0	2.711475E+0
63.800000	4.022636E+0	2.759554E+0
63.866667	4.026887E+0	2.797420E+0
63.933333	4.027368E+0	2.797750E+0
64.000000	3.996036E+0	2.859310E+0
64.066667	3.921260E+0	2.837623E+0
64.133333	3.800926E+0	2.732449E+0
64.200000	3.677546E+0	2.649886E+0
64.266667	3.569756E+0	2.551062E+0
64.333333	3.473358E+0	2.449780E+0
64.400000	3.390496E+0	2.370381E+0
64.466667	3.336371E+0	2.288262E+0
64.533333	3.291330E+0	2.188664E+0
64.600000	3.261310E+0	2.107710E+0
64.666667	3.236946E+0	2.082243E+0
64.733333	3.218428E+0	2.085572E+0
64.800000	3.222952E+0	2.098113E+0
64.866667	3.259758E+0	2.122123E+0
64.933333	3.302400E+0	2.169795E+0
65.000000	3.351776E+0	2.208322E+0
65.066667	3.402733E+0	2.227094E+0
65.133333	3.471123E+0	2.277779E+0
65.200000	3.553719E+0	2.388191E+0
65.266667	3.650259E+0	2.525385E+0
65.333333	3.738515E+0	2.642567E+0
65.400000	3.824605E+0	2.713812E+0
65.466667	3.903916E+0	2.750927E+0
65.533333	3.987534E+0	2.832340E+0
65.600000	4.057341E+0	2.852133E+0
65.666667	4.118031E+0	2.869560E+0
65.733333	4.181566E+0	2.949702E+0
65.800000	4.245055E+0	2.989379E+0
65.866667	4.291665E+0	3.015417E+0
65.933333	4.346432E+0	3.035474E+0
66.000000	4.396328E+0	3.045874E+0
66.066667	4.450337E+0	3.050939E+0
66.133333	4.473204E+0	3.112228E+0
66.200000	4.492762E+0	3.113731E+0
66.266667	4.506969E+0	3.126220E+0
66.333333	4.500458E+0	3.128700E+0
66.400000	4.493706E+0	3.124604E+0
66.466667	4.453655E+0	3.095801E+0
66.533333	4.318884E+0	3.067629E+0
66.600000	4.167207E+0	2.965904E+0
66.666667	4.043392E+0	2.888744E+0
66.733333	3.908001E+0	2.822819E+0
66.800000	3.779780E+0	2.766708E+0
66.866667	3.663587E+0	2.653831E+0
66.933333	3.599239E+0	2.576687E+0
67.000000	3.545102E+0	2.505937E+0
67.066667	3.492501E+0	2.463066E+0
67.133333	3.494182E+0	2.451381E+0
67.200000	3.509608E+0	2.475578E+0
67.266667	3.530488E+0	2.502796E+0
67.333333	3.570756E+0	2.532125E+0
67.400000	3.644389E+0	2.571096E+0
67.466667	3.762014E+0	2.618212E+0
67.533333	3.892935E+0	2.664164E+0
67.600000	4.055870E+0	2.702233E+0
67.666667	4.126271E+0	2.785426E+0
67.733333	4.200110E+0	2.881808E+0
67.800000	4.277718E+0	2.980580E+0
67.866667	4.364757E+0	3.051277E+0
67.933333	4.437688E+0	3.086084E+0
68.000000	4.471276E+0	3.116503E+0
68.066667	4.513663E+0	3.120907E+0
68.133333	4.551871E+0	3.138521E+0
68.200000	4.574245E+0	3.191266E+0
68.266667	4.597240E+0	3.210608E+0
68.333333	4.629578E+0	3.208324E+0
68.400000	4.637306E+0	3.224916E+0
68.466667	4.640307E+0	3.248647E+0
68.533333	4.649301E+0	3.239555E+0
68.600000	4.667621E+0	3.244777E+0
68.666667	4.667463E+0	3.262481E+0
68.733333	4.661356E+0	3.282350E+0
68.800000	4.643225E+0	3.340558E+0
68.866667	4.577340E+0	3.325130E+0
68.933333	4.419962E+0	3.279697E+0
69.000000	4.255130E+0	3.154069E+0
69.066667	4.068242E+0	2.997232E+0
69.133333	3.889444E+0	2.873662E+0
69.200000	3.764801E+0	2.749680E+0
69.266667	3.646057E+0	2.675894E+0
69.333333	3.535496E+0	2.586636E+0
69.400000	3.463487E+0	2.452538E+0
69.466667	3.413836E+0	2.398155E+0
69.533333	3.387834E+0	2.347996E+0
69.600000	3.390530E+0	2.336806E+0
69.666667	3.413841E+0	2.376784E+0
69.733333	3.453038E+0	2.418167E+0
69.800000	3.507056E+0	2.466839E+0
69.866667	3.581912E+0	2.540324E+0
69.933333	3.691961E+0	2.597096E+0
70.000000	3.800005E+0	2.686046E+0
70.066667	3.876533E+0	2.786922E+0
70.133333	3.944407E+0	2.872317E+0
70.200000	3.998190E+0	2.955090E+0
70.266667	4.062529E+0	2.988981E+0
70.333333	4.116631E+0	2.996188E+0
70.400000	4.189137E+0	3.049744E+0
70.466667	4.302021E+0	3.088549E+0
70.533333	4.389170E+0	3.111296E+0
70.600000	4.479276E+0	3.184563E+0
70.666667	4.537198E+0	3.226359E+0
70.733333	4.548857E+0	3.232416E+0
70.800000	4.556970E+0	3.226840E+0
70.866667	4.553573E+0	3.216071E+0
70.933333	4.548276E+0	3.220723E+0
71.000000	4.544371E+0	3.222684E+0
71.066667	4.526408E+0	3.216988E+0
71.133333	4.511127E+0	3.202117E+0
71.200000	4.491721E+0	3.176184E+0
71.266667	4.457564E+0	3.157540E+0
71.333333	4.423682E+0	3.142617E+0
71.400000	4.382838E+0	3.140445E+0
71.466667	4.351012E+0	3.159412E+0
71.533333	4.302023E+0	3.137469E+0
71.600000	4.228074E+0	3.102639E+0
71.666667	4.138091E+0	3.078457E+0
71.733333	4.063056E+0	3.057544E+0
71.800000	3.985093E+0	3.023706E+0
71.866667	3.914861E+0	2.998307E+0
71.933333	3.845353E+0	2.967136E+0
72.000000	3.791332E+0	2.870040E+0
72.066667	3.733914E+0	2.805122E+0
72.133333	3.671391E+0	2.801793E+0
72.200000	3.661077E+0	2.785734E+0
72.266667	3.641704E+0	2.763529E+0
72.333333	3.610913E+0	2.745960E+0
72.400000	3.577996E+0	2.718667E+0
72.466667	3.561554E+0	2.678486E+0
72.533333	3.563318E+0	2.659227E+0

