130ready
130ready
1099	378
1301	378
1502	378
1803	378
2004	378
2205	378
2506	378
2707	378
2909	378
3109	378
3410	378
3612	378
3813	378
4014	378
4316	378
4516	378
4717	378
5018	378
5220	378
5421	378
5621	378
5923	378
6124	378
6325	378
6525	378
6828	378
7028	378
7229	378
7531	378
7732	378
7932	378
8133	378
8435	378
8636	378
8837	378
9038	378
9339	378
9540	378
9741	378
9943	378
10244	378
10444	378
10646	378
10947	378
11149	378
11350	378
11550	378
11852	378
12053	378
12255	378
12455	378
12756	378
12958	378
13159	378
13461	378
13662	378
13862	378
14064	378
14365	378
14567	378
14768	378
14968	378
15270	378
15471	378
15672	378
15874	378
16175	378
16376	378
16577	378
16878	378
17080	378
17281	378
17481	378
17783	378
17984	378
18186	378
18386	378
18689	378
18889	378
19090	378
19392	378
19593	378
19793	378
19995	378
20296	378
20498	378
20699	378
20899	378
21201	378
21402	378
21603	378
21805	378
22106	378
22307	378
22508	378
22810	378
23011	378
23212	378
