7062	0	0	0	0	0	0	2	0	0	0	0	15	0	0	2	0
7186	0	0	0	0	0	0	3	0	0	0	0	0	0	0	1	0
7280	0	0	0	0	0	0	2	0	0	0	0	0	0	0	2	0
7375	0	0	0	0	0	0	4	0	0	0	0	0	0	0	1	0
7470	0	0	0	0	0	0	3	0	0	0	0	0	0	0	3	0
7564	0	0	0	0	0	0	3	0	0	0	0	22	0	0	2	0
7658	0	0	0	0	0	0	1	0	0	0	0	28	0	0	2	0
7753	0	0	0	0	0	0	1	0	0	0	0	18	0	0	2	0
7847	0	0	0	0	0	0	0	0	0	0	0	0	0	0	2	0
7942	0	0	0	0	0	0	1	0	0	0	0	0	0	0	2	0
8036	0	0	0	0	0	0	1	0	0	0	0	0	0	0	3	0
8131	0	0	0	0	0	0	1	0	0	0	0	0	0	0	2	0
8225	0	0	0	0	0	0	1	0	0	0	0	23	0	0	3	0
8320	0	0	0	0	0	0	0	0	0	0	0	23	0	0	1	0
8428	0	0	0	0	0	0	1	0	0	0	0	0	0	0	3	0
8522	0	0	0	0	0	0	0	0	0	0	0	0	0	0	3	0
8616	0	0	0	0	0	0	1	0	0	0	0	0	0	0	3	0
8711	0	0	0	0	0	0	1	0	0	0	0	0	0	0	3	0
8805	0	0	0	0	0	0	1	0	0	0	0	0	0	0	2	0
8900	0	0	0	0	0	0	1	0	0	0	0	0	0	0	2	0
8994	0	0	0	0	0	0	0	0	0	0	0	0	0	0	2	0
9089	0	0	0	0	0	0	2	0	0	0	0	0	0	0	1	0
9183	0	0	0	0	0	0	0	0	0	0	0	0	0	0	3	0
9277	0	0	0	0	0	0	1	0	0	0	0	0	0	0	6	0
9371	0	0	0	0	0	0	0	0	2	0	0	0	0	0	2	0
9466	0	0	0	0	0	0	0	0	2	0	0	0	0	0	1	0
9561	0	0	0	0	0	0	0	0	1	0	0	0	0	0	0	0
9659	0	0	0	0	0	0	0	0	2	0	0	0	0	0	0	0
9753	0	0	0	0	0	0	1	0	2	0	0	0	0	0	0	0
9847	0	0	0	0	0	0	0	0	2	0	0	0	0	0	0	0
9943	0	0	0	0	0	0	0	0	0	0	0	0	0	0	1	0
10037	0	0	0	0	0	0	0	0	0	0	0	0	0	0	22	0
10131	0	2	0	0	0	0	0	0	0	0	0	0	0	0	6	0
10225	0	5	0	0	0	0	0	0	0	0	0	0	0	0	7	0
10320	0	7	0	0	0	0	0	0	0	0	0	0	0	0	8	0
10415	0	7	0	0	0	0	0	0	0	0	0	0	0	0	8	0
10509	0	8	0	0	0	0	0	0	0	0	0	0	0	0	10	0
10604	0	7	0	0	0	0	0	0	0	0	0	0	0	0	7	0
10698	0	5	0	0	0	0	0	4	0	0	0	0	0	0	10	0
10792	0	8	0	0	0	0	0	42	0	0	0	0	0	0	22	0
10892	0	0	0	0	0	0	0	5	0	0	0	0	0	0	23	0
10986	0	0	0	0	0	0	0	11	0	0	0	0	0	0	22	0
11080	0	0	0	0	0	0	0	36	0	0	0	0	0	0	8	0
11175	0	0	0	0	0	0	8	2	0	0	0	0	0	0	0	0
11270	0	0	0	0	0	0	0	0	0	0	0	0	0	0	12	0
11364	0	0	0	0	0	0	0	0	0	0	0	0	0	0	22	0
11459	0	0	0	0	0	0	0	1	0	0	0	0	0	0	23	0
11553	0	0	0	0	0	0	0	3	0	0	0	0	0	0	22	0
11649	0	0	0	0	0	0	0	3	0	0	0	0	0	0	23	0
11743	0	0	0	0	0	0	1	48	0	0	0	0	0	0	22	0
11837	0	0	0	0	0	0	0	48	0	0	0	0	0	0	22	0
11932	0	0	0	0	0	0	1	50	0	0	0	0	0	0	21	0
12026	0	0	0	0	0	0	2	38	0	0	0	0	0	0	22	0
12126	0	0	0	0	0	0	0	45	0	0	0	0	0	0	21	0
12220	0	0	0	0	0	0	2	44	0	0	0	0	0	0	20	0
12315	0	0	0	0	0	0	2	38	0	0	0	0	0	0	17	0
12409	0	0	0	0	0	0	2	30	0	0	0	0	0	0	13	0
12504	0	0	0	0	0	0	3	0	0	0	0	0	0	0	16	0
12599	0	0	0	0	0	0	1	0	0	0	0	0	0	0	16	0
12693	5	0	0	0	0	0	1	0	0	0	0	0	0	0	16	0
12788	6	0	0	0	0	0	0	0	0	0	0	0	0	0	17	0
12882	2	0	0	0	0	0	0	0	0	0	0	0	0	0	16	0
12977	2	0	0	0	0	0	0	0	0	0	0	0	0	0	16	0
13072	7	0	0	0	0	0	0	0	0	0	0	0	0	0	17	0
13166	9	0	0	0	0	0	0	0	0	0	0	0	0	0	16	0
13260	0	0	0	0	0	0	0	0	0	0	0	0	0	0	15	0
13360	0	0	0	0	0	0	1	0	0	0	0	0	0	0	1	0
13454	0	0	0	0	0	0	0	0	0	0	0	0	0	0	5	0
13548	0	0	0	0	0	0	0	0	0	0	0	0	0	0	5	0
13643	0	0	0	0	0	0	0	0	7	0	0	0	0	0	6	0
13737	0	10	0	0	0	0	0	0	8	0	0	0	0	0	5	0
13832	0	0	0	0	0	0	0	0	9	0	0	0	0	0	3	0
13927	0	0	0	0	0	0	0	0	0	0	0	0	0	0	1	0
14021	0	0	0	1	0	0	0	0	0	0	0	0	0	0	2	0
14115	0	19	0	0	0	0	0	0	0	0	0	0	0	0	2	0
14210	0	4	0	0	0	0	0	0	0	0	0	0	0	0	2	0
14305	0	7	0	0	0	0	0	0	0	0	0	0	0	0	2	0
14399	0	0	0	0	0	0	2	0	0	0	0	0	0	0	2	0
14493	0	0	0	0	0	0	0	2	0	0	0	0	0	0	2	0
14593	0	0	0	0	0	0	1	2	0	0	0	0	0	0	1	0
14687	12	0	0	0	0	0	0	1	6	0	0	0	0	0	0	0
14781	8	0	0	0	0	0	1	5	0	0	0	0	0	0	6	0
14876	15	0	0	0	0	0	1	3	0	0	0	0	0	0	3	0
14970	14	0	0	0	0	0	0	3	0	0	0	0	0	0	5	0
15065	15	0	0	0	0	0	0	1	0	0	0	0	0	0	2	0
15160	16	0	0	0	0	0	0	2	0	0	0	0	0	0	4	0
15254	6	0	0	0	0	0	0	2	0	0	0	0	0	0	5	0
15348	0	0	0	0	0	0	1	4	0	0	0	0	0	0	3	0
15443	0	0	0	0	0	0	0	1	0	0	0	0	0	0	10	0
15538	0	0	0	0	0	0	0	2	0	0	0	0	0	0	14	0
15632	0	0	0	0	0	0	0	3	0	0	0	0	0	0	16	0
15727	0	0	0	0	0	0	0	3	0	0	0	0	0	0	19	0
15825	0	0	0	0	0	0	0	2	0	0	0	0	0	0	0	0
15920	0	0	0	0	0	0	0	3	0	0	0	0	0	0	0	0
16015	0	0	0	0	0	0	0	2	0	0	0	0	0	0	0	0
16109	0	0	0	0	0	0	0	2	0	0	0	0	0	0	3	0
16203	0	0	0	0	0	0	0	1	0	0	0	0	0	0	1	0
16299	0	0	0	0	0	0	0	3	0	0	0	0	0	0	0	0
16393	0	0	0	0	0	0	0	3	0	1	0	0	0	0	3	0
16487	0	0	0	0	0	0	0	2	0	0	0	0	0	0	4	0
16581	0	0	0	0	0	0	0	3	0	1	0	0	0	0	0	0
16676	0	39	0	0	0	0	0	3	0	0	0	0	0	0	0	0
16771	4	115	0	0	0	0	0	3	0	0	0	0	0	0	1	0
16865	0	197	0	0	0	0	0	3	0	0	0	0	0	0	3	0
16960	0	174	0	0	0	0	0	1	0	0	0	0	0	0	1	0
17058	0	11	0	0	0	0	0	0	0	0	0	0	0	0	1	0
17154	0	0	0	0	0	0	0	0	0	0	0	0	0	0	7	0
17248	10	0	0	0	0	0	0	0	0	0	0	0	0	0	10	0
17343	14	0	0	0	0	0	0	0	0	0	0	0	0	0	1	0
17437	69	0	0	0	0	0	0	0	0	0	0	0	0	0	3	0
17531	68	0	0	0	0	0	0	0	0	0	0	0	0	0	0	0
17627	21	0	0	0	0	0	0	0	0	0	0	0	0	0	0	0
17721	0	0	0	0	0	0	0	0	0	0	0	0	0	0	0	0
17815	0	172	0	0	0	0	0	0	0	0	0	0	0	0	0	0
17910	0	0	0	0	0	0	0	0	0	0	0	0	0	0	0	0
18004	0	0	0	0	0	0	0	0	0	0	0	0	0	0	0	0
18099	0	0	0	0	0	0	0	0	0	0	0	0	0	0	0	0
18194	0	0	0	0	0	0	0	0	0	0	0	0	0	0	0	0
18292	0	0	0	0	0	0	0	0	0	0	0	0	0	0	0	0
18386	0	0	0	0	0	0	0	0	0	0	0	0	0	0	0	0
18481	0	0	0	0	0	0	0	2	0	0	0	0	0	0	0	0
18576	0	0	0	0	0	0	0	0	0	0	0	0	0	0	0	0
18670	0	0	0	0	0	0	0	2	0	0	0	0	0	0	0	0
18764	0	0	0	0	0	0	0	0	0	0	0	0	0	0	0	0
18860	0	0	0	0	0	0	0	1	0	0	0	0	0	0	0	0
18954	0	0	0	0	0	0	0	1	0	0	0	0	0	0	0	0
19048	0	0	0	0	0	0	0	2	0	0	0	0	0	0	1	0
19142	0	0	0	0	0	0	0	1	0	0	0	0	0	0	0	0
19237	0	0	0	0	0	0	0	1	0	0	0	0	0	0	0	0
19332	0	0	0	0	0	0	0	1	0	0	0	0	0	0	0	0
19426	0	0	0	0	0	0	0	1	0	0	0	0	0	0	0	0
19525	0	0	0	0	0	0	0	1	0	0	0	0	0	0	1	0
19619	0	0	0	0	0	0	0	2	0	0	0	0	0	0	0	0
19714	0	88	0	0	0	0	0	2	0	0	0	0	0	0	0	0
19808	0	140	0	22	0	0	0	4	3	0	0	0	0	0	0	0
19903	0	183	0	40	0	0	0	0	0	0	0	0	0	0	0	0
19997	0	111	0	16	0	0	0	0	3	3	0	0	0	0	35	0
20092	292	106	118	0	0	0	0	0	5	0	0	13	0	0	0	0
20188	361	4	105	0	0	0	0	0	0	0	0	39	0	0	5	0
20283	438	0	129	0	0	0	0	0	0	0	0	0	0	0	0	0
20377	427	0	145	0	0	0	0	0	0	0	0	0	0	0	0	0
20472	373	63	160	2	0	0	0	0	0	0	0	0	0	0	0	0
20567	392	64	93	20	0	0	0	0	0	0	0	0	0	0	0	0
20666	309	118	126	167	0	0	1	0	0	0	0	0	0	0	0	0
20761	269	249	34	65	0	0	0	0	6	0	0	0	0	0	0	0
20856	263	215	43	35	0	0	1	0	0	0	0	0	0	0	0	0
20952	145	227	11	45	0	0	1	0	0	0	0	0	0	0	0	0
21046	140	275	0	24	0	0	1	0	0	0	0	0	0	0	0	0
21141	218	270	0	99	0	0	0	0	0	0	0	0	0	0	0	0
21236	217	485	0	39	0	0	1	0	0	0	0	0	0	0	0	0
21331	0	344	0	17	0	0	1	0	0	0	0	0	0	0	0	0
21426	0	453	2	14	0	0	1	0	0	0	0	0	0	0	0	0
21521	0	497	0	95	0	0	0	0	0	0	0	0	0	0	0	0
21615	0	568	0	38	0	0	3	0	0	0	0	0	0	0	0	0
21710	0	903	0	140	0	0	3	0	0	0	0	0	0	0	0	0
21809	0	842	0	25	0	0	0	0	0	0	0	0	0	0	0	0
21904	0	932	0	71	0	0	3	0	0	0	0	0	0	0	0	0
21998	1	893	0	29	0	0	2	0	0	0	0	0	0	0	0	0
22093	58	813	0	135	0	0	4	0	0	0	0	0	0	0	0	0
22189	192	771	52	33	0	0	2	0	0	0	0	0	0	0	0	0
22283	264	350	98	19	0	0	1	0	0	0	0	0	0	0	0	0
22378	347	185	73	4	0	0	0	0	0	0	0	0	0	0	0	0
22473	412	7	105	0	0	0	3	0	0	0	0	0	0	0	0	0
22567	274	0	128	0	0	0	0	0	0	0	0	0	0	0	0	0
22663	238	2	219	0	0	0	0	0	0	0	0	0	0	0	0	0
22758	272	469	152	0	0	0	0	0	0	0	0	0	0	0	0	0
22856	295	518	102	0	0	0	0	0	0	0	0	0	0	0	0	0
22951	262	593	204	0	0	0	0	0	0	0	0	0	0	0	0	0
23047	292	620	105	0	0	0	0	0	0	0	0	0	0	0	0	0
23142	300	641	183	0	0	0	0	0	0	0	0	0	0	0	0	0
23237	299	638	128	0	0	0	1	29	0	0	0	0	0	0	0	0
23331	277	624	148	0	0	0	49	34	0	0	0	0	0	0	0	0
23427	170	609	96	0	0	0	101	39	200	42	0	0	0	0	0	0
23523	159	604	10	0	0	0	475	39	340	3	0	0	0	0	0	0
23618	36	0	9	0	0	0	784	27	277	0	0	0	0	0	0	0
23712	8	0	0	0	0	0	502	21	356	0	0	0	0	0	0	0
23808	0	0	0	0	0	0	542	9	270	0	0	0	0	0	0	0
23903	0	0	0	0	0	0	538	23	239	0	0	0	0	0	0	0
24002	0	0	0	0	0	0	611	36	210	0	0	0	0	0	0	0
24096	6	4	0	0	0	0	675	38	209	0	0	0	0	0	0	0
24192	0	0	0	0	0	0	697	47	69	0	0	0	0	0	0	0
24287	0	0	0	0	0	0	730	51	88	5	0	0	0	0	0	0
24381	0	0	0	0	0	0	721	59	144	0	0	0	0	0	0	0
24476	0	0	0	0	0	0	511	81	140	17	0	0	0	0	0	0
24571	0	0	41	4	0	0	194	36	135	0	0	0	0	0	0	0
24666	0	21	88	77	0	0	92	32	1	0	0	0	0	0	0	0
24761	25	209	143	173	0	0	0	0	3	0	0	0	0	0	0	0
24856	12	387	203	286	0	0	0	14	0	0	0	0	0	0	0	0
24951	57	475	99	149	0	0	0	20	0	0	0	0	0	0	1	0
25051	115	473	38	268	0	0	0	0	0	0	0	0	0	0	0	0
25146	103	326	97	201	0	0	0	0	0	0	0	0	0	0	0	0
25241	70	308	98	128	0	0	0	2	0	0	0	0	0	0	0	0
25335	102	522	45	94	0	0	0	0	3	0	0	0	0	0	0	0
25431	128	678	83	53	0	0	6	0	1	0	0	0	0	0	0	0
25526	75	641	56	18	0	0	99	40	0	0	0	0	0	0	0	0
25621	66	466	2	3	0	0	200	146	0	0	0	0	0	0	0	0
25716	0	45	0	0	0	0	196	157	0	0	0	0	0	0	0	0
25810	14	0	0	0	0	0	118	175	0	63	0	0	0	0	0	0
25906	0	0	0	0	0	0	241	294	0	173	0	0	0	0	0	0
26001	0	0	0	0	0	0	317	259	26	83	0	0	0	0	0	0
26100	0	8	0	0	0	0	475	144	3	339	0	0	0	0	1	0
26194	0	26	0	0	0	0	406	154	16	119	0	0	0	0	0	0
26290	0	0	0	0	0	0	562	101	0	125	0	0	0	0	0	0
26385	0	22	0	0	0	0	615	158	0	28	0	0	0	0	0	0
26480	7	0	17	0	0	0	645	75	0	22	0	0	0	0	0	0
26575	146	0	125	0	0	0	369	51	0	0	0	0	0	0	0	0
26670	255	314	136	21	0	0	94	10	0	0	0	0	0	0	0	0
26765	246	378	201	5	0	0	0	0	0	0	0	0	0	0	0	0
26860	255	524	195	23	0	0	0	0	0	0	0	0	0	0	0	0
26955	312	463	272	55	0	0	0	0	0	0	0	0	0	0	0	0
27051	325	483	268	28	0	0	0	0	0	0	0	0	0	0	0	0
27146	156	450	274	71	0	0	14	9	0	0	0	0	0	0	0	0
27245	155	195	77	15	0	0	43	16	191	0	0	0	0	0	0	0
27340	28	0	43	0	0	0	108	9	333	0	0	0	0	0	0	0
27436	7	0	0	0	0	0	261	8	359	2	0	0	0	0	0	0
27530	5	1	0	0	0	0	206	5	391	0	0	0	0	0	0	0
27625	6	0	0	0	0	0	43	0	409	0	0	0	0	0	0	0
27719	0	0	0	0	0	0	40	3	436	0	0	0	0	0	0	0
27814	0	0	0	0	0	0	67	6	388	0	0	0	0	0	0	0
27909	0	0	0	0	0	0	41	4	326	0	0	0	0	0	0	0
28004	33	118	0	0	0	0	67	5	139	0	0	0	0	0	0	0
28099	57	259	0	124	0	0	31	0	0	1	0	0	0	0	0	0
28193	61	367	0	219	0	0	0	0	0	0	0	0	0	0	0	0
28293	64	270	0	313	0	0	0	13	0	0	0	0	0	0	0	0
28388	66	365	0	264	0	0	0	3	0	0	0	0	0	0	0	0
28483	66	434	0	246	0	0	0	0	0	0	0	0	0	0	0	0
28577	68	480	1	380	0	0	0	2	137	0	0	0	0	0	0	0
28673	36	320	0	35	0	0	0	3	469	0	0	0	0	0	0	0
28768	0	67	0	0	0	0	38	0	465	0	0	0	0	0	0	0
28863	0	0	0	0	0	0	38	0	551	0	0	0	0	0	0	0
28957	0	0	0	0	0	0	16	1	596	0	0	0	0	0	0	0
29052	0	0	0	0	0	0	8	0	783	0	0	0	0	0	0	0
29147	0	2	0	0	0	0	1	0	611	0	0	0	0	0	0	0
29242	0	0	0	0	0	0	11	0	552	0	0	0	0	0	0	0
29336	10	0	65	0	0	0	0	0	507	0	0	0	0	0	0	0
29435	66	21	67	0	0	0	0	0	408	0	0	0	0	0	0	0
29530	103	0	68	0	0	0	0	0	396	0	0	0	0	0	0	0
29625	101	20	140	0	0	0	0	0	208	0	0	0	0	0	0	0
29720	154	7	84	0	0	0	0	10	79	0	0	0	0	0	0	0
29815	162	28	52	0	0	0	0	0	0	0	0	0	0	0	0	0
29910	154	37	81	0	0	0	0	0	0	0	0	0	0	0	0	0
30005	169	26	91	0	0	0	7	0	0	0	0	0	0	0	0	0
30099	159	14	79	0	0	0	13	16	345	0	0	0	0	0	0	0
30194	166	2	109	0	0	0	24	21	290	0	0	0	0	0	0	0
30289	128	0	131	0	0	0	22	0	413	0	0	0	0	0	0	0
30385	200	0	57	0	0	0	64	0	278	0	0	0	0	0	0	0
30484	105	1	58	0	0	0	20	28	294	0	0	0	0	0	0	0
30579	136	0	70	0	0	0	14	28	260	0	0	1	0	0	0	0
30674	160	4	63	0	0	0	10	30	331	0	0	0	0	0	0	0
30770	209	10	74	0	0	0	14	29	289	0	0	0	0	0	0	0
30864	141	16	72	0	0	0	16	28	340	0	0	0	0	0	0	0
30959	158	14	95	0	0	0	15	34	240	0	0	0	0	0	0	0
31054	192	0	102	0	0	0	17	35	228	0	0	0	0	0	0	0
31150	204	3	75	0	0	0	17	34	234	0	0	0	0	0	0	0
31245	189	4	114	0	0	0	19	31	246	0	0	0	0	0	0	0
31340	170	2	99	0	0	0	22	28	225	0	0	0	0	0	0	0
31435	211	0	92	0	0	0	20	30	278	0	0	0	0	0	0	0
31531	199	0	105	0	0	0	19	32	289	0	0	0	0	0	0	0
31630	225	7	94	0	0	0	19	34	307	0	0	0	0	0	0	0
31725	246	0	78	0	0	0	18	33	256	0	0	0	0	0	0	0
31820	222	0	94	0	0	0	21	31	277	0	0	0	0	0	0	0
31915	244	0	84	0	0	0	20	31	282	0	0	0	0	0	0	0
32010	290	5	96	0	0	0	48	34	277	0	0	0	0	0	0	0
32105	277	0	176	0	0	0	51	33	260	0	0	0	0	0	0	0
32200	264	0	100	0	0	0	49	32	311	0	0	0	0	0	0	0
32295	277	0	57	0	0	0	49	27	212	0	0	0	0	0	0	0
32391	362	1	74	0	0	0	8	14	324	0	0	0	0	0	0	0
32486	428	0	37	0	0	0	15	17	350	0	0	0	0	0	0	0
32581	362	0	74	0	0	0	18	16	306	0	0	0	0	0	0	0
32680	477	0	115	0	0	0	8	18	260	0	0	0	0	0	0	0
32775	459	0	84	0	0	0	16	18	237	0	0	0	0	0	0	0
32870	434	5	40	0	0	0	15	18	228	0	0	0	0	0	0	0
32965	319	0	30	0	0	0	17	26	222	0	0	0	0	0	0	0
33060	184	0	42	0	0	0	54	27	426	0	0	0	0	0	1	0
33156	53	0	0	0	0	0	19	2	56	0	0	0	0	0	0	0
33250	85	0	0	0	0	0	14	0	0	0	0	0	0	0	0	0
33345	77	3	0	0	0	0	4	0	0	0	0	0	0	0	0	0
33439	0	14	0	0	0	0	0	0	0	0	0	0	0	0	0	0
33533	0	10	0	0	0	0	0	0	0	0	0	0	0	0	0	0
33629	0	0	0	0	0	0	0	0	0	0	0	0	0	0	0	0
33727	0	7	0	0	0	0	0	0	0	0	0	0	0	0	0	0
33821	0	5	0	0	0	0	0	0	0	0	0	0	0	0	0	0
33916	0	13	0	0	0	0	0	0	0	0	0	0	0	0	0	0
34011	0	5	0	0	0	0	0	0	0	0	0	0	0	0	0	0
34105	24	323	0	0	0	0	0	0	0	0	0	0	0	0	0	0
34200	271	302	256	1	0	0	0	0	0	0	191	28	0	0	0	0
34295	273	299	275	0	0	0	0	0	0	0	355	0	0	0	0	0
34391	262	306	299	2	0	0	0	0	0	0	444	0	0	0	0	0
34486	164	327	252	2	0	0	0	0	0	0	484	0	0	0	0	0
34581	7	365	300	0	0	0	0	0	0	0	494	0	0	0	0	0
34676	42	352	121	0	0	0	0	0	0	0	431	0	0	0	0	0
34770	142	321	201	0	0	0	0	0	0	0	394	0	0	0	0	0
34870	200	323	292	0	0	0	0	0	0	0	413	0	0	0	0	0
34965	141	334	381	0	0	0	0	0	0	0	322	0	0	0	0	0
35060	193	323	382	2	0	0	0	0	0	0	311	0	0	0	0	0
35155	243	316	403	14	0	0	0	0	0	0	227	0	0	0	0	0
35251	254	318	403	0	0	0	0	0	0	0	317	0	0	0	0	0
35346	249	304	386	0	0	0	0	0	0	0	241	0	0	0	0	0
35441	240	298	303	0	0	0	0	0	0	0	350	0	0	0	0	0
35536	244	303	341	0	0	0	0	0	0	0	348	0	0	0	0	0
35632	251	304	334	4	0	0	0	0	0	0	301	0	0	0	0	0
35727	261	309	310	0	0	0	0	0	0	0	387	0	0	0	0	0
35822	271	318	334	0	0	0	0	0	0	0	363	0	0	0	0	0
35921	275	319	334	0	0	0	0	0	0	0	213	0	0	0	0	0
36017	277	318	412	0	0	0	0	0	0	0	167	0	0	0	0	0
36112	278	318	404	0	0	0	0	0	0	0	232	0	0	0	0	0
36207	279	321	425	14	0	0	0	0	0	0	234	0	0	0	0	0
36302	280	322	462	138	0	0	0	0	0	0	259	0	0	0	0	0
36398	297	318	335	227	7	0	0	0	0	0	234	0	0	0	0	0
36493	296	318	332	314	0	0	0	0	0	0	180	0	0	0	0	0
36588	287	322	360	347	0	0	0	0	0	0	217	0	0	0	0	0
36683	285	320	294	238	0	0	0	0	0	0	188	0	0	0	0	0
36779	282	318	331	164	1	0	0	0	0	0	277	0	0	0	0	0
36874	280	308	345	143	6	0	0	0	0	1	347	0	0	0	0	0
36973	272	308	293	120	0	0	0	0	0	0	343	0	0	0	0	0
37069	224	322	306	131	0	0	0	0	0	0	400	0	0	0	0	0
37165	219	322	321	74	0	0	0	0	0	0	385	0	0	0	0	0
37260	222	320	306	64	0	0	0	0	0	0	561	0	0	0	0	0
37355	220	319	307	117	0	0	0	0	0	0	536	0	0	0	0	0
37450	215	319	266	102	4	0	0	0	0	0	535	0	0	0	0	0
37545	214	321	253	99	5	0	0	0	0	0	573	0	0	0	0	0
37641	213	328	276	37	0	0	0	0	0	0	560	0	0	0	0	0
37736	222	331	255	29	0	0	0	0	0	0	438	0	0	0	0	0
37831	299	342	476	96	0	0	0	0	0	0	285	0	0	0	0	0
37931	308	360	299	228	0	0	0	0	0	0	0	0	0	0	0	0
38026	312	367	286	266	0	0	0	0	0	0	0	0	0	0	0	0
38121	257	397	294	153	0	0	6	0	0	0	0	0	0	0	0	0
38216	0	332	304	25	0	0	11	0	0	0	0	0	0	0	0	0
38311	0	0	0	1	0	0	0	0	0	0	0	0	0	0	0	0
38406	0	0	0	0	0	0	0	0	0	0	0	0	0	0	0	0
38500	0	0	0	0	0	0	0	0	0	0	0	0	0	0	0	0
38595	0	0	0	0	0	0	0	0	0	0	0	0	0	0	0	0
38689	0	0	0	0	0	0	0	0	0	0	0	0	0	0	0	0
38784	0	6	55	52	0	0	0	0	0	0	0	0	0	0	0	0
38879	0	9	94	2	0	0	0	0	0	0	142	0	0	0	0	0
38973	65	108	107	0	0	69	0	0	0	0	300	0	0	0	0	0
39072	118	118	84	0	0	256	0	0	0	0	453	0	0	0	0	0
39168	145	139	135	0	0	378	0	0	0	0	533	0	0	0	0	0
39263	135	146	152	0	0	397	0	0	0	0	343	6	0	0	0	0
39358	0	199	126	139	5	458	0	0	0	0	379	12	0	0	0	0
39453	0	199	432	143	5	467	0	0	0	0	333	0	0	0	0	0
39549	0	192	149	124	0	509	0	0	0	0	178	0	0	0	0	0
39645	0	182	245	104	0	472	0	0	0	0	210	0	0	0	0	0
39740	0	182	234	114	0	464	0	0	0	0	161	16	0	0	0	0
39835	79	153	342	144	0	438	0	0	0	0	174	8	0	0	0	0
39930	139	135	366	138	0	428	0	0	0	1	185	3	0	0	0	0
40026	144	131	329	201	0	443	0	0	0	1	105	12	0	0	0	0
40126	180	131	278	145	0	334	0	0	0	0	95	0	0	0	0	6
40221	184	118	192	87	0	116	0	0	0	59	0	0	0	0	0	9
40316	167	105	169	23	0	63	0	0	0	0	0	0	0	0	0	0
40412	10	0	183	12	0	0	18	0	0	0	0	0	0	0	0	0
40507	4	19	324	11	0	0	0	0	0	0	0	0	0	0	0	0
40601	0	0	0	0	0	0	0	0	0	0	0	0	0	0	0	0
40696	0	13	0	2	0	0	0	0	0	0	0	0	0	0	0	0
40791	0	32	0	0	0	0	0	0	0	0	0	0	0	0	0	0
40885	0	32	0	0	0	0	0	0	0	0	0	0	0	0	0	0
40980	0	38	0	0	0	0	0	0	0	0	0	0	0	0	0	0
41074	0	30	0	0	0	0	0	0	0	0	0	0	0	0	0	0
41174	0	31	0	0	0	0	0	0	0	0	0	0	0	0	0	0
41268	0	33	0	0	0	0	38	0	0	0	0	56	0	0	0	0
41363	0	28	0	0	0	0	45	0	0	0	0	0	0	0	0	0
41457	0	29	0	0	0	0	44	0	0	0	0	0	0	0	0	0
41551	0	25	0	0	0	0	32	0	0	0	0	0	0	0	0	0
41647	0	17	0	0	0	0	27	0	0	0	0	0	0	0	0	0
41741	0	22	0	0	0	0	0	0	0	0	0	0	0	0	0	0
41836	0	26	0	0	0	0	0	0	0	0	0	0	0	0	0	0
41930	0	28	0	0	0	0	0	0	0	0	0	0	0	0	0	0
42024	0	39	0	0	0	0	0	0	0	0	0	0	0	0	0	0
42120	0	35	0	0	0	0	0	0	0	0	0	0	0	0	0	0
42214	0	36	0	0	0	0	0	0	0	0	0	0	0	0	0	0
42308	0	30	0	0	0	0	0	0	0	0	0	0	0	0	0	0
42407	0	37	0	0	0	0	0	0	0	0	0	0	0	0	0	0
42502	0	30	0	0	0	0	0	0	0	0	0	0	0	0	0	0
42597	0	30	0	0	0	0	0	0	0	0	0	0	0	0	0	0
42691	0	31	2	0	0	0	0	0	0	0	0	0	0	0	0	0
42785	0	43	2	0	0	0	0	0	0	0	0	0	0	0	0	0
42881	0	44	2	0	0	0	0	0	0	0	0	0	0	0	0	0
42975	0	31	1	0	0	0	0	0	0	0	0	0	0	0	0	0
43069	0	33	1	0	0	0	0	0	0	0	0	0	0	0	0	0
43164	0	33	0	0	0	0	0	0	0	0	0	0	0	0	0	0
43258	0	30	0	0	0	0	0	0	0	0	0	0	0	0	0	0
43354	0	16	0	0	0	0	0	0	0	0	0	0	0	0	0	0
43448	0	17	0	0	0	0	0	0	0	1	0	0	0	0	0	0
43542	0	17	0	0	0	0	0	0	0	1	0	0	0	0	0	0
43641	0	14	0	0	0	0	0	0	0	1	0	0	0	0	0	0
43736	0	15	0	0	0	0	0	0	0	2	0	0	0	0	0	0
43830	0	14	0	0	0	0	0	0	0	3	0	0	0	0	0	0
43925	0	9	0	0	0	0	0	0	0	1	0	0	0	0	0	0
44019	0	0	0	0	0	0	0	0	0	3	0	0	0	0	0	0
44113	0	0	0	0	0	0	0	0	0	2	0	0	0	0	0	0
44209	0	0	0	0	0	0	0	0	0	0	0	0	0	0	0	0
44303	0	0	0	0	0	0	0	0	0	0	0	0	0	0	0	0
44397	0	0	0	0	0	0	0	0	0	0	0	0	0	0	0	0
44491	0	2	0	0	0	0	0	0	0	0	0	0	0	0	0	0
44587	0	7	0	0	0	0	0	0	0	0	0	0	0	0	0	0
44681	0	13	0	0	0	0	1	0	0	0	0	0	0	0	0	0
44775	0	16	0	0	0	0	0	0	0	0	0	0	0	0	0	0
44874	0	1	0	0	0	0	0	0	0	0	0	0	0	0	0	0
44968	0	6	0	0	0	22	0	0	0	0	0	0	0	0	0	0
45063	0	11	0	0	0	40	0	0	0	0	0	0	0	0	0	0
45158	0	12	0	0	0	4	0	0	0	0	26	0	0	0	0	0
45252	0	12	0	0	0	25	0	0	0	0	0	222	0	0	0	0
45347	0	10	0	0	2	62	0	0	0	0	0	205	0	0	0	0
45442	0	16	0	0	2	8	0	0	0	0	22	171	0	0	0	0
45537	0	17	0	0	0	85	0	0	0	0	166	162	0	0	0	0
45632	0	10	0	0	91	118	0	0	0	0	434	259	0	0	0	0
45727	0	19	0	0	386	190	0	0	0	0	487	418	0	0	0	0
45822	0	17	0	0	316	242	0	0	1	0	564	572	0	0	0	0
45918	0	20	0	0	420	262	0	0	0	0	513	535	0	0	0	0
46017	0	16	0	0	459	538	0	0	0	0	617	552	0	0	0	0
46112	0	14	0	0	620	550	0	0	0	0	673	603	0	0	0	0
46208	1	16	0	0	600	527	0	0	0	0	636	637	0	0	0	0
46303	2	26	0	0	568	671	0	0	0	0	669	659	0	0	0	0
46398	3	20	0	0	501	576	0	0	0	0	662	689	0	0	0	0
46493	2	17	0	0	501	666	0	0	0	0	659	698	0	0	0	0
46588	2	20	0	0	527	595	0	0	0	0	640	566	0	0	0	0
46684	3	18	0	0	554	581	0	0	0	0	650	549	0	0	0	0
46779	2	11	0	0	576	609	0	0	0	0	651	602	0	0	0	0
46874	3	13	0	0	537	622	0	0	0	0	628	646	0	0	0	0
46973	3	14	0	0	589	624	0	0	0	0	657	683	0	0	0	0
47069	4	13	0	0	512	719	0	0	0	0	631	634	0	0	0	0
47164	2	13	0	0	575	735	0	0	0	0	656	636	0	0	0	0
47259	2	17	0	0	553	660	0	0	0	0	671	652	0	0	0	0
47354	2	18	0	0	642	664	0	0	0	0	633	661	0	0	0	0
47450	3	16	0	0	562	695	0	0	0	0	653	690	0	0	0	0
47545	3	17	0	0	588	658	0	0	0	0	633	656	0	0	0	0
47640	3	17	0	0	574	633	0	0	0	0	596	581	0	0	0	0
47735	2	17	0	0	542	664	0	0	0	0	660	569	0	0	0	0
47831	3	18	0	0	604	692	0	0	0	0	646	582	0	0	0	0
47926	4	17	0	0	503	730	0	0	0	0	661	604	0	0	0	0
48025	3	17	0	0	582	719	0	0	0	0	664	587	0	0	0	0
48120	3	18	0	0	562	719	0	0	0	0	704	695	0	0	0	0
48216	3	19	0	0	561	695	0	0	0	0	701	709	0	0	0	0
48311	3	18	0	0	627	723	0	0	0	0	657	686	0	0	0	0
48406	2	17	0	0	626	732	0	0	0	0	660	647	0	0	0	0
48501	3	18	0	0	557	718	0	0	0	0	633	643	0	0	0	0
48596	3	18	0	0	622	752	0	0	0	0	669	680	0	0	0	0
48692	3	14	0	0	610	733	0	0	0	0	716	711	0	0	0	0
48787	3	16	0	0	543	755	0	0	0	0	693	662	0	0	0	0
48883	3	18	0	0	373	673	0	0	2	0	548	538	0	0	0	0
48978	2	16	0	0	219	371	0	0	0	0	34	335	0	0	0	0
49078	0	0	0	0	0	108	0	0	0	0	0	0	0	0	0	0
49172	0	2	0	0	0	22	0	0	0	0	0	0	0	0	0	0
49266	2	0	0	0	0	5	3	0	0	2	0	0	0	0	0	0
49361	3	0	0	0	0	5	6	0	0	2	0	0	0	0	0	0
49456	2	0	0	0	0	9	0	0	0	0	0	0	0	0	0	0
49550	3	0	0	0	0	8	0	0	0	5	0	0	0	0	0	0
49645	3	0	18	0	0	89	0	0	104	122	0	0	0	0	0	0
49739	0	7	82	20	0	11	0	0	68	96	0	0	0	0	0	0
49835	0	0	107	29	0	6	0	0	102	20	0	0	0	0	0	0
49930	0	0	312	63	0	0	0	0	405	471	0	0	0	0	0	0
50025	0	0	247	197	0	21	3	0	281	526	0	0	0	0	0	0
50120	0	0	346	382	0	85	3	0	369	534	0	0	0	0	0	0
50220	0	0	415	473	0	0	0	0	531	515	0	0	0	0	0	0
50315	0	14	428	510	0	70	0	0	569	590	0	0	0	0	0	0
50410	0	14	494	587	0	51	0	0	547	553	0	0	0	0	0	0
50505	3	14	581	620	0	75	0	0	545	607	0	0	0	0	0	0
50600	0	25	568	637	0	111	0	0	597	676	0	0	0	0	0	0
50696	0	19	556	626	0	109	0	0	602	698	0	0	0	0	0	0
50791	0	0	599	632	0	26	0	0	610	716	0	0	0	0	1	0
50887	0	0	622	671	0	22	0	0	617	683	0	0	0	0	0	0
50982	0	0	620	669	0	0	0	0	614	721	0	0	0	0	0	0
51077	0	0	625	620	0	0	0	0	610	726	0	0	0	0	0	0
51177	0	0	598	647	0	1	0	0	645	781	0	0	0	0	0	0
51271	0	0	587	662	0	1	0	0	617	781	0	0	0	0	0	0
51366	0	0	584	670	0	0	0	0	712	731	0	0	0	0	0	0
51462	0	0	624	657	0	81	0	0	691	763	0	0	0	0	0	0
51557	0	0	642	637	0	78	0	0	667	750	0	0	0	0	0	0
51652	0	0	587	652	0	23	0	0	684	761	0	0	0	0	0	0
51747	0	0	619	619	0	100	0	0	697	783	0	0	0	0	0	0
51843	0	0	630	631	0	103	0	0	697	739	0	0	0	0	0	0
51939	0	0	602	613	0	0	0	0	655	727	0	0	0	0	0	0
52034	0	0	605	607	0	0	0	0	640	741	0	0	0	0	0	0
52128	0	0	641	670	0	0	0	0	654	727	0	0	0	0	0	0
52228	0	0	606	674	0	0	0	0	666	711	0	0	0	0	0	0
52323	0	0	656	662	0	0	0	0	711	750	0	0	0	0	0	0
52418	0	0	598	622	0	0	0	0	714	743	0	0	0	0	0	0
52513	0	0	616	642	0	0	0	0	727	834	0	0	0	0	0	0
52609	0	0	623	580	0	0	0	0	710	802	0	0	0	0	0	0
52704	0	0	549	412	0	1	0	0	548	714	0	0	0	0	0	0
52799	0	0	489	256	0	3	0	0	519	704	0	0	0	0	0	0
52894	0	0	460	349	0	4	0	0	395	516	0	0	0	0	0	0
52989	0	0	267	133	0	45	0	0	114	256	0	0	0	0	0	0
53085	0	0	0	0	0	0	0	0	0	0	0	0	0	0	0	0
53179	0	0	0	0	0	2	0	0	0	83	0	0	0	0	0	0
53278	0	0	0	0	0	0	0	0	0	154	0	0	0	0	0	0
53372	0	0	0	0	0	0	0	0	0	83	0	0	0	0	0	0
53468	0	0	0	0	0	0	0	0	0	102	0	0	0	0	0	0
53562	0	0	0	0	0	2	0	0	0	96	0	0	0	0	0	0
53656	3	0	0	0	0	1	0	0	0	132	0	0	0	0	0	0
53751	59	177	0	5	0	0	0	3	0	87	0	0	0	0	0	0
53846	120	197	0	7	0	0	0	0	0	0	0	0	0	0	0	0
53941	235	310	0	0	0	1	0	26	0	0	0	0	0	0	0	0
54036	249	28	0	0	0	0	17	92	0	0	0	0	0	0	1	0
54130	396	412	0	0	0	4	354	235	0	1	0	0	0	0	14	0
54225	446	647	0	0	0	3	699	299	0	0	0	0	0	0	6	0
54321	516	634	0	0	0	1	683	391	0	95	0	0	0	0	0	0
54433	654	621	0	0	0	5	610	462	0	43	0	0	0	0	0	0
54529	580	677	0	0	0	2	694	383	0	88	0	0	0	0	0	0
54624	615	653	0	0	0	1	754	426	0	0	0	0	0	0	0	0
54719	601	616	0	0	0	3	764	483	0	3	0	0	0	0	0	0
54814	645	544	0	0	0	10	689	521	0	2	0	0	0	0	0	0
54909	658	558	0	0	0	0	654	514	0	0	0	0	0	0	0	0
55005	658	626	0	0	0	0	740	508	0	1	0	0	0	0	0	0
55100	657	536	0	0	0	0	749	506	0	0	0	0	0	0	0	0
55195	652	618	0	0	0	0	756	507	0	0	0	0	0	0	0	0
55289	610	589	0	0	0	0	655	546	0	0	0	0	0	0	0	0
55385	630	562	0	0	0	0	572	492	0	0	0	0	0	0	0	0
55484	597	598	0	0	0	0	715	468	0	4	0	0	0	0	0	0
55579	620	619	0	0	0	0	716	453	0	0	0	0	0	0	0	0
55674	590	526	0	0	0	0	727	452	0	2	0	0	0	0	0	0
55770	640	608	0	0	0	0	709	546	0	0	0	0	0	0	0	0
55865	553	625	0	0	0	0	762	510	0	2	0	0	0	0	0	0
55960	596	594	0	0	0	0	731	435	0	4	0	0	0	0	0	0
56055	470	405	0	0	0	0	439	300	0	3	0	0	0	0	0	0
56151	297	44	0	0	0	0	0	236	0	31	0	0	0	0	0	0
56246	0	0	0	0	0	0	23	7	0	24	0	0	0	0	0	0
56340	0	41	0	0	0	0	50	9	0	0	0	0	0	0	0	0
56435	0	4	0	0	0	0	0	0	0	0	0	0	0	0	0	0
56534	0	25	0	0	0	0	0	0	0	0	0	0	0	0	0	0
56628	0	0	0	0	0	0	0	0	0	0	0	0	0	0	0	0
56723	0	0	0	0	0	0	0	0	0	0	0	0	0	0	0	0
56817	0	0	0	0	0	0	0	0	0	0	0	0	0	0	0	0
56911	0	0	0	0	0	0	0	0	0	0	0	0	0	0	0	0
57006	0	0	0	0	0	0	0	0	0	0	0	0	0	0	0	12
57101	0	0	0	0	0	0	0	2	0	0	0	0	0	0	0	36
57195	0	0	0	0	0	0	0	0	0	0	0	0	0	0	0	39
57290	0	0	0	0	0	0	0	0	0	18	0	0	0	0	1	2
57384	0	0	0	0	0	0	0	0	0	0	0	0	0	0	0	0
57479	0	0	0	0	0	0	0	0	0	0	0	0	0	0	0	0
57573	9	0	0	0	0	0	0	0	0	0	0	0	0	0	0	24
57668	0	0	0	0	0	0	11	0	0	0	0	0	0	0	82	291
57767	0	0	0	0	0	0	8	0	0	0	0	0	0	0	0	135
57862	0	0	0	0	0	0	36	0	0	0	0	0	0	0	0	245
57957	0	0	0	0	0	0	2	0	0	0	0	0	0	0	0	311
58051	0	0	0	0	0	0	0	0	0	0	0	0	0	0	1	485
58145	0	0	0	0	0	0	1	0	0	0	0	0	0	0	0	397
58241	0	0	7	0	0	0	2	0	0	0	0	0	0	0	0	397
58335	0	0	0	0	0	0	1	0	0	0	0	0	0	0	0	430
58430	0	0	0	0	0	0	2	0	0	0	0	0	0	0	0	371
58524	0	0	0	0	0	0	0	0	0	0	0	0	0	0	0	405
58619	0	0	0	0	0	0	1	0	0	0	0	0	0	0	0	420
58714	4	0	0	0	0	0	0	1	0	0	0	0	0	0	0	421
58809	7	0	0	0	0	0	0	0	0	0	0	0	0	0	0	425
58907	10	0	0	0	0	0	0	0	0	0	0	0	0	0	0	414
59002	12	0	0	0	0	0	0	0	0	0	0	0	0	0	0	391
59097	8	0	0	0	0	0	0	0	0	0	0	0	0	0	0	355
59192	7	0	0	0	0	0	2	0	0	0	0	0	0	0	0	146
59286	0	0	0	0	0	0	0	0	0	0	0	0	0	0	0	0
59380	0	0	0	0	0	0	0	0	0	0	0	0	0	0	0	0
59475	0	0	0	0	0	0	0	0	0	0	0	0	0	0	0	0
59570	0	0	0	0	0	0	0	0	0	0	0	0	0	0	0	0
59664	0	0	0	0	0	0	0	0	0	0	0	0	0	0	0	0
59758	0	0	0	0	0	0	0	0	0	0	0	0	0	0	0	0
59853	0	0	0	0	0	0	1	0	0	0	0	0	0	0	0	0
59948	16	3	45	0	0	0	23	0	0	0	0	0	0	0	0	0
60042	16	23	19	3	0	0	0	0	0	0	0	0	0	0	0	0
60141	2	0	0	0	0	0	24	0	0	0	0	0	0	0	0	0
60235	15	0	0	0	0	0	51	0	0	0	0	0	0	0	0	0
60331	43	0	0	0	0	0	25	0	0	0	0	0	0	0	1	0
60425	10	0	0	0	0	0	89	0	0	0	0	0	0	0	0	0
60520	0	0	0	0	0	0	30	0	0	0	0	0	0	0	0	0
60614	0	0	0	0	0	0	101	0	0	0	0	0	0	0	0	0
60709	0	0	0	0	0	0	136	0	0	0	0	0	0	0	0	0
60804	0	0	0	0	0	0	5	0	0	0	0	0	0	0	0	0
60898	0	0	0	0	0	0	0	0	0	0	0	0	0	0	0	0
60993	0	0	0	0	0	0	0	0	3	0	0	0	0	0	0	0
61087	0	0	0	0	0	0	15	0	0	0	0	0	0	0	0	0
61181	0	0	0	0	0	0	352	0	0	0	0	0	0	0	0	0
61277	0	67	57	0	0	0	64	0	42	0	0	0	0	0	0	0
61375	0	126	41	0	0	0	57	0	232	0	0	0	0	0	0	0
61470	0	134	51	0	0	0	53	0	141	0	0	0	0	0	0	0
61565	0	215	46	2	0	10	18	0	0	0	0	0	0	0	0	0
61661	0	193	13	11	0	0	2	0	0	0	0	0	0	0	0	0
61755	0	283	1	29	0	0	40	11	150	0	0	0	0	0	0	0
61850	0	141	21	8	0	0	46	2	246	0	0	0	0	0	0	0
61945	0	155	0	0	0	0	155	2	336	0	0	0	0	0	0	0
62041	0	110	0	0	0	0	240	0	344	0	0	0	0	0	0	0
62135	0	0	0	0	0	0	380	0	364	0	0	0	0	0	0	0
62230	0	0	0	0	0	0	336	1	395	0	0	0	0	0	0	0
62325	0	180	247	0	0	0	419	0	366	0	0	0	0	0	0	0
62425	6	355	209	0	0	0	362	4	346	0	0	0	0	0	0	0
62520	51	556	263	0	0	0	341	4	266	0	0	0	0	0	0	0
62615	130	477	304	0	0	0	279	0	177	0	0	0	0	0	0	0
62710	150	712	273	0	0	0	308	0	74	0	0	0	0	0	0	0
62806	208	759	346	1	0	0	517	0	13	0	0	0	0	0	0	0
62901	251	674	376	16	0	0	100	0	0	0	0	0	0	0	0	0
62996	358	848	329	9	0	0	33	0	0	0	0	0	0	0	0	0
63091	369	710	310	0	0	0	3	0	0	0	0	0	0	0	0	0
63185	288	689	181	4	6	0	8	0	0	0	0	0	0	0	0	0
63281	283	714	246	0	0	0	9	14	0	0	0	0	0	0	0	0
63376	282	545	344	4	4	0	72	25	90	0	0	0	0	0	0	0
63475	222	296	147	0	0	0	94	6	487	0	0	0	0	0	0	0
63570	74	201	129	0	0	0	80	35	492	0	0	0	0	0	0	0
63666	138	227	45	0	0	0	144	40	530	0	0	0	0	0	0	0
63761	12	157	0	0	0	0	624	9	588	0	0	0	0	0	0	0
63856	0	48	0	0	0	0	450	0	571	0	0	0	0	0	0	0
63951	0	0	0	0	0	0	736	0	564	0	0	0	0	0	0	0
64046	0	5	0	0	0	0	724	0	556	0	0	0	0	0	0	0
64141	0	15	0	0	0	0	741	0	556	0	0	0	0	0	0	0
64236	7	0	0	0	0	0	660	2	575	0	0	0	0	0	0	0
64330	0	1	0	0	0	0	650	1	595	0	0	0	0	0	0	0
64425	28	73	65	0	0	0	622	51	605	0	0	0	0	0	0	0
64521	197	366	271	0	0	0	651	72	434	0	0	0	0	0	0	0
64620	294	500	93	0	0	0	646	74	285	0	0	0	0	0	0	0
64715	366	516	80	8	5	0	671	75	199	0	0	0	0	0	0	0
64811	435	546	164	6	1	0	627	75	157	2	0	0	0	0	0	0
64907	500	606	278	2	0	0	562	76	145	0	0	0	0	0	0	0
65002	617	622	398	7	0	0	529	78	26	1	0	4	0	0	0	0
65097	604	637	372	46	0	0	179	0	0	0	0	0	0	0	0	0
65192	623	677	318	28	0	0	138	5	5	0	0	0	0	0	0	0
65288	665	624	255	78	0	0	112	0	0	0	0	0	0	0	0	0
65383	695	627	235	37	0	0	19	0	0	0	0	0	0	0	2	0
65478	676	642	243	80	0	0	98	0	0	0	0	0	0	0	0	0
65577	698	613	268	29	0	0	68	0	0	0	0	0	0	0	0	0
65673	549	547	220	8	0	0	297	0	258	0	0	0	0	0	0	0
65768	346	384	118	0	0	0	494	0	391	0	0	0	0	0	0	0
65863	227	243	55	0	0	0	564	0	339	0	0	0	0	0	0	0
65958	0	0	0	0	0	0	628	0	351	12	0	0	0	0	0	0
66054	11	0	0	0	0	0	647	0	357	0	0	0	0	0	0	0
66148	0	0	0	0	0	0	628	0	348	0	0	0	0	0	0	0
66243	0	0	0	0	0	0	611	0	336	0	0	0	0	0	0	0
66338	91	12	134	0	0	0	555	0	244	7	0	0	0	0	0	0
66434	133	154	283	29	0	0	275	0	11	0	0	0	0	0	0	0
66529	139	522	291	156	0	0	175	0	0	0	0	0	0	0	0	0
66628	36	621	324	128	0	0	70	0	0	0	0	0	0	0	0	0
66723	16	599	295	128	0	0	107	0	0	0	0	0	0	0	0	0
66819	14	486	232	59	0	0	79	0	122	2	0	0	0	0	0	0
66914	0	443	96	333	0	0	98	0	321	0	0	0	0	0	0	0
67009	0	355	0	203	0	0	78	0	442	7	0	0	0	0	0	0
67104	0	3	0	120	0	0	30	0	533	0	0	0	0	0	0	0
67198	0	0	0	0	0	0	60	0	473	1	0	0	0	0	0	0
67294	0	2	0	38	0	0	58	0	406	1	0	0	0	0	0	0
67388	0	17	0	0	0	0	117	0	400	0	0	0	0	0	0	0
67483	0	9	0	0	0	0	97	0	241	0	0	0	0	0	0	0
67578	295	313	228	0	0	0	20	0	0	0	0	0	0	0	0	0
67678	319	441	317	0	0	1	0	19	0	0	0	0	0	0	0	0
67772	221	516	155	0	0	0	4	1	0	0	0	0	0	0	0	0
67867	221	509	59	0	0	0	5	1	0	0	0	0	0	0	0	0
67962	195	565	87	0	4	0	342	0	0	0	0	0	0	0	0	0
68058	202	420	63	0	0	0	431	46	0	0	0	0	0	0	0	0
68153	117	451	0	0	0	0	423	68	0	0	0	0	0	0	0	0
68248	0	184	0	0	0	0	432	53	0	0	0	0	0	0	0	0
68342	15	3	0	0	0	0	413	151	0	0	0	0	0	0	0	0
68438	0	0	0	0	0	0	412	158	0	7	0	0	0	0	0	0
68533	0	0	0	0	0	0	414	257	0	1	0	0	0	0	0	0
68627	0	195	0	33	0	0	387	211	0	0	0	0	0	0	0	0
68722	0	264	0	243	0	0	4	75	0	0	0	0	0	0	0	0
68822	0	403	0	301	0	6	11	0	0	0	0	0	0	0	0	0
68916	0	447	0	190	0	0	10	1	0	2	0	0	0	0	0	0
69011	0	465	0	300	0	0	65	0	0	0	0	0	0	0	0	0
69106	0	357	0	346	0	0	49	0	0	1	0	0	0	0	0	0
69200	0	327	0	331	0	0	14	0	0	0	0	0	0	0	0	0
69296	0	320	0	316	0	1	20	0	0	0	0	0	0	0	0	0
69391	0	319	0	413	0	0	91	0	0	0	0	0	0	0	0	0
69486	0	686	0	378	0	0	16	0	0	0	0	0	0	0	0	0
69580	0	598	0	263	0	0	8	0	0	1	0	0	0	0	0	0
69676	0	478	0	329	0	0	7	0	0	0	0	0	0	0	0	0
69770	0	515	0	362	0	0	18	0	0	19	0	0	0	0	0	0
69869	0	151	0	218	0	0	114	1	0	41	0	0	0	0	0	0
69964	0	108	0	199	0	0	355	12	8	47	0	0	0	0	0	0
70060	0	112	0	14	0	0	536	22	8	70	0	0	0	0	0	0
70155	0	70	0	0	0	0	628	36	3	78	0	0	0	0	0	0
70250	0	0	0	0	0	0	678	19	0	72	0	0	0	0	0	0
70344	0	1	0	0	0	0	616	55	0	48	0	0	0	0	0	0
70439	0	0	0	0	0	0	584	24	2	89	0	0	0	0	0	0
70534	242	157	0	0	0	0	435	1	0	16	0	0	0	0	0	0
70629	250	303	0	0	0	0	114	13	0	0	0	0	0	0	0	0
70724	268	370	0	0	0	0	6	0	0	0	0	0	0	0	0	0
70819	265	350	0	0	0	0	0	0	0	1	0	0	0	0	0	0
70914	259	448	0	0	0	0	35	0	0	3	0	0	0	0	0	0
71013	266	398	0	0	0	0	195	125	0	2	0	0	0	0	0	0
71108	244	442	0	0	0	0	551	132	0	2	0	0	0	0	0	0
71203	241	244	0	0	0	0	703	178	0	0	0	0	0	0	2	0
71299	10	115	0	0	0	0	584	44	0	0	0	0	0	0	0	0
71394	10	0	0	0	0	0	788	74	3	0	0	0	0	0	0	0
71488	4	0	0	0	0	0	780	101	0	0	0	0	0	0	0	0
71583	0	0	0	0	0	0	442	67	0	0	0	0	0	0	0	0
71678	24	124	48	253	0	0	471	91	0	0	0	0	0	0	0	0
71774	0	511	12	386	0	0	15	11	2	0	0	0	0	0	0	0
71868	0	493	0	337	0	0	20	0	0	0	0	0	0	0	0	0
71963	19	383	59	243	0	0	39	0	0	1	0	0	0	0	0	0
72062	13	449	58	268	0	0	9	13	0	0	0	0	0	0	0	0
72158	0	408	0	232	0	0	320	31	198	6	0	0	0	0	0	0
72253	0	463	0	346	0	0	220	31	357	0	0	0	0	0	0	0
72348	0	456	0	236	0	0	617	2	317	0	0	0	0	0	0	0
72443	0	372	0	12	0	0	542	0	326	0	0	0	0	0	0	0
72539	0	115	0	0	0	0	503	2	369	1	0	0	0	0	0	0
72634	0	0	0	0	0	0	516	2	451	0	0	0	0	0	0	0
72728	0	0	0	0	0	0	568	69	423	3	0	0	0	0	0	0
72823	0	389	0	6	0	0	682	70	209	0	0	0	0	0	0	0
72919	0	618	0	2	0	3	686	0	0	1	0	0	0	0	0	0
73013	0	763	0	16	0	0	38	0	0	0	0	0	0	0	0	0
73108	0	693	0	15	0	0	80	0	0	0	0	0	0	0	0	0
73207	0	759	0	3	0	0	175	0	65	0	0	0	0	0	0	0
73302	0	785	0	2	0	0	247	0	290	0	0	0	0	0	0	0
73397	0	286	0	0	0	0	278	0	336	0	0	0	0	0	0	0
73492	0	3	0	0	0	0	393	0	524	0	0	0	0	0	0	0
73586	0	0	0	0	0	0	419	0	346	0	0	0	0	0	0	0
73681	17	5	0	0	0	2	384	0	341	0	0	0	0	0	0	0
73777	410	0	41	0	0	0	308	0	162	0	0	0	0	0	0	0
73872	452	0	0	0	0	0	217	10	10	0	0	0	0	0	0	0
73966	429	0	42	0	0	0	168	0	0	0	0	0	0	0	0	0
74061	546	0	69	0	0	0	93	0	0	0	0	0	0	0	0	0
74157	561	14	78	0	0	0	92	0	0	26	0	0	0	0	0	0
74255	484	15	123	0	0	0	15	9	0	0	0	0	0	0	0	0
74350	496	8	114	0	0	0	20	188	0	30	0	0	0	0	0	0
74445	445	0	120	0	1	0	29	324	0	0	0	0	0	0	0	0
74541	264	0	0	0	0	0	106	370	0	0	0	0	0	0	0	0
74636	101	0	0	0	0	0	108	337	0	2	0	0	0	0	0	0
74731	0	0	0	0	0	0	195	211	0	0	0	0	0	0	0	0
74825	0	0	0	0	0	0	205	195	0	0	0	0	0	0	0	0
74920	0	0	0	0	0	0	206	150	0	0	0	0	0	0	0	0
75015	0	264	0	64	4	0	91	88	0	1	0	0	0	0	0	0
75110	0	299	0	129	0	0	98	0	0	5	0	0	0	0	0	0
75205	0	368	0	53	0	0	16	0	0	0	0	0	0	0	0	0
75299	0	326	0	164	0	0	9	0	0	0	0	0	0	0	0	0
75399	0	314	0	133	0	0	7	0	0	0	0	0	0	0	0	0
75494	0	349	0	212	0	0	5	0	0	0	0	0	0	0	0	0
75588	11	326	0	222	0	0	4	0	0	0	0	0	0	0	0	0
75683	0	423	0	143	0	0	3	0	0	0	0	0	0	0	0	0
75779	3	331	0	187	0	0	11	0	0	1	0	0	0	0	0	0
75873	0	447	0	67	0	0	41	0	0	0	0	0	0	0	0	0
75968	0	322	0	19	0	0	11	0	54	0	0	0	0	0	0	0
76063	0	325	0	31	0	0	16	0	59	0	0	0	0	0	0	0
76157	0	298	0	27	0	0	24	0	51	0	0	0	0	0	0	0
76253	0	307	0	38	0	0	3	0	113	0	0	0	0	0	0	0
76348	0	324	0	80	0	0	9	0	116	0	0	0	0	0	0	0
76446	0	287	0	20	0	0	7	0	0	0	0	0	0	0	0	0
76541	0	335	0	70	0	0	6	0	0	0	0	0	0	0	0	0
76636	0	528	0	145	0	0	22	0	0	0	0	0	0	0	0	0
76731	0	510	0	67	0	0	2	0	0	0	0	0	0	0	0	0
76826	0	321	0	0	0	0	0	0	0	0	0	0	0	0	0	0
76920	0	53	0	0	0	0	0	0	0	1	0	0	0	0	0	0
77015	0	0	0	0	0	0	0	0	0	0	0	0	0	0	0	0
77110	0	0	0	0	0	0	0	0	0	0	0	0	0	0	0	0
77204	0	0	0	0	0	0	93	0	2	0	0	0	0	0	0	0
77298	0	0	0	0	0	0	0	0	0	0	0	0	0	0	1	0
77393	0	0	0	0	0	0	0	0	4	2	0	0	0	0	0	0
77488	0	0	0	0	0	0	1	0	5	11	0	0	0	0	0	0
77582	0	0	0	0	0	0	0	0	3	0	0	0	0	0	0	0
77681	0	0	0	0	0	0	0	0	3	0	0	0	0	0	0	0
77775	0	0	0	0	0	0	1	0	0	0	0	0	0	0	0	0
77870	0	0	0	0	0	0	2	0	0	14	0	0	0	0	0	0
77964	0	0	0	0	0	0	1	0	0	0	0	0	0	0	0	0
78059	0	0	0	0	0	0	3	0	1	15	0	0	0	0	0	0
78153	0	0	0	0	0	0	3	1	6	1	0	0	0	0	0	0
78247	0	0	0	0	0	0	0	0	8	0	0	0	0	0	0	0
78343	0	0	0	0	0	0	0	0	5	0	0	0	0	0	0	0
78437	0	6	70	0	0	0	0	0	0	0	0	0	0	0	9	0
78531	0	0	52	0	0	0	1	0	0	0	0	0	0	0	0	0
78626	0	0	0	0	0	0	28	0	0	0	0	0	0	0	3	0
78721	0	0	2	29	0	0	50	0	0	0	0	0	0	0	2	0
78815	0	0	0	112	0	0	0	0	4	0	0	0	0	0	0	0
78924	26	0	0	0	0	0	1	0	0	0	0	0	0	0	1	0
79019	0	0	29	169	0	0	0	0	0	1	0	0	0	1	0	0
79113	0	0	26	46	0	0	2	0	0	10	0	0	0	1	0	0
79208	0	0	75	66	0	0	0	0	0	0	0	0	0	1	0	0
79302	0	0	36	162	0	0	2	8	176	0	0	0	0	0	0	0
79397	0	0	18	269	0	0	0	1	135	0	0	0	0	0	0	0
79493	0	0	38	165	0	0	35	0	145	11	0	0	0	0	0	0
79588	0	4	51	106	0	0	4	4	64	0	0	0	0	0	0	0
79682	0	0	84	117	0	0	0	0	0	0	0	0	0	0	0	0
79777	42	0	8	160	0	0	2	15	0	0	0	0	0	0	1	0
79872	0	0	38	147	0	0	0	13	0	0	0	0	0	0	0	0
79967	0	0	57	102	0	0	0	0	0	0	0	0	0	0	0	0
80066	0	0	18	83	0	0	0	0	0	83	0	0	0	0	0	0
80160	0	0	70	80	0	0	201	0	0	0	0	0	0	0	0	0
80256	0	0	71	73	0	0	143	0	0	0	0	0	0	0	0	0
80350	0	0	31	109	0	0	0	0	0	0	0	0	0	0	0	0
80445	0	0	46	144	0	0	1	0	0	57	0	0	0	0	0	0
80539	0	0	78	121	0	0	0	0	20	0	0	0	0	0	0	0
80634	0	0	50	168	0	0	0	0	60	0	0	0	0	0	0	0
80730	0	0	59	127	0	0	25	0	50	0	0	3	0	0	0	0
80824	0	0	22	182	0	0	1	0	58	0	0	0	0	0	0	0
80919	0	0	12	183	0	0	0	0	60	0	0	0	0	0	0	0
81014	0	0	13	166	0	0	0	0	64	0	0	0	0	0	0	0
81108	0	0	53	257	0	0	0	0	90	0	0	0	0	0	0	0
81208	0	0	80	124	0	0	0	0	102	0	0	0	0	0	0	0
81303	0	0	66	241	0	0	0	0	161	1	0	0	0	0	6	0
81397	0	0	53	237	0	0	0	0	92	1	0	0	0	0	0	0
81492	0	0	32	265	0	0	0	0	119	0	0	0	0	0	0	0
81588	0	0	59	181	0	0	0	0	150	0	0	0	0	0	1	0
81682	0	4	27	187	0	0	0	0	111	0	0	0	0	0	0	0
81777	0	4	8	155	0	0	0	0	94	0	0	33	0	0	0	0
81871	0	0	49	212	0	0	1	1	123	0	0	0	0	0	0	0
81967	0	3	52	192	0	0	0	0	132	0	0	0	0	0	0	0
82062	0	0	22	166	0	0	7	0	112	0	0	0	0	0	0	0
82157	0	4	57	201	0	0	51	0	61	0	0	0	0	0	0	0
82251	0	0	66	220	0	0	0	2	77	0	0	0	0	0	0	0
82351	0	0	39	227	0	0	0	3	75	0	0	0	0	0	0	0
82445	0	0	41	173	0	0	0	3	70	0	0	0	0	0	0	0
82540	0	0	39	182	0	0	2	3	54	0	0	0	0	0	0	0
82635	0	0	37	144	0	0	0	1	85	0	0	0	0	0	0	0
82729	0	0	55	124	0	0	0	0	17	0	0	2	0	0	0	0
82825	0	0	37	112	0	0	1	0	1	0	0	0	0	0	0	0
82919	0	0	13	122	0	0	0	0	2	0	0	0	0	0	0	0
83014	2	0	49	170	0	0	6	0	0	0	0	0	0	0	0	0
83108	0	0	18	121	0	0	60	0	0	0	0	0	0	0	0	0
83204	0	3	88	115	0	0	0	0	0	0	0	0	0	0	1	0
83299	0	0	51	188	0	0	0	0	11	0	0	0	0	0	0	0
83393	0	0	45	92	0	0	0	0	0	0	0	0	0	0	0	0
83492	0	0	35	25	0	0	2	0	0	0	0	0	0	0	0	0
83587	0	0	82	4	0	0	16	0	0	0	0	0	0	0	0	0
83682	0	0	0	4	0	0	20	0	0	0	0	0	0	0	0	0
83776	0	5	0	0	0	0	3	0	0	0	0	0	0	0	0	0
83870	0	0	0	0	0	0	0	0	0	0	0	0	0	0	8	0
83964	0	0	0	0	0	0	4	0	0	0	0	0	0	0	1	0
84060	0	0	0	0	0	0	9	0	0	0	0	0	0	0	0	0
84154	0	1	0	0	0	0	0	0	0	0	0	0	0	0	0	0
84248	0	8	0	0	3	0	0	0	0	0	0	0	0	0	2	0
84343	0	0	0	0	0	0	29	0	0	0	0	0	0	0	2	0
84438	0	16	0	0	0	0	26	1	0	0	0	0	0	0	0	0
84532	0	0	0	0	0	0	16	0	0	0	0	0	0	0	0	0
84631	0	0	0	0	0	0	1	0	0	0	0	0	0	0	3	0
84725	0	0	0	0	0	0	0	0	0	0	0	0	0	0	8	0
84819	0	0	0	0	0	0	4	0	0	0	0	0	0	0	8	0
84915	1	0	0	0	0	0	0	0	0	0	0	0	0	0	0	0
85009	3	0	0	0	0	0	14	0	0	0	0	0	0	0	0	0
85103	0	0	0	0	0	0	23	0	0	0	0	0	0	0	0	0
85198	0	0	0	0	0	0	37	0	0	1	0	0	0	0	0	0
85293	0	0	0	0	0	0	16	0	0	0	0	0	0	0	0	0
85387	0	0	0	0	0	0	6	0	0	0	0	0	0	0	0	0
85482	0	0	0	0	0	0	6	0	0	0	0	0	0	0	0	0
85576	0	0	0	0	0	0	5	0	0	0	0	0	0	0	0	0
85670	0	0	0	0	0	0	4	0	0	0	0	0	0	0	0	0
85766	0	0	0	0	0	0	4	0	0	0	0	0	0	0	0	0
85860	0	0	0	0	0	0	2	0	0	0	0	1	0	0	0	0
85958	0	0	0	0	0	0	4	0	0	0	0	0	0	0	0	0
86052	0	0	0	0	0	0	9	0	0	0	0	0	0	0	0	0
86148	0	0	0	0	0	0	8	0	0	0	0	0	0	0	0	0
86242	0	0	0	0	0	0	6	0	0	0	0	0	0	0	0	0
86336	0	0	0	0	0	0	7	0	0	0	0	0	0	0	0	0
86431	0	0	0	0	0	0	2	0	0	0	0	0	0	0	0	0
86525	0	0	0	0	0	0	2	0	0	0	0	0	0	0	0	0
86620	0	0	0	0	0	0	5	0	0	0	0	0	0	0	0	0
86714	0	0	0	0	0	0	7	0	0	0	0	0	0	0	0	0
86809	0	0	0	0	0	0	7	0	0	0	0	0	0	0	0	0
86903	0	0	0	0	0	0	5	0	0	0	0	0	0	0	0	0
86998	0	0	0	0	0	0	4	0	0	0	0	0	0	0	0	0
87093	0	0	119	0	0	0	0	0	0	0	0	0	0	0	0	0
87191	0	0	17	0	0	0	1	0	0	0	0	0	0	0	0	0
87285	0	0	0	0	0	0	0	0	0	0	0	0	0	0	0	0
87380	38	0	0	0	0	0	21	0	0	0	0	0	0	0	0	0
87475	0	0	0	0	0	0	1	0	0	0	0	0	0	0	0	0
87569	1	0	0	0	0	0	2	0	0	0	0	0	0	0	0	0
87664	5	0	0	13	0	0	4	0	0	0	0	0	0	0	0	0
87758	0	88	0	38	0	0	1	0	0	0	0	0	0	0	0	0
87853	0	112	0	62	0	7	38	0	0	0	1	0	0	0	0	0
87948	0	116	3	65	3	5	0	0	0	1	0	0	0	0	0	0
88043	0	94	0	75	0	0	0	0	0	3	0	0	0	0	0	0
88137	1	43	0	78	0	0	0	0	0	3	0	0	0	0	0	0
88231	0	13	0	92	0	0	0	0	0	0	0	0	0	0	0	0
88331	0	56	0	77	0	0	0	0	0	2	0	0	0	0	0	0
88425	0	131	0	109	0	0	0	0	0	0	0	0	0	0	0	0
88520	0	145	0	135	0	0	0	0	0	0	0	0	0	0	0	0
88615	0	131	0	150	0	0	1	0	0	2	0	0	0	0	0	0
88710	0	135	0	137	1	0	0	0	12	7	0	0	0	0	0	0
88805	0	131	0	95	0	0	0	0	0	1	0	0	0	0	0	0
88899	0	155	0	166	5	0	1	0	0	22	0	0	0	0	0	0
88994	0	143	0	138	6	0	2	0	0	77	0	0	0	0	0	0
89090	0	137	0	134	0	0	0	0	8	0	0	0	0	0	0	0
89184	0	168	0	157	0	0	62	0	0	11	0	0	0	0	0	0
89279	0	207	0	254	0	0	84	0	0	64	0	0	0	0	0	0
89374	0	202	0	152	0	0	77	0	0	73	0	0	0	0	0	0
89474	0	162	0	140	0	0	68	0	1	57	0	0	0	0	0	0
89569	0	170	0	124	0	0	84	0	0	58	0	0	0	0	0	0
89663	0	193	0	242	0	0	80	0	0	39	0	0	0	0	0	0
89758	1	231	0	229	0	0	37	0	0	3	1	0	0	0	0	0
89853	2	258	0	200	0	0	4	0	0	0	0	0	0	0	0	0
89949	0	277	0	244	0	0	0	0	0	0	0	0	0	0	0	0
90043	0	269	0	188	0	0	10	0	1	0	0	0	0	0	0	0
90138	17	258	5	117	0	0	22	0	3	6	0	3	0	0	0	0
90233	61	189	0	116	0	0	23	0	0	14	0	1	0	0	0	0
90328	87	174	0	75	0	0	40	0	0	9	0	0	0	0	0	0
90423	64	55	0	170	0	0	24	0	0	0	0	1	0	0	0	0
90518	96	0	104	94	0	0	23	0	0	0	0	0	0	0	0	0
90617	66	0	150	53	7	0	2	0	0	0	0	1	0	0	1	0
90712	176	0	212	11	0	0	8	0	0	0	0	0	0	0	0	0
90807	197	0	211	12	0	0	20	0	0	2	0	0	0	0	0	0
90902	223	0	206	6	0	0	11	0	0	6	0	0	0	0	0	0
90996	210	0	201	0	0	0	10	0	0	3	0	0	0	0	0	0
91091	123	0	203	0	0	0	6	0	0	0	0	0	0	0	0	0
91187	163	0	180	0	10	0	6	0	0	0	0	0	0	0	0	0
91281	205	0	147	0	0	0	6	0	0	0	0	0	0	0	0	0
91376	143	0	55	0	0	0	10	0	0	0	0	0	0	0	0	0
91471	121	0	0	0	2	0	8	0	0	0	0	0	0	0	0	0
91566	59	0	0	25	1	0	5	0	0	0	0	0	0	0	0	0
91665	45	0	0	36	1	0	4	0	0	0	0	0	0	0	0	0
91759	10	0	0	94	2	0	5	0	0	0	0	0	0	0	0	0
91853	8	0	0	165	0	0	3	0	0	0	0	1	0	0	0	0
91949	1	0	0	159	0	0	0	0	0	0	0	1	0	0	0	0
92043	0	0	0	180	0	0	0	0	0	0	0	0	0	0	0	0
92138	0	28	0	82	0	0	0	0	0	0	0	0	0	0	0	0
92232	0	87	0	119	0	0	2	0	0	0	0	1	0	0	0	0
92327	0	217	0	201	0	0	0	0	0	0	2	0	0	0	0	0
92422	0	172	0	255	0	0	0	20	0	0	0	1	0	0	0	0
92517	0	212	0	281	0	0	3	3	0	0	0	0	0	0	0	0
92612	0	198	0	251	0	0	0	16	0	2	0	0	0	0	1	0
92706	0	164	0	129	0	0	0	0	0	1	0	0	0	0	0	0
92802	0	260	0	100	0	0	4	48	0	6	0	2	0	0	0	0
92901	0	174	0	78	0	0	3	49	0	0	0	1	0	0	0	0
92995	0	77	0	65	0	0	50	43	0	22	0	2	0	0	0	0
93090	0	89	0	141	0	0	73	0	0	12	0	0	0	0	0	0
93186	0	31	0	29	0	0	0	0	0	9	0	0	0	0	0	0
93280	0	28	0	84	0	0	17	0	0	7	1	3	0	0	0	0
93375	0	66	0	63	0	0	0	0	0	0	0	0	0	0	0	0
93469	0	49	0	124	0	0	0	0	0	1	0	0	0	0	0	0
93564	0	25	0	78	0	0	5	0	0	13	0	0	0	0	0	0
93659	0	52	0	64	0	0	9	0	0	16	0	0	0	0	0	0
93754	0	144	0	51	0	0	8	0	0	29	0	0	0	0	0	0
93848	0	116	0	59	0	0	4	0	0	42	0	1	0	0	0	0
93943	0	162	0	182	0	0	0	0	0	63	0	0	0	0	0	0
94043	0	158	0	203	0	0	4	0	0	42	0	0	0	0	0	0
94137	0	281	0	97	0	0	0	0	0	50	0	0	0	0	0	0
94232	0	109	0	88	0	0	0	0	0	20	0	0	0	0	0	0
94327	0	100	0	61	0	0	0	0	0	53	0	0	0	0	0	0
94422	0	235	0	53	0	0	3	0	0	5	0	0	0	0	0	0
94517	0	34	0	84	0	0	0	0	0	0	0	0	0	0	0	0
94611	0	11	0	179	0	0	0	0	0	0	0	0	0	0	0	0
94706	0	3	0	43	0	0	0	0	0	0	0	0	0	0	0	0
94800	0	5	0	58	0	0	0	0	0	0	0	0	0	0	0	0
94895	0	0	0	12	0	0	21	0	0	0	0	0	0	0	0	0
94990	0	0	0	0	0	0	0	0	0	0	0	0	0	0	0	0
95084	20	0	0	0	0	0	0	0	0	0	0	0	0	0	0	0
95183	49	0	0	0	0	0	0	0	0	0	0	0	0	0	0	0
95278	112	0	0	0	0	0	3	0	0	0	0	0	0	0	0	0
95372	36	0	0	0	3	0	3	0	0	0	0	0	0	0	0	0
95467	62	0	63	0	0	0	1	0	0	0	0	0	0	0	0	0
95561	139	0	9	0	2	0	0	0	0	0	0	0	0	0	0	0
95656	16	0	0	0	0	0	0	0	0	0	0	0	0	0	0	0
95751	40	0	40	0	0	0	0	0	0	1	0	0	0	0	0	0
95846	22	0	0	0	0	0	0	0	0	5	0	0	0	0	0	0
95940	29	0	0	0	0	0	0	0	0	4	0	0	0	0	0	0
96034	2	0	0	0	0	0	2	0	0	2	0	0	0	0	0	0
96130	0	4	0	0	0	0	9	0	0	1	0	0	0	0	0	0
96224	0	7	0	0	0	0	1	0	0	3	0	0	0	0	0	0
96318	0	0	0	0	0	0	2	0	0	0	0	0	0	0	0	0
96416	0	0	0	0	0	0	0	0	0	0	0	0	0	0	0	0
96512	0	0	0	0	0	0	3	0	0	0	0	0	0	0	0	0
96606	0	0	0	0	0	0	9	0	0	0	0	0	0	0	0	0
96700	0	0	0	0	0	0	5	0	0	0	0	0	0	0	0	0
96795	0	0	0	0	0	0	2	0	0	0	0	0	0	0	0	0
96889	0	0	0	0	0	0	3	0	0	0	0	0	0	0	0	0
96984	0	0	0	0	0	0	3	0	0	0	0	0	0	0	0	0
97078	0	0	0	0	0	0	2	0	0	0	0	0	0	0	0	0
97173	0	0	0	0	0	0	2	0	0	0	0	0	0	0	0	0
97267	0	0	0	0	0	0	0	0	0	0	0	0	0	0	0	0
97361	0	0	0	0	0	0	0	0	0	0	0	0	0	0	0	0
97456	0	0	0	0	0	0	1	24	0	4	0	0	0	0	0	0
97551	0	2	0	0	0	0	1	1	0	0	0	0	0	0	0	0
97649	0	0	0	0	0	0	0	0	0	0	0	0	0	0	0	0
97744	0	0	0	0	0	0	0	0	0	0	0	0	0	0	0	0
97839	0	0	0	0	0	0	0	0	0	0	0	0	0	0	1	0
97933	0	0	0	0	0	0	0	2	0	0	0	0	0	0	0	0
98027	0	1	0	0	0	0	7	0	31	3	0	0	0	0	0	0
98122	0	2	0	0	0	0	0	0	41	205	0	0	0	0	0	0
98216	0	0	0	0	0	0	0	0	24	57	0	0	0	0	0	0
98312	0	1	0	0	0	0	2	0	33	110	0	0	0	0	2	0
98406	0	0	0	0	0	0	7	0	141	116	0	0	0	0	0	0
98501	0	1	0	0	0	0	0	2	56	77	0	0	0	0	0	0
98595	0	0	0	0	0	0	1	0	28	26	0	0	0	0	0	0
98691	0	1	0	0	0	0	18	0	41	98	0	0	0	0	0	0
98789	0	0	0	0	0	0	0	0	121	123	0	0	0	0	0	0
98884	0	1	0	0	0	0	0	0	56	66	0	0	0	0	1	0
98978	0	1	0	0	0	0	2	0	43	89	0	0	0	0	0	0
99074	0	0	0	0	0	0	0	0	50	111	0	0	0	0	0	0
99168	0	0	0	0	0	0	0	0	39	132	0	0	0	0	0	0
99263	0	0	0	0	0	0	0	0	51	74	0	0	0	0	0	0
99357	0	0	0	0	0	0	3	0	68	84	0	0	0	0	0	0
99452	0	0	0	0	0	0	10	0	107	48	0	0	0	0	0	0
99547	0	0	0	0	0	0	5	0	103	24	0	0	0	0	0	0
99642	0	1	0	0	0	0	11	0	102	56	0	0	0	0	0	0
99736	0	0	0	0	0	0	31	0	51	67	0	0	0	0	0	0
99831	0	0	0	0	0	0	28	0	63	57	0	0	0	0	0	0
99927	0	1	0	0	0	0	9	0	45	161	0	0	0	0	0	0
100025	0	2	0	0	0	0	28	0	127	52	0	0	0	0	0	0
100120	0	3	0	0	0	0	8	0	140	195	0	0	0	0	0	0
100215	0	3	0	0	0	0	6	0	70	97	0	0	0	0	0	0
100310	0	3	0	0	0	0	0	0	50	155	0	0	0	0	0	0
100405	0	2	0	0	0	0	0	0	31	99	0	0	0	0	0	0
100499	0	0	0	0	0	0	1	0	0	87	0	0	0	0	0	0
100594	0	0	0	0	0	0	43	0	0	144	0	0	0	0	0	0
100688	0	0	0	0	0	0	0	0	0	138	0	0	0	0	0	0
100784	0	0	0	0	0	0	0	0	0	177	0	0	0	0	0	0
100878	0	0	0	0	0	0	3	0	0	206	0	0	0	0	0	0
100973	0	0	0	0	0	0	7	0	0	244	0	0	0	0	1	0
101067	0	0	0	0	0	0	44	0	0	229	0	0	0	0	0	0
101167	0	0	0	0	0	0	15	0	0	221	0	0	0	0	0	0
101262	0	0	0	0	0	0	13	0	0	274	0	0	0	0	0	0
101356	0	0	0	0	0	0	0	11	0	402	0	0	0	0	9	0
101451	0	0	0	0	0	0	1	0	0	320	0	0	0	0	0	0
101545	0	0	0	0	0	0	1	2	0	323	0	0	0	0	0	0
101641	0	0	0	0	0	0	1	0	0	367	0	0	0	0	0	0
101735	0	0	0	0	0	0	1	0	0	356	0	2	0	0	0	0
101830	0	0	0	0	0	0	6	0	0	245	0	0	0	0	0	0
101924	0	0	0	0	0	0	0	2	0	197	0	0	0	0	0	0
102020	0	0	0	0	0	0	1	0	2	63	0	0	0	0	0	0
102114	0	0	0	0	0	0	2	0	0	39	0	0	0	0	0	0
102209	0	0	0	0	0	0	0	0	6	27	0	0	0	0	0	0
102307	0	0	0	0	0	0	0	0	0	0	0	0	0	0	0	0
102403	0	0	0	0	0	0	0	0	0	0	0	0	0	0	2	0
102497	0	0	0	0	0	0	0	6	3	0	0	0	0	0	0	0
102591	0	0	0	0	0	0	73	17	50	0	0	0	0	0	0	0
102686	0	0	0	0	0	0	4	0	109	0	0	0	0	0	0	0
102781	0	0	0	0	0	0	14	0	110	0	0	0	0	0	0	0
102876	0	30	0	0	0	0	30	0	166	0	0	0	0	0	0	0
102971	0	11	0	0	0	0	41	0	208	0	0	0	0	0	0	0
103066	0	23	0	0	0	0	13	0	209	0	0	0	0	0	0	0
103160	0	7	0	0	0	0	42	0	199	0	0	0	0	0	0	0
103256	0	0	0	0	0	0	39	0	185	0	0	0	0	0	0	0
103350	0	0	0	0	0	0	60	0	148	0	0	0	0	0	0	0
103449	0	0	0	0	0	0	44	0	172	0	0	0	0	0	0	0
103544	0	0	0	0	0	0	18	0	112	0	0	0	0	0	0	0
103639	0	2	0	0	0	0	35	0	123	0	0	0	0	0	0	0
103734	0	1	0	0	0	0	11	0	176	0	0	0	0	0	0	0
103829	0	1	0	0	0	0	22	0	199	0	0	0	0	0	0	0
103923	0	0	0	0	0	0	0	0	198	0	0	0	0	0	0	0
104018	0	2	0	0	0	0	2	0	218	0	0	0	0	0	0	0
104113	0	0	0	0	0	0	1	0	76	0	0	0	0	0	0	0
104208	0	0	0	0	0	0	0	0	144	0	0	0	0	0	0	0
104302	0	0	0	0	0	0	0	0	72	0	0	0	0	0	0	0
104397	0	0	0	0	0	0	0	0	46	0	0	0	0	0	0	0
104492	0	0	0	0	0	0	0	0	50	0	0	0	0	0	0	0
104591	0	0	0	0	0	0	0	0	9	0	0	0	0	0	0	0
104685	0	0	0	0	0	0	3	0	25	0	0	0	0	0	0	0
104779	0	0	0	0	0	0	0	0	29	0	0	0	0	0	0	0
104875	0	0	0	0	0	0	12	0	91	0	0	0	0	0	0	0
104969	0	0	0	0	0	0	0	0	64	0	0	0	0	0	0	0
105064	0	0	0	0	0	0	0	189	101	0	0	0	0	0	0	0
105159	0	0	0	0	0	0	0	263	44	0	0	0	0	0	0	0
105253	0	0	0	0	0	0	0	358	55	0	0	0	0	0	0	0
105349	0	0	0	0	0	0	15	191	70	0	0	0	0	0	0	0
105443	0	0	0	0	0	0	0	0	51	0	0	0	0	0	0	0
105538	0	0	0	0	0	0	29	0	34	0	0	0	0	0	0	0
105632	0	0	0	0	0	0	3	0	39	0	0	0	0	0	0	0
105732	0	0	0	0	0	0	22	0	144	0	0	0	0	0	0	0
105826	0	0	0	0	0	0	1	0	108	0	0	0	0	0	0	0
105921	0	0	0	0	0	0	0	1	137	0	0	1	0	0	0	0
106016	0	0	0	0	0	0	0	0	190	0	0	0	0	0	0	0
106110	0	1	0	0	0	0	0	0	129	0	0	0	0	0	0	0
106206	0	2	0	0	0	0	0	0	90	0	0	0	0	0	0	0
106300	0	0	0	0	0	0	0	0	95	0	0	0	0	0	0	0
106394	0	1	0	0	0	0	0	0	64	0	0	0	0	0	0	0
106489	0	3	0	0	0	0	0	19	74	0	0	0	0	0	0	0
106584	0	0	0	0	0	0	0	0	58	0	0	0	0	0	0	0
106679	0	2	0	0	0	0	0	17	8	0	0	0	0	0	0	0
106773	0	2	0	0	0	0	0	0	0	0	0	0	0	0	0	0
106868	0	2	0	0	0	0	0	0	0	0	0	0	0	0	0	0
106967	0	0	0	0	0	0	0	5	0	0	0	0	0	0	0	0
107062	0	0	0	0	0	0	10	8	0	0	0	0	0	0	0	0
107156	0	0	0	0	0	0	18	13	0	0	0	0	0	0	0	0
107250	0	0	0	0	0	0	30	12	0	0	0	0	0	0	0	0
107345	0	0	0	0	0	0	43	11	0	0	0	0	0	0	0	0
107441	0	0	0	0	0	0	0	11	0	0	0	0	0	0	0	0
107535	0	0	0	0	0	0	0	0	0	0	0	0	0	0	0	0
107629	0	0	0	0	0	0	0	3	0	3	0	0	0	0	0	0
107724	0	0	0	0	0	0	7	0	0	2	0	0	0	0	0	0
107819	0	0	0	0	0	0	0	6	0	4	0	0	0	0	0	0
107913	0	0	0	0	0	0	0	0	0	0	0	0	0	0	0	0
108008	0	0	0	0	0	0	0	0	15	0	0	0	0	0	0	0
108106	0	0	0	0	0	0	2	0	77	2	0	0	0	0	0	0
108201	0	0	0	0	0	0	1	3	80	3	0	0	0	0	0	0
108296	0	0	0	1	0	0	0	0	198	0	0	0	0	0	22	0
108391	0	0	0	4	0	0	0	0	75	0	0	0	0	0	0	0
108485	0	0	0	0	0	0	0	0	20	0	0	0	0	0	0	0
108580	0	1	0	0	0	0	0	13	68	0	0	0	0	0	0	0
108675	0	0	0	0	0	0	0	1	62	0	17	0	0	0	0	0
108770	0	0	1	0	0	0	0	4	0	0	0	0	0	0	5	0
108864	0	0	15	0	0	0	0	0	0	0	0	0	0	0	8	0
108959	0	0	0	0	0	0	0	0	0	0	0	0	0	0	2	0
109053	0	1	0	0	0	0	5	0	0	0	0	0	0	0	3	0
109148	0	1	0	0	0	0	1	0	0	1	16	0	0	0	4	0
109243	0	0	0	0	0	0	0	0	0	0	123	0	0	0	4	0
109341	0	0	0	0	0	0	0	0	0	0	189	0	0	0	1	0
109436	0	0	0	0	0	0	0	0	0	0	226	0	0	0	0	0
109531	0	1	0	0	0	0	0	0	0	0	0	0	0	0	0	0
109626	0	1	0	0	0	0	0	0	0	0	0	0	0	0	0	0
109720	0	2	0	0	0	0	0	0	0	0	0	0	0	0	1	0
109814	0	1	0	0	0	0	0	0	0	0	0	0	0	0	2	0
109910	0	1	0	0	0	0	0	0	0	0	0	0	0	0	7	0
110004	0	0	0	0	0	0	0	0	0	0	0	0	0	0	3	0
110099	0	0	0	0	0	0	12	0	0	0	0	0	0	0	3	0
110193	0	0	0	0	0	0	13	0	0	0	0	0	0	0	5	0
110287	0	1	0	0	0	0	10	0	5	0	0	0	0	0	7	0
110383	0	0	0	0	0	0	0	0	0	0	0	0	0	0	0	0
110481	0	1	0	0	0	0	3	0	0	0	0	0	0	0	0	0
110576	0	1	0	0	0	0	0	0	3	1	0	0	0	0	0	0
110670	0	6	0	0	0	0	18	0	0	0	0	0	0	0	0	0
110765	0	10	0	0	0	0	6	0	0	0	0	0	0	0	0	0
110860	0	0	0	0	0	0	0	0	0	0	0	0	0	0	0	0
110954	0	11	0	0	0	0	0	0	0	0	0	0	0	0	0	0
111049	0	0	0	0	0	0	0	0	0	0	0	0	0	0	14	0
111143	0	0	0	0	0	0	0	0	0	0	0	0	0	0	0	0
111238	0	2	0	0	0	0	0	0	0	0	0	0	0	0	1	0
111333	0	4	0	0	0	0	0	0	0	0	0	0	0	0	0	0
111427	0	2	0	0	0	0	0	0	0	0	0	0	0	0	0	0
111522	0	3	0	0	0	0	0	0	0	0	0	0	0	0	0	0
111617	0	3	0	0	0	0	0	0	0	0	0	0	0	0	0	0
111715	0	0	0	0	0	0	0	0	0	0	0	0	0	0	0	0
111810	0	0	0	0	0	0	0	0	0	0	0	0	0	0	0	0
111904	0	0	0	0	0	0	0	0	0	0	0	0	0	0	0	0
111998	0	0	0	0	0	0	0	0	0	0	0	0	0	0	0	0
112094	0	0	0	0	0	0	0	0	0	0	0	0	0	0	0	0
112188	0	0	0	0	0	0	0	0	0	0	0	0	0	0	0	0
112283	0	1	0	0	0	0	0	0	0	0	0	0	0	0	0	0
112377	0	0	0	0	0	0	0	0	0	0	0	0	0	0	8	0
112472	0	1	0	0	0	0	0	0	0	0	0	0	0	0	4	0
112567	0	0	0	0	0	0	0	0	0	0	0	0	0	0	1	0
112661	0	0	0	0	0	0	0	0	0	0	0	0	0	0	0	0
112755	0	0	0	0	0	0	0	0	0	0	0	0	0	0	0	0
112850	0	1	0	0	0	0	0	0	0	0	0	0	0	0	0	0
112949	0	1	0	0	0	0	0	0	0	0	0	0	0	0	0	0
113044	0	0	0	0	0	0	0	33	0	0	0	0	0	0	0	0
113138	0	0	0	0	0	0	0	7	0	0	0	0	0	0	0	0
113232	0	3	0	0	0	0	0	12	0	0	0	0	0	0	0	0
113328	0	0	0	0	0	0	0	0	0	0	0	0	0	0	3	0
113422	0	0	0	0	0	0	0	0	0	0	0	0	0	0	0	0
113516	0	0	0	0	0	0	0	0	0	0	0	0	0	0	0	0
113611	0	0	0	0	0	0	0	28	0	0	0	0	0	0	2	0
113705	0	0	0	0	0	0	0	24	0	0	0	0	0	0	2	0
113801	0	0	0	0	0	0	0	0	0	0	0	20	0	0	5	0
113895	0	0	0	0	0	0	0	0	0	0	0	0	0	0	7	0
113990	0	0	0	0	0	0	0	4	0	0	0	0	0	0	0	0
114088	0	0	0	0	0	0	0	3	0	0	0	0	0	0	0	0
114183	0	0	0	0	0	0	9	1	0	0	0	0	0	0	0	0
114278	0	1	0	0	0	0	1	12	0	0	0	0	0	0	0	0
114372	0	0	0	0	0	0	1	16	1	0	0	0	0	0	0	0
114467	0	0	0	0	0	0	0	1	0	0	0	0	0	0	0	0
114562	0	0	0	0	0	0	0	0	3	0	0	0	0	0	0	0
114656	0	0	0	0	0	0	0	0	1	0	0	0	0	0	0	0
114751	0	0	0	0	0	0	0	0	3	0	0	0	0	0	0	0
114845	0	0	0	0	0	0	0	0	1	0	0	0	0	0	0	0
114939	0	0	0	0	0	0	0	0	2	0	0	0	0	0	9	0
115035	0	0	0	0	0	0	0	0	0	1	0	0	0	0	1	0
115129	0	1	0	0	0	0	0	0	0	0	0	0	0	0	22	0
115224	0	0	0	0	0	0	0	0	0	0	0	0	0	0	0	0
115322	0	1	0	0	0	0	0	0	1	0	0	0	0	0	9	0
115417	0	0	0	0	0	0	0	0	1	7	0	0	0	0	19	0
115512	0	0	0	0	0	0	0	0	0	0	0	0	0	0	0	0
115606	0	0	5	0	0	0	0	0	0	0	0	0	0	0	28	0
115701	0	0	79	0	0	0	0	0	0	0	0	0	0	0	32	0
115795	0	0	47	0	0	0	0	0	0	0	0	0	0	0	29	0
115891	0	0	45	0	0	0	0	0	0	0	0	0	0	0	26	0
115985	0	0	27	0	0	0	0	0	0	0	0	0	0	0	23	0
116080	0	0	25	0	0	0	1	0	0	0	0	0	0	0	26	0
116174	0	0	60	0	0	0	5	0	0	0	0	0	0	0	26	0
116270	0	0	47	0	0	0	0	0	0	0	0	0	0	0	31	0
116364	0	0	54	0	0	0	0	0	8	0	0	0	0	0	27	0
116463	0	0	73	0	0	0	0	0	0	0	0	0	0	0	25	0
116557	0	0	35	0	0	0	25	0	0	0	0	0	0	0	24	0
116653	0	0	0	0	0	0	0	0	0	0	0	0	0	0	25	0
116747	0	0	0	0	0	0	0	2	0	0	0	0	0	0	33	0
116842	0	0	0	0	0	0	0	46	0	0	0	0	0	0	27	0
116936	0	0	0	0	0	0	0	2	0	0	0	0	0	0	24	0
117031	0	0	0	0	0	0	0	9	0	0	0	0	0	0	32	0
117126	0	0	0	0	0	0	0	4	5	0	0	0	0	0	35	0
117221	0	0	0	0	0	0	0	1	9	0	0	0	0	0	34	0
117315	0	0	0	0	0	0	0	4	1	0	0	0	0	0	36	0
117410	0	0	0	0	0	0	0	2	0	0	0	0	0	0	31	0
117505	0	0	0	0	0	0	0	1	0	0	0	0	0	0	32	0
117600	0	0	0	0	0	0	0	1	0	2	0	0	0	0	25	0
117698	0	0	6	0	0	0	0	1	0	1	0	0	0	0	28	0
117792	0	0	0	0	0	0	0	1	0	0	0	0	0	0	23	0
117888	0	0	0	0	0	0	0	21	0	2	0	0	0	0	24	0
117982	0	0	0	0	0	0	0	23	0	41	0	0	0	0	25	0
118077	0	0	0	0	0	0	0	23	0	11	0	0	0	0	27	0
118172	0	0	0	0	0	0	0	25	0	0	0	0	0	0	23	0
118266	0	0	0	0	0	0	0	23	0	1	0	0	0	0	24	0
118362	0	0	0	0	0	0	0	22	0	0	0	0	0	0	27	0
118456	0	0	0	0	0	0	0	21	0	14	0	0	0	0	26	0
118551	0	0	0	0	0	0	0	22	0	13	0	0	0	0	27	0
118645	0	0	0	0	0	0	0	22	0	46	0	0	0	0	27	0
118740	0	0	0	0	0	0	0	22	0	55	0	0	0	0	27	0
118840	0	0	0	0	0	0	0	23	0	0	0	0	0	0	32	0
118934	0	0	0	0	0	0	0	23	0	0	0	0	0	0	34	0
119029	0	0	0	0	0	0	0	23	0	7	0	0	0	0	37	0
119123	0	0	0	0	0	0	0	24	0	3	0	0	0	0	29	0
119219	0	0	0	0	0	0	0	24	0	0	0	0	0	0	29	0
119313	0	0	0	0	0	0	0	16	0	109	0	0	0	0	24	0
119408	0	0	0	0	0	0	0	15	0	109	0	0	0	0	28	0
119503	0	0	0	0	0	0	0	10	0	107	0	0	0	0	27	0
119598	0	0	0	0	0	0	0	16	0	107	0	0	0	0	27	0
119693	0	0	0	0	0	0	0	18	0	107	0	0	0	0	29	0
119788	0	0	0	0	0	0	0	13	0	111	0	0	0	0	29	0
119882	0	0	0	0	0	0	0	16	0	114	0	0	0	0	29	0
119982	0	0	0	0	0	0	0	16	0	114	0	0	0	0	29	0
120077	0	0	0	0	0	0	0	14	0	114	0	0	0	0	29	0
120172	0	0	0	0	0	0	0	17	0	114	0	0	0	0	29	0
120266	0	0	0	0	0	0	0	16	0	114	0	0	0	0	28	0
120361	0	0	0	0	0	0	0	17	0	114	0	0	0	0	29	0
120457	0	0	0	0	0	0	0	16	0	113	0	0	0	0	29	0
120551	0	0	0	0	0	0	0	13	0	112	0	0	0	0	29	0
120646	0	0	0	0	0	0	0	19	0	108	0	0	0	0	29	0
120741	0	0	0	0	0	0	0	16	0	80	0	2	0	0	28	0
120836	0	0	0	0	0	0	0	16	0	90	0	0	0	0	29	0
120931	0	0	0	0	0	0	0	16	0	0	0	0	0	0	28	0
121025	0	0	0	0	0	0	0	14	0	0	0	0	0	0	29	0
121124	0	0	0	0	0	0	0	17	0	0	0	0	0	0	28	0
121220	0	0	0	0	0	0	0	17	0	0	0	0	0	0	28	0
121314	0	0	0	0	0	0	0	18	0	0	0	0	0	0	29	0
121409	0	0	0	0	0	0	0	17	0	0	0	0	0	0	28	0
121503	0	0	0	0	0	0	0	17	0	0	0	0	0	0	28	0
121598	0	0	0	0	0	0	0	0	0	2	0	0	0	0	29	0
121693	0	0	0	0	0	0	0	43	0	10	0	0	0	0	29	0
121788	0	0	0	0	0	0	0	51	0	4	0	0	0	0	29	0
121882	0	0	0	0	0	0	0	137	0	30	0	0	0	0	28	0
121977	0	0	0	0	0	0	0	162	0	28	0	0	0	0	29	0
122073	0	0	0	0	0	0	0	218	0	34	0	0	0	0	28	0
122167	0	0	0	0	0	0	0	142	0	1	0	0	0	0	27	0
122266	0	0	0	0	0	0	0	146	0	9	0	0	0	0	26	0
122361	0	0	0	0	0	0	0	227	0	1	0	0	0	0	26	0
122456	0	0	0	0	0	0	0	245	0	0	0	0	0	0	28	0
122551	0	0	0	0	0	0	0	65	0	22	0	0	0	0	27	0
122646	0	0	0	0	0	0	0	190	0	13	0	0	0	0	28	0
122740	0	0	0	0	0	0	0	34	0	6	0	0	0	0	29	0
122835	0	0	0	0	0	0	0	13	0	6	0	0	0	0	27	0
122930	0	0	0	0	0	0	0	0	0	0	0	0	0	0	29	0
123025	0	0	0	0	0	0	0	0	0	3	0	0	0	0	9	0
123119	0	0	0	0	0	0	0	0	0	0	0	0	0	0	4	0
123213	0	0	1	0	0	0	0	0	0	4	0	0	0	0	7	0
123309	0	0	0	0	0	0	0	0	0	2	0	0	0	0	29	0
123407	0	0	0	0	0	0	0	0	0	14	0	0	0	0	35	42
123502	0	0	28	0	0	0	0	0	0	12	0	0	0	0	33	0
123597	0	0	34	0	0	0	0	0	0	13	0	0	0	0	31	0
123692	0	0	20	0	0	0	0	0	0	12	0	0	0	0	30	16
123787	0	0	36	0	0	0	0	0	0	12	0	0	0	0	32	213
123882	0	0	23	0	0	0	0	0	0	1	0	0	0	0	33	303
123976	0	0	27	0	0	0	1	0	0	0	0	0	0	0	35	285
124071	0	0	15	0	0	0	0	0	0	0	0	0	0	0	28	307
124167	0	0	0	0	0	0	0	0	0	0	0	1	0	0	28	231
124261	0	0	0	1	0	0	0	0	0	0	0	0	0	0	9	194
124356	0	0	0	0	0	0	1	0	0	0	0	0	0	0	12	167
124450	0	0	0	0	0	0	0	0	0	0	0	0	0	0	0	184
124550	0	10	0	0	0	0	0	0	0	0	0	0	0	0	3	215
124645	0	0	0	0	0	0	0	0	0	0	0	0	0	0	3	394
124739	0	3	0	0	0	0	0	0	0	0	0	0	0	0	5	354
124834	0	7	0	0	0	0	0	0	0	0	0	0	0	0	17	262
124929	0	0	0	0	0	0	0	0	0	0	0	0	0	0	6	212
125024	0	0	0	0	0	0	0	0	0	0	0	0	0	0	7	160
125118	0	9	0	0	0	0	0	0	0	0	0	0	0	0	6	0
125213	0	13	0	0	0	0	0	0	0	0	0	6	0	0	0	0
125307	0	13	0	0	0	0	2	0	0	0	0	0	0	0	0	0
125403	0	0	0	0	0	0	1	0	0	0	0	0	0	0	0	0
125497	0	0	0	0	0	0	4	1	0	0	0	1	0	0	0	0
125591	0	1	0	0	0	0	0	0	1	0	0	2	0	0	1	0
125690	0	0	0	0	0	0	0	0	0	0	0	0	0	0	29	0
125785	0	0	0	1	0	0	0	0	1	0	0	0	0	0	50	0
125880	0	0	0	0	0	0	0	0	0	5	0	0	0	0	43	10
125974	0	2	0	0	0	0	0	0	0	0	0	0	0	0	51	0
126069	0	4	0	0	0	0	0	0	0	0	0	0	0	0	52	0
126163	0	4	0	0	0	0	0	0	0	0	0	0	0	0	58	0
126259	0	0	0	0	0	0	0	0	0	0	0	0	0	0	5	0
126353	0	0	0	0	0	0	0	0	0	0	0	1	0	0	0	60
126447	0	0	0	0	0	0	0	0	0	0	0	0	0	0	0	170
126542	0	0	0	0	0	0	0	0	0	0	0	0	0	0	0	419
126637	0	0	0	0	0	0	0	0	0	0	0	1	0	0	0	426
126732	0	0	0	0	0	0	0	0	0	0	0	2	0	0	0	423
126831	0	0	0	0	0	0	0	0	0	0	0	1	0	0	0	0
126925	0	0	0	0	0	0	0	0	0	0	0	0	0	0	0	279
127020	0	0	0	0	0	0	0	0	0	0	0	1	0	0	0	395
127115	0	2	0	0	0	0	0	0	0	0	0	0	0	0	2	463
127210	0	0	0	0	0	0	0	0	0	0	0	0	0	0	32	380
127304	0	0	0	0	0	0	2	0	0	0	0	1	0	0	28	0
127399	0	0	0	0	0	0	0	0	0	0	0	0	0	0	31	232
127494	0	0	0	0	0	0	2	0	0	0	0	0	0	0	31	211
127589	0	0	0	0	0	0	3	0	0	1	0	0	0	0	30	169
127683	0	0	0	0	0	0	0	0	0	0	0	0	0	0	31	0
127778	0	0	0	0	0	0	4	0	0	0	0	0	0	0	31	0
127873	0	0	0	0	0	0	7	0	0	0	0	1	0	0	30	21
127968	0	3	0	0	0	0	1	0	0	0	0	0	0	0	31	33
128066	0	0	0	0	0	0	1	0	0	0	0	0	0	0	31	0
128161	0	2	0	0	0	0	1	0	0	0	0	0	0	0	30	0
128256	0	0	0	0	0	0	3	0	1	0	0	0	0	0	30	22
128351	0	1	0	0	0	0	3	0	1	0	0	0	0	0	22	5
128445	0	0	0	0	0	0	11	0	2	0	0	1	0	0	0	0
128540	0	0	0	0	0	0	0	0	0	0	0	0	0	0	0	0
128634	0	0	0	0	0	0	0	1	0	0	0	1	0	0	0	0
128729	0	0	0	0	0	0	0	196	0	0	0	0	0	0	0	0
128824	0	0	0	0	0	0	0	212	0	12	0	0	0	0	0	0
128919	0	0	0	0	0	0	0	0	0	0	0	0	0	0	0	0
129013	0	0	0	0	0	0	0	2	0	0	0	0	0	0	0	0
129107	0	0	0	0	0	0	0	0	6	0	0	0	0	0	0	0
129207	0	0	0	0	0	0	0	0	0	0	0	0	0	0	0	0
129301	0	0	0	0	0	0	0	0	8	0	0	0	0	0	0	0
129395	0	0	0	0	0	0	0	0	0	0	0	0	0	0	0	0
129490	0	0	0	0	0	0	0	0	0	0	0	1	0	0	0	0
129585	0	0	0	0	0	0	0	0	78	3	0	0	0	0	0	0
129680	0	0	0	0	0	0	0	0	0	1	0	0	0	0	0	0
129774	0	0	0	0	0	0	0	3	0	1	0	0	0	0	0	0
129868	0	1	0	0	0	0	0	4	0	0	0	0	0	0	0	0
129964	0	0	0	0	0	0	0	0	0	1	0	0	0	0	0	0
130058	0	38	0	323	0	0	0	0	0	0	0	0	0	0	0	0
130153	0	80	0	127	0	0	0	0	0	12	0	0	0	0	0	0
130247	0	0	0	0	0	0	0	0	0	0	0	0	0	0	0	0
130342	0	0	0	0	0	0	0	0	0	0	0	0	0	0	0	0
130441	0	1	0	49	0	0	0	0	0	0	0	0	0	0	0	0
130536	0	1	0	85	0	0	0	0	0	7	0	0	0	0	0	0
130630	0	2	0	0	0	0	0	0	0	109	0	0	0	0	0	0
130725	0	0	0	0	0	0	0	0	0	0	0	0	0	0	0	0
130820	0	0	0	0	0	0	0	0	0	0	0	0	0	0	0	0
130914	0	131	97	0	0	0	0	0	0	0	0	0	0	0	0	0
131009	308	145	35	0	0	0	0	0	0	0	0	0	0	0	0	0
131104	353	0	0	0	0	0	0	0	0	0	0	1	0	0	0	0
131198	0	0	0	0	0	0	0	0	0	0	0	0	0	0	0	0
131294	415	24	0	0	0	0	0	0	0	0	0	0	0	0	0	0
131388	559	44	76	0	0	0	0	0	0	0	0	0	0	0	0	0
131483	579	0	0	0	0	0	0	0	0	0	0	0	0	0	0	0
131694	0	0	0	0	0	0	0	0	0	0	0	16	0	0	0	0
131788	0	0	0	0	0	0	0	0	0	0	0	0	0	0	0	0
131884	0	8	0	239	0	0	0	0	4	18	0	0	0	0	0	0
131978	0	8	0	134	0	0	1	0	0	1	0	0	0	0	0	0
132073	0	0	0	0	0	0	0	0	0	17	0	0	0	0	0	0
132167	0	1	0	0	0	0	0	0	0	13	0	0	0	0	0	0
132262	0	0	347	0	0	0	1	0	0	12	0	0	0	0	0	0
132357	0	0	429	0	0	0	0	0	0	11	0	0	0	0	0	0
132452	0	0	507	0	0	0	0	0	0	12	0	0	0	0	0	0
132546	0	0	389	0	0	0	0	0	0	11	0	0	0	0	0	0
132641	0	0	0	0	0	0	0	0	157	0	0	0	0	0	0	0
132736	0	0	0	0	0	0	0	0	362	0	0	0	0	0	0	0
132951	0	0	0	0	0	0	0	0	0	0	0	0	0	0	0	0
133046	0	0	0	0	0	0	0	0	0	0	0	0	0	0	0	0
133140	0	0	0	0	0	0	0	0	4	0	0	0	0	0	0	0
133235	0	0	0	0	0	0	0	0	0	0	0	0	0	0	0	0
133329	0	0	0	0	0	0	0	0	0	0	0	11	0	0	0	0
133424	0	0	0	0	0	33	0	0	0	9	34	1	0	0	0	0
133519	0	0	0	0	0	7	0	0	0	11	294	0	0	0	0	0
133613	0	0	0	0	0	0	0	0	0	0	87	0	0	0	0	0
133708	0	0	2	0	0	0	0	0	0	0	0	0	0	0	0	0
133803	0	0	0	0	0	0	0	0	0	0	0	0	0	0	0	0
133898	0	0	0	154	0	0	0	0	0	0	0	0	0	0	0	0
133992	0	0	0	269	0	0	0	0	493	0	0	0	0	0	0	0
134087	0	0	0	291	0	0	0	0	491	0	0	0	0	0	0	0
134339	0	0	0	0	0	0	0	0	3	1	0	0	0	0	0	0
134433	0	0	0	0	0	0	0	0	10	0	0	0	0	0	0	0
134529	0	0	0	0	0	0	0	0	5	12	0	0	0	0	0	0
134623	0	0	0	0	0	0	0	0	0	273	0	0	0	0	0	0
134718	0	0	0	0	0	0	0	0	0	333	0	0	0	0	0	0
134812	0	0	0	0	0	0	0	0	0	223	0	9	0	0	0	0
134907	0	0	0	0	0	0	0	0	0	61	0	0	0	0	0	0
135002	0	0	0	0	0	0	0	0	0	0	0	0	0	0	0	0
135096	0	0	0	0	0	0	0	0	0	0	0	0	0	0	0	0
135191	0	0	0	0	0	0	0	0	0	0	0	0	0	0	0	0
135285	0	0	0	0	0	0	1	0	0	0	0	0	0	0	0	0
135380	0	0	0	0	0	0	1	0	0	0	0	0	0	0	0	0
135596	0	0	0	0	0	0	0	0	0	0	0	0	0	0	0	0
135691	0	0	0	0	0	0	2	0	0	0	0	0	0	0	0	0
135785	0	0	0	0	0	0	1	0	0	0	0	0	0	0	0	0
135880	0	0	0	0	0	0	2	0	0	0	0	0	0	0	0	0
135974	0	0	0	0	0	0	2	0	0	0	0	0	0	0	0	0
136069	0	0	0	0	0	0	0	0	1	0	0	0	0	0	0	0
136164	0	0	0	0	0	0	0	0	0	0	0	0	0	0	29	0
136258	0	0	0	0	0	0	0	0	3	0	0	0	0	0	5	0
136352	0	0	0	0	0	0	3	0	0	1	0	0	0	0	7	0
136448	0	0	1	0	0	0	1	0	0	0	0	0	0	0	9	0
136542	0	0	0	0	0	0	0	0	0	0	0	0	0	0	5	0
136637	0	0	2	0	0	0	0	0	0	0	0	0	0	0	5	0
136731	0	0	0	0	0	0	0	0	1	0	0	0	0	0	0	0
136947	0	0	0	0	0	0	0	0	0	0	0	0	0	0	8	0
137041	0	0	0	0	0	0	0	0	0	2	0	0	0	0	4	0
137136	0	0	0	0	0	0	0	0	0	1	0	0	0	0	0	0
137231	0	0	0	0	0	0	0	16	0	4	0	0	0	0	19	0
137325	0	0	0	0	0	0	0	17	0	0	0	0	0	0	17	0
137420	0	0	0	0	0	0	0	16	0	0	0	0	0	0	21	0
137515	0	0	0	0	0	0	0	16	0	0	0	0	0	0	25	0
137610	0	0	0	0	0	0	0	17	0	0	0	0	0	0	19	0
137704	0	0	0	0	0	0	0	17	0	37	0	0	0	0	18	0
137799	0	0	0	0	0	0	0	17	0	1	0	0	0	0	19	0
137894	0	0	0	0	0	0	0	17	0	2	0	0	0	0	17	0
137989	0	0	0	0	0	0	0	17	0	0	0	0	0	0	16	0
138206	0	0	0	0	0	0	0	11	0	0	0	0	0	0	18	0
138300	0	0	0	0	0	0	0	0	0	0	0	0	0	0	16	0
138395	0	0	0	0	0	0	0	0	0	0	0	0	0	0	17	0
138489	0	0	0	0	0	0	0	0	0	0	0	0	0	0	11	0
138585	0	0	0	0	0	0	0	0	0	0	0	0	0	0	10	0
138679	0	0	0	0	0	0	0	0	0	0	0	0	0	0	7	0
138773	0	0	0	0	0	0	0	0	0	0	0	0	0	0	13	0
138868	0	0	0	0	0	0	0	0	0	0	0	0	0	0	3	0
138962	0	0	0	0	0	0	0	0	0	0	0	0	0	0	0	0
139058	0	0	0	0	0	0	0	0	1	0	0	0	0	0	0	0
139152	0	0	0	0	0	0	0	0	0	0	0	0	0	0	0	0
139246	0	0	0	0	0	0	0	0	0	6	0	0	0	0	0	0
139341	0	0	0	0	0	0	0	0	3	4	0	0	0	0	0	0
139558	0	0	0	0	0	0	0	0	0	0	0	0	0	0	0	0
139653	0	0	0	0	0	0	0	0	0	0	0	0	0	0	0	0
139747	0	0	0	0	0	0	0	0	0	0	0	0	0	0	0	0
139842	0	0	0	0	0	0	0	0	0	0	0	0	0	0	0	0
139936	0	0	0	0	0	0	0	0	0	0	0	0	0	0	0	0
140032	0	0	0	0	0	0	1	0	0	0	0	0	0	0	0	0
140126	0	0	0	0	0	0	0	0	0	0	0	0	0	0	0	0
140220	0	0	0	0	0	0	0	0	0	0	0	0	0	0	0	0
140315	0	0	0	0	0	0	0	0	0	0	0	0	0	0	0	0
140409	0	0	0	0	0	0	0	0	0	1	0	0	0	0	2	0
140504	0	0	0	0	0	0	0	0	0	0	0	0	0	0	0	0
140599	0	0	0	0	0	0	0	0	0	0	0	1	0	0	0	0
140693	0	0	0	0	0	0	0	0	0	0	0	1	0	0	20	0
140911	0	0	0	0	0	0	0	0	0	0	0	0	0	0	21	0
141006	0	0	0	0	0	0	0	0	0	0	0	0	0	0	25	0
141101	0	0	0	0	0	0	0	0	0	0	0	0	0	0	26	0
141195	0	0	0	0	0	0	0	0	0	0	0	0	0	0	26	0
141290	0	0	0	0	0	0	0	0	0	0	0	0	0	0	27	0
141384	0	0	0	0	0	0	0	0	0	0	0	0	0	0	27	0
141479	0	0	0	0	0	0	0	0	0	0	0	0	0	0	29	0
141574	0	0	0	0	0	0	0	0	0	0	0	0	0	0	26	0
141669	0	0	0	0	0	0	0	0	0	0	0	0	0	0	26	0
141763	0	0	0	0	0	0	0	0	0	0	0	0	0	0	27	0
141858	0	0	0	0	0	0	0	0	0	0	0	0	0	0	23	0
141953	0	0	0	0	0	0	0	0	0	0	0	0	0	0	27	0
142146	0	0	0	0	0	0	0	0	0	0	0	0	0	0	28	0
142241	0	0	0	0	0	0	0	0	0	0	0	0	0	0	29	0
142336	0	0	0	0	0	0	0	0	0	0	0	0	0	0	26	0
142431	0	0	0	0	0	0	0	0	0	0	0	0	0	0	30	0
142525	0	0	0	0	0	0	0	0	0	0	0	0	0	0	28	0
142619	0	0	0	0	0	0	0	0	0	0	0	0	0	0	28	0
142714	0	0	0	0	0	0	0	0	0	0	0	0	0	0	28	0
142809	0	0	0	0	0	0	0	0	0	0	0	0	0	0	28	0
142904	0	0	0	0	0	0	0	0	0	1	0	0	0	0	28	0
142998	0	0	0	0	0	0	0	0	0	0	0	0	0	0	28	0
143093	0	0	0	0	0	0	0	0	0	1	0	0	0	0	27	0
143187	0	0	0	0	0	0	0	0	0	2	0	0	0	0	29	0
143283	0	0	0	0	0	0	0	0	0	2	0	0	0	0	26	0
143381	0	0	0	0	0	0	0	0	0	1	0	0	0	0	27	0
143475	0	0	0	0	0	0	0	0	0	1	0	0	0	0	28	0
143570	0	0	0	0	0	0	0	0	0	0	0	196	0	0	27	0
143665	0	0	0	0	0	0	0	0	0	0	0	176	0	0	28	0
143760	0	0	0	0	0	0	0	0	0	0	0	390	0	0	27	0
143855	0	0	0	0	0	0	0	0	0	0	0	482	0	0	27	0
143949	0	0	0	0	0	0	0	0	0	0	0	561	0	0	28	0
144045	0	0	0	0	0	0	0	0	0	0	0	514	0	0	28	0
144139	0	0	45	0	0	114	0	0	0	0	0	406	0	0	28	0
144234	0	0	13	0	0	346	0	0	0	0	0	36	0	0	25	0
144329	0	0	4	0	0	470	0	0	0	0	0	0	0	0	27	0
144424	0	0	0	0	0	485	0	0	0	0	0	0	0	0	27	0
144523	0	0	7	0	0	504	0	0	0	0	0	0	0	0	0	0
144618	0	0	0	0	0	404	0	0	0	0	0	0	0	0	0	0
144712	0	0	4	0	0	0	0	43	1	0	0	0	0	0	0	0
144807	0	0	0	0	0	0	0	5	0	0	0	0	0	0	0	0
144902	0	0	0	0	0	0	0	16	0	0	0	1	0	0	0	0
144997	0	0	0	0	0	0	19	15	0	0	0	0	0	0	0	0
145091	0	122	0	0	0	0	0	0	0	0	0	0	0	0	0	0
145186	0	188	0	8	0	0	0	0	0	0	0	0	0	0	0	0
145281	0	477	0	30	0	0	0	0	0	0	0	0	0	0	0	0
145376	1	563	0	40	0	0	0	0	0	0	0	0	0	0	0	0
145470	0	581	0	10	0	0	0	0	0	0	0	0	0	0	0	0
145565	0	535	0	2	0	0	0	0	8	0	0	0	0	0	0	0
145664	0	438	0	30	0	0	64	0	64	1	0	0	0	0	0	0
145759	0	339	0	50	0	0	18	0	63	0	0	0	0	0	0	0
145854	0	229	0	21	0	0	73	0	74	0	0	0	0	0	0	0
145949	0	93	0	0	0	0	13	0	95	0	0	0	0	0	0	0
146043	1	19	0	0	0	0	25	0	92	0	0	0	0	0	0	0
146139	24	0	0	0	0	0	447	0	5	0	0	0	0	0	0	0
146234	0	0	0	0	0	0	648	0	0	0	0	0	0	0	0	0
146328	0	0	0	0	0	0	607	0	56	0	0	0	0	0	0	0
146423	6	0	0	0	0	0	651	0	13	0	0	0	0	0	0	0
146518	47	0	0	0	0	0	584	0	0	0	0	0	0	0	0	0
146613	150	0	0	0	0	0	497	0	0	0	0	0	0	0	0	0
146708	318	0	0	0	0	0	181	0	0	0	0	0	0	0	0	0
146806	230	0	0	0	0	0	388	0	0	0	0	0	0	0	0	0
146902	354	0	0	0	0	0	269	0	0	0	0	0	0	0	0	0
146997	114	0	0	0	0	0	0	0	0	0	0	1	0	0	0	0
147091	3	0	0	0	0	0	4	0	0	0	0	0	0	0	0	0
147186	0	0	0	0	0	0	37	0	0	0	0	0	0	0	0	0
147280	0	1	0	0	0	0	0	0	0	0	0	0	0	0	0	0
147375	0	1	0	0	0	0	1	0	0	0	0	0	0	0	0	0
147470	0	0	0	0	0	0	3	0	0	0	0	0	0	0	0	0
147564	0	0	0	0	0	0	0	0	0	0	0	0	0	0	0	0
147659	0	0	0	0	0	0	1	0	0	0	0	0	0	0	0	0
147753	0	0	0	0	0	0	0	0	0	0	0	0	0	0	0	0
147848	0	0	0	0	0	0	0	0	0	0	0	0	0	0	9	0
147947	0	0	0	0	0	0	0	0	0	0	0	0	0	0	7	0
148041	0	2	0	0	0	0	1	0	0	0	0	0	0	0	6	0
148135	0	0	0	0	0	0	5	0	0	0	0	0	0	0	7	0
148231	0	0	0	0	0	0	0	0	0	0	0	0	0	0	7	0
148325	0	0	0	0	0	0	0	0	0	0	0	0	0	0	13	0
148420	0	0	0	0	0	0	0	0	0	0	0	0	0	0	8	0
148514	0	0	1	0	0	0	0	0	0	0	0	0	0	0	1	0
148609	0	0	0	0	0	0	0	0	0	0	0	1	0	0	6	0
148704	0	0	0	0	0	0	0	0	0	0	0	0	0	0	2	0
148798	0	0	0	0	0	0	0	0	0	0	0	0	0	0	3	0
148892	0	0	0	0	0	0	0	0	0	0	0	0	0	0	40	0
148987	0	0	0	0	0	0	0	0	0	2	0	0	0	0	26	0
149082	0	0	0	0	0	0	0	0	0	1	0	0	0	0	23	0
149181	0	0	0	0	0	0	4	0	0	2	0	0	0	0	13	0
149275	0	0	0	0	0	0	1	0	0	2	0	1	0	0	14	0
149370	0	0	0	0	0	0	9	0	0	2	0	0	0	0	16	0
149465	0	0	0	0	0	0	0	0	0	2	0	0	0	0	7	0
149559	0	0	0	0	0	0	0	0	0	2	0	0	0	0	7	0
149654	0	0	0	0	0	0	0	0	0	2	0	0	0	0	9	0
149748	0	0	0	0	0	0	0	0	0	2	0	0	0	0	10	0
149843	0	0	0	0	0	0	0	0	7	2	0	0	0	0	14	0
149938	0	0	0	0	0	0	0	0	5	3	0	0	0	0	8	0
150032	0	0	0	0	0	0	0	0	6	2	0	0	0	0	12	0
150127	0	0	0	0	0	0	0	0	0	0	0	0	0	0	13	0
150221	0	0	0	0	0	0	0	0	0	0	0	0	0	0	8	0
150321	0	0	0	0	0	0	0	0	0	0	0	0	0	0	18	0
150415	0	0	0	0	0	0	0	0	0	0	0	0	0	0	22	0
150510	0	0	0	0	0	0	0	0	0	1	0	0	0	0	18	0
150604	0	0	0	0	0	0	0	0	0	0	0	0	0	0	24	0
150699	0	0	0	0	0	0	0	0	0	2	0	0	0	0	23	0
150794	0	0	0	0	0	0	0	0	0	9	0	0	0	0	26	0
150888	0	0	0	0	0	0	0	0	0	12	0	0	0	0	28	0
150983	0	0	0	0	0	0	0	0	0	12	0	0	0	0	26	0
151077	0	0	0	0	0	0	0	0	0	11	0	0	0	0	33	0
151173	0	0	0	0	0	0	0	0	0	13	0	0	0	0	33	0
151267	0	0	0	0	0	0	0	0	0	11	0	0	0	0	30	0
151362	0	0	0	0	0	0	0	0	0	12	0	0	0	0	31	0
151456	0	0	0	0	0	0	0	0	0	11	0	0	0	0	34	0
151556	0	0	0	0	0	0	0	0	0	11	0	0	0	0	31	0
151651	0	0	0	0	0	0	0	0	0	10	0	0	0	0	25	0
151745	0	0	0	0	0	0	0	0	0	12	0	0	0	0	34	0
151840	0	0	0	0	0	0	0	0	4	0	0	0	0	0	26	0
151934	0	0	0	0	0	0	0	0	1	1	0	0	0	0	29	0
152030	0	0	0	0	0	0	0	0	0	0	0	0	0	0	11	0
152124	0	0	0	0	0	0	0	0	0	0	0	0	0	0	10	0
152218	0	0	0	0	0	0	0	0	0	0	0	0	0	0	17	0
152313	0	0	12	0	0	0	0	0	0	0	0	0	0	0	0	0
152408	0	0	22	0	0	0	0	0	0	0	0	0	0	0	0	0
152503	0	0	35	2	0	0	0	0	0	0	0	0	0	0	0	0
152597	0	0	5	0	0	0	0	0	0	0	0	0	0	0	0	0
152696	0	0	0	1	0	0	0	0	1	0	0	0	0	0	0	0
152791	0	0	4	1	0	0	0	0	0	0	0	0	0	0	0	0
152885	0	0	1	0	0	0	0	0	0	0	0	0	0	0	0	0
152980	0	0	10	0	0	0	0	0	11	0	0	0	0	0	0	0
153074	0	0	15	0	0	0	0	0	0	0	0	0	0	0	0	0
153169	0	0	0	0	0	0	0	0	0	0	0	0	0	0	0	0
153264	0	0	0	0	0	0	0	0	4	0	0	0	0	0	0	0
153358	0	0	45	0	0	0	0	0	0	0	0	0	0	0	0	0
153453	0	0	7	0	0	0	0	0	0	2	0	0	0	0	0	0
153547	0	0	55	0	0	0	0	0	0	0	0	0	0	0	0	0
153643	0	0	44	0	0	0	0	0	0	0	0	0	0	0	0	0
153737	0	0	0	0	0	0	0	0	0	0	0	0	0	0	0	0
153831	0	0	18	0	0	0	0	0	0	0	0	0	0	0	0	0
153930	0	0	3	0	0	0	0	0	0	0	0	2	0	0	0	0
154024	0	0	0	0	0	0	0	0	0	0	0	6	0	0	0	0
154120	0	0	0	0	0	0	0	0	0	0	0	0	0	0	0	0
154214	0	0	0	0	0	0	0	0	0	0	0	0	0	0	0	0
154308	0	0	0	0	0	0	0	0	0	1	0	0	0	0	0	0
154403	0	0	0	0	0	0	0	0	0	0	0	0	0	0	0	0
154498	0	0	0	0	0	0	0	0	0	0	0	0	0	0	0	0
154592	0	0	0	0	0	0	0	0	0	0	0	0	0	0	0	0
154687	0	0	0	0	0	0	0	0	0	0	0	0	0	0	0	0
154781	0	0	0	0	0	0	0	0	0	0	0	0	0	0	0	0
154875	0	0	0	0	0	0	0	0	0	0	0	0	0	0	0	0
154971	0	0	0	0	0	0	0	0	0	0	0	0	0	0	0	0
155078	0	0	0	0	0	0	0	0	0	4	0	0	0	0	0	0
155173	0	0	0	0	0	0	0	0	0	0	0	0	0	0	0	0
155268	0	0	0	0	0	0	0	0	0	0	0	0	0	0	0	0
155362	0	0	0	0	0	0	0	0	0	0	0	0	0	0	0	0
155457	0	0	0	0	0	0	0	0	0	0	0	0	0	0	0	0
155551	0	0	0	0	0	0	0	0	0	0	0	0	0	0	0	0
155646	0	0	0	0	0	0	0	0	0	8	0	0	0	0	0	0
155741	0	0	0	0	0	0	0	0	0	13	0	0	0	0	0	0
155835	0	0	0	4	0	0	0	0	0	0	0	0	0	0	0	0
155930	0	0	0	21	0	0	0	0	0	0	0	0	0	0	0	0
156024	0	0	0	17	0	0	2	0	0	0	0	0	0	0	0	0
156120	0	0	0	25	0	0	2	0	0	1	1	0	0	0	0	0
156214	0	0	0	0	0	0	0	0	0	0	0	0	0	0	0	0
156312	0	0	0	14	0	0	0	0	0	0	0	0	0	0	0	0
156407	0	0	0	0	0	0	0	0	0	0	0	0	0	0	0	0
156502	0	0	0	0	0	0	2	0	0	0	0	0	0	0	0	0
156597	0	0	0	0	0	0	5	0	0	0	0	0	0	0	0	0
156691	0	0	0	0	0	0	0	0	0	0	0	0	0	0	0	0
156785	0	0	0	0	0	0	0	0	0	0	0	0	0	0	0	0
156880	0	0	0	0	0	0	0	0	0	0	0	0	0	0	0	0
156975	0	0	0	0	0	0	1	0	0	0	0	0	0	0	0	0
157069	0	0	0	0	0	0	1	0	0	0	0	0	0	0	0	0
157164	0	0	23	0	0	0	0	0	0	0	0	0	0	0	0	0
157258	0	0	9	0	0	0	0	0	0	19	0	0	0	0	0	0
157353	0	0	27	0	0	0	0	0	0	0	0	1	0	0	2	0
157448	0	0	18	0	0	0	0	0	0	12	0	0	0	0	0	0
157547	0	0	5	0	0	0	0	0	0	10	0	0	0	0	0	0
157641	0	0	0	0	0	0	0	0	0	4	0	1	0	0	0	0
157735	0	0	0	0	0	0	0	0	0	0	0	0	0	0	0	0
157831	0	0	0	0	0	0	0	0	0	0	0	0	0	0	0	0
157925	0	0	0	0	0	0	0	0	0	0	0	0	0	0	0	0
158019	0	0	0	0	0	0	0	0	0	41	0	0	0	0	0	0
158114	0	0	0	0	0	0	0	0	0	0	0	0	0	0	0	0
158209	0	0	0	0	0	0	0	0	0	0	0	0	0	0	0	0
158304	0	0	0	0	0	0	0	0	0	0	0	0	0	0	0	0
158398	0	0	18	0	0	0	0	0	0	0	0	1	0	0	0	0
158492	0	33	44	0	0	0	0	0	0	0	0	0	0	0	0	0
158587	0	20	42	0	0	0	0	0	0	0	0	0	0	0	0	0
158686	0	15	43	0	0	0	0	0	0	0	0	25	0	0	0	0
158781	0	25	6	0	0	0	0	0	0	0	0	0	0	0	0	0
158876	0	33	2	0	0	0	0	0	0	0	0	0	0	0	0	0
158970	0	34	36	0	0	0	0	0	0	7	0	11	0	0	0	0
159066	0	27	35	0	0	0	0	0	0	0	0	0	0	0	0	0
159160	0	33	46	0	0	0	0	0	0	0	0	0	0	0	0	0
159255	0	36	45	0	0	0	0	0	0	0	0	0	0	0	0	0
159349	0	36	48	0	0	0	0	0	0	0	0	1	0	0	0	0
159444	0	36	0	0	0	0	0	0	0	0	0	0	0	0	21	0
159539	0	21	5	0	0	0	0	0	0	0	0	0	0	0	13	0
159634	0	0	0	0	0	0	0	0	0	0	0	0	0	0	12	0
159728	0	0	8	0	0	0	0	0	0	0	0	0	0	0	0	0
159823	0	0	6	0	0	0	0	0	0	0	0	0	0	0	0	0
159922	0	0	7	0	0	0	0	0	0	0	0	0	0	0	0	0
160016	0	0	21	0	0	0	0	0	0	0	0	0	0	0	0	0
160111	0	0	4	0	0	0	0	0	0	0	0	0	0	0	0	0
160205	0	1	7	0	0	0	0	0	0	0	0	0	0	0	13	0
160300	0	2	4	0	0	0	0	0	0	0	0	0	0	0	22	0
160395	0	0	4	0	0	0	0	0	0	0	0	0	0	0	22	0
160489	0	0	7	0	0	0	0	0	0	0	0	0	0	0	19	0
160584	0	0	10	0	0	0	0	0	0	0	0	0	0	0	24	0
160678	0	0	27	0	0	0	0	0	0	0	0	5	0	0	19	0
160774	0	0	24	0	0	0	0	0	0	0	0	6	0	0	22	0
160868	0	0	25	0	0	0	0	0	0	0	0	0	0	0	21	0
160963	0	0	18	0	0	0	0	0	0	0	0	0	0	0	21	0
161061	0	0	28	0	0	0	0	0	0	0	0	4	0	0	24	0
161157	0	0	24	0	0	0	0	0	0	0	0	1	0	0	19	0
161251	0	0	19	0	0	0	0	0	0	0	0	0	0	0	20	0
161346	0	0	23	0	0	0	0	0	0	0	0	1	0	0	23	0
161440	0	0	23	0	0	0	0	0	0	0	0	0	0	0	20	0
161536	0	0	25	0	0	0	0	0	0	0	0	1	0	0	14	0
161631	0	0	47	0	0	0	0	0	0	0	0	0	0	0	28	0
161725	0	17	42	0	0	0	0	0	0	0	0	0	0	0	27	0
161820	0	39	7	0	0	0	1	0	0	0	0	0	0	0	27	0
161914	0	25	0	0	0	0	1	0	0	0	0	0	0	0	27	0
162010	0	38	0	0	0	0	1	0	0	0	0	0	0	0	28	0
162104	0	37	0	0	0	0	1	0	0	0	0	0	0	0	26	0
162203	0	37	0	0	0	0	1	0	0	0	0	0	0	0	28	0
162297	0	35	17	0	0	0	1	0	0	0	0	0	0	0	28	0
162393	0	33	42	0	0	0	0	0	0	0	0	0	0	0	25	0
162487	0	32	2	0	0	0	1	0	0	0	0	0	0	0	27	0
162582	0	32	11	0	0	0	1	0	2	0	0	0	0	0	27	0
162677	0	31	0	0	0	0	0	0	0	0	0	0	0	0	27	0
162771	0	33	0	0	0	0	1	0	0	0	0	0	0	0	26	0
162867	0	32	1	0	0	0	0	0	0	0	0	0	0	0	27	0
162961	0	32	0	0	0	0	1	0	0	0	0	0	0	0	28	0
163056	0	31	0	0	0	0	0	0	0	0	0	0	0	0	28	0
163150	0	33	0	0	0	0	1	0	0	0	0	0	0	0	28	0
163246	0	37	0	0	0	0	1	0	0	0	0	0	0	0	28	0
163344	0	37	0	0	0	0	1	0	0	0	0	0	0	0	25	0
163439	0	38	0	0	0	0	1	0	0	0	0	0	0	0	27	0
163533	0	38	0	0	0	0	0	0	0	0	0	0	0	0	28	0
163629	0	38	0	0	0	0	0	0	0	0	0	0	0	0	26	0
163723	0	23	0	0	0	0	0	0	0	0	0	0	0	0	0	0
163818	0	37	0	0	0	0	0	0	0	0	0	0	0	0	0	0
163912	0	30	18	0	0	0	0	0	0	0	0	0	0	0	0	0
164007	0	22	0	0	0	0	0	0	0	0	0	0	0	0	0	0
164102	0	27	0	0	0	0	0	0	0	0	0	0	0	0	0	0
164197	0	24	4	0	0	0	0	0	0	0	0	0	0	0	0	0
164291	0	37	6	0	0	0	0	0	0	0	0	0	0	0	0	0
C	C	C	C	C	C	C	C	C	C	C	C	C	C	C	C	C	
166408	0	38	1	0	0	0	1	0	0	0	0	4	0	0	0	0
166509	0	37	4	0	0	0	1	0	0	0	0	0	0	0	0	0
166603	0	34	10	0	0	0	0	0	0	0	0	0	0	0	0	0
166699	0	35	18	0	0	0	1	0	0	0	0	0	0	0	0	0
166793	0	37	17	0	0	0	1	0	0	0	0	4	0	0	0	0
166888	0	37	21	0	0	0	1	0	0	0	0	0	0	0	0	0
166982	0	38	16	0	0	0	1	0	0	0	0	0	0	0	0	0
167077	0	38	7	0	0	0	1	0	0	0	0	0	0	0	0	0
167172	0	37	1	0	0	0	0	0	0	2	0	0	0	0	7	0
167267	0	35	19	0	0	0	2	0	0	2	0	0	0	0	11	0
167361	0	27	0	0	0	0	1	0	0	2	0	0	0	0	6	0
C	C	C	C	C	C	C	C	C	C	C	C	C	C	C	C	C	
