date/time: ,29/11/2019,12:04 p.m.
Run 1

time	(V)	(V)
0,000000	2,515687E+0	1,719366E+0
0,066667	2,515040E+0	1,754478E+0
0,133333	2,515040E+0	1,784574E+0
0,200000	2,515687E+0	1,756986E+0
0,266667	2,513098E+0	1,739430E+0
0,333333	2,516982E+0	1,847274E+0
0,400000	2,513098E+0	1,749462E+0
0,466667	2,515040E+0	1,751970E+0
0,533333	2,513746E+0	1,859814E+0
0,600000	2,516335E+0	1,787082E+0
0,666667	2,515687E+0	1,774542E+0
0,733333	2,514393E+0	1,854798E+0
0,800000	2,513746E+0	1,809654E+0
0,866667	2,515687E+0	1,804638E+0
0,933333	2,515040E+0	1,867338E+0
1,000000	2,515040E+0	1,762002E+0
1,066667	2,513746E+0	1,824702E+0
1,133333	2,515040E+0	1,794606E+0
1,200000	2,515040E+0	1,756986E+0
1,266667	2,513746E+0	1,809654E+0
1,333333	2,516335E+0	1,822194E+0
1,400000	2,513098E+0	1,704318E+0
1,466667	2,515040E+0	1,701810E+0
1,533333	2,516335E+0	1,734414E+0
1,600000	2,517629E+0	1,676730E+0
1,666667	2,515687E+0	1,794606E+0
1,733333	2,513746E+0	1,804638E+0
1,800000	2,515040E+0	1,726890E+0
1,866667	2,515687E+0	1,814670E+0
1,933333	2,516335E+0	1,797114E+0
2,000000	2,513746E+0	1,804638E+0
2,066667	2,515687E+0	1,902450E+0
2,133333	2,514393E+0	1,837242E+0
2,200000	2,515687E+0	1,852290E+0
2,266667	2,516982E+0	1,867338E+0
2,333333	2,516982E+0	1,877370E+0
2,400000	2,516335E+0	1,787082E+0
2,466667	2,515040E+0	1,844766E+0
2,533333	2,515687E+0	1,852290E+0
2,600000	2,513746E+0	1,774542E+0
2,666667	2,515687E+0	1,812162E+0
2,733333	2,516982E+0	1,887402E+0
2,800000	2,520218E+0	1,498661E+0
2,866667	2,516982E+0	1,568886E+0
2,933333	2,518923E+0	1,566378E+0
3,000000	2,513746E+0	1,523741E+0
3,066667	2,515040E+0	1,563870E+0
3,133333	2,514393E+0	1,563870E+0
3,200000	2,524101E+0	1,516217E+0
3,266667	2,528632E+0	1,578918E+0
3,333333	2,540929E+0	1,734414E+0
3,400000	2,570702E+0	2,689962E+0
3,466667	2,603711E+0	3,241723E+0
3,533333	2,630895E+0	3,414775E+0
3,600000	2,670376E+0	3,655543E+0
3,666667	2,705326E+0	3,823579E+0
3,733333	2,731863E+0	3,896311E+0
3,800000	2,748691E+0	4,021712E+0
3,866667	2,749338E+0	3,979076E+0
3,933333	2,749985E+0	3,991616E+0
4,000000	2,749338E+0	3,903835E+0
4,066667	2,738983E+0	3,923899E+0
4,133333	2,749985E+0	4,124540E+0
4,200000	2,738983E+0	4,094444E+0
4,266667	2,737041E+0	4,094444E+0
4,333333	2,740924E+0	3,986600E+0
4,400000	2,748691E+0	4,009172E+0
4,466667	2,751927E+0	4,014188E+0
4,533333	2,765519E+0	4,031744E+0
4,600000	2,788172E+0	4,122032E+0
4,666667	2,796586E+0	4,209812E+0
4,733333	2,808884E+0	4,179716E+0
4,800000	2,811473E+0	4,174700E+0
4,866667	2,813414E+0	4,162160E+0
4,933333	2,816003E+0	4,204796E+0
5,000000	2,823770E+0	4,252448E+0
5,066667	2,823123E+0	4,345244E+0
5,133333	2,827006E+0	4,315148E+0
5,200000	2,837362E+0	4,264988E+0
5,266667	2,848365E+0	4,264988E+0
5,333333	2,853543E+0	4,239908E+0
5,400000	2,868429E+0	4,264988E+0
5,466667	2,880726E+0	4,320164E+0
5,533333	2,882668E+0	4,362800E+0
5,600000	2,888493E+0	4,400420E+0
5,666667	2,880079E+0	4,244924E+0
5,733333	2,880726E+0	4,360292E+0
5,800000	2,879432E+0	4,372832E+0
5,866667	2,871665E+0	4,292576E+0
5,933333	2,867782E+0	4,239908E+0
6,000000	2,870371E+0	4,202288E+0
6,066667	2,877490E+0	4,222352E+0
6,133333	2,879432E+0	4,182224E+0
6,200000	2,883963E+0	4,227368E+0
6,266667	2,882668E+0	4,244924E+0
6,333333	2,882021E+0	4,222352E+0
6,400000	2,880079E+0	4,264988E+0
6,466667	2,876196E+0	4,280036E+0
6,533333	2,867782E+0	4,227368E+0
6,600000	2,863251E+0	4,297592E+0
6,666667	2,867782E+0	4,297592E+0
6,733333	2,881374E+0	4,277528E+0
6,800000	2,878785E+0	4,287560E+0
6,866667	2,889788E+0	4,280036E+0
6,933333	2,894318E+0	4,252448E+0
7,000000	2,899496E+0	4,244924E+0
7,066667	2,898202E+0	4,257464E+0
7,133333	2,920855E+0	4,239908E+0
7,200000	2,929269E+0	4,335212E+0
7,266667	2,935741E+0	4,407944E+0
7,333333	2,959042E+0	4,455596E+0
7,400000	2,984931E+0	4,463120E+0
7,466667	3,013409E+0	4,485692E+0
7,533333	3,049654E+0	4,495724E+0
7,600000	3,106611E+0	4,528328E+0
7,666667	3,148681E+0	4,550900E+0
7,733333	3,199165E+0	4,575980E+0
7,800000	3,243177E+0	4,646204E+0
7,866667	3,282658E+0	4,663760E+0
7,933333	3,323434E+0	4,656236E+0
8,000000	3,370034E+0	4,668776E+0
8,066667	3,386862E+0	4,646204E+0
8,133333	3,382332E+0	4,648712E+0
8,200000	3,414693E+0	4,691348E+0
8,266667	3,439935E+0	4,686332E+0
8,333333	3,439288E+0	4,668776E+0
8,400000	3,432816E+0	4,746524E+0
8,466667	3,452880E+0	4,646204E+0
8,533333	3,469061E+0	4,698872E+0
8,600000	3,471650E+0	4,693856E+0
8,666667	3,458705E+0	4,686332E+0
8,733333	3,435405E+0	4,678808E+0
8,800000	3,410163E+0	4,693856E+0
8,866667	3,388157E+0	4,708904E+0
8,933333	3,386862E+0	4,666268E+0
9,000000	3,375212E+0	4,708904E+0
9,066667	3,341556E+0	4,711412E+0
9,133333	3,305958E+0	4,691348E+0
9,200000	3,292366E+0	4,716428E+0
9,266667	3,272949E+0	4,696364E+0
9,333333	3,277480E+0	4,676300E+0
9,400000	3,324728E+0	4,711412E+0
9,466667	3,393982E+0	4,698872E+0
9,533333	3,443172E+0	4,713920E+0
9,600000	3,456116E+0	4,728968E+0
9,666667	3,456116E+0	4,721444E+0
9,733333	3,458705E+0	4,703888E+0
9,800000	3,456763E+0	4,718936E+0
9,866667	3,454822E+0	4,703888E+0
9,933333	3,446408E+0	4,701380E+0
10,000000	3,441877E+0	4,728968E+0
10,066667	3,433463E+0	4,736492E+0
10,133333	3,429580E+0	4,721444E+0
10,200000	3,432169E+0	4,726460E+0
10,266667	3,452880E+0	4,733984E+0
10,333333	3,458705E+0	4,728968E+0
10,400000	3,455469E+0	4,756556E+0
10,466667	3,478122E+0	4,756556E+0
10,533333	3,442524E+0	4,749032E+0
10,600000	3,481358E+0	4,751540E+0
10,666667	3,505953E+0	4,746524E+0
10,733333	3,516309E+0	4,739000E+0
10,800000	3,538962E+0	4,764080E+0
10,866667	3,552554E+0	4,746524E+0
10,933333	3,553201E+0	4,736492E+0
11,000000	3,540256E+0	4,716428E+0
11,066667	3,540904E+0	4,711412E+0
11,133333	3,522781E+0	4,726460E+0
11,200000	3,529901E+0	4,726460E+0
11,266667	3,529253E+0	4,726460E+0
11,333333	3,540256E+0	4,713920E+0
11,400000	3,575207E+0	4,726460E+0
11,466667	3,597213E+0	4,741508E+0
11,533333	3,596566E+0	4,739000E+0
11,600000	3,600449E+0	4,779128E+0
11,666667	3,613394E+0	4,774112E+0
11,733333	3,610158E+0	4,771604E+0
11,800000	3,599802E+0	4,769096E+0
11,866667	3,577796E+0	4,769096E+0
11,933333	3,571971E+0	4,759064E+0
12,000000	3,582974E+0	4,789160E+0
12,066667	3,569382E+0	4,779128E+0
12,133333	3,555790E+0	4,776620E+0
12,200000	3,556437E+0	4,769096E+0
12,266667	3,554496E+0	4,776620E+0
12,333333	3,544787E+0	4,759064E+0
12,400000	3,548023E+0	4,769096E+0
12,466667	3,548670E+0	4,756556E+0
12,533333	3,559673E+0	4,766588E+0
12,600000	3,557084E+0	4,769096E+0
12,666667	3,557084E+0	4,766588E+0
12,733333	3,556437E+0	4,769096E+0
12,800000	3,554496E+0	4,774112E+0
12,866667	3,546729E+0	4,779128E+0
12,933333	3,538315E+0	4,764080E+0
13,000000	3,530548E+0	4,786652E+0
13,066667	3,535079E+0	4,764080E+0
13,133333	3,540256E+0	4,761572E+0
13,200000	3,559026E+0	4,784144E+0
13,266667	3,582327E+0	4,776620E+0
13,333333	3,603685E+0	4,771604E+0
13,400000	3,607569E+0	4,791668E+0
13,466667	3,606274E+0	4,786652E+0
13,533333	3,595918E+0	4,781636E+0
13,600000	3,590093E+0	4,806716E+0
13,666667	3,582974E+0	4,794176E+0
13,733333	3,586857E+0	4,786652E+0
13,800000	3,575207E+0	4,779128E+0
13,866667	3,576501E+0	4,771604E+0
13,933333	3,601744E+0	4,751540E+0
14,000000	3,610158E+0	4,781636E+0
14,066667	3,603685E+0	4,769096E+0
14,133333	3,595271E+0	4,741508E+0
14,200000	3,611452E+0	4,741508E+0
14,266667	3,608863E+0	4,739000E+0
14,333333	3,629575E+0	4,723952E+0
14,400000	3,661289E+0	4,756556E+0
14,466667	3,662583E+0	4,766588E+0
14,533333	3,658700E+0	4,746524E+0
14,600000	3,668408E+0	4,759064E+0
14,666667	3,689120E+0	4,781636E+0
14,733333	3,709831E+0	4,756556E+0
14,800000	3,712420E+0	4,786652E+0
14,866667	3,733779E+0	4,794176E+0
14,933333	3,749313E+0	4,781636E+0
15,000000	3,764199E+0	4,811732E+0
15,066667	3,787499E+0	4,806716E+0
15,133333	3,802386E+0	4,796684E+0
15,200000	3,804327E+0	4,819256E+0
15,266667	3,802386E+0	4,821764E+0
15,333333	3,812094E+0	4,804208E+0
15,400000	3,813389E+0	4,826780E+0
15,466667	3,797855E+0	4,814240E+0
15,533333	3,792030E+0	4,821764E+0
15,600000	3,788146E+0	4,814240E+0
15,666667	3,792677E+0	4,826780E+0
15,733333	3,794619E+0	4,824272E+0
15,800000	3,798502E+0	4,826780E+0
15,866667	3,792677E+0	4,826780E+0
15,933333	3,781027E+0	4,824272E+0
16,000000	3,769377E+0	4,826780E+0
16,066667	3,751901E+0	4,841828E+0
16,133333	3,735073E+0	4,824272E+0
16,200000	3,731837E+0	4,841828E+0
16,266667	3,732484E+0	4,839320E+0
16,333333	3,740899E+0	4,834304E+0
16,400000	3,739604E+0	4,846844E+0
16,466667	3,748018E+0	4,849352E+0
16,533333	3,756432E+0	4,819256E+0
16,600000	3,764199E+0	4,841828E+0
16,666667	3,774555E+0	4,841828E+0
16,733333	3,782321E+0	4,824272E+0
16,800000	3,784910E+0	4,839320E+0
16,866667	3,787499E+0	4,846844E+0
16,933333	3,759668E+0	4,851860E+0
17,000000	3,722129E+0	4,846844E+0
17,066667	3,720187E+0	4,854368E+0
17,133333	3,704006E+0	4,844336E+0
17,200000	3,693003E+0	4,841828E+0
17,266667	3,699476E+0	4,849352E+0
17,333333	3,704653E+0	4,844336E+0
17,400000	3,691709E+0	4,856876E+0
17,466667	3,693651E+0	4,851860E+0
17,533333	3,696887E+0	4,844336E+0
17,600000	3,680059E+0	4,856876E+0
17,666667	3,670350E+0	4,856876E+0
17,733333	3,650286E+0	4,846844E+0
17,800000	3,633458E+0	4,844336E+0
17,866667	3,633458E+0	4,846844E+0
17,933333	3,629575E+0	4,834304E+0
18,000000	3,631516E+0	4,834304E+0
18,066667	3,664525E+0	4,836812E+0
18,133333	3,694945E+0	4,829288E+0
18,200000	3,693651E+0	4,836812E+0
18,266667	3,670350E+0	4,859384E+0
18,333333	3,654817E+0	4,844336E+0
18,400000	3,693003E+0	4,856876E+0
18,466667	3,631516E+0	4,859384E+0
18,533333	3,625044E+0	4,839320E+0
18,600000	3,611452E+0	4,851860E+0
18,666667	3,589446E+0	4,856876E+0
18,733333	3,595918E+0	4,851860E+0
18,800000	3,597213E+0	4,854368E+0
18,866667	3,594624E+0	4,849352E+0
18,933333	3,587504E+0	4,854368E+0
19,000000	3,580385E+0	4,859384E+0
19,066667	3,577149E+0	4,859384E+0
19,133333	3,604332E+0	4,854368E+0
19,200000	3,630222E+0	4,851860E+0
19,266667	3,670350E+0	4,839320E+0
19,333333	3,700770E+0	4,831796E+0
19,400000	3,696887E+0	4,846844E+0
19,466667	3,719540E+0	4,854368E+0
19,533333	3,730543E+0	4,826780E+0
19,600000	3,740251E+0	4,846844E+0
19,666667	3,753843E+0	4,849352E+0
19,733333	3,774555E+0	4,841828E+0
19,800000	3,792677E+0	4,856876E+0
19,866667	3,800444E+0	4,861892E+0
19,933333	3,813389E+0	4,854368E+0
20,000000	3,821155E+0	4,859384E+0
20,066667	3,826333E+0	4,866908E+0
20,133333	3,819861E+0	4,856876E+0
20,200000	3,794619E+0	4,869416E+0
20,266667	3,784910E+0	4,876940E+0
20,333333	3,790088E+0	4,859384E+0
20,400000	3,790735E+0	4,869416E+0
20,466667	3,795913E+0	4,869416E+0
20,533333	3,790088E+0	4,846844E+0
20,600000	3,758374E+0	4,864400E+0
20,666667	3,712420E+0	4,866908E+0
20,733333	3,645108E+0	4,831796E+0
20,800000	3,614041E+0	4,836812E+0
20,866667	3,527312E+0	4,834304E+0
20,933333	3,509189E+0	4,814240E+0
21,000000	3,504659E+0	4,816748E+0
21,066667	3,483947E+0	4,831796E+0
21,133333	3,482653E+0	4,794176E+0
21,200000	3,471003E+0	4,789160E+0
21,266667	3,442524E+0	4,796684E+0
21,333333	3,430874E+0	4,786652E+0
21,400000	3,384921E+0	4,781636E+0
21,466667	3,355148E+0	4,781636E+0
21,533333	3,310489E+0	4,764080E+0
21,600000	3,304664E+0	4,766588E+0
21,666667	3,303369E+0	4,781636E+0
21,733333	3,346087E+0	4,756556E+0
21,800000	3,353853E+0	4,761572E+0
21,866667	3,340262E+0	4,761572E+0
21,933333	3,341556E+0	4,721444E+0
22,000000	3,351912E+0	4,728968E+0
22,066667	3,318903E+0	4,751540E+0
22,133333	3,276186E+0	4,733984E+0
22,200000	3,243824E+0	4,749032E+0
22,266667	3,164214E+0	4,721444E+0
22,333333	3,105963E+0	4,666268E+0
22,400000	3,101433E+0	4,666268E+0
22,466667	3,106611E+0	4,653728E+0
22,533333	3,155800E+0	4,641188E+0
22,600000	3,187515E+0	4,676300E+0
22,666667	3,252238E+0	4,678808E+0
22,733333	3,275538E+0	4,693856E+0
22,800000	3,322786E+0	4,723952E+0
22,866667	3,339614E+0	4,761572E+0
22,933333	3,339614E+0	4,756556E+0
23,000000	3,334436E+0	4,769096E+0
23,066667	3,330553E+0	4,754048E+0
23,133333	3,341556E+0	4,739000E+0
23,200000	3,313725E+0	4,746524E+0
23,266667	3,322786E+0	4,751540E+0
23,333333	3,358384E+0	4,756556E+0
23,400000	3,372623E+0	4,779128E+0
23,466667	3,399807E+0	4,771604E+0
23,533333	3,397218E+0	4,746524E+0
23,600000	3,437994E+0	4,759064E+0
23,666667	3,452233E+0	4,754048E+0
23,733333	3,428285E+0	4,739000E+0
23,800000	3,437994E+0	4,761572E+0
23,866667	3,442524E+0	4,764080E+0
23,933333	3,425049E+0	4,744016E+0
24,000000	3,423755E+0	4,754048E+0
24,066667	3,415988E+0	4,736492E+0
24,133333	3,404338E+0	4,751540E+0
24,200000	3,388804E+0	4,761572E+0
24,266667	3,388157E+0	4,774112E+0
24,333333	3,373270E+0	4,749032E+0
24,400000	3,366151E+0	4,759064E+0
24,466667	3,360326E+0	4,774112E+0
24,533333	3,310489E+0	4,754048E+0
24,600000	3,269066E+0	4,739000E+0
24,666667	3,242529E+0	4,711412E+0
24,733333	3,203048E+0	4,693856E+0
24,800000	3,210815E+0	4,708904E+0
24,866667	3,212757E+0	4,746524E+0
24,933333	3,269066E+0	4,726460E+0
25,000000	3,319550E+0	4,749032E+0
25,066667	3,375859E+0	4,751540E+0
25,133333	3,384273E+0	4,759064E+0
25,200000	3,422460E+0	4,741508E+0
25,266667	3,459352E+0	4,746524E+0
25,333333	3,496892E+0	4,756556E+0
25,400000	3,529901E+0	4,776620E+0
25,466667	3,575207E+0	4,794176E+0
25,533333	3,593329E+0	4,769096E+0
25,600000	3,604980E+0	4,799192E+0
25,666667	3,610805E+0	4,799192E+0
25,733333	3,598507E+0	4,804208E+0
25,800000	3,579738E+0	4,816748E+0
25,866667	3,527959E+0	4,801700E+0
25,933333	3,482005E+0	4,761572E+0
26,000000	3,531195E+0	4,794176E+0
26,066667	3,564851E+0	4,784144E+0
26,133333	3,553201E+0	4,764080E+0
26,200000	3,549318E+0	4,791668E+0
26,266667	3,531842E+0	4,789160E+0
26,333333	3,483300E+0	4,754048E+0
26,400000	3,438641E+0	4,776620E+0
26,466667	3,419871E+0	4,766588E+0
26,533333	3,408868E+0	4,769096E+0
26,600000	3,430874E+0	4,789160E+0
26,666667	3,494303E+0	4,796684E+0
26,733333	3,569382E+0	4,796684E+0
26,800000	3,577796E+0	4,806716E+0
26,866667	3,577149E+0	4,804208E+0
26,933333	3,592035E+0	4,774112E+0
27,000000	3,630222E+0	4,816748E+0
27,066667	3,626338E+0	4,809224E+0
27,133333	3,586210E+0	4,796684E+0
27,200000	3,623102E+0	4,809224E+0
27,266667	3,637341E+0	4,811732E+0
27,333333	3,646403E+0	4,816748E+0
27,400000	3,640577E+0	4,836812E+0
27,466667	3,604332E+0	4,834304E+0
27,533333	3,604980E+0	4,834304E+0
27,600000	3,610158E+0	4,841828E+0
27,666667	3,621808E+0	4,806716E+0
27,733333	3,610805E+0	4,804208E+0
27,800000	3,577149E+0	4,824272E+0
27,866667	3,550612E+0	4,821764E+0
27,933333	3,577796E+0	4,821764E+0
28,000000	3,607569E+0	4,844336E+0
28,066667	3,623102E+0	4,844336E+0
28,133333	3,608863E+0	4,834304E+0
28,200000	3,645108E+0	4,854368E+0
28,266667	3,673586E+0	4,834304E+0
28,333333	3,707242E+0	4,826780E+0
28,400000	3,740251E+0	4,856876E+0
28,466667	3,788146E+0	4,854368E+0
28,533333	3,820508E+0	4,831796E+0
28,600000	3,830864E+0	4,859384E+0
28,666667	3,843808E+0	4,859384E+0
28,733333	3,865167E+0	4,856876E+0
28,800000	3,869698E+0	4,859384E+0
28,866667	3,870345E+0	4,856876E+0
28,933333	3,872934E+0	4,864400E+0
29,000000	3,888468E+0	4,871924E+0
29,066667	3,897529E+0	4,861892E+0
29,133333	3,890409E+0	4,866908E+0
29,200000	3,887820E+0	4,869416E+0
29,266667	3,896234E+0	4,861892E+0
29,333333	3,909179E+0	4,854368E+0
29,400000	3,917593E+0	4,874432E+0
29,466667	3,919535E+0	4,866908E+0
29,533333	3,917593E+0	4,876940E+0
29,600000	3,928596E+0	4,874432E+0
29,666667	3,929890E+0	4,864400E+0
29,733333	3,926654E+0	4,869416E+0
29,800000	3,950602E+0	4,869416E+0
29,866667	3,955132E+0	4,876940E+0
29,933333	3,979727E+0	4,881956E+0
30,000000	3,993966E+0	4,889480E+0
30,066667	4,012736E+0	4,881956E+0
30,133333	4,019209E+0	4,886972E+0
30,200000	4,023092E+0	4,891988E+0
30,266667	4,030211E+0	4,886972E+0
30,333333	4,035389E+0	4,886972E+0
30,400000	4,043156E+0	4,881956E+0
30,466667	4,050923E+0	4,884464E+0
30,533333	4,055454E+0	4,876940E+0
30,600000	4,059337E+0	4,894496E+0
30,666667	4,055454E+0	4,876940E+0
30,733333	4,054159E+0	4,884464E+0
30,800000	4,051570E+0	4,891988E+0
30,866667	4,046392E+0	4,886972E+0
30,933333	4,056101E+0	4,894496E+0
31,000000	4,048334E+0	4,891988E+0
31,066667	4,041214E+0	4,886972E+0
31,133333	4,049628E+0	4,886972E+0
31,200000	4,056748E+0	4,902020E+0
31,266667	4,039920E+0	4,891988E+0
31,333333	4,051570E+0	4,899512E+0
31,400000	4,051570E+0	4,894496E+0
31,466667	4,048981E+0	4,889480E+0
31,533333	4,039920E+0	4,886972E+0
31,600000	4,040567E+0	4,899512E+0
31,666667	4,035389E+0	4,894496E+0
31,733333	4,023092E+0	4,886972E+0
31,800000	4,030859E+0	4,894496E+0
31,866667	4,031506E+0	4,897004E+0
31,933333	4,038625E+0	4,886972E+0
32,000000	4,050923E+0	4,894496E+0
32,066667	4,046392E+0	4,884464E+0
32,133333	4,045745E+0	4,884464E+0
32,200000	4,042509E+0	4,897004E+0
32,266667	4,033448E+0	4,884464E+0
32,333333	4,028270E+0	4,889480E+0
32,400000	4,028917E+0	4,886972E+0
32,466667	4,019856E+0	4,886972E+0
32,533333	4,015325E+0	4,897004E+0
32,600000	4,014678E+0	4,897004E+0
32,666667	4,010147E+0	4,884464E+0
32,733333	4,018561E+0	4,904528E+0
32,800000	4,013383E+0	4,907036E+0
32,866667	4,017914E+0	4,894496E+0
32,933333	4,019209E+0	4,894496E+0
33,000000	4,021797E+0	4,897004E+0
33,066667	4,025034E+0	4,889480E+0
33,133333	4,025681E+0	4,889480E+0
33,200000	4,033448E+0	4,902020E+0
33,266667	4,030211E+0	4,897004E+0
33,333333	4,028270E+0	4,886972E+0
33,400000	4,030859E+0	4,902020E+0
33,466667	4,025681E+0	4,886972E+0
33,533333	4,029564E+0	4,894496E+0
33,600000	4,032153E+0	4,902020E+0
33,666667	4,032800E+0	4,889480E+0
33,733333	4,030211E+0	4,899512E+0
33,800000	4,030211E+0	4,904528E+0
33,866667	4,025681E+0	4,894496E+0
33,933333	4,022445E+0	4,897004E+0
34,000000	4,026975E+0	4,902020E+0
34,066667	4,024386E+0	4,891988E+0
34,133333	4,023092E+0	4,902020E+0
34,200000	4,020503E+0	4,889480E+0
34,266667	4,015325E+0	4,881956E+0
34,333333	4,017267E+0	4,891988E+0
34,400000	4,023092E+0	4,897004E+0
34,466667	4,021150E+0	4,886972E+0
34,533333	4,025681E+0	4,894496E+0
34,600000	4,017914E+0	4,886972E+0
34,666667	4,016620E+0	4,886972E+0
34,733333	4,015325E+0	4,879448E+0
34,800000	4,014678E+0	4,884464E+0
34,866667	4,014678E+0	4,886972E+0
34,933333	4,003675E+0	4,879448E+0
35,000000	4,005617E+0	4,874432E+0
35,066667	4,004969E+0	4,874432E+0
35,133333	4,009500E+0	4,871924E+0
35,200000	4,001733E+0	4,881956E+0
35,266667	4,010147E+0	4,876940E+0
35,333333	4,010147E+0	4,876940E+0
35,400000	4,015325E+0	4,884464E+0
35,466667	4,012089E+0	4,874432E+0
35,533333	4,010794E+0	4,879448E+0
35,600000	4,002380E+0	4,894496E+0
35,666667	3,998497E+0	4,874432E+0
35,733333	3,988789E+0	4,884464E+0
35,800000	3,991378E+0	4,884464E+0
35,866667	3,983611E+0	4,876940E+0
35,933333	3,979727E+0	4,886972E+0
36,000000	3,970019E+0	4,891988E+0
36,066667	3,970019E+0	4,876940E+0
36,133333	3,968724E+0	4,874432E+0
36,200000	3,979080E+0	4,886972E+0
36,266667	3,979080E+0	4,874432E+0
36,333333	3,979727E+0	4,881956E+0
36,400000	3,980375E+0	4,886972E+0
36,466667	3,970666E+0	4,889480E+0
36,533333	3,967430E+0	4,886972E+0
36,600000	3,968077E+0	4,889480E+0
36,666667	3,962899E+0	4,886972E+0
36,733333	3,966135E+0	4,897004E+0
36,800000	3,971961E+0	4,904528E+0
36,866667	3,968724E+0	4,886972E+0
36,933333	3,966135E+0	4,897004E+0
37,000000	3,952544E+0	4,897004E+0
37,066667	3,947366E+0	4,886972E+0
37,133333	3,943482E+0	4,889480E+0
37,200000	3,933127E+0	4,889480E+0
37,266667	3,932479E+0	4,881956E+0
37,333333	3,927949E+0	4,886972E+0
37,400000	3,918887E+0	4,894496E+0
37,466667	3,911768E+0	4,889480E+0
37,533333	3,885879E+0	4,894496E+0
37,600000	3,854164E+0	4,886972E+0
37,666667	3,836042E+0	4,874432E+0
37,733333	3,819861E+0	4,886972E+0
37,800000	3,820508E+0	4,886972E+0
37,866667	3,817919E+0	4,871924E+0
37,933333	3,826333E+0	4,881956E+0
38,000000	3,830217E+0	4,881956E+0
38,066667	3,826980E+0	4,874432E+0
38,133333	3,854811E+0	4,874432E+0
38,200000	3,842514E+0	4,894496E+0
38,266667	3,856106E+0	4,889480E+0
38,333333	3,848986E+0	4,889480E+0
38,400000	3,846397E+0	4,884464E+0
38,466667	3,848339E+0	4,881956E+0
38,533333	3,843161E+0	4,879448E+0
38,600000	3,841220E+0	4,886972E+0
38,666667	3,839925E+0	4,881956E+0
38,733333	3,842514E+0	4,879448E+0
38,800000	3,841220E+0	4,897004E+0
38,866667	3,843808E+0	4,886972E+0
38,933333	3,841867E+0	4,881956E+0
39,000000	3,837336E+0	4,889480E+0
39,066667	3,836689E+0	4,886972E+0
39,133333	3,828922E+0	4,884464E+0
39,200000	3,820508E+0	4,891988E+0
39,266667	3,809505E+0	4,891988E+0
39,333333	3,804327E+0	4,879448E+0
39,400000	3,784910E+0	4,894496E+0
39,466667	3,779732E+0	4,879448E+0
39,533333	3,772613E+0	4,876940E+0
39,600000	3,773260E+0	4,884464E+0
39,666667	3,772613E+0	4,874432E+0
39,733333	3,749960E+0	4,874432E+0
39,800000	3,715009E+0	4,879448E+0
39,866667	3,700770E+0	4,869416E+0
39,933333	3,681353E+0	4,871924E+0
40,000000	3,678764E+0	4,886972E+0
40,066667	3,646403E+0	4,876940E+0
40,133333	3,631516E+0	4,869416E+0
40,200000	3,591388E+0	4,876940E+0
40,266667	3,553201E+0	4,854368E+0
40,333333	3,514367E+0	4,824272E+0
40,400000	3,498186E+0	4,824272E+0
40,466667	3,479417E+0	4,806716E+0
40,533333	3,450938E+0	4,796684E+0
40,600000	3,414693E+0	4,801700E+0
40,666667	3,351912E+0	4,799192E+0
40,733333	3,300133E+0	4,784144E+0
40,800000	3,302075E+0	4,804208E+0
40,866667	3,298191E+0	4,809224E+0
40,933333	3,304017E+0	4,809224E+0
41,000000	3,316314E+0	4,826780E+0
41,066667	3,329259E+0	4,819256E+0
41,133333	3,332495E+0	4,806716E+0
41,200000	3,338967E+0	4,809224E+0
41,266667	3,362915E+0	4,816748E+0
41,333333	3,390746E+0	4,809224E+0
41,400000	3,458705E+0	4,821764E+0
41,466667	3,522781E+0	4,836812E+0
41,533333	3,574560E+0	4,826780E+0
41,600000	3,614041E+0	4,839320E+0
41,666667	3,638636E+0	4,839320E+0
41,733333	3,654817E+0	4,846844E+0
41,800000	3,672939E+0	4,849352E+0
41,866667	3,699476E+0	4,849352E+0
41,933333	3,716304E+0	4,846844E+0
42,000000	3,740251E+0	4,864400E+0
42,066667	3,766788E+0	4,861892E+0
42,133333	3,779732E+0	4,866908E+0
42,200000	3,792030E+0	4,869416E+0
42,266667	3,799797E+0	4,861892E+0
42,333333	3,810152E+0	4,866908E+0
42,400000	3,814036E+0	4,876940E+0
42,466667	3,819214E+0	4,876940E+0
42,533333	3,821803E+0	4,874432E+0
42,600000	3,833453E+0	4,876940E+0
42,666667	3,837336E+0	4,879448E+0
42,733333	3,831511E+0	4,864400E+0
42,800000	3,831511E+0	4,874432E+0
42,866667	3,836689E+0	4,889480E+0
42,933333	3,835394E+0	4,881956E+0
43,000000	3,830864E+0	4,871924E+0
43,066667	3,832158E+0	4,881956E+0
43,133333	3,837983E+0	4,864400E+0
43,200000	3,843808E+0	4,876940E+0
43,266667	3,837983E+0	4,881956E+0
43,333333	3,839278E+0	4,876940E+0
43,400000	3,844456E+0	4,871924E+0
43,466667	3,852223E+0	4,886972E+0
43,533333	3,856106E+0	4,874432E+0
43,600000	3,862578E+0	4,886972E+0
43,666667	3,865814E+0	4,879448E+0
43,733333	3,865167E+0	4,869416E+0
43,800000	3,867109E+0	4,881956E+0
43,866667	3,865814E+0	4,894496E+0
43,933333	3,862578E+0	4,876940E+0
44,000000	3,823097E+0	4,886972E+0
44,066667	3,755785E+0	4,881956E+0
44,133333	3,595271E+0	4,854368E+0
44,200000	3,247060E+0	4,774112E+0
44,266667	2,925386E+0	4,688840E+0
44,333333	2,726685E+0	4,505756E+0
44,400000	2,585588E+0	4,387880E+0
44,466667	2,540929E+0	4,345244E+0
44,533333	2,516335E+0	4,264988E+0
44,600000	2,515687E+0	4,182224E+0
44,666667	2,516982E+0	4,297592E+0
44,733333	2,516982E+0	4,229876E+0
44,800000	2,514393E+0	4,187240E+0
44,866667	2,515040E+0	4,224860E+0
44,933333	2,518276E+0	4,147112E+0
45,000000	2,516982E+0	4,154636E+0
45,066667	2,515687E+0	4,044284E+0
45,133333	2,516335E+0	4,142096E+0
45,200000	2,513098E+0	4,066856E+0
45,266667	2,516335E+0	4,122032E+0
45,333333	2,515687E+0	4,147112E+0
45,400000	2,513098E+0	4,117016E+0
45,466667	2,513746E+0	4,152128E+0
45,533333	2,515040E+0	4,054316E+0
45,600000	2,515687E+0	4,061840E+0
45,666667	2,513746E+0	4,084412E+0
45,733333	2,515040E+0	3,999140E+0
45,800000	2,515687E+0	3,981584E+0
45,866667	2,516982E+0	4,059332E+0
45,933333	2,516982E+0	3,974060E+0
46,000000	2,513098E+0	3,991616E+0
46,066667	2,515687E+0	4,026728E+0
46,133333	2,515040E+0	3,941455E+0
46,200000	2,513746E+0	3,871231E+0
46,266667	2,516335E+0	3,853675E+0
46,333333	2,513746E+0	3,785959E+0
46,400000	2,516335E+0	3,678115E+0
46,466667	2,513746E+0	3,670591E+0
46,533333	2,514393E+0	3,622939E+0
46,600000	2,515040E+0	3,733291E+0
46,666667	2,513746E+0	3,753355E+0
46,733333	2,515687E+0	3,720751E+0
46,800000	2,513746E+0	3,735799E+0
46,866667	2,516982E+0	3,770911E+0
46,933333	2,516982E+0	3,743323E+0
47,000000	2,513746E+0	3,703195E+0
47,066667	2,515687E+0	3,698179E+0
47,133333	2,513098E+0	3,693163E+0
47,200000	2,515687E+0	3,665575E+0
47,266667	2,513746E+0	3,838627E+0
47,333333	2,516982E+0	3,778435E+0
47,400000	2,515687E+0	3,821071E+0
47,466667	2,515687E+0	3,843643E+0
47,533333	2,515040E+0	3,728275E+0
47,600000	2,515687E+0	3,733291E+0
47,666667	2,515687E+0	3,760879E+0
47,733333	2,516982E+0	3,753355E+0
47,800000	2,515687E+0	3,708211E+0
47,866667	2,516335E+0	3,758371E+0
47,933333	2,515040E+0	3,730783E+0
48,000000	2,516982E+0	3,693163E+0
48,066667	2,515040E+0	3,705703E+0
48,133333	2,516335E+0	3,678115E+0
48,200000	2,514393E+0	3,607891E+0
48,266667	2,514393E+0	3,650527E+0
48,333333	2,515687E+0	3,653035E+0
48,400000	2,513098E+0	3,630463E+0
48,466667	2,515687E+0	3,643003E+0
48,533333	2,515040E+0	3,597859E+0
48,600000	2,515687E+0	3,585319E+0
48,666667	2,516982E+0	3,537667E+0
48,733333	2,516982E+0	3,535159E+0
48,800000	2,514393E+0	3,497539E+0
48,866667	2,515687E+0	3,622939E+0
48,933333	2,517629E+0	3,625447E+0
49,000000	2,515040E+0	3,477475E+0
49,066667	2,515040E+0	3,560239E+0
49,133333	2,516335E+0	3,557731E+0
49,200000	2,515040E+0	3,537667E+0
49,266667	2,513746E+0	3,602875E+0
49,333333	2,518276E+0	3,567763E+0
49,400000	2,516335E+0	3,540175E+0
49,466667	2,513098E+0	3,522619E+0
49,533333	2,515687E+0	3,545191E+0
49,600000	2,516335E+0	3,414775E+0
49,666667	2,513746E+0	3,367123E+0
49,733333	2,515687E+0	3,382171E+0
49,800000	2,515687E+0	3,286867E+0
49,866667	2,514393E+0	3,276835E+0
49,933333	2,514393E+0	3,299407E+0
50,000000	2,516982E+0	3,244231E+0
50,066667	2,515687E+0	3,357091E+0
50,133333	2,515040E+0	3,332011E+0
50,200000	2,515040E+0	3,279343E+0
50,266667	2,515687E+0	3,321979E+0
50,333333	2,513746E+0	3,342043E+0
50,400000	2,513746E+0	3,229183E+0
50,466667	2,515687E+0	3,301915E+0
50,533333	2,515687E+0	3,271819E+0
50,600000	2,515687E+0	3,301915E+0
50,666667	2,513746E+0	3,357091E+0
50,733333	2,516335E+0	3,271819E+0
50,800000	2,516335E+0	3,289375E+0
50,866667	2,516335E+0	3,339535E+0
50,933333	2,515687E+0	3,221659E+0
51,000000	2,515687E+0	3,254263E+0
51,066667	2,515687E+0	3,221659E+0
51,133333	2,513746E+0	3,234199E+0
51,200000	2,515040E+0	3,204103E+0
51,266667	2,513098E+0	3,231691E+0
51,333333	2,515040E+0	3,204103E+0
51,400000	2,514393E+0	3,113815E+0
51,466667	2,515687E+0	3,179023E+0
51,533333	2,514393E+0	3,179023E+0
51,600000	2,517629E+0	3,113815E+0
51,666667	2,515040E+0	3,146419E+0
51,733333	2,515687E+0	3,179023E+0
51,800000	2,513746E+0	3,061147E+0
51,866667	2,516335E+0	3,168991E+0
51,933333	2,516982E+0	3,256771E+0
52,000000	2,514393E+0	3,146419E+0
52,066667	2,516982E+0	3,126355E+0
52,133333	2,515040E+0	3,061147E+0
52,200000	2,515687E+0	2,860507E+0
52,266667	2,516335E+0	3,088735E+0
52,333333	2,516335E+0	3,133879E+0
52,400000	2,513098E+0	3,033559E+0
52,466667	2,515040E+0	3,123847E+0
52,533333	2,516982E+0	3,128863E+0
52,600000	2,513746E+0	3,166483E+0
52,666667	2,515687E+0	3,186547E+0
52,733333	2,516335E+0	3,174007E+0
52,800000	2,516982E+0	3,121339E+0
52,866667	2,515687E+0	3,201595E+0
52,933333	2,516335E+0	3,143911E+0
53,000000	2,514393E+0	3,121339E+0
53,066667	2,514393E+0	3,113815E+0
53,133333	2,515040E+0	3,056131E+0
53,200000	2,515687E+0	3,031051E+0
53,266667	2,516335E+0	3,284359E+0
53,333333	2,516335E+0	3,281851E+0
53,400000	2,516982E+0	3,276835E+0
53,466667	2,515040E+0	3,271819E+0
53,533333	2,516982E+0	3,181531E+0
53,600000	2,515687E+0	3,168991E+0
53,666667	2,513098E+0	3,221659E+0
53,733333	2,515687E+0	3,098767E+0
53,800000	2,513746E+0	2,863015E+0
53,866667	2,516335E+0	2,923207E+0
53,933333	2,515687E+0	2,888095E+0
54,000000	2,515687E+0	2,893111E+0
54,066667	2,513746E+0	2,953303E+0
54,133333	2,515687E+0	2,940763E+0
54,200000	2,516982E+0	2,905651E+0
54,266667	2,516982E+0	2,988415E+0
54,333333	2,513746E+0	2,970859E+0
54,400000	2,516982E+0	2,920699E+0
54,466667	2,515040E+0	2,968351E+0
54,533333	2,517629E+0	2,933239E+0
54,600000	2,516982E+0	2,935747E+0
54,666667	2,515687E+0	2,995939E+0
54,733333	2,513746E+0	2,923207E+0
54,800000	2,513746E+0	2,857999E+0
54,866667	2,515687E+0	2,938255E+0
54,933333	2,516982E+0	2,875555E+0
55,000000	2,515040E+0	2,742630E+0
55,066667	2,515687E+0	2,903143E+0
55,133333	2,515687E+0	2,863015E+0
55,200000	2,515687E+0	2,554530E+0
55,266667	2,515687E+0	2,514402E+0
55,333333	2,515040E+0	2,509386E+0
55,400000	2,513746E+0	2,567070E+0
55,466667	2,514393E+0	2,607198E+0
55,533333	2,516982E+0	2,597166E+0
55,600000	2,516335E+0	2,554530E+0
55,666667	2,516335E+0	2,649834E+0
55,733333	2,518276E+0	2,664882E+0
55,800000	2,513098E+0	2,684946E+0
55,866667	2,515687E+0	2,637294E+0
55,933333	2,516335E+0	2,612214E+0
56,000000	2,515687E+0	2,562054E+0
56,066667	2,513746E+0	2,612214E+0
56,133333	2,513098E+0	2,531958E+0
56,200000	2,516982E+0	2,479290E+0
56,266667	2,517629E+0	2,582118E+0
56,333333	2,516335E+0	2,514402E+0
56,400000	2,514393E+0	2,481798E+0
56,466667	2,513098E+0	2,559546E+0
56,533333	2,515687E+0	2,554530E+0
56,600000	2,514393E+0	2,469258E+0
56,666667	2,516982E+0	2,534466E+0
56,733333	2,516982E+0	2,567070E+0
56,800000	2,515687E+0	2,439162E+0
56,866667	2,513746E+0	2,481798E+0
56,933333	2,516982E+0	2,529450E+0
57,000000	2,515687E+0	2,459226E+0
57,066667	2,515040E+0	2,444178E+0
57,133333	2,515687E+0	2,529450E+0
57,200000	2,515687E+0	2,421606E+0
57,266667	2,516335E+0	2,394018E+0
57,333333	2,515687E+0	2,466750E+0
57,400000	2,515687E+0	2,429130E+0
57,466667	2,516335E+0	2,489322E+0
57,533333	2,515687E+0	2,559546E+0
57,600000	2,515687E+0	2,499354E+0
57,666667	2,515040E+0	2,559546E+0
57,733333	2,515687E+0	2,539482E+0
57,800000	2,513746E+0	2,506878E+0
57,866667	2,515040E+0	2,544498E+0
57,933333	2,514393E+0	2,521926E+0
58,000000	2,516982E+0	2,454210E+0
58,066667	2,513746E+0	2,521926E+0
58,133333	2,515040E+0	2,541990E+0
58,200000	2,515040E+0	2,499354E+0
58,266667	2,513746E+0	2,569578E+0
58,333333	2,514393E+0	2,536974E+0
58,400000	2,515040E+0	2,534466E+0
58,466667	2,515687E+0	2,657358E+0
58,533333	2,515040E+0	2,619738E+0
58,600000	2,516982E+0	2,622246E+0
58,666667	2,516982E+0	2,639802E+0
58,733333	2,515040E+0	2,579610E+0
58,800000	2,513746E+0	2,557038E+0
58,866667	2,514393E+0	2,529450E+0
58,933333	2,515687E+0	2,559546E+0
59,000000	2,515687E+0	2,414082E+0
59,066667	2,515040E+0	2,479290E+0
59,133333	2,516982E+0	2,499354E+0
59,200000	2,515687E+0	2,404050E+0
59,266667	2,516982E+0	2,449194E+0
59,333333	2,515687E+0	2,554530E+0
59,400000	2,513746E+0	2,524434E+0
59,466667	2,516335E+0	2,541990E+0
59,533333	2,513746E+0	2,629770E+0
59,600000	2,514393E+0	2,534466E+0
59,666667	2,516982E+0	2,582118E+0
59,733333	2,515687E+0	2,707518E+0
59,800000	2,515687E+0	2,684946E+0
59,866667	2,515687E+0	2,787775E+0
59,933333	2,515687E+0	2,765203E+0
60,000000	2,515040E+0	2,717550E+0
60,066667	2,515687E+0	2,757678E+0
60,133333	2,516982E+0	2,767711E+0
60,200000	2,515040E+0	2,679930E+0
60,266667	2,515687E+0	2,715042E+0
60,333333	2,515687E+0	2,727582E+0
60,400000	2,515040E+0	2,642310E+0
60,466667	2,514393E+0	2,689962E+0
60,533333	2,513098E+0	2,669898E+0
60,600000	2,513746E+0	2,607198E+0
60,666667	2,514393E+0	2,644818E+0
60,733333	2,516982E+0	2,639802E+0
60,800000	2,516982E+0	2,602182E+0
60,866667	2,515040E+0	2,664882E+0
60,933333	2,515040E+0	2,664882E+0
61,000000	2,513098E+0	2,609706E+0
61,066667	2,515687E+0	2,642310E+0
61,133333	2,515040E+0	2,674914E+0
61,200000	2,516335E+0	2,617230E+0
61,266667	2,515687E+0	2,632278E+0
61,333333	2,517629E+0	2,627262E+0
61,400000	2,515687E+0	2,541990E+0
61,466667	2,515687E+0	2,584626E+0
61,533333	2,513746E+0	2,627262E+0
61,600000	2,516335E+0	2,567070E+0
61,666667	2,515040E+0	2,617230E+0
61,733333	2,515040E+0	2,634786E+0
61,800000	2,515687E+0	2,559546E+0
61,866667	2,514393E+0	2,607198E+0
61,933333	2,516335E+0	2,599674E+0
62,000000	2,515040E+0	2,451702E+0
62,066667	2,514393E+0	2,496846E+0
62,133333	2,516982E+0	2,547006E+0
62,200000	2,515687E+0	2,489322E+0
62,266667	2,515687E+0	2,574594E+0
62,333333	2,513746E+0	2,529450E+0
62,400000	2,516335E+0	2,554530E+0
62,466667	2,516982E+0	2,634786E+0
62,533333	2,515687E+0	2,534466E+0
62,600000	2,516982E+0	2,557038E+0
62,666667	2,516982E+0	2,547006E+0
62,733333	2,515040E+0	2,494338E+0
62,800000	2,516335E+0	2,577102E+0
62,866667	2,513746E+0	2,584626E+0
62,933333	2,515040E+0	2,614722E+0
63,000000	2,515687E+0	2,499354E+0
63,066667	2,516335E+0	2,619738E+0
63,133333	2,516335E+0	2,644818E+0
63,200000	2,516335E+0	2,469258E+0
63,266667	2,515687E+0	2,622246E+0
63,333333	2,515040E+0	2,614722E+0
63,400000	2,516982E+0	2,574594E+0
63,466667	2,515687E+0	2,499354E+0
63,533333	2,514393E+0	2,509386E+0
63,600000	2,515687E+0	2,434146E+0
63,666667	2,515687E+0	2,494338E+0
63,733333	2,513098E+0	2,519418E+0
63,800000	2,515687E+0	2,464242E+0
63,866667	2,516335E+0	2,504370E+0
63,933333	2,516335E+0	2,506878E+0
64,000000	2,515687E+0	2,469258E+0
64,066667	2,515040E+0	2,499354E+0
64,133333	2,514393E+0	2,516910E+0
64,200000	2,514393E+0	2,459226E+0
64,266667	2,513098E+0	2,491830E+0
64,333333	2,515040E+0	2,506878E+0
64,400000	2,514393E+0	2,441670E+0
64,466667	2,514393E+0	2,464242E+0
64,533333	2,513746E+0	2,479290E+0
64,600000	2,517629E+0	2,451702E+0
64,666667	2,516335E+0	2,459226E+0
64,733333	2,516982E+0	2,474274E+0
64,800000	2,515687E+0	2,471766E+0
64,866667	2,515687E+0	2,499354E+0
64,933333	2,513098E+0	2,519418E+0
65,000000	2,515687E+0	2,459226E+0
65,066667	2,516335E+0	2,479290E+0
65,133333	2,515687E+0	2,499354E+0
65,200000	2,518276E+0	2,466750E+0
65,266667	2,516982E+0	2,501862E+0
65,333333	2,516982E+0	2,536974E+0
65,400000	2,516335E+0	2,489322E+0
65,466667	2,514393E+0	2,509386E+0
65,533333	2,515687E+0	2,509386E+0
65,600000	2,515040E+0	2,436654E+0
65,666667	2,515687E+0	2,461734E+0
65,733333	2,515687E+0	2,504370E+0
65,800000	2,513746E+0	2,456718E+0
65,866667	2,515687E+0	2,461734E+0
65,933333	2,515040E+0	2,496846E+0
66,000000	2,515687E+0	2,439162E+0
66,066667	2,515687E+0	2,446686E+0
66,133333	2,518276E+0	2,459226E+0
66,200000	2,515687E+0	2,411574E+0
66,266667	2,515687E+0	2,429130E+0
66,333333	2,513746E+0	2,426622E+0
66,400000	2,515040E+0	2,356398E+0
66,466667	2,513098E+0	2,376462E+0
66,533333	2,515040E+0	2,396526E+0
66,600000	2,516335E+0	2,346366E+0
66,666667	2,515687E+0	2,396526E+0
66,733333	2,515040E+0	2,409066E+0
66,800000	2,513746E+0	2,371446E+0
66,866667	2,515040E+0	2,389002E+0
66,933333	2,516335E+0	2,426622E+0
67,000000	2,515687E+0	2,373954E+0
67,066667	2,515687E+0	2,391510E+0
67,133333	2,516335E+0	2,419098E+0
67,200000	2,515687E+0	2,378970E+0
67,266667	2,516982E+0	2,401542E+0
67,333333	2,516982E+0	2,429130E+0
67,400000	2,515687E+0	2,386494E+0
67,466667	2,515687E+0	2,399034E+0
67,533333	2,516335E+0	2,439162E+0
67,600000	2,515040E+0	2,396526E+0
67,666667	2,516335E+0	2,421606E+0
67,733333	2,515040E+0	2,459226E+0
67,800000	2,515040E+0	2,391510E+0
67,866667	2,517629E+0	2,406558E+0
67,933333	2,514393E+0	2,436654E+0
68,000000	2,516335E+0	2,386494E+0
68,066667	2,516335E+0	2,389002E+0
68,133333	2,516335E+0	2,431638E+0
68,200000	2,515040E+0	2,406558E+0
68,266667	2,515687E+0	2,401542E+0
68,333333	2,515040E+0	2,429130E+0
68,400000	2,515687E+0	2,416590E+0
68,466667	2,516335E+0	2,409066E+0
68,533333	2,513746E+0	2,446686E+0
68,600000	2,515687E+0	2,368938E+0
68,666667	2,515040E+0	2,376462E+0
68,733333	2,515687E+0	2,401542E+0
68,800000	2,515687E+0	2,318778E+0
68,866667	2,515040E+0	2,348874E+0
68,933333	2,515040E+0	2,348874E+0
69,000000	2,515040E+0	2,278650E+0
69,066667	2,516335E+0	2,358906E+0
69,133333	2,516335E+0	2,313762E+0
69,200000	2,513746E+0	2,278650E+0
69,266667	2,515687E+0	2,331318E+0
69,333333	2,518276E+0	2,348874E+0
69,400000	2,515040E+0	2,276142E+0
69,466667	2,515040E+0	2,268618E+0
69,533333	2,516982E+0	2,333826E+0
69,600000	2,516335E+0	2,298714E+0
69,666667	2,515040E+0	2,268618E+0
69,733333	2,515687E+0	2,348874E+0
69,800000	2,516982E+0	2,318778E+0
69,866667	2,516335E+0	2,298714E+0
69,933333	2,515687E+0	2,348874E+0
70,000000	2,514393E+0	2,291190E+0
70,066667	2,515687E+0	2,316270E+0
70,133333	2,515687E+0	2,346366E+0
70,200000	2,515687E+0	2,293698E+0
70,266667	2,518276E+0	2,230998E+0
70,333333	2,516335E+0	2,271126E+0
70,400000	2,516335E+0	2,251062E+0
70,466667	2,513746E+0	2,273634E+0
70,533333	2,515687E+0	2,316270E+0
70,600000	2,515687E+0	2,266110E+0
70,666667	2,515040E+0	2,258586E+0
70,733333	2,515687E+0	2,248554E+0
70,800000	2,515687E+0	2,203410E+0
70,866667	2,515040E+0	2,178330E+0
70,933333	2,516335E+0	2,261094E+0
71,000000	2,515687E+0	2,218458E+0
71,066667	2,515040E+0	2,218458E+0
71,133333	2,515687E+0	2,251062E+0
71,200000	2,515687E+0	2,230998E+0
71,266667	2,513746E+0	2,210934E+0
71,333333	2,515687E+0	2,261094E+0
71,400000	2,515687E+0	2,238522E+0
71,466667	2,515687E+0	2,200902E+0
71,533333	2,515687E+0	2,263602E+0
71,600000	2,516982E+0	2,218458E+0
71,666667	2,516982E+0	2,193378E+0
71,733333	2,513098E+0	2,251062E+0
71,800000	2,515040E+0	2,220966E+0
71,866667	2,515040E+0	2,193378E+0
71,933333	2,516982E+0	2,256078E+0
72,000000	2,515687E+0	2,228490E+0
72,066667	2,515040E+0	2,218458E+0
72,133333	2,515040E+0	2,258586E+0
72,200000	2,515040E+0	2,243538E+0
72,266667	2,516335E+0	2,215950E+0
72,333333	2,516982E+0	2,263602E+0
72,400000	2,515040E+0	2,238522E+0
72,466667	2,516982E+0	2,203410E+0
72,533333	2,516982E+0	2,253570E+0
72,600000	2,515040E+0	2,225982E+0
72,666667	2,513098E+0	2,213442E+0
72,733333	2,515687E+0	2,238522E+0
72,800000	2,515687E+0	2,271126E+0
72,866667	2,516335E+0	2,180838E+0
72,933333	2,515687E+0	2,198394E+0
73,000000	2,515687E+0	2,225982E+0
73,066667	2,516335E+0	2,210934E+0
73,133333	2,517629E+0	2,243538E+0
73,200000	2,516335E+0	2,236014E+0
73,266667	2,515687E+0	2,215950E+0
73,333333	2,516982E+0	2,256078E+0
73,400000	2,513746E+0	2,286174E+0
73,466667	2,517629E+0	2,188362E+0
73,533333	2,516982E+0	2,238522E+0
73,600000	2,513746E+0	2,268618E+0
73,666667	2,517629E+0	2,205918E+0
73,733333	2,514393E+0	2,266110E+0
73,800000	2,516335E+0	2,273634E+0
73,866667	2,515040E+0	2,220966E+0
73,933333	2,515687E+0	2,263602E+0
74,000000	2,516982E+0	2,220966E+0
74,066667	2,513746E+0	2,173314E+0
74,133333	2,516982E+0	2,233506E+0
74,200000	2,514393E+0	2,241030E+0
74,266667	2,516982E+0	2,208426E+0
74,333333	2,516335E+0	2,228490E+0
74,400000	2,516335E+0	2,218458E+0
74,466667	2,516982E+0	2,175822E+0
74,533333	2,516982E+0	2,188362E+0
74,600000	2,516335E+0	2,208426E+0
74,666667	2,515687E+0	2,190870E+0
74,733333	2,515687E+0	2,253570E+0
74,800000	2,516982E+0	2,251062E+0
74,866667	2,515687E+0	2,223474E+0
74,933333	2,516335E+0	2,268618E+0
75,000000	2,513098E+0	2,291190E+0
75,066667	2,515687E+0	2,233506E+0
75,133333	2,515687E+0	2,308746E+0
75,200000	2,515040E+0	2,308746E+0
75,266667	2,515687E+0	2,248554E+0
75,333333	2,516335E+0	2,281158E+0
75,400000	2,515687E+0	2,306238E+0
75,466667	2,514393E+0	2,263602E+0
75,533333	2,516982E+0	2,301222E+0
75,600000	2,515687E+0	2,333826E+0
75,666667	2,516335E+0	2,286174E+0
75,733333	2,516982E+0	2,308746E+0
75,800000	2,515687E+0	2,278650E+0
75,866667	2,513098E+0	2,258586E+0
75,933333	2,516335E+0	2,263602E+0
76,000000	2,516335E+0	2,301222E+0
76,066667	2,515687E+0	2,253570E+0
76,133333	2,515040E+0	2,278650E+0
76,200000	2,515687E+0	2,293698E+0
76,266667	2,515040E+0	2,251062E+0
76,333333	2,515687E+0	2,306238E+0
76,400000	2,514393E+0	2,303730E+0
76,466667	2,518276E+0	2,258586E+0
76,533333	2,517629E+0	2,293698E+0
76,600000	2,515687E+0	2,316270E+0
76,666667	2,515687E+0	2,238522E+0
76,733333	2,516982E+0	2,286174E+0
76,800000	2,515687E+0	2,293698E+0
76,866667	2,516982E+0	2,236014E+0
76,933333	2,518276E+0	2,268618E+0
77,000000	2,516335E+0	2,273634E+0
77,066667	2,515687E+0	2,238522E+0
77,133333	2,513746E+0	2,225982E+0
77,200000	2,515040E+0	2,238522E+0
77,266667	2,516982E+0	2,205918E+0
77,333333	2,515687E+0	2,241030E+0
77,400000	2,515687E+0	2,281158E+0
77,466667	2,515687E+0	2,218458E+0
77,533333	2,514393E+0	2,238522E+0
77,600000	2,514393E+0	2,246046E+0
77,666667	2,515687E+0	2,248554E+0
77,733333	2,516335E+0	2,225982E+0
77,800000	2,514393E+0	2,273634E+0
77,866667	2,515687E+0	2,421606E+0
77,933333	2,515040E+0	2,411574E+0
78,000000	2,516335E+0	2,424114E+0
78,066667	2,515687E+0	2,368938E+0
78,133333	2,515687E+0	2,396526E+0
78,200000	2,516335E+0	2,409066E+0
78,266667	2,515687E+0	2,358906E+0
78,333333	2,513746E+0	2,376462E+0
78,400000	2,516982E+0	2,383986E+0
78,466667	2,515687E+0	2,338842E+0
78,533333	2,516335E+0	2,346366E+0
78,600000	2,516982E+0	2,358906E+0
78,666667	2,516335E+0	2,331318E+0
78,733333	2,513098E+0	2,348874E+0
78,800000	2,515687E+0	2,378970E+0
78,866667	2,515687E+0	2,328810E+0
78,933333	2,514393E+0	2,358906E+0
79,000000	2,513746E+0	2,366430E+0
79,066667	2,513098E+0	2,351382E+0
79,133333	2,516982E+0	2,343858E+0
79,200000	2,515040E+0	2,368938E+0
79,266667	2,513746E+0	2,288682E+0
79,333333	2,517629E+0	2,313762E+0
79,400000	2,515687E+0	2,368938E+0
79,466667	2,515040E+0	2,353890E+0
79,533333	2,517629E+0	2,288682E+0
79,600000	2,515687E+0	2,336334E+0
79,666667	2,516982E+0	2,256078E+0
79,733333	2,516335E+0	2,318778E+0
79,800000	2,515040E+0	2,348874E+0
79,866667	2,515687E+0	2,296206E+0
79,933333	2,515687E+0	2,296206E+0
80,000000	2,515040E+0	2,298714E+0
80,066667	2,513746E+0	2,286174E+0
80,133333	2,515687E+0	2,301222E+0
80,200000	2,515687E+0	2,356398E+0
80,266667	2,516982E+0	2,286174E+0
80,333333	2,516335E+0	2,308746E+0
80,400000	2,513746E+0	2,333826E+0
80,466667	2,515040E+0	2,253570E+0
80,533333	2,513746E+0	2,258586E+0
80,600000	2,516335E+0	2,291190E+0
80,666667	2,516335E+0	2,293698E+0
80,733333	2,515687E+0	2,286174E+0
80,800000	2,513746E+0	2,363922E+0
80,866667	2,515040E+0	2,268618E+0
80,933333	2,515040E+0	2,251062E+0
81,000000	2,513746E+0	2,318778E+0
81,066667	2,515687E+0	2,271126E+0
81,133333	2,516335E+0	2,308746E+0
81,200000	2,516982E+0	2,326302E+0
81,266667	2,515040E+0	2,271126E+0
81,333333	2,514393E+0	2,321286E+0
81,400000	2,516335E+0	2,348874E+0
81,466667	2,513746E+0	2,288682E+0
81,533333	2,515687E+0	2,288682E+0
81,600000	2,513098E+0	2,333826E+0
81,666667	2,515687E+0	2,288682E+0
81,733333	2,515687E+0	2,276142E+0
81,800000	2,515687E+0	2,336334E+0
81,866667	2,515687E+0	2,258586E+0
81,933333	2,515687E+0	2,241030E+0
82,000000	2,515687E+0	2,268618E+0
82,066667	2,513098E+0	2,200902E+0
82,133333	2,515687E+0	2,243538E+0
82,200000	2,515040E+0	2,246046E+0
82,266667	2,515687E+0	2,190870E+0
82,333333	2,515687E+0	2,213442E+0
82,400000	2,515687E+0	2,218458E+0
82,466667	2,515040E+0	2,190870E+0
82,533333	2,515687E+0	2,205918E+0
82,600000	2,516335E+0	2,233506E+0
82,666667	2,515687E+0	2,180838E+0
82,733333	2,515687E+0	2,175822E+0
82,800000	2,516982E+0	2,195886E+0
82,866667	2,515040E+0	2,148234E+0
82,933333	2,515040E+0	2,205918E+0
83,000000	2,515040E+0	2,246046E+0
83,066667	2,516982E+0	2,165790E+0
83,133333	2,515687E+0	2,203410E+0
83,200000	2,516335E+0	2,230998E+0
83,266667	2,513746E+0	2,183346E+0
83,333333	2,515040E+0	2,178330E+0
83,400000	2,515687E+0	2,215950E+0
83,466667	2,515687E+0	2,168298E+0
83,533333	2,514393E+0	2,188362E+0
83,600000	2,514393E+0	2,228490E+0
83,666667	2,515687E+0	2,163282E+0
83,733333	2,513746E+0	2,183346E+0
83,800000	2,515687E+0	2,228490E+0
83,866667	2,515040E+0	2,173314E+0
83,933333	2,515687E+0	2,198394E+0
84,000000	2,515040E+0	2,220966E+0
84,066667	2,515687E+0	2,165790E+0
84,133333	2,513746E+0	2,173314E+0
84,200000	2,513746E+0	2,223474E+0
84,266667	2,516982E+0	2,168298E+0
84,333333	2,515687E+0	2,183346E+0
84,400000	2,515687E+0	2,225982E+0
84,466667	2,515040E+0	2,185854E+0
84,533333	2,516335E+0	2,208426E+0
84,600000	2,515040E+0	2,230998E+0
84,666667	2,515040E+0	2,153250E+0
84,733333	2,515040E+0	2,188362E+0
84,800000	2,515687E+0	2,233506E+0
84,866667	2,516982E+0	2,208426E+0
84,933333	2,515687E+0	2,233506E+0
85,000000	2,513746E+0	2,278650E+0
85,066667	2,515687E+0	2,228490E+0
85,133333	2,515687E+0	2,243538E+0
85,200000	2,515040E+0	2,278650E+0
85,266667	2,515687E+0	2,200902E+0
85,333333	2,514393E+0	2,241030E+0
85,400000	2,517629E+0	2,258586E+0
85,466667	2,515687E+0	2,230998E+0
85,533333	2,515040E+0	2,281158E+0
85,600000	2,515687E+0	2,288682E+0
85,666667	2,516335E+0	2,223474E+0
85,733333	2,515687E+0	2,281158E+0
85,800000	2,514393E+0	2,306238E+0
85,866667	2,515687E+0	2,271126E+0
85,933333	2,517629E+0	2,301222E+0
86,000000	2,515040E+0	2,328810E+0
86,066667	2,516982E+0	2,256078E+0
86,133333	2,515687E+0	2,288682E+0
86,200000	2,516982E+0	2,283666E+0
86,266667	2,514393E+0	2,256078E+0
86,333333	2,513098E+0	2,266110E+0
86,400000	2,515687E+0	2,288682E+0
86,466667	2,516335E+0	2,241030E+0
86,533333	2,515040E+0	2,278650E+0
86,600000	2,516335E+0	2,316270E+0
86,666667	2,514393E+0	2,258586E+0
86,733333	2,513746E+0	2,286174E+0
86,800000	2,516982E+0	2,286174E+0
86,866667	2,516335E+0	2,228490E+0
86,933333	2,513746E+0	2,268618E+0
87,000000	2,515040E+0	2,303730E+0
87,066667	2,515040E+0	2,283666E+0
87,133333	2,515687E+0	2,303730E+0
87,200000	2,513746E+0	2,318778E+0
87,266667	2,516335E+0	2,278650E+0
87,333333	2,515687E+0	2,318778E+0
87,400000	2,515687E+0	2,336334E+0
87,466667	2,515687E+0	2,253570E+0
87,533333	2,515040E+0	2,281158E+0
87,600000	2,515687E+0	2,313762E+0
87,666667	2,515687E+0	2,266110E+0
87,733333	2,515040E+0	2,291190E+0
87,800000	2,516335E+0	2,321286E+0
87,866667	2,513746E+0	2,261094E+0
87,933333	2,515040E+0	2,286174E+0
88,000000	2,516335E+0	2,318778E+0
88,066667	2,515040E+0	2,210934E+0
88,133333	2,515040E+0	2,236014E+0
88,200000	2,517629E+0	2,248554E+0
88,266667	2,516982E+0	2,210934E+0
88,333333	2,514393E+0	2,238522E+0
88,400000	2,515687E+0	2,268618E+0
88,466667	2,517629E+0	2,233506E+0
88,533333	2,515040E+0	2,266110E+0
88,600000	2,515040E+0	2,338842E+0
88,666667	2,514393E+0	2,253570E+0
88,733333	2,513746E+0	2,278650E+0
88,800000	2,515040E+0	2,306238E+0
88,866667	2,516982E+0	2,258586E+0
88,933333	2,515687E+0	2,326302E+0
89,000000	2,515687E+0	2,321286E+0
89,066667	2,514393E+0	2,233506E+0
89,133333	2,513098E+0	2,261094E+0
89,200000	2,515687E+0	2,271126E+0
89,266667	2,515687E+0	2,238522E+0
89,333333	2,516982E+0	2,278650E+0
89,400000	2,516335E+0	2,348874E+0
89,466667	2,516982E+0	2,281158E+0
89,533333	2,515687E+0	2,323794E+0
89,600000	2,515687E+0	2,346366E+0
89,666667	2,515040E+0	2,296206E+0
89,733333	2,516982E+0	2,333826E+0
89,800000	2,516982E+0	2,336334E+0
89,866667	2,516335E+0	2,316270E+0
89,933333	2,515687E+0	2,298714E+0
90,000000	2,515687E+0	2,328810E+0
90,066667	2,515687E+0	2,308746E+0
90,133333	2,515687E+0	2,303730E+0
90,200000	2,516982E+0	2,386494E+0
90,266667	2,514393E+0	2,296206E+0
90,333333	2,515040E+0	2,323794E+0
90,400000	2,513098E+0	2,358906E+0
90,466667	2,516335E+0	2,281158E+0
90,533333	2,516982E+0	2,316270E+0
90,600000	2,515040E+0	2,323794E+0
90,666667	2,513746E+0	2,271126E+0
90,733333	2,516982E+0	2,361414E+0
90,800000	2,516982E+0	2,316270E+0
90,866667	2,516335E+0	2,293698E+0
90,933333	2,515040E+0	2,313762E+0
91,000000	2,513746E+0	2,318778E+0
91,066667	2,515687E+0	2,233506E+0
91,133333	2,516982E+0	2,276142E+0
91,200000	2,516335E+0	2,293698E+0
91,266667	2,514393E+0	2,198394E+0
91,333333	2,513746E+0	2,253570E+0
91,400000	2,515687E+0	2,263602E+0
91,466667	2,516335E+0	2,228490E+0
91,533333	2,516335E+0	2,258586E+0
91,600000	2,515687E+0	2,271126E+0
91,666667	2,515040E+0	2,248554E+0
91,733333	2,515687E+0	2,218458E+0
91,800000	2,516982E+0	2,266110E+0
91,866667	2,517629E+0	2,215950E+0
91,933333	2,513746E+0	2,200902E+0
92,000000	2,515040E+0	2,318778E+0
92,066667	2,514393E+0	2,258586E+0
92,133333	2,514393E+0	2,316270E+0
92,200000	2,515687E+0	2,326302E+0
92,266667	2,515687E+0	2,241030E+0
92,333333	2,517629E+0	2,241030E+0
92,400000	2,516335E+0	2,263602E+0
92,466667	2,516335E+0	2,238522E+0
92,533333	2,515040E+0	2,283666E+0
92,600000	2,513746E+0	2,301222E+0
92,666667	2,515687E+0	2,363922E+0
92,733333	2,513746E+0	2,356398E+0
92,800000	2,516982E+0	2,361414E+0
92,866667	2,515687E+0	2,328810E+0
92,933333	2,515687E+0	2,268618E+0
93,000000	2,513746E+0	2,286174E+0
93,066667	2,516335E+0	2,180838E+0
93,133333	2,516335E+0	2,230998E+0
93,200000	2,516982E+0	2,278650E+0
93,266667	2,515687E+0	2,263602E+0
93,333333	2,513098E+0	2,298714E+0
93,400000	2,514393E+0	2,321286E+0
93,466667	2,515687E+0	2,258586E+0
93,533333	2,515687E+0	2,308746E+0
93,600000	2,515687E+0	2,318778E+0
93,666667	2,515687E+0	2,373954E+0
93,733333	2,515687E+0	2,416590E+0
93,800000	2,514393E+0	2,459226E+0
93,866667	2,515687E+0	2,373954E+0
93,933333	2,513746E+0	2,366430E+0
94,000000	2,513746E+0	2,419098E+0
94,066667	2,513746E+0	2,358906E+0
94,133333	2,514393E+0	2,376462E+0
94,200000	2,516982E+0	2,401542E+0
94,266667	2,515687E+0	2,281158E+0
94,333333	2,513746E+0	2,278650E+0
94,400000	2,514393E+0	2,200902E+0
94,466667	2,515687E+0	2,238522E+0
94,533333	2,515040E+0	2,230998E+0
94,600000	2,515040E+0	2,293698E+0
94,666667	2,516982E+0	2,153250E+0
94,733333	2,515687E+0	2,200902E+0
94,800000	2,515040E+0	2,241030E+0
94,866667	2,516982E+0	2,203410E+0
94,933333	2,516982E+0	2,303730E+0
95,000000	2,515040E+0	2,338842E+0
95,066667	2,515687E+0	2,230998E+0
95,133333	2,515687E+0	2,298714E+0
95,200000	2,516982E+0	2,296206E+0
95,266667	2,515687E+0	2,253570E+0
95,333333	2,513746E+0	2,271126E+0
95,400000	2,514393E+0	2,298714E+0
95,466667	2,515040E+0	2,268618E+0
95,533333	2,513098E+0	2,318778E+0
95,600000	2,515040E+0	2,298714E+0
95,666667	2,515687E+0	2,298714E+0
95,733333	2,516982E+0	2,251062E+0
95,800000	2,515040E+0	2,401542E+0
95,866667	2,515040E+0	2,213442E+0
95,933333	2,515687E+0	2,383986E+0
96,000000	2,515040E+0	2,434146E+0
96,066667	2,515687E+0	2,409066E+0
96,133333	2,515040E+0	2,446686E+0
96,200000	2,515040E+0	2,454210E+0
96,266667	2,515687E+0	2,276142E+0
96,333333	2,515687E+0	2,366430E+0
96,400000	2,516335E+0	2,421606E+0
96,466667	2,516982E+0	2,328810E+0
96,533333	2,516982E+0	2,391510E+0
96,600000	2,514393E+0	2,411574E+0
96,666667	2,515687E+0	2,389002E+0
96,733333	2,515687E+0	2,409066E+0
96,800000	2,516982E+0	2,456718E+0
96,866667	2,515687E+0	2,399034E+0
96,933333	2,515040E+0	2,389002E+0
97,000000	2,515687E+0	2,429130E+0
97,066667	2,515040E+0	2,394018E+0
97,133333	2,515040E+0	2,373954E+0
97,200000	2,515687E+0	2,451702E+0
97,266667	2,516982E+0	2,389002E+0
97,333333	2,514393E+0	2,333826E+0
97,400000	2,515040E+0	2,371446E+0
97,466667	2,511157E+0	2,318778E+0
97,533333	2,515687E+0	2,288682E+0
97,600000	2,515040E+0	2,333826E+0
97,666667	2,515687E+0	2,251062E+0
97,733333	2,515687E+0	2,268618E+0
97,800000	2,515687E+0	2,363922E+0
97,866667	2,515040E+0	2,346366E+0
97,933333	2,515040E+0	2,333826E+0
98,000000	2,513746E+0	2,381478E+0
98,066667	2,513746E+0	2,391510E+0
98,133333	2,515687E+0	2,419098E+0
98,200000	2,516335E+0	2,464242E+0
98,266667	2,516982E+0	2,396526E+0
98,333333	2,515687E+0	2,394018E+0
98,400000	2,516335E+0	2,439162E+0
98,466667	2,513098E+0	2,363922E+0
98,533333	2,515687E+0	2,358906E+0
98,600000	2,516335E+0	2,414082E+0
98,666667	2,515040E+0	2,348874E+0
98,733333	2,515687E+0	2,346366E+0
98,800000	2,513746E+0	2,409066E+0
98,866667	2,513746E+0	2,363922E+0
98,933333	2,515040E+0	2,373954E+0
99,000000	2,515687E+0	2,439162E+0
99,066667	2,516335E+0	2,358906E+0
99,133333	2,515687E+0	2,328810E+0
99,200000	2,516335E+0	2,358906E+0
99,266667	2,513098E+0	2,291190E+0
99,333333	2,516335E+0	2,263602E+0
99,400000	2,515687E+0	2,268618E+0
99,466667	2,517629E+0	2,326302E+0
99,533333	2,515040E+0	2,258586E+0
99,600000	2,516335E+0	2,313762E+0
99,666667	2,515687E+0	2,328810E+0
99,733333	2,515040E+0	2,326302E+0
99,800000	2,516335E+0	2,361414E+0
99,866667	2,516982E+0	2,323794E+0
99,933333	2,513098E+0	2,230998E+0
100,000000	2,514393E+0	2,296206E+0
100,066667	2,515687E+0	2,253570E+0
100,133333	2,516982E+0	2,225982E+0
100,200000	2,515040E+0	2,230998E+0
100,266667	2,515687E+0	2,200902E+0
100,333333	2,515687E+0	2,193378E+0
100,400000	2,513746E+0	2,293698E+0
100,466667	2,515687E+0	2,090550E+0
100,533333	2,516335E+0	2,193378E+0
100,600000	2,515040E+0	2,238522E+0
100,666667	2,513746E+0	2,213442E+0
100,733333	2,513098E+0	2,158266E+0
100,800000	2,513746E+0	2,200902E+0
100,866667	2,516982E+0	2,138202E+0
100,933333	2,515687E+0	2,120646E+0
101,000000	2,516982E+0	2,168298E+0
101,066667	2,516982E+0	2,188362E+0
101,133333	2,516982E+0	2,138202E+0
101,200000	2,516335E+0	2,195886E+0
101,266667	2,516982E+0	2,190870E+0
101,333333	2,515687E+0	2,148234E+0
101,400000	2,515687E+0	2,215950E+0
101,466667	2,515687E+0	2,108106E+0
101,533333	2,513746E+0	2,057946E+0
101,600000	2,515040E+0	2,218458E+0
101,666667	2,516982E+0	2,160774E+0
101,733333	2,516335E+0	2,130678E+0
101,800000	2,515040E+0	2,193378E+0
101,866667	2,518276E+0	2,205918E+0
101,933333	2,513746E+0	2,266110E+0
102,000000	2,513746E+0	2,301222E+0
102,066667	2,515687E+0	2,233506E+0
102,133333	2,516335E+0	2,213442E+0
102,200000	2,515040E+0	2,251062E+0
102,266667	2,515687E+0	2,208426E+0
102,333333	2,516335E+0	2,180838E+0
102,400000	2,515687E+0	2,133186E+0
102,466667	2,516335E+0	2,163282E+0
102,533333	2,516335E+0	2,123154E+0
102,600000	2,514393E+0	2,143218E+0
102,666667	2,513746E+0	2,185854E+0
102,733333	2,515687E+0	2,103090E+0
102,800000	2,515687E+0	2,158266E+0
102,866667	2,514393E+0	2,138202E+0
102,933333	2,516982E+0	2,098074E+0
103,000000	2,516335E+0	2,140710E+0
103,066667	2,515040E+0	2,125662E+0
103,133333	2,515687E+0	2,080518E+0
103,200000	2,515687E+0	2,098074E+0
103,266667	2,516982E+0	2,128170E+0
103,333333	2,515687E+0	2,145726E+0
103,400000	2,515040E+0	2,165790E+0
103,466667	2,513746E+0	2,158266E+0
103,533333	2,515687E+0	2,125662E+0
103,600000	2,515687E+0	2,180838E+0
103,666667	2,515687E+0	2,145726E+0
103,733333	2,513746E+0	2,118138E+0
103,800000	2,515040E+0	2,173314E+0
103,866667	2,515687E+0	2,105598E+0
103,933333	2,516982E+0	2,060454E+0
104,000000	2,515687E+0	2,110614E+0
104,066667	2,515687E+0	2,067978E+0
104,133333	2,515687E+0	2,040390E+0
104,200000	2,516982E+0	2,085534E+0
104,266667	2,514393E+0	2,093058E+0
104,333333	2,513746E+0	2,035374E+0
104,400000	2,515040E+0	2,095566E+0
104,466667	2,516982E+0	2,163282E+0
104,533333	2,515040E+0	2,135694E+0
104,600000	2,516335E+0	1,972674E+0
104,666667	2,513746E+0	1,774542E+0
104,733333	2,515040E+0	1,741938E+0
104,800000	2,515687E+0	1,777050E+0
104,866667	2,513746E+0	1,772034E+0
104,933333	2,516335E+0	1,744446E+0
105,000000	2,514393E+0	1,787082E+0
105,066667	2,514393E+0	1,784574E+0
105,133333	2,513746E+0	1,792098E+0
105,200000	2,515687E+0	1,772034E+0
105,266667	2,516335E+0	1,774542E+0
105,333333	2,514393E+0	1,734414E+0
105,400000	2,515687E+0	1,787082E+0
105,466667	2,515040E+0	1,787082E+0
105,533333	2,517629E+0	1,746954E+0
105,600000	2,516335E+0	1,802130E+0
105,666667	2,516335E+0	1,782066E+0
105,733333	2,516982E+0	1,744446E+0
105,800000	2,515687E+0	1,794606E+0
105,866667	2,516982E+0	1,797114E+0
105,933333	2,515040E+0	1,749462E+0
106,000000	2,516335E+0	1,814670E+0
106,066667	2,513746E+0	1,802130E+0
106,133333	2,516335E+0	1,764510E+0
106,200000	2,516982E+0	1,814670E+0
106,266667	2,517629E+0	1,814670E+0
106,333333	2,515687E+0	1,764510E+0
106,400000	2,515687E+0	1,837242E+0
106,466667	2,516335E+0	1,842258E+0
106,533333	2,516982E+0	1,797114E+0
106,600000	2,515687E+0	1,849782E+0
106,666667	2,515687E+0	1,847274E+0
106,733333	2,515687E+0	1,794606E+0
106,800000	2,515687E+0	1,847274E+0
106,866667	2,516982E+0	1,832226E+0
106,933333	2,513746E+0	1,794606E+0
107,000000	2,514393E+0	1,832226E+0
107,066667	2,515687E+0	1,847274E+0
107,133333	2,515040E+0	1,784574E+0
107,200000	2,515687E+0	1,832226E+0
107,266667	2,515040E+0	1,857306E+0
107,333333	2,515040E+0	1,804638E+0
107,400000	2,515040E+0	1,857306E+0
107,466667	2,516982E+0	1,864830E+0
107,533333	2,515040E+0	1,814670E+0
107,600000	2,516335E+0	1,859814E+0
107,666667	2,515687E+0	1,867338E+0
107,733333	2,514393E+0	1,814670E+0
107,800000	2,515040E+0	1,854798E+0
107,866667	2,515687E+0	1,857306E+0
107,933333	2,515687E+0	1,819686E+0
108,000000	2,515687E+0	1,849782E+0
108,066667	2,515040E+0	1,857306E+0
108,133333	2,515687E+0	1,804638E+0
108,200000	2,515687E+0	1,859814E+0
108,266667	2,515687E+0	1,867338E+0
108,333333	2,515687E+0	2,088042E+0
108,400000	2,516982E+0	2,198394E+0
108,466667	2,516982E+0	2,236014E+0
108,533333	2,515687E+0	2,198394E+0
108,600000	2,515040E+0	2,246046E+0
108,666667	2,513098E+0	2,261094E+0
108,733333	2,516335E+0	2,230998E+0
108,800000	2,513098E+0	2,281158E+0
108,866667	2,516982E+0	2,276142E+0
108,933333	2,515687E+0	2,241030E+0
109,000000	2,515687E+0	2,286174E+0
109,066667	2,518276E+0	2,286174E+0
109,133333	2,516335E+0	2,256078E+0
109,200000	2,513746E+0	2,291190E+0
109,266667	2,513746E+0	2,301222E+0
109,333333	2,515687E+0	2,268618E+0
109,400000	2,515040E+0	2,298714E+0
109,466667	2,515687E+0	2,293698E+0
109,533333	2,516335E+0	2,238522E+0
109,600000	2,515687E+0	2,271126E+0
109,666667	2,515687E+0	2,298714E+0
109,733333	2,515687E+0	2,253570E+0
109,800000	2,516335E+0	2,278650E+0
109,866667	2,515040E+0	2,278650E+0
109,933333	2,516335E+0	2,233506E+0
110,000000	2,516335E+0	2,313762E+0
110,066667	2,516335E+0	2,301222E+0
110,133333	2,516982E+0	2,253570E+0
110,200000	2,516982E+0	2,296206E+0
110,266667	2,513746E+0	2,313762E+0
110,333333	2,515687E+0	2,251062E+0
110,400000	2,516335E+0	2,298714E+0
110,466667	2,514393E+0	2,318778E+0
110,533333	2,516982E+0	2,258586E+0
110,600000	2,516335E+0	2,293698E+0
110,666667	2,515687E+0	2,308746E+0
110,733333	2,515687E+0	2,268618E+0
110,800000	2,515687E+0	2,298714E+0
110,866667	2,514393E+0	2,308746E+0
110,933333	2,513746E+0	2,258586E+0
111,000000	2,515040E+0	2,298714E+0
111,066667	2,515687E+0	2,301222E+0
111,133333	2,513746E+0	2,243538E+0
111,200000	2,518276E+0	2,283666E+0
111,266667	2,517629E+0	2,296206E+0
111,333333	2,513746E+0	2,233506E+0
111,400000	2,516335E+0	2,286174E+0
111,466667	2,513746E+0	2,291190E+0
111,533333	2,515687E+0	2,238522E+0
111,600000	2,516982E+0	2,278650E+0
111,666667	2,515687E+0	2,286174E+0
111,733333	2,516335E+0	2,233506E+0
111,800000	2,514393E+0	2,253570E+0
111,866667	2,515687E+0	2,261094E+0
111,933333	2,516982E+0	2,205918E+0
112,000000	2,516335E+0	2,246046E+0
112,066667	2,516982E+0	2,253570E+0
112,133333	2,516982E+0	2,210934E+0
112,200000	2,514393E+0	2,253570E+0
112,266667	2,515687E+0	2,271126E+0
112,333333	2,516335E+0	2,210934E+0
112,400000	2,514393E+0	2,256078E+0
112,466667	2,513746E+0	2,268618E+0
112,533333	2,513098E+0	2,228490E+0
112,600000	2,515687E+0	2,276142E+0
112,666667	2,515687E+0	2,293698E+0
112,733333	2,513746E+0	2,236014E+0
112,800000	2,513746E+0	2,286174E+0
112,866667	2,513746E+0	2,296206E+0
112,933333	2,515687E+0	2,241030E+0
113,000000	2,516335E+0	2,288682E+0
113,066667	2,515040E+0	2,308746E+0
113,133333	2,516982E+0	2,258586E+0
113,200000	2,517629E+0	2,298714E+0
113,266667	2,513746E+0	2,303730E+0
113,333333	2,516335E+0	2,253570E+0
113,400000	2,516335E+0	2,303730E+0
113,466667	2,516335E+0	2,306238E+0
113,533333	2,515040E+0	2,268618E+0
113,600000	2,516982E+0	2,296206E+0
113,666667	2,513098E+0	2,301222E+0
113,733333	2,516982E+0	2,251062E+0
113,800000	2,515687E+0	2,293698E+0
113,866667	2,516335E+0	2,301222E+0
113,933333	2,515040E+0	2,261094E+0
114,000000	2,513746E+0	2,306238E+0
114,066667	2,515687E+0	2,313762E+0
114,133333	2,516982E+0	2,261094E+0
114,200000	2,516335E+0	2,303730E+0
114,266667	2,516982E+0	2,311254E+0
114,333333	2,515687E+0	2,261094E+0
114,400000	2,515040E+0	2,316270E+0
114,466667	2,515687E+0	2,318778E+0
114,533333	2,513746E+0	2,261094E+0
114,600000	2,516335E+0	2,318778E+0
114,666667	2,516335E+0	2,326302E+0
114,733333	2,515687E+0	2,271126E+0
114,800000	2,515040E+0	2,296206E+0
114,866667	2,515687E+0	2,296206E+0
114,933333	2,515687E+0	2,253570E+0
115,000000	2,513098E+0	2,293698E+0
115,066667	2,516982E+0	2,293698E+0
115,133333	2,514393E+0	2,248554E+0
115,200000	2,515687E+0	2,291190E+0
115,266667	2,515687E+0	2,303730E+0
115,333333	2,516335E+0	2,246046E+0
115,400000	2,515687E+0	2,298714E+0
115,466667	2,515687E+0	2,288682E+0
115,533333	2,515687E+0	2,246046E+0
115,600000	2,514393E+0	2,296206E+0
115,666667	2,515687E+0	2,293698E+0
115,733333	2,515687E+0	2,246046E+0
115,800000	2,515687E+0	2,296206E+0
115,866667	2,515687E+0	2,298714E+0
115,933333	2,513746E+0	2,256078E+0
116,000000	2,515687E+0	2,291190E+0
116,066667	2,515040E+0	2,286174E+0
116,133333	2,513746E+0	2,248554E+0
116,200000	2,516335E+0	2,283666E+0
116,266667	2,515687E+0	2,291190E+0
116,333333	2,515687E+0	2,243538E+0
116,400000	2,518276E+0	2,288682E+0
116,466667	2,515687E+0	2,291190E+0
116,533333	2,515687E+0	2,266110E+0
116,600000	2,515687E+0	2,296206E+0
116,666667	2,515040E+0	2,291190E+0
116,733333	2,515040E+0	2,253570E+0
116,800000	2,516335E+0	2,288682E+0
116,866667	2,517629E+0	2,273634E+0
116,933333	2,515040E+0	2,220966E+0
117,000000	2,517629E+0	2,271126E+0
117,066667	2,516335E+0	2,281158E+0
117,133333	2,515687E+0	2,238522E+0
117,200000	2,516335E+0	2,268618E+0
117,266667	2,516335E+0	2,278650E+0
117,333333	2,515040E+0	2,225982E+0
117,400000	2,516335E+0	2,268618E+0
117,466667	2,515687E+0	2,276142E+0
117,533333	2,516982E+0	2,233506E+0
117,600000	2,515687E+0	2,281158E+0
117,666667	2,516982E+0	2,271126E+0
117,733333	2,513746E+0	2,220966E+0
117,800000	2,513746E+0	2,253570E+0
117,866667	2,515687E+0	2,278650E+0
117,933333	2,516982E+0	2,218458E+0
118,000000	2,516982E+0	2,258586E+0
118,066667	2,515040E+0	2,253570E+0
118,133333	2,515687E+0	2,218458E+0
118,200000	2,513746E+0	2,261094E+0
118,266667	2,515687E+0	2,278650E+0
118,333333	2,515040E+0	2,233506E+0
118,400000	2,515040E+0	2,258586E+0
118,466667	2,517629E+0	2,241030E+0
118,533333	2,516982E+0	2,233506E+0
118,600000	2,516982E+0	2,268618E+0
118,666667	2,515687E+0	2,258586E+0
118,733333	2,514393E+0	2,230998E+0
118,800000	2,516335E+0	2,268618E+0
118,866667	2,516335E+0	2,266110E+0
118,933333	2,515687E+0	2,198394E+0
119,000000	2,514393E+0	2,218458E+0
119,066667	2,518276E+0	2,218458E+0
119,133333	2,517629E+0	2,158266E+0
119,200000	2,516982E+0	2,241030E+0
119,266667	2,515040E+0	2,228490E+0
119,333333	2,516335E+0	2,198394E+0
119,400000	2,513746E+0	2,253570E+0
119,466667	2,513746E+0	2,268618E+0
119,533333	2,516335E+0	2,220966E+0
119,600000	2,515040E+0	2,263602E+0
119,666667	2,515687E+0	2,256078E+0
119,733333	2,516335E+0	2,233506E+0
119,800000	2,513746E+0	2,253570E+0
119,866667	2,515687E+0	2,225982E+0
119,933333	2,516335E+0	2,160774E+0
120,000000	2,515040E+0	2,213442E+0

