date/time: ,29/11/2019,12:01 p.m.
Run 1

time	(V)	(V)
0,000000	2,585588E+0	5,707007E-1
0,066667	2,585588E+0	5,932727E-1
0,133333	2,585588E+0	6,158447E-1
0,200000	2,588177E+0	6,710208E-1
0,266667	2,592708E+0	6,634968E-1
0,333333	2,595944E+0	6,534648E-1
0,400000	2,594002E+0	6,735288E-1
0,466667	2,592061E+0	6,509568E-1
0,533333	2,587530E+0	6,208607E-1
0,600000	2,582999E+0	6,484488E-1
0,666667	2,578469E+0	5,932727E-1
0,733333	2,569408E+0	4,753966E-1
0,800000	2,573938E+0	4,402846E-1
0,866667	2,572644E+0	4,528246E-1
0,933333	2,575880E+0	4,227286E-1
1,000000	2,565524E+0	4,879366E-1
1,066667	2,568760E+0	4,352686E-1
1,133333	2,583647E+0	4,829206E-1
1,200000	2,612772E+0	6,083207E-1
1,266667	2,638661E+0	7,688329E-1
1,333333	2,665198E+0	8,089609E-1
1,400000	2,675554E+0	7,763569E-1
1,466667	2,691087E+0	7,939129E-1
1,533333	2,705974E+0	8,014369E-1
1,600000	2,726685E+0	8,365489E-1
1,666667	2,746749E+0	9,318530E-1
1,733333	2,779111E+0	1,019633E+0
1,800000	2,796586E+0	9,995690E-1
1,866667	2,806295E+0	1,057253E+0
1,933333	2,816650E+0	1,014617E+0
2,000000	2,830890E+0	1,064777E+0
2,066667	2,817298E+0	1,114937E+0
2,133333	2,797233E+0	1,094873E+0
2,200000	2,750633E+0	1,024649E+0
2,266667	2,768108E+0	1,057253E+0
2,333333	2,761636E+0	1,034681E+0
2,400000	2,791408E+0	1,062269E+0
2,466667	2,819239E+0	1,122461E+0
2,533333	2,842540E+0	1,277957E+0
2,600000	2,863251E+0	1,267925E+0
2,666667	2,845776E+0	1,425929E+0
2,733333	2,872960E+0	1,217765E+0
2,800000	2,865193E+0	1,235321E+0
2,866667	2,872960E+0	1,320593E+0
2,933333	2,869724E+0	1,345673E+0
3,000000	2,865193E+0	1,358213E+0
3,066667	2,855484E+0	1,363229E+0
3,133333	2,879432E+0	1,277957E+0
3,200000	2,902732E+0	1,488629E+0
3,266667	2,956453E+0	1,598982E+0
3,333333	3,010173E+0	1,779558E+0
3,400000	3,030884E+0	1,809654E+0
3,466667	3,047065E+0	1,894926E+0
3,533333	3,079427E+0	1,917498E+0
3,600000	3,090430E+0	1,985214E+0
3,666667	3,071013E+0	1,977690E+0
3,733333	3,046418E+0	1,957626E+0
3,800000	3,030237E+0	1,967658E+0
3,866667	3,022470E+0	1,932546E+0
3,933333	3,054832E+0	2,000262E+0
4,000000	3,104022E+0	2,027850E+0
4,066667	3,140267E+0	2,080518E+0
4,133333	3,182984E+0	2,133186E+0
4,200000	3,212757E+0	2,135694E+0
4,266667	3,252238E+0	2,158266E+0
4,333333	3,305958E+0	2,233506E+0
4,400000	3,328611E+0	2,288682E+0
4,466667	3,353853E+0	2,358906E+0
4,533333	3,375859E+0	2,391510E+0
4,600000	3,393982E+0	2,371446E+0
4,666667	3,399807E+0	2,429130E+0
4,733333	3,395276E+0	2,381478E+0
4,800000	3,377801E+0	2,366430E+0
4,866667	3,352559E+0	2,301222E+0
4,933333	3,344792E+0	2,368938E+0
5,000000	3,350617E+0	2,366430E+0
5,066667	3,357090E+0	2,313762E+0
5,133333	3,360326E+0	2,529450E+0
5,200000	3,379743E+0	2,439162E+0
5,266667	3,395924E+0	2,429130E+0
5,333333	3,414693E+0	2,491830E+0
5,400000	3,408221E+0	2,436654E+0
5,466667	3,403690E+0	2,547006E+0
5,533333	3,399807E+0	2,552022E+0
5,600000	3,399160E+0	2,552022E+0
5,666667	3,423107E+0	2,552022E+0
5,733333	3,441877E+0	2,562054E+0
5,800000	3,472944E+0	2,536974E+0
5,866667	3,500128E+0	2,504370E+0
5,933333	3,538962E+0	2,597166E+0
6,000000	3,572618E+0	2,607198E+0
6,066667	3,599155E+0	2,632278E+0
6,133333	3,612746E+0	2,702502E+0
6,200000	3,650286E+0	2,710026E+0
6,266667	3,657406E+0	2,722566E+0
6,333333	3,661289E+0	2,632278E+0
6,400000	3,665820E+0	2,669898E+0
6,466667	3,683295E+0	2,679930E+0
6,533333	3,712420E+0	2,682438E+0
6,600000	3,734426E+0	2,617230E+0
6,666667	3,756432E+0	2,699994E+0
6,733333	3,779085E+0	2,702502E+0
6,800000	3,796561E+0	2,654850E+0
6,866667	3,803033E+0	2,682438E+0
6,933333	3,800444E+0	2,725074E+0
7,000000	3,799149E+0	2,697486E+0
7,066667	3,795913E+0	2,699994E+0
7,133333	3,795913E+0	2,707518E+0
7,200000	3,796561E+0	2,702502E+0
7,266667	3,810800E+0	2,725074E+0
7,333333	3,826333E+0	2,730090E+0
7,400000	3,852223E+0	2,755170E+0
7,466667	3,904648E+0	2,777743E+0
7,533333	3,918240E+0	2,772727E+0
7,600000	3,949955E+0	2,747646E+0
7,666667	3,971313E+0	2,775235E+0
7,733333	3,993966E+0	2,857999E+0
7,800000	3,996555E+0	2,870539E+0
7,866667	4,000439E+0	2,875555E+0
7,933333	4,012736E+0	2,905651E+0
8,000000	4,017914E+0	2,918191E+0
8,066667	4,016620E+0	2,915683E+0
8,133333	4,012089E+0	2,895619E+0
8,200000	4,016620E+0	2,888095E+0
8,266667	4,011442E+0	2,945779E+0
8,333333	4,010147E+0	2,915683E+0
8,400000	4,011442E+0	2,923207E+0
8,466667	4,030859E+0	2,940763E+0
8,533333	4,038625E+0	2,910667E+0
8,600000	4,059337E+0	2,943271E+0
8,666667	4,083285E+0	2,978383E+0
8,733333	4,098818E+0	2,970859E+0
8,800000	4,124060E+0	3,058639E+0
8,866667	4,155127E+0	3,026035E+0
8,933333	4,182958E+0	3,056131E+0
9,000000	4,179722E+0	3,048607E+0
9,066667	4,193961E+0	3,086227E+0
9,133333	4,197845E+0	3,051115E+0
9,200000	4,206906E+0	3,046099E+0
9,266667	4,215320E+0	3,088735E+0
9,333333	4,216614E+0	3,081211E+0
9,400000	4,218556E+0	3,071179E+0
9,466667	4,226970E+0	3,081211E+0
9,533333	4,226970E+0	3,091243E+0
9,600000	4,228912E+0	3,101275E+0
9,666667	4,251565E+0	3,113815E+0
9,733333	4,258685E+0	3,138895E+0
9,800000	4,279396E+0	3,141403E+0
9,866667	4,284574E+0	3,174007E+0
9,933333	4,278749E+0	3,186547E+0
10,000000	4,290399E+0	3,181531E+0
10,066667	4,293635E+0	3,141403E+0
10,133333	4,289752E+0	3,156451E+0
10,200000	4,292341E+0	3,166483E+0
10,266667	4,281985E+0	3,141403E+0
10,333333	4,280690E+0	3,136387E+0
10,400000	4,267099E+0	3,108799E+0
10,466667	4,265804E+0	3,131371E+0
10,533333	4,261273E+0	3,128863E+0
10,600000	4,245740E+0	3,128863E+0
10,666667	4,245740E+0	3,138895E+0
10,733333	4,258685E+0	3,166483E+0
10,800000	4,259979E+0	3,191563E+0
10,866667	4,274865E+0	3,191563E+0
10,933333	4,287810E+0	3,191563E+0
11,000000	4,271629E+0	3,206611E+0
11,066667	4,244445E+0	3,209119E+0
11,133333	4,225676E+0	3,241723E+0
11,200000	4,210142E+0	3,221659E+0
11,266667	4,213378E+0	3,214135E+0
11,333333	4,220498E+0	3,209119E+0
11,400000	4,214673E+0	3,196579E+0
11,466667	4,213378E+0	3,201595E+0
11,533333	4,198492E+0	3,191563E+0
11,600000	4,172603E+0	3,184039E+0
11,666667	4,111116E+0	3,158959E+0
11,733333	4,054159E+0	3,141403E+0
11,800000	4,048981E+0	3,103783E+0
11,866667	4,041862E+0	3,071179E+0
11,933333	4,045745E+0	3,108799E+0
12,000000	4,059984E+0	3,143911E+0
12,066667	4,094287E+0	3,189055E+0
12,133333	4,118882E+0	3,189055E+0
12,200000	4,135063E+0	3,201595E+0
12,266667	4,144772E+0	3,191563E+0
12,333333	4,133769E+0	3,163975E+0
12,400000	4,154480E+0	3,158959E+0
12,466667	4,163541E+0	3,163975E+0
12,533333	4,160952E+0	3,216643E+0
12,600000	4,174544E+0	3,236707E+0
12,666667	4,181664E+0	3,234199E+0
12,733333	4,173250E+0	3,229183E+0
12,800000	4,155127E+0	3,221659E+0
12,866667	4,146066E+0	3,214135E+0
12,933333	4,138299E+0	3,206611E+0
13,000000	4,134416E+0	3,201595E+0
13,066667	4,130533E+0	3,209119E+0
13,133333	4,131180E+0	3,224167E+0
13,200000	4,152538E+0	3,196579E+0
13,266667	4,149302E+0	3,221659E+0
13,333333	4,146066E+0	3,281851E+0
13,400000	4,136358E+0	3,281851E+0
13,466667	4,116293E+0	3,289375E+0
13,533333	4,101407E+0	3,271819E+0
13,600000	4,099465E+0	3,244231E+0
13,666667	4,087815E+0	3,271819E+0
13,733333	4,091699E+0	3,271819E+0
13,800000	4,138947E+0	3,211627E+0
13,866667	4,156422E+0	3,261787E+0
13,933333	4,154480E+0	3,259279E+0
14,000000	4,144772E+0	3,261787E+0
14,066667	4,142830E+0	3,261787E+0
14,133333	4,146713E+0	3,259279E+0
14,200000	4,131827E+0	3,244231E+0
14,266667	4,131827E+0	3,244231E+0
14,333333	4,137652E+0	3,229183E+0
14,400000	4,143477E+0	3,231691E+0
14,466667	4,160305E+0	3,259279E+0
14,533333	4,170014E+0	3,264295E+0
14,600000	4,180369E+0	3,299407E+0
14,666667	4,183606E+0	3,289375E+0
14,733333	4,175192E+0	3,299407E+0
14,800000	4,170014E+0	3,281851E+0
14,866667	4,175192E+0	3,281851E+0
14,933333	4,173897E+0	3,316963E+0
15,000000	4,168072E+0	3,329503E+0
15,066667	4,179075E+0	3,319471E+0
15,133333	4,182311E+0	3,296899E+0
15,200000	4,188783E+0	3,289375E+0
15,266667	4,185547E+0	3,319471E+0
15,333333	4,182311E+0	3,316963E+0
15,400000	4,168719E+0	3,314455E+0
15,466667	4,144124E+0	3,304423E+0
15,533333	4,142183E+0	3,311947E+0
15,600000	4,138947E+0	3,309439E+0
15,666667	4,152538E+0	3,324487E+0
15,733333	4,161600E+0	3,311947E+0
15,800000	4,157069E+0	3,316963E+0
15,866667	4,163541E+0	3,329503E+0
15,933333	4,160952E+0	3,334519E+0
16,000000	4,151891E+0	3,332011E+0
16,066667	4,146066E+0	3,329503E+0
16,133333	4,151891E+0	3,329503E+0
16,200000	4,156422E+0	3,337027E+0
16,266667	4,157716E+0	3,324487E+0
16,333333	4,163541E+0	3,334519E+0
16,400000	4,166778E+0	3,337027E+0
16,466667	4,162894E+0	3,339535E+0
16,533333	4,170014E+0	3,337027E+0
16,600000	4,157716E+0	3,321979E+0
16,666667	4,160305E+0	3,342043E+0
16,733333	4,149302E+0	3,334519E+0
16,800000	4,133121E+0	3,291883E+0
16,866667	4,149302E+0	3,314455E+0
16,933333	4,157069E+0	3,329503E+0
17,000000	4,149949E+0	3,332011E+0
17,066667	4,134416E+0	3,291883E+0
17,133333	4,112410E+0	3,291883E+0
17,200000	4,107879E+0	3,306931E+0
17,266667	4,098171E+0	3,316963E+0
17,333333	4,077459E+0	3,301915E+0
17,400000	4,071634E+0	3,296899E+0
17,466667	4,060631E+0	3,291883E+0
17,533333	4,045745E+0	3,294391E+0
17,600000	4,038625E+0	3,286867E+0
17,666667	4,032800E+0	3,264295E+0
17,733333	4,040567E+0	3,269311E+0
17,800000	4,037331E+0	3,256771E+0
17,866667	4,036037E+0	3,234199E+0
17,933333	4,034095E+0	3,219151E+0
18,000000	4,027623E+0	3,201595E+0
18,066667	4,025034E+0	3,209119E+0
18,133333	4,023092E+0	3,234199E+0
18,200000	4,028270E+0	3,221659E+0
18,266667	4,028270E+0	3,239215E+0
18,333333	4,053512E+0	3,231691E+0
18,400000	4,071634E+0	3,221659E+0
18,466667	4,075518E+0	3,236707E+0
18,533333	4,083932E+0	3,271819E+0
18,600000	4,098171E+0	3,296899E+0
18,666667	4,114352E+0	3,299407E+0
18,733333	4,123413E+0	3,296899E+0
18,800000	4,120177E+0	3,286867E+0
18,866667	4,121471E+0	3,269311E+0
18,933333	4,137652E+0	3,294391E+0
19,000000	4,168072E+0	3,304423E+0
19,066667	4,175839E+0	3,309439E+0
19,133333	4,181664E+0	3,311947E+0
19,200000	4,198492E+0	3,316963E+0
19,266667	4,200434E+0	3,319471E+0
19,333333	4,195903E+0	3,311947E+0
19,400000	4,199786E+0	3,342043E+0
19,466667	4,206259E+0	3,324487E+0
19,533333	4,221145E+0	3,319471E+0
19,600000	4,235384E+0	3,314455E+0
19,666667	4,248976E+0	3,339535E+0
19,733333	4,238620E+0	3,337027E+0
19,800000	4,234737E+0	3,342043E+0
19,866667	4,223087E+0	3,352075E+0
19,933333	4,223734E+0	3,334519E+0
20,000000	4,241857E+0	3,342043E+0
20,066667	4,236679E+0	3,359599E+0
20,133333	4,227617E+0	3,364615E+0
20,200000	4,205611E+0	3,364615E+0
20,266667	4,208848E+0	3,359599E+0
20,333333	4,206259E+0	3,357091E+0
20,400000	4,195903E+0	3,384679E+0
20,466667	4,201081E+0	3,379663E+0
20,533333	4,200434E+0	3,389695E+0
20,600000	4,199139E+0	3,362107E+0
20,666667	4,197197E+0	3,372139E+0
20,733333	4,188783E+0	3,397219E+0
20,800000	4,195256E+0	3,382171E+0
20,866667	4,193961E+0	3,392203E+0
20,933333	4,196550E+0	3,397219E+0
21,000000	4,204317E+0	3,397219E+0
21,066667	4,180369E+0	3,374647E+0
21,133333	4,171955E+0	3,382171E+0
21,200000	4,168072E+0	3,379663E+0
21,266667	4,181664E+0	3,382171E+0
21,333333	4,218556E+0	3,377155E+0
21,400000	4,238620E+0	3,364615E+0
21,466667	4,252212E+0	3,377155E+0
21,533333	4,268393E+0	3,384679E+0
21,600000	4,279396E+0	3,384679E+0
21,666667	4,284574E+0	3,372139E+0
21,733333	4,284574E+0	3,382171E+0
21,800000	4,280690E+0	3,407251E+0
21,866667	4,273571E+0	3,399727E+0
21,933333	4,263862E+0	3,399727E+0
22,000000	4,283927E+0	3,417283E+0
22,066667	4,289104E+0	3,432331E+0
22,133333	4,305285E+0	3,437347E+0
22,200000	4,297519E+0	3,439855E+0
22,266667	4,305285E+0	3,434839E+0
22,333333	4,319524E+0	3,432331E+0
22,400000	4,313052E+0	3,407251E+0
22,466667	4,296224E+0	3,402235E+0
22,533333	4,275513E+0	3,399727E+0
22,600000	4,272276E+0	3,404743E+0
22,666667	4,317583E+0	3,437347E+0
22,733333	4,308521E+0	3,432331E+0
22,800000	4,303991E+0	3,444871E+0
22,866667	4,314994E+0	3,449887E+0
22,933333	4,336352E+0	3,437347E+0
23,000000	4,385542E+0	3,457411E+0
23,066667	4,359006E+0	3,439855E+0
23,133333	4,355769E+0	3,444871E+0
23,200000	4,366125E+0	3,447379E+0
23,266667	4,370009E+0	3,442363E+0
23,333333	4,373892E+0	3,457411E+0
23,400000	4,380364E+0	3,452395E+0
23,466667	4,381659E+0	3,462427E+0
23,533333	4,365478E+0	3,442363E+0
23,600000	4,361595E+0	3,442363E+0
23,666667	4,360947E+0	3,459919E+0
23,733333	4,354475E+0	3,447379E+0
23,800000	4,314347E+0	3,432331E+0
23,866667	4,282632E+0	3,429823E+0
23,933333	4,252859E+0	3,437347E+0
24,000000	4,203670E+0	3,412267E+0
24,066667	4,079401E+0	3,392203E+0
24,133333	3,930538E+0	3,329503E+0
24,200000	3,851575E+0	3,296899E+0
24,266667	3,799797E+0	3,249247E+0
24,333333	3,799797E+0	3,239215E+0
24,400000	3,833453E+0	3,239215E+0
24,466667	3,913710E+0	3,279343E+0
24,533333	4,013383E+0	3,299407E+0
24,600000	4,114352E+0	3,352075E+0
24,666667	4,190725E+0	3,382171E+0
24,733333	4,272924E+0	3,412267E+0
24,800000	4,344119E+0	3,429823E+0
24,866667	4,395898E+0	3,444871E+0
24,933333	4,421140E+0	3,439855E+0
25,000000	4,459327E+0	3,449887E+0
25,066667	4,513047E+0	3,459919E+0
25,133333	4,510458E+0	3,479983E+0
25,200000	4,516930E+0	3,500047E+0
25,266667	4,529875E+0	3,495031E+0
25,333333	4,489747E+0	3,492523E+0
25,400000	4,457385E+0	3,495031E+0
25,466667	4,428907E+0	3,512587E+0
25,533333	4,382306E+0	3,510079E+0
25,600000	4,347355E+0	3,502555E+0
25,666667	4,290399E+0	3,505063E+0
25,733333	4,238620E+0	3,444871E+0
25,800000	4,141535E+0	3,412267E+0
25,866667	4,047040E+0	3,367123E+0
25,933333	3,999792E+0	3,374647E+0
26,000000	3,962899E+0	3,364615E+0
26,066667	3,898176E+0	3,344551E+0
26,133333	3,841867E+0	3,284359E+0
26,200000	3,837336E+0	3,301915E+0
26,266667	3,819214E+0	3,291883E+0
26,333333	3,788146E+0	3,284359E+0
26,400000	3,817272E+0	3,281851E+0
26,466667	3,911768E+0	3,319471E+0
26,533333	4,042509E+0	3,352075E+0
26,600000	4,140241E+0	3,384679E+0
26,666667	4,230206E+0	3,422299E+0
26,733333	4,294930E+0	3,442363E+0
26,800000	4,367420E+0	3,452395E+0
26,866667	4,415962E+0	3,482491E+0
26,933333	4,459974E+0	3,482491E+0
27,000000	4,481333E+0	3,515095E+0
27,066667	4,488452E+0	3,512587E+0
27,133333	4,500102E+0	3,500047E+0
27,200000	4,521461E+0	3,502555E+0
27,266667	4,509811E+0	3,517603E+0
27,333333	4,505280E+0	3,497539E+0
27,400000	4,485863E+0	3,522619E+0
27,466667	4,422434E+0	3,515095E+0
27,533333	4,306580E+0	3,484999E+0
27,600000	4,177780E+0	3,462427E+0
27,666667	4,020503E+0	3,392203E+0
27,733333	3,856753E+0	3,337027E+0
27,800000	3,629575E+0	3,239215E+0
27,866667	3,417929E+0	3,131371E+0
27,933333	3,351265E+0	3,043591E+0
28,000000	3,380390E+0	3,053623E+0
28,066667	3,458705E+0	3,083719E+0
28,133333	3,559026E+0	3,091243E+0
28,200000	3,669703E+0	3,141403E+0
28,266667	3,791383E+0	3,176515E+0
28,333333	3,958369E+0	3,221659E+0
28,400000	4,104643E+0	3,279343E+0
28,466667	4,175839E+0	3,337027E+0
28,533333	4,236031E+0	3,372139E+0
28,600000	4,309816E+0	3,412267E+0
28,666667	4,387484E+0	3,442363E+0
28,733333	4,440557E+0	3,457411E+0
28,800000	4,441851E+0	3,444871E+0
28,866667	4,447029E+0	3,449887E+0
28,933333	4,437321E+0	3,505063E+0
29,000000	4,458679E+0	3,500047E+0
29,066667	4,449618E+0	3,500047E+0
29,133333	4,452854E+0	3,507571E+0
29,200000	4,412726E+0	3,502555E+0
29,266667	4,334411E+0	3,495031E+0
29,333333	4,261921E+0	3,477475E+0
29,400000	4,116293E+0	3,442363E+0
29,466667	3,909179E+0	3,352075E+0
29,533333	3,797855E+0	3,306931E+0
29,600000	3,676175E+0	3,241723E+0
29,666667	3,536373E+0	3,168991E+0
29,733333	3,391393E+0	3,043591E+0
29,800000	3,267772E+0	2,933239E+0
29,866667	3,195929E+0	2,870539E+0
29,933333	3,159036E+0	2,792791E+0
30,000000	3,211462E+0	2,822887E+0
30,066667	3,333142E+0	2,875555E+0
30,133333	3,526017E+0	2,948287E+0
30,200000	3,675528E+0	3,031051E+0
30,266667	3,843808E+0	3,096259E+0
30,333333	3,992025E+0	3,181531E+0
30,400000	4,116941E+0	3,279343E+0
30,466667	4,210142E+0	3,319471E+0
30,533333	4,278102E+0	3,344551E+0
30,600000	4,343472E+0	3,384679E+0
30,666667	4,386189E+0	3,387187E+0
30,733333	4,417904E+0	3,387187E+0
30,800000	4,423082E+0	3,377155E+0
30,866667	4,426318E+0	3,419791E+0
30,933333	4,454149E+0	3,442363E+0
31,000000	4,467741E+0	3,449887E+0
31,066667	4,467093E+0	3,467443E+0
31,133333	4,441851E+0	3,452395E+0
31,200000	4,383600E+0	3,467443E+0
31,266667	4,328586E+0	3,457411E+0
31,333333	4,227617E+0	3,434839E+0
31,400000	4,113704E+0	3,389695E+0
31,466667	3,964841E+0	3,417283E+0
31,533333	3,859989E+0	3,342043E+0
31,600000	3,740899E+0	3,286867E+0
31,666667	3,584268E+0	3,191563E+0
31,733333	3,436699E+0	3,156451E+0
31,800000	3,366798E+0	3,023527E+0
31,866667	3,343498E+0	2,988415E+0
31,933333	3,294955E+0	2,948287E+0
32,000000	3,230879E+0	2,880571E+0
32,066667	3,173276E+0	2,805331E+0
32,133333	3,192045E+0	2,777743E+0
32,200000	3,256121E+0	2,795299E+0
32,266667	3,359031E+0	2,827903E+0
32,333333	3,456116E+0	2,900635E+0
32,400000	3,507248E+0	2,943271E+0
32,466667	3,531195E+0	2,913175E+0
32,533333	3,538962E+0	2,970859E+0
32,600000	3,601744E+0	3,076195E+0
32,666667	3,646403E+0	3,143911E+0
32,733333	3,727307E+0	3,176515E+0
32,800000	3,807563E+0	3,206611E+0
32,866667	3,867109E+0	3,251755E+0
32,933333	3,934421E+0	3,259279E+0
33,000000	4,005617E+0	3,329503E+0
33,066667	4,098818E+0	3,349567E+0
33,133333	4,181017E+0	3,359599E+0
33,200000	4,241857E+0	3,367123E+0
33,266667	4,296871E+0	3,394711E+0
33,333333	4,338941E+0	3,422299E+0
33,400000	4,370009E+0	3,447379E+0
33,466667	4,379070E+0	3,447379E+0
33,533333	4,375834E+0	3,449887E+0
33,600000	4,385542E+0	3,525127E+0
33,666667	4,393309E+0	3,452395E+0
33,733333	4,409490E+0	3,457411E+0
33,800000	4,397192E+0	3,444871E+0
33,866667	4,390073E+0	3,444871E+0
33,933333	4,380364E+0	3,442363E+0
34,000000	4,368714E+0	3,452395E+0
34,066667	4,354475E+0	3,447379E+0
34,133333	4,338941E+0	3,542683E+0
34,200000	4,330527E+0	3,550207E+0
34,266667	4,313052E+0	3,542683E+0
34,333333	4,306580E+0	3,547699E+0
34,400000	4,310463E+0	3,557731E+0
34,466667	4,316935E+0	3,550207E+0
34,533333	4,303344E+0	3,552715E+0
34,600000	4,297519E+0	3,560239E+0
34,666667	4,281338E+0	3,502555E+0
34,733333	4,272924E+0	3,540175E+0
34,800000	4,256096E+0	3,540175E+0
34,866667	4,225028E+0	3,532651E+0
34,933333	4,214026E+0	3,525127E+0
35,000000	4,210789E+0	3,522619E+0
35,066667	4,244445E+0	3,535159E+0
35,133333	4,283927E+0	3,540175E+0
35,200000	4,319524E+0	3,547699E+0
35,266667	4,349944E+0	3,560239E+0
35,333333	4,344119E+0	3,575287E+0
35,400000	4,346061E+0	3,572779E+0
35,466667	4,337647E+0	3,572779E+0
35,533333	4,324702E+0	3,570271E+0
35,600000	4,327291E+0	3,580303E+0
35,666667	4,338941E+0	3,587827E+0
35,733333	4,335705E+0	3,562747E+0
35,800000	4,343472E+0	3,560239E+0
35,866667	4,346708E+0	3,540175E+0
35,933333	4,350592E+0	3,562747E+0
36,000000	4,342825E+0	3,552715E+0
36,066667	4,328586E+0	3,577795E+0
36,133333	4,313699E+0	3,562747E+0
36,200000	4,298813E+0	3,560239E+0
36,266667	4,282632E+0	3,562747E+0
36,333333	4,271629E+0	3,562747E+0
36,400000	4,263215E+0	3,545191E+0
36,466667	4,263862E+0	3,542683E+0
36,533333	4,263862E+0	3,542683E+0
36,600000	4,263862E+0	3,537667E+0
36,666667	4,271629E+0	3,540175E+0
36,733333	4,276807E+0	3,542683E+0
36,800000	4,300107E+0	3,525127E+0
36,866667	4,299460E+0	3,530143E+0
36,933333	4,295577E+0	3,502555E+0
37,000000	4,293635E+0	3,520111E+0
37,066667	4,278749E+0	3,535159E+0
37,133333	4,256743E+0	3,500047E+0
37,200000	4,230206E+0	3,497539E+0
37,266667	4,198492E+0	3,490015E+0
37,333333	4,149949E+0	3,487507E+0
37,400000	4,128591E+0	3,464935E+0
37,466667	4,105290E+0	3,457411E+0
37,533333	4,073576E+0	3,434839E+0
37,600000	4,049628E+0	3,404743E+0
37,666667	4,032153E+0	3,399727E+0
37,733333	4,005617E+0	3,377155E+0
37,800000	3,994614E+0	3,324487E+0
37,866667	3,989436E+0	3,357091E+0
37,933333	3,941541E+0	3,377155E+0
38,000000	3,933127E+0	3,359599E+0
38,066667	3,968724E+0	3,387187E+0
38,133333	4,007558E+0	3,422299E+0
38,200000	4,010147E+0	3,442363E+0
38,266667	3,975844E+0	3,444871E+0
38,333333	3,984258E+0	3,464935E+0
38,400000	4,033448E+0	3,432331E+0
38,466667	4,074223E+0	3,414775E+0
38,533333	4,060631E+0	3,424807E+0
38,600000	4,087815E+0	3,429823E+0
38,666667	4,106585E+0	3,447379E+0
38,733333	4,109821E+0	3,424807E+0
38,800000	4,085226E+0	3,442363E+0
38,866667	4,074223E+0	3,447379E+0
38,933333	4,061926E+0	3,442363E+0
39,000000	4,041862E+0	3,449887E+0
39,066667	4,015325E+0	3,442363E+0
39,133333	4,002380E+0	3,444871E+0
39,200000	3,988789E+0	3,472459E+0
39,266667	3,979727E+0	3,477475E+0
39,333333	3,971313E+0	3,454903E+0
39,400000	3,959663E+0	3,437347E+0
39,466667	3,937010E+0	3,437347E+0
39,533333	3,907237E+0	3,424807E+0
39,600000	3,864520E+0	3,342043E+0
39,666667	3,848339E+0	3,296899E+0
39,733333	3,800444E+0	3,304423E+0
39,800000	3,778438E+0	3,342043E+0
39,866667	3,734426E+0	3,306931E+0
39,933333	3,743487E+0	3,289375E+0
40,000000	3,792677E+0	3,311947E+0
40,066667	3,825686E+0	3,309439E+0
40,133333	3,836689E+0	3,291883E+0
40,200000	3,872287E+0	3,321979E+0
40,266667	3,880054E+0	3,339535E+0
40,333333	3,838631E+0	3,352075E+0
40,400000	3,786852E+0	3,347059E+0
40,466667	3,707242E+0	3,309439E+0
40,533333	3,658053E+0	3,179023E+0
40,600000	3,637341E+0	3,123847E+0
40,666667	3,603685E+0	3,163975E+0
40,733333	3,516309E+0	3,026035E+0
40,800000	3,418577E+0	2,915683E+0
40,866667	3,326022E+0	2,802823E+0
40,933333	3,245118E+0	2,765203E+0
41,000000	3,103374E+0	2,634786E+0
41,066667	2,946097E+0	2,526942E+0
41,133333	2,801764E+0	2,376462E+0
41,200000	2,678790E+0	2,175822E+0
41,266667	2,609536E+0	2,198394E+0
41,333333	2,553227E+0	1,957626E+0
41,400000	2,515687E+0	1,746954E+0
41,466667	2,513746E+0	1,854798E+0
41,533333	2,517629E+0	1,799622E+0
41,600000	2,516335E+0	1,741938E+0
41,666667	2,516982E+0	1,676730E+0
41,733333	2,516982E+0	1,704318E+0
41,800000	2,518923E+0	1,644126E+0
41,866667	2,516982E+0	1,884894E+0
41,933333	2,516982E+0	1,531265E+0
42,000000	2,516335E+0	1,792098E+0
42,066667	2,516982E+0	1,749462E+0
42,133333	2,514393E+0	1,751970E+0
42,200000	2,515687E+0	1,767018E+0
42,266667	2,514393E+0	1,706826E+0
42,333333	2,515040E+0	1,498661E+0
42,400000	2,515040E+0	1,420913E+0
42,466667	2,515687E+0	1,420913E+0
42,533333	2,515040E+0	1,443485E+0
42,600000	2,516982E+0	1,430945E+0
42,666667	2,516335E+0	1,423421E+0
42,733333	2,517629E+0	1,433453E+0
42,800000	2,515687E+0	1,443485E+0
42,866667	2,516335E+0	1,413389E+0
42,933333	2,515687E+0	1,415897E+0
43,000000	2,517629E+0	1,453517E+0
43,066667	2,516335E+0	1,360721E+0
43,133333	2,515040E+0	1,373261E+0
43,200000	2,513098E+0	1,318085E+0
43,266667	2,515040E+0	1,287989E+0
43,333333	2,514393E+0	1,255385E+0
43,400000	2,517629E+0	1,232813E+0
43,466667	2,516335E+0	1,170113E+0
43,533333	2,513746E+0	1,137509E+0
43,600000	2,513746E+0	1,145033E+0
43,666667	2,515687E+0	1,155065E+0
43,733333	2,516335E+0	1,135001E+0
43,800000	2,516335E+0	1,117445E+0
43,866667	2,516982E+0	1,122461E+0
43,933333	2,517629E+0	1,002077E+0
44,000000	2,514393E+0	9,795050E-1
44,066667	2,516335E+0	9,619490E-1
44,133333	2,515040E+0	9,544250E-1
44,200000	2,515687E+0	9,494090E-1
44,266667	2,514393E+0	9,343610E-1
44,333333	2,518276E+0	9,569330E-1
44,400000	2,515687E+0	9,443930E-1
44,466667	2,515687E+0	9,193130E-1
44,533333	2,516335E+0	8,967410E-1
44,600000	2,518276E+0	8,842010E-1
44,666667	2,516335E+0	8,816930E-1
44,733333	2,518276E+0	8,566129E-1
44,800000	2,517629E+0	8,766769E-1
44,866667	2,516335E+0	9,042650E-1
44,933333	2,515687E+0	9,218210E-1
45,000000	2,518276E+0	9,067730E-1
45,066667	2,515687E+0	8,842010E-1
45,133333	2,515687E+0	9,092810E-1
45,200000	2,515687E+0	9,168050E-1
45,266667	2,517629E+0	9,042650E-1
45,333333	2,515040E+0	8,440729E-1
45,400000	2,514393E+0	8,741689E-1
45,466667	2,517629E+0	8,892170E-1
45,533333	2,517629E+0	8,515969E-1
45,600000	2,515687E+0	8,240089E-1
45,666667	2,515040E+0	8,415649E-1
45,733333	2,515040E+0	8,415649E-1
45,800000	2,515687E+0	9,218210E-1
45,866667	2,515687E+0	8,816930E-1
45,933333	2,516982E+0	9,067730E-1
46,000000	2,515687E+0	9,719810E-1
46,066667	2,515040E+0	9,469010E-1
46,133333	2,516335E+0	9,117890E-1
46,200000	2,515687E+0	9,142970E-1
46,266667	2,514393E+0	9,293450E-1
46,333333	2,515687E+0	9,218210E-1
46,400000	2,517629E+0	9,318530E-1
46,466667	2,518276E+0	9,243290E-1
46,533333	2,518276E+0	9,017570E-1
46,600000	2,515687E+0	9,067730E-1
46,666667	2,515687E+0	9,168050E-1
46,733333	2,515040E+0	8,992490E-1
46,800000	2,516335E+0	8,641369E-1
46,866667	2,516982E+0	8,741689E-1
46,933333	2,516335E+0	8,591209E-1
47,000000	2,517629E+0	8,766769E-1
47,066667	2,516335E+0	8,440729E-1
47,133333	2,515040E+0	8,415649E-1
47,200000	2,515687E+0	7,738489E-1
47,266667	2,516982E+0	8,189929E-1
47,333333	2,516335E+0	7,964209E-1
47,400000	2,516982E+0	8,139769E-1
47,466667	2,513746E+0	8,240089E-1
47,533333	2,514393E+0	8,290249E-1
47,600000	2,515687E+0	8,240089E-1
47,666667	2,517629E+0	8,315329E-1
47,733333	2,516335E+0	8,340409E-1
47,800000	2,515040E+0	8,616289E-1
47,866667	2,516335E+0	8,315329E-1
47,933333	2,515687E+0	8,064529E-1
48,000000	2,517629E+0	7,914049E-1
48,066667	2,515687E+0	7,888969E-1
48,133333	2,516982E+0	7,638169E-1
48,200000	2,515687E+0	7,688329E-1
48,266667	2,516982E+0	7,362288E-1
48,333333	2,516335E+0	7,287048E-1
48,400000	2,515687E+0	7,412448E-1
48,466667	2,515687E+0	7,111488E-1
48,533333	2,516335E+0	7,236888E-1
48,600000	2,516335E+0	7,136568E-1
48,666667	2,516982E+0	7,236888E-1
48,733333	2,515687E+0	6,534648E-1
48,800000	2,515687E+0	6,710208E-1
48,866667	2,515687E+0	6,634968E-1
48,933333	2,514393E+0	6,710208E-1
49,000000	2,516335E+0	6,835608E-1
49,066667	2,517629E+0	6,760368E-1
49,133333	2,515687E+0	6,660048E-1
49,200000	2,515040E+0	6,634968E-1
49,266667	2,517629E+0	6,534648E-1
49,333333	2,514393E+0	6,133367E-1
49,400000	2,515040E+0	6,083207E-1
49,466667	2,515687E+0	6,534648E-1
49,533333	2,516335E+0	6,133367E-1
49,600000	2,515040E+0	6,083207E-1
49,666667	2,516335E+0	6,233687E-1
49,733333	2,516982E+0	5,807327E-1
49,800000	2,515687E+0	5,631767E-1
49,866667	2,516982E+0	5,581607E-1
49,933333	2,513746E+0	5,456207E-1
50,000000	2,515687E+0	5,782247E-1
50,066667	2,515687E+0	5,431127E-1
50,133333	2,516335E+0	5,681927E-1
50,200000	2,516335E+0	5,732087E-1
50,266667	2,516335E+0	5,782247E-1
50,333333	2,515687E+0	5,656847E-1
50,400000	2,515040E+0	5,807327E-1
50,466667	2,515040E+0	5,054926E-1
50,533333	2,516335E+0	5,130166E-1
50,600000	2,515040E+0	5,280647E-1
50,666667	2,516335E+0	5,481287E-1
50,733333	2,516335E+0	5,531447E-1
50,800000	2,516335E+0	5,481287E-1
50,866667	2,514393E+0	5,431127E-1
50,933333	2,517629E+0	5,130166E-1
51,000000	2,515687E+0	4,929526E-1
51,066667	2,515040E+0	5,130166E-1
51,133333	2,514393E+0	5,080006E-1
51,200000	2,515040E+0	5,029846E-1
51,266667	2,515040E+0	5,230487E-1
51,333333	2,516982E+0	5,531447E-1
51,400000	2,514393E+0	5,481287E-1
51,466667	2,516335E+0	5,732087E-1
51,533333	2,518276E+0	5,681927E-1
51,600000	2,515687E+0	5,406047E-1
51,666667	2,518276E+0	5,080006E-1
51,733333	2,517629E+0	5,205407E-1
51,800000	2,518276E+0	5,280647E-1
51,866667	2,516335E+0	5,029846E-1
51,933333	2,517629E+0	4,979686E-1
52,000000	2,515687E+0	4,427926E-1
52,066667	2,515687E+0	4,578406E-1
52,133333	2,515687E+0	4,753966E-1
52,200000	2,516335E+0	4,879366E-1
52,266667	2,514393E+0	4,904446E-1
52,333333	2,518923E+0	4,703806E-1
52,400000	2,518276E+0	4,703806E-1
52,466667	2,515687E+0	4,503166E-1
52,533333	2,515687E+0	4,478086E-1
52,600000	2,515040E+0	4,453006E-1
52,666667	2,514393E+0	4,427926E-1
52,733333	2,516982E+0	4,503166E-1
52,800000	2,515687E+0	4,703806E-1
52,866667	2,515040E+0	4,503166E-1
52,933333	2,516335E+0	4,528246E-1
53,000000	2,515687E+0	4,453006E-1
53,066667	2,515687E+0	4,352686E-1
53,133333	2,517629E+0	4,402846E-1
53,200000	2,517629E+0	4,402846E-1
53,266667	2,518276E+0	4,302526E-1
53,333333	2,516335E+0	4,402846E-1
53,400000	2,516335E+0	4,352686E-1
53,466667	2,515040E+0	4,402846E-1
53,533333	2,516982E+0	4,402846E-1
53,600000	2,516335E+0	4,503166E-1
53,666667	2,516335E+0	4,427926E-1
53,733333	2,516335E+0	4,402846E-1
53,800000	2,515040E+0	4,377766E-1
53,866667	2,515687E+0	4,277446E-1
53,933333	2,515687E+0	4,101886E-1
54,000000	2,513746E+0	4,152046E-1
54,066667	2,515687E+0	4,152046E-1
54,133333	2,513746E+0	4,026646E-1
54,200000	2,516335E+0	4,126966E-1
54,266667	2,516982E+0	3,926325E-1
54,333333	2,518276E+0	4,101886E-1
54,400000	2,516335E+0	4,152046E-1
54,466667	2,516982E+0	4,126966E-1
54,533333	2,515040E+0	4,202206E-1
54,600000	2,516335E+0	4,177126E-1
54,666667	2,513746E+0	4,227286E-1
54,733333	2,515687E+0	4,177126E-1
54,800000	2,513746E+0	4,302526E-1
54,866667	2,515040E+0	4,227286E-1
54,933333	2,515687E+0	4,252366E-1
55,000000	2,517629E+0	4,327606E-1
55,066667	2,516335E+0	4,453006E-1
55,133333	2,516982E+0	4,427926E-1
55,200000	2,515687E+0	4,427926E-1
55,266667	2,516982E+0	4,402846E-1
55,333333	2,513746E+0	4,327606E-1
55,400000	2,515687E+0	4,252366E-1
55,466667	2,515687E+0	4,377766E-1
55,533333	2,515687E+0	4,453006E-1
55,600000	2,516335E+0	4,327606E-1
55,666667	2,516335E+0	4,402846E-1
55,733333	2,513746E+0	4,503166E-1
55,800000	2,515040E+0	4,478086E-1
55,866667	2,514393E+0	4,553326E-1
55,933333	2,516335E+0	4,427926E-1
56,000000	2,515687E+0	4,528246E-1
56,066667	2,517629E+0	4,427926E-1
56,133333	2,515687E+0	4,352686E-1
56,200000	2,514393E+0	4,352686E-1
56,266667	2,516335E+0	4,453006E-1
56,333333	2,515687E+0	4,202206E-1
56,400000	2,516335E+0	4,026646E-1
56,466667	2,516335E+0	4,101886E-1
56,533333	2,516335E+0	3,851085E-1
56,600000	2,516335E+0	3,800925E-1
56,666667	2,516982E+0	3,826005E-1
56,733333	2,515040E+0	3,826005E-1
56,800000	2,516982E+0	3,901245E-1
56,866667	2,515687E+0	3,826005E-1
56,933333	2,513746E+0	3,851085E-1
57,000000	2,516982E+0	3,901245E-1
57,066667	2,515687E+0	3,800925E-1
57,133333	2,515040E+0	3,926325E-1
57,200000	2,515687E+0	3,951406E-1
57,266667	2,514393E+0	3,901245E-1
57,333333	2,515687E+0	3,926325E-1
57,400000	2,516982E+0	4,126966E-1
57,466667	2,515687E+0	3,976486E-1
57,533333	2,509215E+0	4,126966E-1
57,600000	2,516982E+0	4,076806E-1
57,666667	2,516982E+0	4,051726E-1
57,733333	2,515687E+0	4,076806E-1
57,800000	2,515040E+0	4,076806E-1
57,866667	2,515040E+0	4,101886E-1
57,933333	2,516335E+0	4,126966E-1
58,000000	2,515687E+0	3,951406E-1
58,066667	2,514393E+0	3,951406E-1
58,133333	2,516335E+0	4,026646E-1
58,200000	2,516335E+0	4,076806E-1
58,266667	2,515687E+0	3,951406E-1
58,333333	2,515687E+0	4,126966E-1
58,400000	2,518276E+0	4,126966E-1
58,466667	2,516335E+0	4,126966E-1
58,533333	2,515687E+0	4,126966E-1
58,600000	2,514393E+0	4,101886E-1
58,666667	2,516982E+0	4,001566E-1
58,733333	2,516982E+0	4,051726E-1
58,800000	2,513746E+0	4,001566E-1
58,866667	2,513098E+0	3,951406E-1
58,933333	2,516982E+0	4,001566E-1
59,000000	2,516982E+0	4,026646E-1
59,066667	2,516335E+0	4,101886E-1
59,133333	2,515687E+0	3,926325E-1
59,200000	2,515040E+0	3,926325E-1
59,266667	2,515040E+0	4,001566E-1
59,333333	2,516335E+0	3,826005E-1
59,400000	2,513746E+0	3,826005E-1
59,466667	2,515040E+0	3,826005E-1
59,533333	2,517629E+0	3,901245E-1
59,600000	2,515040E+0	3,800925E-1
59,666667	2,516982E+0	3,499965E-1
59,733333	2,515040E+0	3,750765E-1
59,800000	2,513746E+0	3,700605E-1
59,866667	2,515687E+0	3,700605E-1
59,933333	2,515687E+0	3,700605E-1
60,000000	2,515687E+0	3,600285E-1
60,066667	2,515687E+0	3,575205E-1
60,133333	2,515040E+0	3,575205E-1
60,200000	2,515687E+0	3,600285E-1
60,266667	2,516335E+0	3,424725E-1
60,333333	2,515040E+0	3,550125E-1
60,400000	2,516982E+0	3,575205E-1
60,466667	2,517629E+0	3,550125E-1
60,533333	2,516335E+0	3,474885E-1
60,600000	2,517629E+0	3,600285E-1
60,666667	2,515040E+0	3,525045E-1
60,733333	2,516982E+0	3,600285E-1
60,800000	2,515687E+0	3,525045E-1
60,866667	2,515687E+0	3,499965E-1
60,933333	2,516982E+0	3,575205E-1
61,000000	2,513746E+0	3,525045E-1
61,066667	2,516335E+0	3,575205E-1
61,133333	2,515040E+0	3,575205E-1
61,200000	2,515040E+0	3,499965E-1
61,266667	2,515687E+0	3,474885E-1
61,333333	2,515040E+0	3,324405E-1
61,400000	2,516335E+0	3,324405E-1
61,466667	2,515687E+0	3,424725E-1
61,533333	2,516335E+0	3,424725E-1
61,600000	2,515687E+0	3,424725E-1
61,666667	2,517629E+0	3,249165E-1
61,733333	2,516982E+0	3,449805E-1
61,800000	2,515687E+0	3,324405E-1
61,866667	2,514393E+0	3,249165E-1
61,933333	2,515687E+0	3,173925E-1
62,000000	2,515687E+0	3,173925E-1
62,066667	2,516335E+0	3,123765E-1
62,133333	2,515687E+0	3,199005E-1
62,200000	2,516335E+0	3,098685E-1
62,266667	2,515687E+0	3,274245E-1
62,333333	2,515687E+0	3,224085E-1
62,400000	2,515040E+0	3,525045E-1
62,466667	2,515687E+0	3,399645E-1
62,533333	2,513746E+0	3,399645E-1
62,600000	2,515687E+0	3,525045E-1
62,666667	2,515687E+0	3,499965E-1
62,733333	2,515687E+0	3,700605E-1
62,800000	2,515040E+0	3,550125E-1
62,866667	2,513746E+0	3,525045E-1
62,933333	2,516335E+0	3,575205E-1
63,000000	2,515687E+0	3,525045E-1
63,066667	2,513746E+0	3,499965E-1
63,133333	2,515040E+0	3,700605E-1
63,200000	2,513746E+0	3,424725E-1
63,266667	2,516982E+0	3,499965E-1
63,333333	2,515687E+0	3,299325E-1
63,400000	2,516335E+0	3,249165E-1
63,466667	2,515687E+0	3,148845E-1
63,533333	2,515687E+0	3,199005E-1
63,600000	2,516335E+0	3,123765E-1
63,666667	2,516982E+0	3,048525E-1
63,733333	2,516335E+0	3,098685E-1
63,800000	2,516335E+0	3,148845E-1
63,866667	2,513746E+0	3,173925E-1
63,933333	2,516982E+0	3,048525E-1
64,000000	2,515687E+0	3,224085E-1
64,066667	2,515687E+0	3,123765E-1
64,133333	2,515687E+0	3,148845E-1
64,200000	2,516335E+0	3,249165E-1
64,266667	2,517629E+0	3,123765E-1
64,333333	2,516982E+0	3,274245E-1
64,400000	2,517629E+0	3,224085E-1
64,466667	2,517629E+0	3,098685E-1
64,533333	2,513098E+0	3,123765E-1
64,600000	2,515040E+0	3,123765E-1
64,666667	2,515040E+0	3,048525E-1
64,733333	2,515687E+0	3,173925E-1
64,800000	2,516335E+0	3,399645E-1
64,866667	2,515040E+0	3,324405E-1
64,933333	2,513746E+0	3,474885E-1
65,000000	2,517629E+0	3,474885E-1
65,066667	2,514393E+0	3,675525E-1
65,133333	2,513746E+0	3,700605E-1
65,200000	2,516982E+0	3,725685E-1
65,266667	2,514393E+0	3,249165E-1
65,333333	2,515040E+0	3,098685E-1
65,400000	2,513746E+0	3,525045E-1
65,466667	2,515040E+0	3,199005E-1
65,533333	2,515687E+0	3,098685E-1
65,600000	2,515687E+0	3,474885E-1
65,666667	2,515687E+0	3,299325E-1
65,733333	2,516335E+0	3,575205E-1
65,800000	2,513746E+0	3,399645E-1
65,866667	2,515687E+0	3,274245E-1
65,933333	2,515687E+0	3,324405E-1
66,000000	2,516982E+0	3,224085E-1
66,066667	2,515687E+0	3,324405E-1
66,133333	2,517629E+0	3,123765E-1
66,200000	2,515687E+0	3,199005E-1
66,266667	2,514393E+0	2,973285E-1
66,333333	2,514393E+0	3,123765E-1
66,400000	2,515687E+0	3,148845E-1
66,466667	2,515687E+0	3,023445E-1
66,533333	2,516335E+0	3,098685E-1
66,600000	2,515687E+0	3,173925E-1
66,666667	2,515687E+0	3,399645E-1
66,733333	2,516335E+0	3,374565E-1
66,800000	2,516982E+0	3,324405E-1
66,866667	2,515687E+0	3,048525E-1
66,933333	2,516335E+0	3,123765E-1
67,000000	2,514393E+0	3,249165E-1
67,066667	2,514393E+0	3,299325E-1
67,133333	2,515040E+0	3,199005E-1
67,200000	2,513746E+0	3,073605E-1
67,266667	2,514393E+0	3,173925E-1
67,333333	2,515687E+0	3,023445E-1
67,400000	2,513746E+0	2,923125E-1
67,466667	2,514393E+0	3,023445E-1
67,533333	2,513746E+0	2,998365E-1
67,600000	2,515687E+0	2,597084E-1
67,666667	2,515040E+0	2,672324E-1
67,733333	2,516335E+0	2,672324E-1
67,800000	2,515687E+0	2,797725E-1
67,866667	2,515687E+0	2,772645E-1
67,933333	2,516335E+0	2,822805E-1
68,000000	2,514393E+0	2,847885E-1
68,066667	2,515687E+0	2,822805E-1
68,133333	2,517629E+0	2,747565E-1
68,200000	2,515687E+0	2,797725E-1
68,266667	2,516982E+0	2,822805E-1
68,333333	2,515687E+0	2,948205E-1
68,400000	2,513746E+0	2,923125E-1
68,466667	2,516335E+0	2,822805E-1
68,533333	2,516335E+0	2,872965E-1
68,600000	2,516335E+0	2,872965E-1
68,666667	2,515687E+0	2,948205E-1
68,733333	2,515687E+0	2,998365E-1
68,800000	2,515687E+0	2,898045E-1
68,866667	2,516982E+0	2,973285E-1
68,933333	2,517629E+0	3,073605E-1
69,000000	2,515687E+0	2,948205E-1
69,066667	2,515687E+0	3,023445E-1
69,133333	2,515687E+0	3,048525E-1
69,200000	2,514393E+0	2,923125E-1
69,266667	2,513746E+0	2,973285E-1
69,333333	2,515040E+0	2,847885E-1
69,400000	2,515687E+0	2,797725E-1
69,466667	2,516982E+0	2,948205E-1
69,533333	2,516335E+0	2,872965E-1
69,600000	2,515687E+0	2,998365E-1
69,666667	2,515687E+0	2,923125E-1
69,733333	2,513746E+0	2,923125E-1
69,800000	2,515040E+0	2,898045E-1
69,866667	2,515040E+0	2,822805E-1
69,933333	2,516335E+0	2,948205E-1
70,000000	2,516982E+0	2,898045E-1
70,066667	2,516982E+0	2,923125E-1
70,133333	2,514393E+0	2,923125E-1
70,200000	2,515687E+0	2,973285E-1
70,266667	2,513746E+0	2,898045E-1
70,333333	2,516335E+0	2,973285E-1
70,400000	2,515687E+0	2,923125E-1
70,466667	2,516335E+0	3,048525E-1
70,533333	2,516335E+0	3,123765E-1
70,600000	2,516335E+0	3,098685E-1
70,666667	2,516335E+0	3,123765E-1
70,733333	2,515687E+0	3,148845E-1
70,800000	2,515687E+0	2,923125E-1
70,866667	2,516335E+0	3,098685E-1
70,933333	2,515687E+0	2,872965E-1
71,000000	2,514393E+0	2,872965E-1
71,066667	2,515040E+0	2,923125E-1
71,133333	2,516335E+0	2,898045E-1
71,200000	2,516335E+0	3,098685E-1
71,266667	2,515687E+0	3,023445E-1
71,333333	2,515687E+0	2,923125E-1
71,400000	2,515687E+0	3,148845E-1
71,466667	2,516335E+0	2,822805E-1
71,533333	2,516335E+0	2,797725E-1
71,600000	2,513746E+0	2,872965E-1
71,666667	2,515687E+0	2,747565E-1
71,733333	2,516982E+0	2,797725E-1
71,800000	2,516982E+0	2,797725E-1
71,866667	2,514393E+0	2,772645E-1
71,933333	2,516335E+0	2,822805E-1
72,000000	2,515687E+0	2,998365E-1
72,066667	2,515687E+0	2,797725E-1
72,133333	2,516982E+0	2,898045E-1
72,200000	2,516335E+0	2,772645E-1
72,266667	2,515687E+0	2,797725E-1
72,333333	2,515687E+0	2,797725E-1
72,400000	2,516335E+0	2,822805E-1
72,466667	2,515687E+0	2,948205E-1
72,533333	2,515687E+0	2,847885E-1
72,600000	2,515687E+0	2,898045E-1
72,666667	2,513746E+0	2,847885E-1
72,733333	2,517629E+0	2,747565E-1
72,800000	2,515687E+0	2,923125E-1
72,866667	2,516982E+0	2,797725E-1
72,933333	2,515687E+0	2,872965E-1
73,000000	2,514393E+0	2,722485E-1
73,066667	2,515687E+0	2,722485E-1
73,133333	2,513746E+0	2,923125E-1
73,200000	2,515687E+0	2,797725E-1
73,266667	2,515687E+0	2,973285E-1
73,333333	2,517629E+0	2,772645E-1
73,400000	2,516982E+0	2,822805E-1
73,466667	2,516335E+0	2,797725E-1
73,533333	2,518276E+0	2,872965E-1
73,600000	2,515687E+0	2,822805E-1
73,666667	2,515687E+0	2,797725E-1
73,733333	2,515687E+0	2,521844E-1
73,800000	2,514393E+0	2,722485E-1
73,866667	2,515687E+0	2,672324E-1
73,933333	2,516982E+0	2,622164E-1
74,000000	2,516982E+0	2,622164E-1
74,066667	2,515040E+0	2,521844E-1
74,133333	2,516982E+0	2,697404E-1
74,200000	2,515040E+0	2,697404E-1
74,266667	2,518276E+0	2,597084E-1
74,333333	2,515687E+0	2,521844E-1
74,400000	2,513746E+0	2,371364E-1
74,466667	2,515687E+0	2,496764E-1
74,533333	2,514393E+0	2,521844E-1
74,600000	2,515687E+0	2,521844E-1
74,666667	2,515687E+0	2,521844E-1
74,733333	2,516335E+0	2,346284E-1
74,800000	2,513746E+0	2,396444E-1
74,866667	2,515040E+0	2,321204E-1
74,933333	2,516982E+0	2,396444E-1
75,000000	2,514393E+0	2,396444E-1
75,066667	2,516335E+0	2,471684E-1
75,133333	2,516335E+0	2,521844E-1
75,200000	2,516335E+0	2,396444E-1
75,266667	2,515687E+0	2,296124E-1
75,333333	2,515687E+0	2,321204E-1
75,400000	2,515040E+0	2,396444E-1
75,466667	2,516982E+0	2,446604E-1
75,533333	2,515687E+0	2,421524E-1
75,600000	2,513746E+0	2,396444E-1
75,666667	2,515040E+0	2,421524E-1
75,733333	2,515040E+0	2,396444E-1
75,800000	2,516335E+0	2,346284E-1
75,866667	2,517629E+0	2,346284E-1
75,933333	2,515687E+0	2,521844E-1
76,000000	2,515687E+0	2,371364E-1
76,066667	2,515687E+0	2,321204E-1
76,133333	2,515040E+0	2,396444E-1
76,200000	2,513746E+0	2,346284E-1
76,266667	2,515687E+0	2,346284E-1
76,333333	2,515687E+0	2,271044E-1
76,400000	2,514393E+0	2,496764E-1
76,466667	2,516335E+0	2,496764E-1
76,533333	2,515687E+0	2,421524E-1
76,600000	2,514393E+0	2,396444E-1
76,666667	2,515687E+0	2,471684E-1
76,733333	2,516982E+0	2,396444E-1
76,800000	2,513746E+0	2,471684E-1
76,866667	2,513746E+0	2,471684E-1
76,933333	2,515687E+0	2,371364E-1
77,000000	2,515687E+0	2,521844E-1
77,066667	2,515687E+0	2,521844E-1
77,133333	2,515687E+0	2,521844E-1
77,200000	2,515040E+0	2,321204E-1
77,266667	2,515687E+0	2,371364E-1
77,333333	2,517629E+0	2,471684E-1
77,400000	2,516982E+0	2,371364E-1
77,466667	2,516982E+0	2,421524E-1
77,533333	2,515040E+0	2,496764E-1
77,600000	2,516335E+0	2,446604E-1
77,666667	2,515687E+0	2,572004E-1
77,733333	2,515040E+0	2,521844E-1
77,800000	2,516982E+0	2,521844E-1
77,866667	2,515687E+0	2,471684E-1
77,933333	2,516982E+0	2,496764E-1
78,000000	2,516335E+0	2,471684E-1
78,066667	2,515687E+0	2,321204E-1
78,133333	2,517629E+0	2,496764E-1
78,200000	2,515687E+0	2,496764E-1
78,266667	2,515040E+0	2,471684E-1
78,333333	2,516335E+0	2,546924E-1
78,400000	2,516335E+0	2,421524E-1
78,466667	2,514393E+0	2,371364E-1
78,533333	2,516335E+0	2,296124E-1
78,600000	2,513746E+0	2,421524E-1
78,666667	2,515687E+0	2,396444E-1
78,733333	2,516335E+0	2,296124E-1
78,800000	2,513746E+0	2,421524E-1
78,866667	2,514393E+0	2,396444E-1
78,933333	2,514393E+0	2,421524E-1
79,000000	2,514393E+0	2,421524E-1
79,066667	2,513746E+0	2,321204E-1
79,133333	2,516335E+0	2,396444E-1
79,200000	2,515687E+0	2,421524E-1
79,266667	2,516982E+0	2,220884E-1
79,333333	2,517629E+0	2,371364E-1
79,400000	2,515687E+0	2,245964E-1
79,466667	2,515040E+0	2,296124E-1
79,533333	2,513098E+0	2,396444E-1
79,600000	2,515040E+0	2,321204E-1
79,666667	2,516335E+0	2,396444E-1
79,733333	2,515687E+0	2,346284E-1
79,800000	2,516335E+0	2,346284E-1
79,866667	2,515687E+0	2,396444E-1
79,933333	2,515687E+0	2,296124E-1
80,000000	2,515687E+0	2,170724E-1
80,066667	2,517629E+0	2,296124E-1
80,133333	2,518276E+0	2,245964E-1
80,200000	2,516982E+0	2,321204E-1
80,266667	2,513746E+0	1,919924E-1
80,333333	2,517629E+0	1,744364E-1
80,400000	2,516335E+0	1,919924E-1
80,466667	2,515040E+0	1,744364E-1
80,533333	2,515687E+0	1,819604E-1
80,600000	2,515687E+0	1,945004E-1
80,666667	2,515687E+0	1,844684E-1
80,733333	2,516982E+0	1,869764E-1
80,800000	2,515687E+0	1,919924E-1
80,866667	2,515040E+0	1,919924E-1
80,933333	2,516982E+0	1,919924E-1
81,000000	2,516335E+0	1,869764E-1
81,066667	2,514393E+0	1,869764E-1
81,133333	2,513746E+0	1,945004E-1
81,200000	2,514393E+0	1,894844E-1
81,266667	2,516335E+0	1,869764E-1
81,333333	2,515687E+0	1,919924E-1
81,400000	2,515040E+0	1,894844E-1
81,466667	2,516982E+0	1,919924E-1
81,533333	2,515687E+0	1,919924E-1
81,600000	2,515687E+0	2,020244E-1
81,666667	2,516335E+0	1,869764E-1
81,733333	2,515687E+0	1,995164E-1
81,800000	2,516982E+0	2,020244E-1
81,866667	2,516982E+0	1,945004E-1
81,933333	2,515687E+0	2,020244E-1
82,000000	2,515687E+0	1,995164E-1
82,066667	2,514393E+0	1,945004E-1
82,133333	2,515687E+0	1,869764E-1
82,200000	2,515687E+0	1,919924E-1
82,266667	2,515687E+0	1,894844E-1
82,333333	2,515687E+0	2,020244E-1
82,400000	2,515687E+0	1,894844E-1
82,466667	2,516982E+0	1,970084E-1
82,533333	2,513746E+0	1,995164E-1
82,600000	2,515687E+0	2,070404E-1
82,666667	2,516335E+0	1,995164E-1
82,733333	2,516335E+0	1,970084E-1
82,800000	2,515687E+0	2,070404E-1
82,866667	2,518276E+0	1,970084E-1
82,933333	2,517629E+0	2,070404E-1
83,000000	2,514393E+0	2,070404E-1
83,066667	2,515687E+0	1,995164E-1
83,133333	2,516982E+0	2,095484E-1
83,200000	2,515687E+0	2,145644E-1
83,266667	2,515040E+0	1,995164E-1
83,333333	2,516335E+0	2,170724E-1
83,400000	2,516982E+0	2,170724E-1
83,466667	2,514393E+0	2,271044E-1
83,533333	2,516335E+0	2,220884E-1
83,600000	2,515687E+0	2,321204E-1
83,666667	2,515040E+0	2,296124E-1
83,733333	2,515040E+0	2,321204E-1
83,800000	2,515687E+0	2,371364E-1
83,866667	2,516982E+0	2,321204E-1
83,933333	2,513746E+0	2,271044E-1
84,000000	2,515687E+0	2,220884E-1
84,066667	2,515687E+0	2,396444E-1
84,133333	2,516335E+0	2,296124E-1
84,200000	2,515040E+0	2,296124E-1
84,266667	2,515687E+0	2,245964E-1
84,333333	2,517629E+0	2,296124E-1
84,400000	2,516982E+0	2,296124E-1
84,466667	2,515687E+0	2,271044E-1
84,533333	2,516982E+0	2,296124E-1
84,600000	2,515687E+0	2,396444E-1
84,666667	2,516982E+0	2,396444E-1
84,733333	2,514393E+0	2,396444E-1
84,800000	2,515040E+0	2,396444E-1
84,866667	2,516982E+0	2,396444E-1
84,933333	2,514393E+0	2,396444E-1
85,000000	2,518276E+0	2,346284E-1
85,066667	2,513746E+0	2,396444E-1
85,133333	2,513746E+0	2,346284E-1
85,200000	2,515687E+0	2,471684E-1
85,266667	2,515687E+0	2,421524E-1
85,333333	2,513746E+0	2,321204E-1
85,400000	2,516982E+0	2,321204E-1
85,466667	2,516982E+0	2,321204E-1
85,533333	2,516982E+0	2,321204E-1
85,600000	2,516335E+0	2,396444E-1
85,666667	2,515040E+0	2,321204E-1
85,733333	2,518276E+0	2,220884E-1
85,800000	2,515687E+0	2,396444E-1
85,866667	2,513098E+0	2,321204E-1
85,933333	2,516982E+0	2,321204E-1
86,000000	2,515687E+0	2,371364E-1
86,066667	2,517629E+0	2,321204E-1
86,133333	2,518276E+0	2,321204E-1
86,200000	2,515687E+0	2,271044E-1
86,266667	2,515687E+0	2,321204E-1
86,333333	2,513746E+0	2,346284E-1
86,400000	2,517629E+0	2,296124E-1
86,466667	2,517629E+0	2,321204E-1
86,533333	2,516982E+0	2,321204E-1
86,600000	2,516982E+0	2,220884E-1
86,666667	2,516335E+0	2,220884E-1
86,733333	2,516335E+0	2,321204E-1
86,800000	2,516335E+0	2,346284E-1
86,866667	2,515040E+0	2,245964E-1
86,933333	2,513746E+0	2,296124E-1
87,000000	2,515687E+0	2,371364E-1
87,066667	2,515687E+0	2,321204E-1
87,133333	2,515040E+0	2,296124E-1
87,200000	2,513746E+0	2,421524E-1
87,266667	2,516335E+0	2,321204E-1
87,333333	2,515040E+0	2,346284E-1
87,400000	2,517629E+0	2,371364E-1
87,466667	2,514393E+0	2,346284E-1
87,533333	2,515687E+0	2,220884E-1
87,600000	2,516335E+0	2,421524E-1
87,666667	2,515040E+0	2,421524E-1
87,733333	2,515040E+0	2,245964E-1
87,800000	2,515040E+0	2,396444E-1
87,866667	2,516335E+0	2,220884E-1
87,933333	2,516335E+0	2,321204E-1
88,000000	2,517629E+0	2,271044E-1
88,066667	2,517629E+0	2,245964E-1
88,133333	2,515687E+0	2,421524E-1
88,200000	2,516335E+0	2,396444E-1
88,266667	2,515687E+0	2,371364E-1
88,333333	2,515687E+0	2,296124E-1
88,400000	2,515687E+0	2,271044E-1
88,466667	2,516982E+0	2,321204E-1
88,533333	2,516335E+0	2,220884E-1
88,600000	2,515687E+0	2,496764E-1
88,666667	2,514393E+0	2,346284E-1
88,733333	2,515687E+0	2,371364E-1
88,800000	2,517629E+0	2,421524E-1
88,866667	2,515687E+0	2,396444E-1
88,933333	2,515687E+0	2,546924E-1
89,000000	2,516335E+0	2,396444E-1
89,066667	2,515687E+0	2,496764E-1
89,133333	2,515687E+0	2,521844E-1
89,200000	2,515687E+0	2,496764E-1
89,266667	2,516335E+0	2,496764E-1
89,333333	2,514393E+0	2,496764E-1
89,400000	2,516982E+0	2,521844E-1
89,466667	2,513746E+0	2,496764E-1
89,533333	2,514393E+0	2,496764E-1
89,600000	2,516335E+0	2,521844E-1
89,666667	2,515687E+0	2,546924E-1
89,733333	2,516982E+0	2,496764E-1
89,800000	2,516335E+0	2,496764E-1
89,866667	2,515040E+0	2,496764E-1
89,933333	2,516982E+0	2,446604E-1
90,000000	2,515040E+0	2,597084E-1
90,066667	2,513746E+0	2,521844E-1
90,133333	2,515040E+0	2,421524E-1
90,200000	2,514393E+0	2,521844E-1
90,266667	2,513098E+0	2,521844E-1
90,333333	2,516335E+0	2,546924E-1
90,400000	2,515040E+0	2,521844E-1
90,466667	2,513746E+0	2,521844E-1
90,533333	2,516335E+0	2,597084E-1
90,600000	2,516982E+0	2,496764E-1
90,666667	2,515040E+0	2,421524E-1
90,733333	2,514393E+0	2,546924E-1
90,800000	2,516335E+0	2,396444E-1
90,866667	2,515687E+0	2,572004E-1
90,933333	2,515040E+0	2,521844E-1
91,000000	2,516982E+0	2,421524E-1
91,066667	2,515687E+0	2,546924E-1
91,133333	2,515040E+0	2,446604E-1
91,200000	2,516982E+0	2,396444E-1
91,266667	2,515687E+0	2,471684E-1
91,333333	2,515687E+0	2,521844E-1
91,400000	2,513746E+0	2,446604E-1
91,466667	2,515687E+0	2,321204E-1
91,533333	2,516335E+0	2,446604E-1
91,600000	2,514393E+0	2,396444E-1
91,666667	2,515687E+0	2,220884E-1
91,733333	2,514393E+0	2,346284E-1
91,800000	2,515040E+0	2,396444E-1
91,866667	2,517629E+0	2,471684E-1
91,933333	2,513746E+0	2,346284E-1
92,000000	2,515687E+0	2,346284E-1
92,066667	2,515687E+0	2,296124E-1
92,133333	2,515687E+0	2,321204E-1
92,200000	2,515040E+0	2,371364E-1
92,266667	2,513746E+0	2,296124E-1
92,333333	2,516335E+0	2,396444E-1
92,400000	2,516982E+0	2,296124E-1
92,466667	2,516982E+0	2,321204E-1
92,533333	2,514393E+0	2,346284E-1
92,600000	2,515687E+0	2,396444E-1
92,666667	2,516335E+0	2,346284E-1
92,733333	2,516982E+0	2,421524E-1
92,800000	2,516335E+0	2,421524E-1
92,866667	2,515687E+0	2,496764E-1
92,933333	2,514393E+0	2,496764E-1
93,000000	2,515687E+0	2,421524E-1
93,066667	2,513098E+0	2,396444E-1
93,133333	2,515687E+0	2,321204E-1
93,200000	2,515687E+0	2,296124E-1
93,266667	2,515687E+0	2,321204E-1
93,333333	2,515687E+0	2,321204E-1
93,400000	2,513746E+0	2,471684E-1
93,466667	2,515687E+0	2,396444E-1
93,533333	2,515687E+0	2,521844E-1
93,600000	2,513746E+0	2,496764E-1
93,666667	2,515687E+0	2,496764E-1
93,733333	2,515687E+0	2,496764E-1
93,800000	2,515687E+0	2,496764E-1
93,866667	2,515687E+0	2,471684E-1
93,933333	2,515687E+0	2,396444E-1
94,000000	2,516335E+0	2,471684E-1
94,066667	2,515687E+0	2,471684E-1
94,133333	2,513746E+0	2,521844E-1
94,200000	2,515687E+0	2,471684E-1
94,266667	2,516335E+0	2,396444E-1
94,333333	2,516982E+0	2,421524E-1
94,400000	2,515687E+0	2,396444E-1
94,466667	2,515687E+0	2,371364E-1
94,533333	2,515040E+0	2,496764E-1
94,600000	2,516335E+0	2,346284E-1
94,666667	2,517629E+0	2,321204E-1
94,733333	2,516335E+0	2,220884E-1
94,800000	2,516982E+0	2,245964E-1
94,866667	2,515687E+0	2,220884E-1
94,933333	2,515040E+0	2,220884E-1
95,000000	2,516335E+0	2,321204E-1
95,066667	2,514393E+0	2,220884E-1
95,133333	2,515687E+0	2,220884E-1
95,200000	2,513746E+0	2,220884E-1
95,266667	2,515040E+0	2,220884E-1
95,333333	2,513746E+0	2,245964E-1
95,400000	2,513746E+0	2,271044E-1
95,466667	2,515687E+0	2,195804E-1
95,533333	2,514393E+0	2,220884E-1
95,600000	2,513746E+0	2,220884E-1
95,666667	2,513746E+0	2,220884E-1
95,733333	2,516335E+0	2,195804E-1
95,800000	2,515687E+0	2,220884E-1
95,866667	2,515687E+0	2,220884E-1
95,933333	2,515687E+0	2,271044E-1
96,000000	2,516982E+0	2,271044E-1
96,066667	2,514393E+0	2,271044E-1
96,133333	2,517629E+0	2,271044E-1
96,200000	2,515687E+0	2,245964E-1
96,266667	2,516335E+0	2,170724E-1
96,333333	2,516335E+0	2,271044E-1
96,400000	2,514393E+0	2,220884E-1
96,466667	2,513746E+0	2,271044E-1
96,533333	2,513098E+0	2,195804E-1
96,600000	2,516335E+0	2,120564E-1
96,666667	2,515040E+0	2,220884E-1
96,733333	2,515687E+0	2,346284E-1
96,800000	2,518276E+0	2,170724E-1
96,866667	2,516982E+0	2,245964E-1
96,933333	2,516982E+0	2,095484E-1
97,000000	2,514393E+0	2,321204E-1
97,066667	2,514393E+0	2,346284E-1
97,133333	2,515040E+0	2,321204E-1
97,200000	2,516982E+0	2,321204E-1
97,266667	2,517629E+0	2,296124E-1
97,333333	2,513746E+0	2,245964E-1
97,400000	2,513746E+0	2,245964E-1
97,466667	2,515040E+0	2,321204E-1
97,533333	2,515040E+0	2,346284E-1
97,600000	2,515687E+0	2,271044E-1
97,666667	2,514393E+0	2,296124E-1
97,733333	2,515687E+0	2,371364E-1
97,800000	2,513746E+0	2,321204E-1
97,866667	2,516335E+0	2,145644E-1
97,933333	2,515687E+0	2,321204E-1
98,000000	2,517629E+0	2,321204E-1
98,066667	2,515687E+0	2,396444E-1
98,133333	2,515687E+0	2,271044E-1
98,200000	2,515687E+0	2,346284E-1
98,266667	2,513746E+0	2,271044E-1
98,333333	2,516335E+0	2,346284E-1
98,400000	2,516335E+0	2,296124E-1
98,466667	2,515687E+0	2,321204E-1
98,533333	2,516335E+0	2,170724E-1
98,600000	2,515687E+0	2,170724E-1
98,666667	2,515687E+0	2,170724E-1
98,733333	2,515040E+0	2,120564E-1
98,800000	2,513746E+0	2,220884E-1
98,866667	2,516982E+0	2,120564E-1
98,933333	2,515687E+0	2,195804E-1
99,000000	2,515040E+0	2,095484E-1
99,066667	2,515687E+0	2,170724E-1
99,133333	2,515040E+0	2,120564E-1
99,200000	2,515687E+0	2,070404E-1
99,266667	2,516982E+0	2,095484E-1
99,333333	2,515040E+0	2,170724E-1
99,400000	2,513746E+0	2,145644E-1
99,466667	2,517629E+0	2,095484E-1
99,533333	2,513098E+0	2,170724E-1
99,600000	2,516335E+0	2,145644E-1
99,666667	2,515687E+0	2,296124E-1
99,733333	2,514393E+0	2,145644E-1
99,800000	2,513746E+0	2,170724E-1
99,866667	2,518923E+0	2,120564E-1
99,933333	2,516335E+0	2,120564E-1
100,000000	2,515687E+0	2,220884E-1
100,066667	2,515040E+0	2,220884E-1
100,133333	2,516335E+0	2,120564E-1
100,200000	2,515687E+0	2,120564E-1
100,266667	2,513746E+0	2,170724E-1
100,333333	2,516982E+0	2,145644E-1
100,400000	2,515040E+0	2,145644E-1
100,466667	2,515040E+0	2,095484E-1
100,533333	2,515687E+0	2,020244E-1
100,600000	2,515040E+0	2,145644E-1
100,666667	2,515687E+0	2,070404E-1
100,733333	2,515040E+0	2,145644E-1
100,800000	2,513746E+0	2,195804E-1
100,866667	2,516335E+0	2,145644E-1
100,933333	2,516335E+0	2,145644E-1
101,000000	2,516335E+0	2,195804E-1
101,066667	2,513746E+0	2,170724E-1
101,133333	2,513746E+0	2,220884E-1
101,200000	2,515040E+0	2,070404E-1
101,266667	2,515040E+0	2,145644E-1
101,333333	2,514393E+0	2,170724E-1
101,400000	2,518923E+0	2,095484E-1
101,466667	2,518276E+0	2,095484E-1
101,533333	2,515687E+0	2,120564E-1
101,600000	2,515687E+0	2,245964E-1
101,666667	2,515687E+0	2,170724E-1
101,733333	2,516335E+0	2,170724E-1
101,800000	2,515040E+0	2,195804E-1
101,866667	2,515040E+0	2,245964E-1
101,933333	2,515687E+0	2,070404E-1
102,000000	2,513746E+0	2,195804E-1
102,066667	2,513746E+0	2,220884E-1
102,133333	2,516335E+0	2,220884E-1
102,200000	2,516335E+0	2,195804E-1
102,266667	2,516335E+0	2,070404E-1
102,333333	2,515040E+0	2,195804E-1
102,400000	2,515687E+0	2,145644E-1
102,466667	2,513746E+0	2,095484E-1
102,533333	2,515040E+0	2,095484E-1
102,600000	2,515687E+0	2,095484E-1
102,666667	2,515040E+0	2,195804E-1
102,733333	2,515687E+0	2,120564E-1
102,800000	2,515687E+0	2,070404E-1
102,866667	2,516335E+0	2,095484E-1
102,933333	2,515040E+0	2,145644E-1
103,000000	2,515687E+0	1,995164E-1
103,066667	2,516335E+0	2,120564E-1
103,133333	2,515687E+0	2,120564E-1
103,200000	2,516335E+0	2,095484E-1
103,266667	2,515040E+0	2,120564E-1
103,333333	2,515040E+0	2,020244E-1
103,400000	2,514393E+0	2,170724E-1
103,466667	2,515687E+0	2,145644E-1
103,533333	2,516335E+0	2,095484E-1
103,600000	2,516982E+0	2,095484E-1
103,666667	2,516982E+0	2,120564E-1
103,733333	2,516982E+0	2,095484E-1
103,800000	2,515687E+0	2,145644E-1
103,866667	2,513746E+0	2,145644E-1
103,933333	2,516335E+0	2,195804E-1
104,000000	2,515040E+0	2,120564E-1
104,066667	2,514393E+0	2,120564E-1
104,133333	2,513746E+0	2,120564E-1
104,200000	2,516335E+0	2,070404E-1
104,266667	2,513746E+0	2,095484E-1
104,333333	2,516982E+0	2,045324E-1
104,400000	2,515687E+0	2,195804E-1
104,466667	2,515040E+0	2,070404E-1
104,533333	2,515687E+0	2,070404E-1
104,600000	2,516335E+0	2,045324E-1
104,666667	2,515040E+0	2,120564E-1
104,733333	2,515687E+0	2,045324E-1
104,800000	2,514393E+0	2,145644E-1
104,866667	2,515687E+0	2,220884E-1
104,933333	2,517629E+0	2,095484E-1
105,000000	2,516335E+0	2,220884E-1
105,066667	2,514393E+0	2,045324E-1
105,133333	2,515687E+0	2,120564E-1
105,200000	2,513746E+0	2,070404E-1
105,266667	2,513746E+0	1,995164E-1
105,333333	2,516335E+0	2,020244E-1
105,400000	2,513746E+0	2,045324E-1
105,466667	2,516335E+0	2,070404E-1
105,533333	2,513746E+0	2,195804E-1
105,600000	2,513746E+0	2,245964E-1
105,666667	2,514393E+0	2,170724E-1
105,733333	2,515687E+0	2,220884E-1
105,800000	2,515687E+0	2,195804E-1
105,866667	2,513746E+0	2,145644E-1
105,933333	2,515040E+0	2,170724E-1
106,000000	2,516982E+0	2,070404E-1
106,066667	2,516335E+0	2,120564E-1
106,133333	2,513098E+0	2,120564E-1
106,200000	2,515687E+0	2,195804E-1
106,266667	2,515040E+0	2,145644E-1
106,333333	2,515687E+0	2,145644E-1
106,400000	2,515687E+0	2,170724E-1
106,466667	2,516335E+0	1,995164E-1
106,533333	2,514393E+0	2,120564E-1
106,600000	2,515687E+0	2,095484E-1
106,666667	2,515687E+0	2,045324E-1
106,733333	2,515687E+0	2,045324E-1
106,800000	2,516982E+0	2,070404E-1
106,866667	2,514393E+0	2,070404E-1
106,933333	2,516982E+0	2,045324E-1
107,000000	2,515687E+0	2,095484E-1
107,066667	2,515687E+0	2,070404E-1
107,133333	2,514393E+0	2,120564E-1
107,200000	2,515687E+0	2,170724E-1
107,266667	2,517629E+0	2,070404E-1
107,333333	2,515040E+0	2,095484E-1
107,400000	2,513746E+0	2,020244E-1
107,466667	2,515687E+0	2,120564E-1
107,533333	2,515687E+0	2,020244E-1
107,600000	2,515040E+0	2,045324E-1
107,666667	2,517629E+0	1,970084E-1
107,733333	2,514393E+0	1,995164E-1
107,800000	2,515687E+0	1,995164E-1
107,866667	2,513746E+0	1,945004E-1
107,933333	2,516982E+0	1,970084E-1
108,000000	2,513746E+0	1,995164E-1
108,066667	2,516982E+0	1,919924E-1
108,133333	2,513746E+0	2,020244E-1
108,200000	2,515687E+0	2,020244E-1
108,266667	2,515040E+0	2,020244E-1
108,333333	2,515040E+0	2,020244E-1
108,400000	2,515040E+0	1,970084E-1
108,466667	2,515687E+0	1,995164E-1
108,533333	2,516982E+0	2,020244E-1
108,600000	2,516982E+0	2,020244E-1
108,666667	2,516335E+0	2,070404E-1
108,733333	2,515687E+0	1,995164E-1
108,800000	2,516335E+0	1,995164E-1
108,866667	2,515687E+0	2,070404E-1
108,933333	2,516335E+0	1,995164E-1
109,000000	2,513746E+0	2,070404E-1
109,066667	2,515687E+0	2,095484E-1
109,133333	2,516335E+0	2,045324E-1
109,200000	2,514393E+0	2,020244E-1
109,266667	2,515687E+0	1,995164E-1
109,333333	2,515040E+0	2,095484E-1
109,400000	2,516335E+0	2,070404E-1
109,466667	2,516335E+0	2,120564E-1
109,533333	2,513746E+0	2,045324E-1
109,600000	2,515687E+0	1,593884E-1
109,666667	2,516982E+0	1,618964E-1
109,733333	2,515687E+0	1,644044E-1
109,800000	2,516982E+0	1,593884E-1
109,866667	2,515040E+0	1,493563E-1
109,933333	2,516982E+0	1,593884E-1
110,000000	2,516982E+0	1,618964E-1
110,066667	2,516982E+0	1,618964E-1
110,133333	2,515687E+0	1,644044E-1
110,200000	2,515687E+0	1,568804E-1
110,266667	2,515687E+0	1,694204E-1
110,333333	2,516335E+0	1,618964E-1
110,400000	2,515687E+0	1,719284E-1
110,466667	2,515687E+0	1,669124E-1
110,533333	2,515687E+0	1,694204E-1
110,600000	2,515687E+0	1,543724E-1
110,666667	2,515687E+0	1,669124E-1
110,733333	2,515687E+0	1,593884E-1
110,800000	2,516335E+0	1,719284E-1
110,866667	2,513746E+0	1,618964E-1
110,933333	2,516335E+0	1,644044E-1
111,000000	2,516982E+0	1,618964E-1
111,066667	2,516335E+0	1,644044E-1
111,133333	2,515687E+0	1,669124E-1
111,200000	2,518276E+0	1,669124E-1
111,266667	2,516335E+0	1,593884E-1
111,333333	2,515687E+0	1,593884E-1
111,400000	2,515040E+0	1,719284E-1
111,466667	2,515687E+0	1,618964E-1
111,533333	2,515687E+0	1,518644E-1
111,600000	2,513746E+0	1,593884E-1
111,666667	2,513746E+0	1,593884E-1
111,733333	2,516335E+0	1,644044E-1
111,800000	2,513746E+0	1,694204E-1
111,866667	2,515687E+0	1,819604E-1
111,933333	2,513746E+0	1,919924E-1
112,000000	2,515687E+0	1,970084E-1
112,066667	2,515687E+0	1,844684E-1
112,133333	2,516335E+0	1,919924E-1
112,200000	2,518276E+0	1,945004E-1
112,266667	2,513746E+0	1,919924E-1
112,333333	2,513746E+0	2,070404E-1
112,400000	2,517629E+0	2,020244E-1
112,466667	2,515687E+0	1,945004E-1
112,533333	2,515040E+0	1,945004E-1
112,600000	2,515687E+0	1,995164E-1
112,666667	2,515040E+0	1,894844E-1
112,733333	2,515687E+0	2,020244E-1
112,800000	2,515687E+0	2,070404E-1
112,866667	2,515040E+0	1,869764E-1
112,933333	2,515687E+0	1,945004E-1
113,000000	2,516335E+0	1,995164E-1
113,066667	2,515687E+0	1,995164E-1
113,133333	2,515687E+0	1,894844E-1
113,200000	2,513746E+0	1,995164E-1
113,266667	2,515687E+0	2,020244E-1
113,333333	2,515687E+0	1,919924E-1
113,400000	2,514393E+0	2,045324E-1
113,466667	2,513746E+0	2,095484E-1
113,533333	2,516982E+0	1,995164E-1
113,600000	2,516335E+0	2,020244E-1
113,666667	2,515040E+0	1,769444E-1
113,733333	2,516335E+0	1,970084E-1
113,800000	2,515687E+0	1,970084E-1
113,866667	2,515687E+0	2,045324E-1
113,933333	2,515040E+0	1,995164E-1
114,000000	2,513746E+0	1,970084E-1
114,066667	2,516335E+0	2,020244E-1
114,133333	2,516982E+0	1,894844E-1
114,200000	2,515687E+0	1,970084E-1
114,266667	2,513746E+0	1,919924E-1
114,333333	2,513746E+0	1,945004E-1
114,400000	2,515040E+0	1,919924E-1
114,466667	2,515040E+0	2,020244E-1
114,533333	2,514393E+0	2,020244E-1
114,600000	2,516982E+0	2,070404E-1
114,666667	2,515687E+0	2,095484E-1
114,733333	2,516335E+0	2,070404E-1
114,800000	2,516335E+0	2,020244E-1
114,866667	2,513098E+0	1,995164E-1
114,933333	2,516335E+0	1,970084E-1
115,000000	2,513098E+0	2,020244E-1
115,066667	2,517629E+0	2,095484E-1
115,133333	2,515687E+0	2,095484E-1
115,200000	2,515687E+0	1,995164E-1
115,266667	2,515687E+0	2,120564E-1
115,333333	2,516335E+0	1,995164E-1
115,400000	2,513746E+0	1,995164E-1
115,466667	2,516982E+0	1,945004E-1
115,533333	2,513098E+0	1,919924E-1
115,600000	2,515040E+0	2,045324E-1
115,666667	2,513746E+0	1,919924E-1
115,733333	2,515687E+0	1,869764E-1
115,800000	2,515687E+0	2,070404E-1
115,866667	2,513746E+0	1,919924E-1
115,933333	2,516335E+0	1,919924E-1
116,000000	2,515687E+0	1,869764E-1
116,066667	2,515687E+0	2,020244E-1
116,133333	2,515687E+0	1,945004E-1
116,200000	2,514393E+0	2,045324E-1
116,266667	2,514393E+0	1,995164E-1
116,333333	2,515687E+0	1,995164E-1
116,400000	2,513746E+0	2,020244E-1
116,466667	2,514393E+0	1,995164E-1
116,533333	2,515040E+0	1,919924E-1
116,600000	2,516982E+0	1,970084E-1
116,666667	2,515687E+0	2,095484E-1
116,733333	2,513746E+0	2,020244E-1
116,800000	2,516335E+0	2,020244E-1
116,866667	2,515687E+0	2,070404E-1
116,933333	2,516982E+0	2,020244E-1
117,000000	2,516982E+0	1,995164E-1
117,066667	2,515687E+0	2,095484E-1
117,133333	2,515687E+0	2,070404E-1
117,200000	2,513746E+0	1,945004E-1
117,266667	2,515687E+0	2,095484E-1
117,333333	2,516982E+0	2,045324E-1
117,400000	2,513746E+0	2,070404E-1
117,466667	2,517629E+0	1,995164E-1
117,533333	2,515687E+0	1,894844E-1
117,600000	2,516335E+0	1,945004E-1
117,666667	2,514393E+0	2,020244E-1
117,733333	2,515687E+0	1,995164E-1
117,800000	2,515687E+0	1,919924E-1
117,866667	2,516335E+0	1,919924E-1
117,933333	2,515687E+0	2,070404E-1
118,000000	2,515040E+0	2,045324E-1
118,066667	2,514393E+0	1,919924E-1
118,133333	2,515687E+0	1,894844E-1
118,200000	2,516335E+0	1,995164E-1
118,266667	2,516335E+0	1,945004E-1
118,333333	2,516335E+0	1,919924E-1
118,400000	2,517629E+0	2,020244E-1
118,466667	2,513746E+0	1,919924E-1
118,533333	2,513746E+0	1,970084E-1
118,600000	2,515040E+0	2,020244E-1
118,666667	2,515040E+0	2,020244E-1
118,733333	2,515040E+0	1,794524E-1
118,800000	2,515040E+0	1,919924E-1
118,866667	2,515687E+0	1,945004E-1
118,933333	2,515040E+0	1,819604E-1
119,000000	2,515687E+0	1,894844E-1
119,066667	2,515687E+0	1,919924E-1
119,133333	2,516982E+0	1,995164E-1
119,200000	2,513746E+0	2,020244E-1
119,266667	2,514393E+0	1,995164E-1
119,333333	2,515687E+0	2,020244E-1
119,400000	2,516335E+0	2,020244E-1
119,466667	2,515687E+0	2,095484E-1
119,533333	2,515040E+0	2,045324E-1
119,600000	2,515040E+0	1,995164E-1
119,666667	2,515687E+0	1,919924E-1
119,733333	2,515687E+0	2,120564E-1
119,800000	2,517629E+0	1,618964E-1
119,866667	2,517629E+0	1,995164E-1
119,933333	2,517629E+0	1,970084E-1
120,000000	2,515687E+0	1,945004E-1

