date/time: ,29/11/2019,01:42 p.m.
Run 1

time	(V)	(V)
0,000000	2,526690E+0	4,402026E-2
0,066667	2,525396E+0	4,151226E-2
0,133333	2,526043E+0	3,649626E-2
0,200000	2,524749E+0	4,151226E-2
0,266667	2,524749E+0	3,649626E-2
0,333333	2,525396E+0	4,402026E-2
0,400000	2,526690E+0	3,900426E-2
0,466667	2,526690E+0	3,649626E-2
0,533333	2,523454E+0	3,649626E-2
0,600000	2,526690E+0	3,900426E-2
0,666667	2,524101E+0	3,148025E-2
0,733333	2,526690E+0	3,649626E-2
0,800000	2,526690E+0	3,398825E-2
0,866667	2,523454E+0	3,900426E-2
0,933333	2,524749E+0	3,148025E-2
1,000000	2,525396E+0	3,148025E-2
1,066667	2,524101E+0	3,900426E-2
1,133333	2,525396E+0	4,151226E-2
1,200000	2,525396E+0	3,148025E-2
1,266667	2,526690E+0	4,151226E-2
1,333333	2,525396E+0	2,897225E-2
1,400000	2,525396E+0	3,148025E-2
1,466667	2,526043E+0	3,148025E-2
1,533333	2,526690E+0	3,148025E-2
1,600000	2,525396E+0	4,402026E-2
1,666667	2,524749E+0	4,151226E-2
1,733333	2,523454E+0	3,649626E-2
1,800000	2,526690E+0	3,900426E-2
1,866667	2,524749E+0	3,148025E-2
1,933333	2,523454E+0	3,900426E-2
2,000000	2,524101E+0	3,900426E-2
2,066667	2,523454E+0	3,649626E-2
2,133333	2,523454E+0	3,398825E-2
2,200000	2,526690E+0	3,649626E-2
2,266667	2,526690E+0	3,649626E-2
2,333333	2,523454E+0	3,900426E-2
2,400000	2,525396E+0	3,148025E-2
2,466667	2,526690E+0	3,649626E-2
2,533333	2,526043E+0	3,900426E-2
2,600000	2,525396E+0	3,148025E-2
2,666667	2,524101E+0	3,649626E-2
2,733333	2,525396E+0	3,148025E-2
2,800000	2,526043E+0	3,649626E-2
2,866667	2,525396E+0	4,151226E-2
2,933333	2,526690E+0	3,649626E-2
3,000000	2,524101E+0	4,402026E-2
3,066667	2,523454E+0	3,649626E-2
3,133333	2,523454E+0	4,402026E-2
3,200000	2,526690E+0	3,649626E-2
3,266667	2,524749E+0	4,402026E-2
3,333333	2,526690E+0	3,900426E-2
3,400000	2,525396E+0	3,398825E-2
3,466667	2,524101E+0	3,398825E-2
3,533333	2,525396E+0	3,649626E-2
3,600000	2,522807E+0	3,900426E-2
3,666667	2,525396E+0	3,148025E-2
3,733333	2,525396E+0	4,402026E-2
3,800000	2,526690E+0	3,900426E-2
3,866667	2,526690E+0	3,649626E-2
3,933333	2,526690E+0	3,900426E-2
4,000000	2,527337E+0	3,649626E-2
4,066667	2,524749E+0	4,151226E-2
4,133333	2,524101E+0	3,649626E-2
4,200000	2,526690E+0	3,900426E-2
4,266667	2,525396E+0	4,151226E-2
4,333333	2,525396E+0	4,151226E-2
4,400000	2,526690E+0	3,900426E-2
4,466667	2,526690E+0	3,900426E-2
4,533333	2,525396E+0	3,398825E-2
4,600000	2,523454E+0	3,649626E-2
4,666667	2,526690E+0	3,900426E-2
4,733333	2,526690E+0	3,649626E-2
4,800000	2,524101E+0	4,151226E-2
4,866667	2,526043E+0	3,900426E-2
4,933333	2,525396E+0	4,151226E-2
5,000000	2,526690E+0	3,398825E-2
5,066667	2,525396E+0	4,652826E-2
5,133333	2,523454E+0	3,398825E-2
5,200000	2,523454E+0	3,649626E-2
5,266667	2,524749E+0	4,402026E-2
5,333333	2,523454E+0	4,151226E-2
5,400000	2,526043E+0	4,151226E-2
5,466667	2,524101E+0	3,649626E-2
5,533333	2,526690E+0	3,398825E-2
5,600000	2,527337E+0	3,649626E-2
5,666667	2,526690E+0	3,900426E-2
5,733333	2,525396E+0	3,398825E-2
5,800000	2,523454E+0	3,649626E-2
5,866667	2,525396E+0	3,148025E-2
5,933333	2,522807E+0	3,649626E-2
6,000000	2,524101E+0	3,649626E-2
6,066667	2,526690E+0	3,148025E-2
6,133333	2,525396E+0	4,151226E-2
6,200000	2,524749E+0	4,151226E-2
6,266667	2,524749E+0	4,151226E-2
6,333333	2,524749E+0	4,402026E-2
6,400000	2,524101E+0	3,900426E-2
6,466667	2,523454E+0	3,649626E-2
6,533333	2,525396E+0	4,151226E-2
6,600000	2,526043E+0	3,649626E-2
6,666667	2,525396E+0	4,151226E-2
6,733333	2,525396E+0	2,897225E-2
6,800000	2,526043E+0	3,649626E-2
6,866667	2,526690E+0	3,649626E-2
6,933333	2,524101E+0	4,151226E-2
7,000000	2,526043E+0	4,151226E-2
7,066667	2,525396E+0	3,148025E-2
7,133333	2,527985E+0	3,649626E-2
7,200000	2,524749E+0	4,402026E-2
7,266667	2,523454E+0	3,649626E-2
7,333333	2,525396E+0	3,148025E-2
7,400000	2,524101E+0	3,649626E-2
7,466667	2,526690E+0	3,649626E-2
7,533333	2,524101E+0	3,398825E-2
7,600000	2,525396E+0	4,402026E-2
7,666667	2,526043E+0	4,151226E-2
7,733333	2,525396E+0	2,897225E-2
7,800000	2,525396E+0	4,151226E-2
7,866667	2,524749E+0	4,151226E-2
7,933333	2,525396E+0	2,897225E-2
8,000000	2,524101E+0	3,398825E-2
8,066667	2,523454E+0	3,649626E-2
8,133333	2,523454E+0	3,649626E-2
8,200000	2,525396E+0	3,649626E-2
8,266667	2,526690E+0	3,649626E-2
8,333333	2,524749E+0	2,897225E-2
8,400000	2,525396E+0	4,151226E-2
8,466667	2,525396E+0	4,402026E-2
8,533333	2,526690E+0	3,649626E-2
8,600000	2,524749E+0	3,649626E-2
8,666667	2,525396E+0	3,148025E-2
8,733333	2,524101E+0	3,900426E-2
8,800000	2,523454E+0	3,649626E-2
8,866667	2,525396E+0	3,900426E-2
8,933333	2,522807E+0	4,151226E-2
9,000000	2,526690E+0	3,398825E-2
9,066667	2,526043E+0	3,398825E-2
9,133333	2,525396E+0	4,151226E-2
9,200000	2,524749E+0	2,897225E-2
9,266667	2,526690E+0	3,649626E-2
9,333333	2,525396E+0	3,900426E-2
9,400000	2,525396E+0	4,151226E-2
9,466667	2,524749E+0	3,649626E-2
9,533333	2,525396E+0	4,402026E-2
9,600000	2,524749E+0	4,151226E-2
9,666667	2,525396E+0	4,151226E-2
9,733333	2,525396E+0	3,649626E-2
9,800000	2,525396E+0	3,148025E-2
9,866667	2,526690E+0	3,900426E-2
9,933333	2,526043E+0	3,148025E-2
10,000000	2,524101E+0	3,900426E-2
10,066667	2,524101E+0	4,151226E-2
10,133333	2,523454E+0	2,321204E-1
10,200000	2,523454E+0	8,014369E-1
10,266667	2,527337E+0	1,160081E+0
10,333333	2,526690E+0	1,360721E+0
10,400000	2,524749E+0	1,503677E+0
10,466667	2,525396E+0	1,573902E+0
10,533333	2,525396E+0	1,546314E+0
10,600000	2,523454E+0	1,591458E+0
10,666667	2,524749E+0	1,644126E+0
10,733333	2,525396E+0	1,724382E+0
10,800000	2,525396E+0	1,787082E+0
10,866667	2,526043E+0	1,769526E+0
10,933333	2,526690E+0	1,797114E+0
11,000000	2,524749E+0	1,857306E+0
11,066667	2,526690E+0	1,862322E+0
11,133333	2,526690E+0	1,817178E+0
11,200000	2,525396E+0	1,917498E+0
11,266667	2,524749E+0	1,922514E+0
11,333333	2,524101E+0	1,902450E+0
11,400000	2,523454E+0	1,894926E+0
11,466667	2,523454E+0	1,909974E+0
11,533333	2,524749E+0	1,904958E+0
11,600000	2,526043E+0	1,912482E+0
11,666667	2,524749E+0	1,817178E+0
11,733333	2,526690E+0	1,804638E+0
11,800000	2,526043E+0	1,819686E+0
11,866667	2,523454E+0	1,799622E+0
11,933333	2,526043E+0	1,799622E+0
12,000000	2,525396E+0	1,814670E+0
12,066667	2,523454E+0	1,829718E+0
12,133333	2,526690E+0	1,832226E+0
12,200000	2,526043E+0	1,839750E+0
12,266667	2,525396E+0	1,854798E+0
12,333333	2,523454E+0	1,849782E+0
12,400000	2,524749E+0	1,849782E+0
12,466667	2,523454E+0	1,857306E+0
12,533333	2,524749E+0	1,854798E+0
12,600000	2,524101E+0	1,839750E+0
12,666667	2,525396E+0	1,839750E+0
12,733333	2,526043E+0	1,842258E+0
12,800000	2,526690E+0	1,852290E+0
12,866667	2,524101E+0	1,844766E+0
12,933333	2,526690E+0	1,862322E+0
13,000000	2,525396E+0	1,852290E+0
13,066667	2,525396E+0	1,867338E+0
13,133333	2,523454E+0	1,869846E+0
13,200000	2,526690E+0	1,867338E+0
13,266667	2,524101E+0	1,877370E+0
13,333333	2,525396E+0	1,882386E+0
13,400000	2,524101E+0	1,904958E+0
13,466667	2,523454E+0	1,887402E+0
13,533333	2,526690E+0	1,894926E+0
13,600000	2,525396E+0	1,899942E+0
13,666667	2,526043E+0	1,912482E+0
13,733333	2,523454E+0	1,879878E+0
13,800000	2,525396E+0	1,877370E+0
13,866667	2,527337E+0	1,859814E+0
13,933333	2,525396E+0	1,844766E+0
14,000000	2,526690E+0	1,857306E+0
14,066667	2,525396E+0	1,857306E+0
14,133333	2,526043E+0	1,894926E+0
14,200000	2,524101E+0	1,892418E+0
14,266667	2,526690E+0	1,902450E+0
14,333333	2,524101E+0	1,904958E+0
14,400000	2,525396E+0	1,902450E+0
14,466667	2,524101E+0	1,904958E+0
14,533333	2,523454E+0	1,909974E+0
14,600000	2,523454E+0	1,899942E+0
14,666667	2,525396E+0	1,907466E+0
14,733333	2,525396E+0	1,909974E+0
14,800000	2,526043E+0	1,917498E+0
14,866667	2,525396E+0	1,907466E+0
14,933333	2,525396E+0	1,917498E+0
15,000000	2,523454E+0	1,914990E+0
15,066667	2,525396E+0	1,932546E+0
15,133333	2,525396E+0	1,950102E+0
15,200000	2,525396E+0	1,952610E+0
15,266667	2,525396E+0	1,952610E+0
15,333333	2,524101E+0	1,937562E+0
15,400000	2,524101E+0	1,952610E+0
15,466667	2,524749E+0	1,937562E+0
15,533333	2,524101E+0	1,935054E+0
15,600000	2,524749E+0	1,955118E+0
15,666667	2,524749E+0	1,955118E+0
15,733333	2,526043E+0	1,957626E+0
15,800000	2,524101E+0	1,962642E+0
15,866667	2,525396E+0	1,960134E+0
15,933333	2,526690E+0	1,965150E+0
16,000000	2,525396E+0	1,962642E+0
16,066667	2,526690E+0	1,957626E+0
16,133333	2,524749E+0	1,962642E+0
16,200000	2,525396E+0	1,945086E+0
16,266667	2,525396E+0	1,945086E+0
16,333333	2,526043E+0	1,950102E+0
16,400000	2,526690E+0	1,947594E+0
16,466667	2,523454E+0	1,950102E+0
16,533333	2,524101E+0	1,955118E+0
16,600000	2,526043E+0	1,957626E+0
16,666667	2,526043E+0	1,950102E+0
16,733333	2,525396E+0	1,940070E+0
16,800000	2,524101E+0	1,937562E+0
16,866667	2,526690E+0	1,955118E+0
16,933333	2,525396E+0	1,940070E+0
17,000000	2,524749E+0	1,937562E+0
17,066667	2,523454E+0	1,940070E+0
17,133333	2,523454E+0	1,937562E+0
17,200000	2,524749E+0	1,930038E+0
17,266667	2,526690E+0	1,935054E+0
17,333333	2,525396E+0	1,922514E+0
17,400000	2,523454E+0	1,925022E+0
17,466667	2,525396E+0	1,930038E+0
17,533333	2,523454E+0	1,925022E+0
17,600000	2,525396E+0	1,907466E+0
17,666667	2,526043E+0	1,904958E+0
17,733333	2,523454E+0	1,902450E+0
17,800000	2,524749E+0	1,902450E+0
17,866667	2,525396E+0	1,902450E+0
17,933333	2,523454E+0	1,920006E+0
18,000000	2,525396E+0	1,925022E+0
18,066667	2,523454E+0	1,935054E+0
18,133333	2,525396E+0	1,922514E+0
18,200000	2,526690E+0	1,927530E+0
18,266667	2,527337E+0	1,932546E+0
18,333333	2,526690E+0	1,920006E+0
18,400000	2,522807E+0	1,927530E+0
18,466667	2,525396E+0	1,937562E+0
18,533333	2,525396E+0	1,940070E+0
18,600000	2,526690E+0	1,937562E+0
18,666667	2,524749E+0	1,932546E+0
18,733333	2,525396E+0	1,925022E+0
18,800000	2,526043E+0	1,930038E+0
18,866667	2,526043E+0	1,927530E+0
18,933333	2,525396E+0	1,937562E+0
19,000000	2,524101E+0	1,930038E+0
19,066667	2,526690E+0	1,925022E+0
19,133333	2,524749E+0	1,932546E+0
19,200000	2,523454E+0	1,937562E+0
19,266667	2,523454E+0	1,930038E+0
19,333333	2,526690E+0	1,937562E+0
19,400000	2,523454E+0	1,932546E+0
19,466667	2,524749E+0	1,925022E+0
19,533333	2,525396E+0	1,940070E+0
19,600000	2,524749E+0	1,932546E+0
19,666667	2,524749E+0	1,935054E+0
19,733333	2,526043E+0	1,930038E+0
19,800000	2,524101E+0	1,914990E+0
19,866667	2,527337E+0	1,927530E+0
19,933333	2,526043E+0	1,925022E+0
20,000000	2,524749E+0	1,907466E+0
20,066667	2,523454E+0	1,892418E+0
20,133333	2,524749E+0	1,887402E+0
20,200000	2,523454E+0	1,879878E+0
20,266667	2,522807E+0	1,889910E+0
20,333333	2,526690E+0	1,872354E+0
20,400000	2,524749E+0	1,882386E+0
20,466667	2,525396E+0	1,872354E+0
20,533333	2,524749E+0	1,869846E+0
20,600000	2,524749E+0	1,877370E+0
20,666667	2,525396E+0	1,859814E+0
20,733333	2,524101E+0	1,864830E+0
20,800000	2,526043E+0	1,859814E+0
20,866667	2,523454E+0	1,844766E+0
20,933333	2,526690E+0	1,857306E+0
21,000000	2,522807E+0	1,857306E+0
21,066667	2,525396E+0	1,864830E+0
21,133333	2,524101E+0	1,867338E+0
21,200000	2,524101E+0	1,862322E+0
21,266667	2,524749E+0	1,867338E+0
21,333333	2,524749E+0	1,869846E+0
21,400000	2,524101E+0	1,869846E+0
21,466667	2,526690E+0	1,869846E+0
21,533333	2,524749E+0	1,872354E+0
21,600000	2,525396E+0	1,884894E+0
21,666667	2,522807E+0	1,889910E+0
21,733333	2,526690E+0	1,887402E+0
21,800000	2,524101E+0	1,874862E+0
21,866667	2,525396E+0	1,879878E+0
21,933333	2,525396E+0	1,889910E+0
22,000000	2,523454E+0	1,892418E+0
22,066667	2,523454E+0	1,892418E+0
22,133333	2,526690E+0	1,892418E+0
22,200000	2,526043E+0	1,894926E+0
22,266667	2,524749E+0	1,884894E+0
22,333333	2,525396E+0	1,897434E+0
22,400000	2,523454E+0	1,887402E+0
22,466667	2,525396E+0	1,877370E+0
22,533333	2,525396E+0	1,879878E+0
22,600000	2,525396E+0	1,882386E+0
22,666667	2,526690E+0	1,889910E+0
22,733333	2,525396E+0	1,897434E+0
22,800000	2,524101E+0	1,892418E+0
22,866667	2,523454E+0	1,884894E+0
22,933333	2,524101E+0	1,894926E+0
23,000000	2,526690E+0	1,894926E+0
23,066667	2,525396E+0	1,897434E+0
23,133333	2,524749E+0	1,899942E+0
23,200000	2,526043E+0	1,892418E+0
23,266667	2,526690E+0	1,897434E+0
23,333333	2,526690E+0	1,899942E+0
23,400000	2,523454E+0	1,897434E+0
23,466667	2,525396E+0	1,892418E+0
23,533333	2,524749E+0	1,897434E+0
23,600000	2,526690E+0	1,897434E+0
23,666667	2,526690E+0	1,902450E+0
23,733333	2,524749E+0	1,892418E+0
23,800000	2,525396E+0	1,889910E+0
23,866667	2,522807E+0	1,897434E+0
23,933333	2,524749E+0	1,892418E+0
24,000000	2,523454E+0	1,892418E+0
24,066667	2,525396E+0	1,899942E+0
24,133333	2,525396E+0	1,892418E+0
24,200000	2,526043E+0	1,884894E+0
24,266667	2,525396E+0	1,884894E+0
24,333333	2,524101E+0	1,879878E+0
24,400000	2,525396E+0	1,897434E+0
24,466667	2,523454E+0	1,894926E+0
24,533333	2,527337E+0	1,894926E+0
24,600000	2,526043E+0	1,902450E+0
24,666667	2,525396E+0	1,889910E+0
24,733333	2,526043E+0	1,899942E+0
24,800000	2,524101E+0	1,907466E+0
24,866667	2,525396E+0	1,897434E+0
24,933333	2,525396E+0	1,907466E+0
25,000000	2,523454E+0	1,899942E+0
25,066667	2,526043E+0	1,889910E+0
25,133333	2,526043E+0	1,889910E+0
25,200000	2,525396E+0	1,887402E+0
25,266667	2,526043E+0	1,889910E+0
25,333333	2,523454E+0	1,899942E+0
25,400000	2,526690E+0	1,894926E+0
25,466667	2,524101E+0	1,897434E+0
25,533333	2,525396E+0	1,907466E+0
25,600000	2,526690E+0	1,899942E+0
25,666667	2,525396E+0	1,907466E+0
25,733333	2,526043E+0	1,892418E+0
25,800000	2,523454E+0	1,904958E+0
25,866667	2,525396E+0	1,899942E+0
25,933333	2,525396E+0	1,912482E+0
26,000000	2,524749E+0	1,907466E+0
26,066667	2,523454E+0	1,912482E+0
26,133333	2,525396E+0	1,902450E+0
26,200000	2,523454E+0	1,907466E+0
26,266667	2,525396E+0	1,920006E+0
26,333333	2,523454E+0	1,917498E+0
26,400000	2,525396E+0	1,927530E+0
26,466667	2,526690E+0	1,932546E+0
26,533333	2,524101E+0	1,927530E+0
26,600000	2,524101E+0	1,937562E+0
26,666667	2,525396E+0	1,952610E+0
26,733333	2,526690E+0	1,937562E+0
26,800000	2,526690E+0	1,930038E+0
26,866667	2,526690E+0	1,937562E+0
26,933333	2,524749E+0	1,945086E+0
27,000000	2,523454E+0	1,942578E+0
27,066667	2,526043E+0	1,937562E+0
27,133333	2,523454E+0	1,952610E+0
27,200000	2,527337E+0	1,947594E+0
27,266667	2,523454E+0	1,940070E+0
27,333333	2,525396E+0	1,945086E+0
27,400000	2,523454E+0	1,935054E+0
27,466667	2,524101E+0	1,947594E+0
27,533333	2,525396E+0	1,947594E+0
27,600000	2,523454E+0	1,947594E+0
27,666667	2,526043E+0	1,962642E+0
27,733333	2,525396E+0	1,947594E+0
27,800000	2,526690E+0	1,957626E+0
27,866667	2,523454E+0	1,957626E+0
27,933333	2,526043E+0	1,937562E+0
28,000000	2,524101E+0	1,950102E+0
28,066667	2,524101E+0	1,945086E+0
28,133333	2,525396E+0	1,940070E+0
28,200000	2,525396E+0	1,947594E+0
28,266667	2,526043E+0	1,957626E+0
28,333333	2,526690E+0	1,957626E+0
28,400000	2,525396E+0	1,952610E+0
28,466667	2,524749E+0	1,945086E+0
28,533333	2,524749E+0	1,940070E+0
28,600000	2,526690E+0	1,945086E+0
28,666667	2,525396E+0	1,937562E+0
28,733333	2,523454E+0	1,940070E+0
28,800000	2,523454E+0	1,940070E+0
28,866667	2,525396E+0	1,955118E+0
28,933333	2,525396E+0	1,950102E+0
29,000000	2,526690E+0	1,945086E+0
29,066667	2,524749E+0	1,947594E+0
29,133333	2,527337E+0	1,947594E+0
29,200000	2,526690E+0	1,947594E+0
29,266667	2,526043E+0	1,940070E+0
29,333333	2,522160E+0	1,945086E+0
29,400000	2,523454E+0	1,950102E+0
29,466667	2,526043E+0	1,952610E+0
29,533333	2,524101E+0	1,957626E+0
29,600000	2,527337E+0	1,957626E+0
29,666667	2,523454E+0	1,957626E+0
29,733333	2,524101E+0	1,960134E+0
29,800000	2,524749E+0	1,967658E+0
29,866667	2,526043E+0	1,972674E+0
29,933333	2,525396E+0	1,967658E+0
30,000000	2,525396E+0	1,975182E+0
30,066667	2,523454E+0	1,965150E+0
30,133333	2,527337E+0	1,970166E+0
30,200000	2,527337E+0	1,957626E+0
30,266667	2,526690E+0	1,965150E+0
30,333333	2,526043E+0	1,957626E+0
30,400000	2,524101E+0	1,957626E+0
30,466667	2,522807E+0	1,965150E+0
30,533333	2,525396E+0	1,965150E+0
30,600000	2,523454E+0	1,972674E+0
30,666667	2,525396E+0	1,977690E+0
30,733333	2,523454E+0	1,967658E+0
30,800000	2,526690E+0	1,982706E+0
30,866667	2,526043E+0	1,992738E+0
30,933333	2,525396E+0	1,985214E+0
31,000000	2,524101E+0	1,987722E+0
31,066667	2,525396E+0	1,987722E+0
31,133333	2,525396E+0	1,980198E+0
31,200000	2,524749E+0	1,992738E+0
31,266667	2,524101E+0	2,002770E+0
31,333333	2,525396E+0	2,007786E+0
31,400000	2,526690E+0	2,015310E+0
31,466667	2,525396E+0	1,997754E+0
31,533333	2,525396E+0	2,005278E+0
31,600000	2,526690E+0	2,012802E+0
31,666667	2,524101E+0	2,027850E+0
31,733333	2,524101E+0	2,025342E+0
31,800000	2,525396E+0	2,032866E+0
31,866667	2,525396E+0	2,022834E+0
31,933333	2,522807E+0	2,032866E+0
32,000000	2,525396E+0	2,030358E+0
32,066667	2,524749E+0	2,040390E+0
32,133333	2,526690E+0	2,037882E+0
32,200000	2,524101E+0	2,045406E+0
32,266667	2,526690E+0	2,037882E+0
32,333333	2,526690E+0	2,032866E+0
32,400000	2,523454E+0	2,020326E+0
32,466667	2,525396E+0	2,015310E+0
32,533333	2,524101E+0	2,020326E+0
32,600000	2,526690E+0	2,007786E+0
32,666667	2,526690E+0	2,002770E+0
32,733333	2,526690E+0	2,012802E+0
32,800000	2,526690E+0	2,005278E+0
32,866667	2,525396E+0	2,002770E+0
32,933333	2,524101E+0	2,007786E+0
33,000000	2,524101E+0	2,000262E+0
33,066667	2,525396E+0	2,022834E+0
33,133333	2,524101E+0	2,005278E+0
33,200000	2,526043E+0	2,005278E+0
33,266667	2,526690E+0	2,010294E+0
33,333333	2,524749E+0	2,015310E+0
33,400000	2,526043E+0	2,005278E+0
33,466667	2,524749E+0	2,007786E+0
33,533333	2,524749E+0	2,005278E+0
33,600000	2,525396E+0	2,007786E+0
33,666667	2,525396E+0	2,010294E+0
33,733333	2,523454E+0	2,007786E+0
33,800000	2,525396E+0	2,007786E+0
33,866667	2,525396E+0	2,002770E+0
33,933333	2,523454E+0	2,005278E+0
34,000000	2,524101E+0	2,005278E+0
34,066667	2,525396E+0	2,000262E+0
34,133333	2,525396E+0	1,997754E+0
34,200000	2,524101E+0	2,005278E+0
34,266667	2,525396E+0	2,007786E+0
34,333333	2,523454E+0	2,010294E+0
34,400000	2,525396E+0	2,007786E+0
34,466667	2,524749E+0	2,005278E+0
34,533333	2,525396E+0	2,000262E+0
34,600000	2,524749E+0	2,002770E+0
34,666667	2,525396E+0	2,010294E+0
34,733333	2,525396E+0	2,017818E+0
34,800000	2,524101E+0	2,002770E+0
34,866667	2,525396E+0	2,000262E+0
34,933333	2,525396E+0	2,002770E+0
35,000000	2,523454E+0	2,017818E+0
35,066667	2,526690E+0	2,005278E+0
35,133333	2,526690E+0	2,007786E+0
35,200000	2,526690E+0	2,010294E+0
35,266667	2,525396E+0	2,010294E+0
35,333333	2,526690E+0	2,015310E+0
35,400000	2,526690E+0	2,012802E+0
35,466667	2,524749E+0	2,017818E+0
35,533333	2,526043E+0	2,005278E+0
35,600000	2,525396E+0	2,007786E+0
35,666667	2,525396E+0	2,025342E+0
35,733333	2,523454E+0	2,015310E+0
35,800000	2,525396E+0	2,020326E+0
35,866667	2,526043E+0	2,007786E+0
35,933333	2,526043E+0	2,017818E+0
36,000000	2,526690E+0	2,012802E+0
36,066667	2,524749E+0	2,005278E+0
36,133333	2,523454E+0	2,015310E+0
36,200000	2,524749E+0	2,020326E+0
36,266667	2,524749E+0	2,007786E+0
36,333333	2,526043E+0	2,017818E+0
36,400000	2,526690E+0	2,012802E+0
36,466667	2,525396E+0	2,000262E+0
36,533333	2,523454E+0	2,012802E+0
36,600000	2,525396E+0	1,997754E+0
36,666667	2,524749E+0	2,002770E+0
36,733333	2,526690E+0	1,997754E+0
36,800000	2,524749E+0	1,997754E+0
36,866667	2,526690E+0	2,000262E+0
36,933333	2,524749E+0	2,012802E+0
37,000000	2,524101E+0	1,997754E+0
37,066667	2,526690E+0	1,997754E+0
37,133333	2,525396E+0	1,997754E+0
37,200000	2,527337E+0	2,007786E+0
37,266667	2,526043E+0	2,010294E+0
37,333333	2,523454E+0	2,005278E+0
37,400000	2,524749E+0	2,002770E+0
37,466667	2,525396E+0	2,007786E+0
37,533333	2,525396E+0	2,012802E+0
37,600000	2,523454E+0	2,017818E+0
37,666667	2,526690E+0	2,007786E+0
37,733333	2,525396E+0	2,000262E+0
37,800000	2,526690E+0	2,007786E+0
37,866667	2,525396E+0	2,012802E+0
37,933333	2,524101E+0	2,012802E+0
38,000000	2,525396E+0	2,007786E+0
38,066667	2,526043E+0	2,012802E+0
38,133333	2,524749E+0	2,000262E+0
38,200000	2,523454E+0	2,007786E+0
38,266667	2,525396E+0	2,017818E+0
38,333333	2,523454E+0	2,007786E+0
38,400000	2,524749E+0	2,000262E+0
38,466667	2,525396E+0	2,015310E+0
38,533333	2,523454E+0	2,012802E+0
38,600000	2,523454E+0	2,017818E+0
38,666667	2,526043E+0	2,022834E+0
38,733333	2,524101E+0	2,025342E+0
38,800000	2,526690E+0	2,022834E+0
38,866667	2,526690E+0	2,030358E+0
38,933333	2,524749E+0	2,040390E+0
39,000000	2,523454E+0	2,040390E+0
39,066667	2,523454E+0	2,032866E+0
39,133333	2,526043E+0	2,037882E+0
39,200000	2,527337E+0	2,032866E+0
39,266667	2,523454E+0	2,037882E+0
39,333333	2,526690E+0	2,032866E+0
39,400000	2,525396E+0	2,022834E+0
39,466667	2,524749E+0	2,037882E+0
39,533333	2,524101E+0	2,027850E+0
39,600000	2,526690E+0	2,022834E+0
39,666667	2,525396E+0	2,017818E+0
39,733333	2,526690E+0	2,025342E+0
39,800000	2,525396E+0	2,027850E+0
39,866667	2,525396E+0	2,017818E+0
39,933333	2,524749E+0	2,022834E+0
40,000000	2,525396E+0	2,027850E+0
40,066667	2,526690E+0	2,020326E+0
40,133333	2,523454E+0	2,020326E+0
40,200000	2,526690E+0	2,022834E+0
40,266667	2,523454E+0	2,020326E+0
40,333333	2,526690E+0	2,007786E+0
40,400000	2,526690E+0	2,015310E+0
40,466667	2,526690E+0	2,020326E+0
40,533333	2,525396E+0	2,015310E+0
40,600000	2,523454E+0	2,025342E+0
40,666667	2,526043E+0	2,025342E+0
40,733333	2,524101E+0	2,012802E+0
40,800000	2,524749E+0	2,007786E+0
40,866667	2,526690E+0	2,000262E+0
40,933333	2,523454E+0	2,007786E+0
41,000000	2,524749E+0	1,997754E+0
41,066667	2,526043E+0	2,000262E+0
41,133333	2,526690E+0	2,000262E+0
41,200000	2,526690E+0	1,997754E+0
41,266667	2,524749E+0	2,005278E+0
41,333333	2,526690E+0	1,997754E+0
41,400000	2,524101E+0	2,007786E+0
41,466667	2,525396E+0	1,987722E+0
41,533333	2,526690E+0	2,005278E+0
41,600000	2,525396E+0	2,012802E+0
41,666667	2,526690E+0	2,005278E+0
41,733333	2,526043E+0	2,005278E+0
41,800000	2,525396E+0	2,000262E+0
41,866667	2,522160E+0	2,012802E+0
41,933333	2,525396E+0	2,012802E+0
42,000000	2,526690E+0	2,012802E+0
42,066667	2,526690E+0	2,015310E+0
42,133333	2,525396E+0	2,007786E+0
42,200000	2,524749E+0	2,017818E+0
42,266667	2,524101E+0	2,012802E+0
42,333333	2,523454E+0	2,015310E+0
42,400000	2,525396E+0	2,005278E+0
42,466667	2,525396E+0	2,007786E+0
42,533333	2,523454E+0	2,015310E+0
42,600000	2,524101E+0	2,012802E+0
42,666667	2,525396E+0	2,007786E+0
42,733333	2,527337E+0	2,007786E+0
42,800000	2,525396E+0	2,007786E+0
42,866667	2,524749E+0	2,017818E+0
42,933333	2,523454E+0	2,020326E+0
43,000000	2,526690E+0	2,022834E+0
43,066667	2,523454E+0	2,025342E+0
43,133333	2,526690E+0	2,020326E+0
43,200000	2,525396E+0	2,027850E+0
43,266667	2,526043E+0	2,025342E+0
43,333333	2,526690E+0	2,020326E+0
43,400000	2,526690E+0	2,017818E+0
43,466667	2,523454E+0	2,017818E+0
43,533333	2,526043E+0	2,007786E+0
43,600000	2,527337E+0	2,017818E+0
43,666667	2,523454E+0	2,017818E+0
43,733333	2,526690E+0	2,015310E+0
43,800000	2,525396E+0	2,005278E+0
43,866667	2,525396E+0	1,995246E+0
43,933333	2,527337E+0	2,002770E+0
44,000000	2,525396E+0	1,997754E+0
44,066667	2,523454E+0	2,010294E+0
44,133333	2,524101E+0	2,005278E+0
44,200000	2,522807E+0	2,000262E+0
44,266667	2,526690E+0	1,997754E+0
44,333333	2,524749E+0	1,997754E+0
44,400000	2,527337E+0	2,002770E+0
44,466667	2,524101E+0	1,997754E+0
44,533333	2,524749E+0	2,005278E+0
44,600000	2,526690E+0	1,997754E+0
44,666667	2,526690E+0	1,992738E+0
44,733333	2,525396E+0	2,002770E+0
44,800000	2,523454E+0	2,005278E+0
44,866667	2,526690E+0	2,005278E+0
44,933333	2,526690E+0	2,002770E+0
45,000000	2,526690E+0	2,000262E+0
45,066667	2,523454E+0	2,000262E+0
45,133333	2,526690E+0	1,997754E+0
45,200000	2,525396E+0	1,992738E+0
45,266667	2,525396E+0	2,000262E+0
45,333333	2,525396E+0	2,002770E+0
45,400000	2,526690E+0	1,992738E+0
45,466667	2,526043E+0	2,000262E+0
45,533333	2,524101E+0	1,995246E+0
45,600000	2,524749E+0	1,997754E+0
45,666667	2,525396E+0	2,012802E+0
45,733333	2,523454E+0	2,000262E+0
45,800000	2,524749E+0	2,005278E+0
45,866667	2,525396E+0	2,015310E+0
45,933333	2,526690E+0	2,002770E+0
46,000000	2,522160E+0	2,017818E+0
46,066667	2,524749E+0	2,017818E+0
46,133333	2,524101E+0	2,022834E+0
46,200000	2,524101E+0	2,012802E+0
46,266667	2,524749E+0	2,025342E+0
46,333333	2,525396E+0	2,022834E+0
46,400000	2,525396E+0	2,042898E+0
46,466667	2,526043E+0	2,037882E+0
46,533333	2,525396E+0	2,025342E+0
46,600000	2,525396E+0	2,035374E+0
46,666667	2,525396E+0	2,035374E+0
46,733333	2,527337E+0	2,032866E+0
46,800000	2,526690E+0	2,040390E+0
46,866667	2,525396E+0	2,020326E+0
46,933333	2,525396E+0	2,052930E+0
47,000000	2,524749E+0	2,050422E+0
47,066667	2,524101E+0	2,032866E+0
47,133333	2,526043E+0	2,057946E+0
47,200000	2,524749E+0	2,032866E+0
47,266667	2,525396E+0	2,035374E+0
47,333333	2,526690E+0	2,032866E+0
47,400000	2,525396E+0	2,045406E+0
47,466667	2,524749E+0	2,047914E+0
47,533333	2,523454E+0	2,055438E+0
47,600000	2,526043E+0	2,060454E+0
47,666667	2,526043E+0	2,047914E+0
47,733333	2,524101E+0	2,042898E+0
47,800000	2,526690E+0	2,057946E+0
47,866667	2,525396E+0	2,062962E+0
47,933333	2,523454E+0	2,067978E+0
48,000000	2,524749E+0	2,055438E+0
48,066667	2,526043E+0	2,055438E+0
48,133333	2,525396E+0	2,060454E+0
48,200000	2,524101E+0	2,057946E+0
48,266667	2,525396E+0	2,057946E+0
48,333333	2,523454E+0	2,067978E+0
48,400000	2,526690E+0	2,060454E+0
48,466667	2,526690E+0	2,057946E+0
48,533333	2,524749E+0	2,045406E+0
48,600000	2,524101E+0	2,057946E+0
48,666667	2,525396E+0	2,055438E+0
48,733333	2,522807E+0	2,062962E+0
48,800000	2,526690E+0	2,065470E+0
48,866667	2,523454E+0	2,065470E+0
48,933333	2,523454E+0	2,070486E+0
49,000000	2,524749E+0	2,072994E+0
49,066667	2,527337E+0	2,060454E+0
49,133333	2,523454E+0	2,067978E+0
49,200000	2,523454E+0	2,067978E+0
49,266667	2,527337E+0	2,067978E+0
49,333333	2,526690E+0	2,072994E+0
49,400000	2,525396E+0	2,067978E+0
49,466667	2,523454E+0	2,067978E+0
49,533333	2,526690E+0	2,072994E+0
49,600000	2,525396E+0	2,075502E+0
49,666667	2,525396E+0	2,075502E+0
49,733333	2,522807E+0	2,088042E+0
49,800000	2,523454E+0	2,078010E+0
49,866667	2,526043E+0	2,067978E+0
49,933333	2,526690E+0	2,067978E+0
50,000000	2,526690E+0	2,075502E+0
50,066667	2,525396E+0	2,080518E+0
50,133333	2,524101E+0	2,067978E+0
50,200000	2,526690E+0	2,088042E+0
50,266667	2,525396E+0	2,078010E+0
50,333333	2,526043E+0	2,075502E+0
50,400000	2,524749E+0	2,098074E+0
50,466667	2,525396E+0	2,100582E+0
50,533333	2,523454E+0	2,098074E+0
50,600000	2,524749E+0	2,085534E+0
50,666667	2,524749E+0	2,098074E+0
50,733333	2,526690E+0	2,093058E+0
50,800000	2,525396E+0	2,085534E+0
50,866667	2,523454E+0	2,088042E+0
50,933333	2,526690E+0	2,088042E+0
51,000000	2,526043E+0	2,095566E+0
51,066667	2,525396E+0	2,093058E+0
51,133333	2,526690E+0	2,093058E+0
51,200000	2,525396E+0	2,098074E+0
51,266667	2,524101E+0	2,088042E+0
51,333333	2,524749E+0	2,075502E+0
51,400000	2,526690E+0	2,083026E+0
51,466667	2,525396E+0	2,085534E+0
51,533333	2,525396E+0	2,090550E+0
51,600000	2,526043E+0	2,093058E+0
51,666667	2,523454E+0	2,088042E+0
51,733333	2,523454E+0	2,075502E+0
51,800000	2,525396E+0	2,090550E+0
51,866667	2,524101E+0	2,080518E+0
51,933333	2,526690E+0	2,075502E+0
52,000000	2,524749E+0	2,078010E+0
52,066667	2,525396E+0	2,080518E+0
52,133333	2,524749E+0	2,083026E+0
52,200000	2,526690E+0	2,080518E+0
52,266667	2,524749E+0	2,078010E+0
52,333333	2,524749E+0	2,075502E+0
52,400000	2,524101E+0	2,070486E+0
52,466667	2,524749E+0	2,078010E+0
52,533333	2,523454E+0	2,067978E+0
52,600000	2,525396E+0	2,067978E+0
52,666667	2,522807E+0	2,070486E+0
52,733333	2,526690E+0	2,062962E+0
52,800000	2,525396E+0	2,052930E+0
52,866667	2,526690E+0	2,075502E+0
52,933333	2,525396E+0	2,080518E+0
53,000000	2,526690E+0	2,065470E+0
53,066667	2,525396E+0	2,067978E+0
53,133333	2,524101E+0	2,057946E+0
53,200000	2,526690E+0	2,055438E+0
53,266667	2,524749E+0	2,055438E+0
53,333333	2,527337E+0	2,065470E+0
53,400000	2,523454E+0	2,067978E+0
53,466667	2,526690E+0	2,070486E+0
53,533333	2,524749E+0	2,057946E+0
53,600000	2,523454E+0	2,062962E+0
53,666667	2,523454E+0	2,062962E+0
53,733333	2,526690E+0	2,052930E+0
53,800000	2,525396E+0	2,055438E+0
53,866667	2,525396E+0	2,065470E+0
53,933333	2,527337E+0	2,060454E+0
54,000000	2,524749E+0	2,067978E+0
54,066667	2,525396E+0	2,050422E+0
54,133333	2,523454E+0	2,055438E+0
54,200000	2,526043E+0	2,057946E+0
54,266667	2,526043E+0	2,060454E+0
54,333333	2,524749E+0	2,047914E+0
54,400000	2,525396E+0	2,062962E+0
54,466667	2,526690E+0	2,057946E+0
54,533333	2,526690E+0	2,062962E+0
54,600000	2,525396E+0	2,072994E+0
54,666667	2,526690E+0	2,060454E+0
54,733333	2,525396E+0	2,060454E+0
54,800000	2,525396E+0	2,060454E+0
54,866667	2,525396E+0	2,062962E+0
54,933333	2,525396E+0	2,062962E+0
55,000000	2,526043E+0	2,055438E+0
55,066667	2,522807E+0	2,060454E+0
55,133333	2,526690E+0	2,062962E+0
55,200000	2,523454E+0	2,057946E+0
55,266667	2,526043E+0	2,062962E+0
55,333333	2,526043E+0	2,052930E+0
55,400000	2,526690E+0	2,050422E+0
55,466667	2,523454E+0	2,055438E+0
55,533333	2,525396E+0	2,040390E+0
55,600000	2,525396E+0	2,045406E+0
55,666667	2,526690E+0	2,045406E+0
55,733333	2,523454E+0	2,045406E+0
55,800000	2,526690E+0	2,040390E+0
55,866667	2,525396E+0	2,042898E+0
55,933333	2,523454E+0	2,035374E+0
56,000000	2,526690E+0	2,027850E+0
56,066667	2,525396E+0	2,042898E+0
56,133333	2,525396E+0	2,042898E+0
56,200000	2,524749E+0	2,040390E+0
56,266667	2,523454E+0	2,032866E+0
56,333333	2,524101E+0	2,027850E+0
56,400000	2,525396E+0	2,037882E+0
56,466667	2,526690E+0	2,030358E+0
56,533333	2,525396E+0	2,025342E+0
56,600000	2,525396E+0	2,027850E+0
56,666667	2,523454E+0	2,020326E+0
56,733333	2,525396E+0	2,027850E+0
56,800000	2,526043E+0	2,027850E+0
56,866667	2,526690E+0	2,012802E+0
56,933333	2,523454E+0	2,015310E+0
57,000000	2,526690E+0	2,017818E+0
57,066667	2,525396E+0	2,012802E+0
57,133333	2,525396E+0	2,020326E+0
57,200000	2,525396E+0	2,020326E+0
57,266667	2,526690E+0	2,012802E+0
57,333333	2,524101E+0	2,020326E+0
57,400000	2,523454E+0	2,015310E+0
57,466667	2,525396E+0	2,017818E+0
57,533333	2,525396E+0	2,025342E+0
57,600000	2,525396E+0	2,022834E+0
57,666667	2,524749E+0	2,027850E+0
57,733333	2,523454E+0	2,025342E+0
57,800000	2,525396E+0	2,017818E+0
57,866667	2,525396E+0	2,012802E+0
57,933333	2,526043E+0	2,010294E+0
58,000000	2,526690E+0	2,015310E+0
58,066667	2,524749E+0	2,022834E+0
58,133333	2,527337E+0	2,012802E+0
58,200000	2,525396E+0	2,025342E+0
58,266667	2,527985E+0	2,015310E+0
58,333333	2,526690E+0	2,010294E+0
58,400000	2,526690E+0	2,000262E+0
58,466667	2,524749E+0	2,025342E+0
58,533333	2,523454E+0	2,020326E+0
58,600000	2,525396E+0	2,005278E+0
58,666667	2,523454E+0	2,017818E+0
58,733333	2,525396E+0	2,007786E+0
58,800000	2,525396E+0	2,012802E+0
58,866667	2,525396E+0	2,005278E+0
58,933333	2,524749E+0	2,012802E+0
59,000000	2,525396E+0	2,000262E+0
59,066667	2,525396E+0	2,005278E+0
59,133333	2,526043E+0	2,005278E+0
59,200000	2,525396E+0	2,010294E+0
59,266667	2,526043E+0	2,010294E+0
59,333333	2,524749E+0	2,017818E+0
59,400000	2,523454E+0	2,017818E+0
59,466667	2,524749E+0	2,017818E+0
59,533333	2,526690E+0	2,010294E+0
59,600000	2,526690E+0	2,015310E+0
59,666667	2,524101E+0	2,020326E+0
59,733333	2,524101E+0	2,010294E+0
59,800000	2,525396E+0	2,022834E+0
59,866667	2,524101E+0	2,017818E+0
59,933333	2,523454E+0	2,020326E+0
60,000000	2,524749E+0	2,017818E+0
60,066667	2,527337E+0	2,017818E+0
60,133333	2,526690E+0	2,020326E+0
60,200000	2,524101E+0	2,015310E+0
60,266667	2,523454E+0	2,022834E+0
60,333333	2,527337E+0	2,017818E+0
60,400000	2,523454E+0	2,017818E+0
60,466667	2,525396E+0	2,010294E+0
60,533333	2,525396E+0	2,002770E+0
60,600000	2,524101E+0	2,002770E+0
60,666667	2,526690E+0	2,007786E+0
60,733333	2,525396E+0	1,997754E+0
60,800000	2,526043E+0	2,010294E+0
60,866667	2,524101E+0	1,997754E+0
60,933333	2,525396E+0	2,015310E+0
61,000000	2,523454E+0	2,000262E+0
61,066667	2,523454E+0	2,007786E+0
61,133333	2,525396E+0	1,997754E+0
61,200000	2,523454E+0	2,002770E+0
61,266667	2,523454E+0	2,000262E+0
61,333333	2,526043E+0	1,990230E+0
61,400000	2,526043E+0	1,990230E+0
61,466667	2,526690E+0	1,990230E+0
61,533333	2,526690E+0	1,992738E+0
61,600000	2,527337E+0	1,995246E+0
61,666667	2,524749E+0	1,997754E+0
61,733333	2,525396E+0	1,995246E+0
61,800000	2,524101E+0	1,997754E+0
61,866667	2,525396E+0	1,997754E+0
61,933333	2,526690E+0	1,990230E+0
62,000000	2,525396E+0	1,992738E+0
62,066667	2,523454E+0	1,997754E+0
62,133333	2,525396E+0	1,982706E+0
62,200000	2,524749E+0	1,985214E+0
62,266667	2,525396E+0	2,000262E+0
62,333333	2,525396E+0	1,985214E+0
62,400000	2,526690E+0	1,985214E+0
62,466667	2,524749E+0	1,992738E+0
62,533333	2,526043E+0	1,982706E+0
62,600000	2,526690E+0	1,985214E+0
62,666667	2,524101E+0	1,987722E+0
62,733333	2,525396E+0	1,980198E+0
62,800000	2,524101E+0	1,985214E+0
62,866667	2,526690E+0	1,987722E+0
62,933333	2,525396E+0	1,992738E+0
63,000000	2,526690E+0	1,992738E+0
63,066667	2,523454E+0	1,995246E+0
63,133333	2,525396E+0	1,995246E+0
63,200000	2,523454E+0	1,990230E+0
63,266667	2,524101E+0	1,997754E+0
63,333333	2,524749E+0	2,005278E+0
63,400000	2,525396E+0	2,002770E+0
63,466667	2,525396E+0	2,007786E+0
63,533333	2,523454E+0	1,992738E+0
63,600000	2,524749E+0	2,002770E+0
63,666667	2,525396E+0	1,997754E+0
63,733333	2,526690E+0	1,997754E+0
63,800000	2,525396E+0	2,005278E+0
63,866667	2,525396E+0	1,995246E+0
63,933333	2,526690E+0	1,997754E+0
64,000000	2,525396E+0	2,000262E+0
64,066667	2,526690E+0	1,992738E+0
64,133333	2,526690E+0	1,997754E+0
64,200000	2,523454E+0	1,995246E+0
64,266667	2,526690E+0	1,997754E+0
64,333333	2,527337E+0	2,000262E+0
64,400000	2,525396E+0	1,992738E+0
64,466667	2,524749E+0	2,002770E+0
64,533333	2,526043E+0	2,002770E+0
64,600000	2,522807E+0	2,005278E+0
64,666667	2,523454E+0	2,005278E+0
64,733333	2,525396E+0	2,005278E+0
64,800000	2,525396E+0	2,000262E+0
64,866667	2,525396E+0	1,997754E+0
64,933333	2,525396E+0	1,997754E+0
65,000000	2,525396E+0	1,987722E+0
65,066667	2,524749E+0	1,997754E+0
65,133333	2,525396E+0	1,987722E+0
65,200000	2,526690E+0	1,985214E+0
65,266667	2,526690E+0	2,000262E+0
65,333333	2,526690E+0	1,997754E+0
65,400000	2,523454E+0	2,002770E+0
65,466667	2,525396E+0	2,000262E+0
65,533333	2,526690E+0	1,997754E+0
65,600000	2,524749E+0	2,007786E+0
65,666667	2,524749E+0	2,005278E+0
65,733333	2,526690E+0	1,997754E+0
65,800000	2,526690E+0	1,992738E+0
65,866667	2,526043E+0	1,995246E+0
65,933333	2,525396E+0	1,982706E+0
66,000000	2,526690E+0	1,997754E+0
66,066667	2,523454E+0	1,987722E+0
66,133333	2,523454E+0	1,980198E+0
66,200000	2,524749E+0	1,975182E+0
66,266667	2,524749E+0	1,987722E+0
66,333333	2,525396E+0	1,987722E+0
66,400000	2,523454E+0	1,985214E+0
66,466667	2,526690E+0	1,977690E+0
66,533333	2,526690E+0	1,985214E+0
66,600000	2,523454E+0	1,985214E+0
66,666667	2,526043E+0	1,975182E+0
66,733333	2,525396E+0	1,980198E+0
66,800000	2,522807E+0	1,975182E+0
66,866667	2,524101E+0	1,967658E+0
66,933333	2,525396E+0	1,970166E+0
67,000000	2,525396E+0	1,977690E+0
67,066667	2,526043E+0	1,980198E+0
67,133333	2,525396E+0	1,990230E+0
67,200000	2,525396E+0	1,982706E+0
67,266667	2,526690E+0	1,985214E+0
67,333333	2,525396E+0	1,995246E+0
67,400000	2,526690E+0	1,990230E+0
67,466667	2,526690E+0	1,987722E+0
67,533333	2,526043E+0	1,987722E+0
67,600000	2,526690E+0	1,987722E+0
67,666667	2,523454E+0	1,980198E+0
67,733333	2,523454E+0	1,980198E+0
67,800000	2,525396E+0	1,985214E+0
67,866667	2,525396E+0	1,987722E+0
67,933333	2,526690E+0	1,982706E+0
68,000000	2,526690E+0	1,977690E+0
68,066667	2,524101E+0	1,982706E+0
68,133333	2,527337E+0	1,977690E+0
68,200000	2,525396E+0	1,975182E+0
68,266667	2,525396E+0	1,985214E+0
68,333333	2,526690E+0	1,975182E+0
68,400000	2,525396E+0	1,975182E+0
68,466667	2,523454E+0	1,987722E+0
68,533333	2,524101E+0	1,980198E+0
68,600000	2,524101E+0	1,985214E+0
68,666667	2,526043E+0	1,982706E+0
68,733333	2,525396E+0	1,990230E+0
68,800000	2,525396E+0	1,987722E+0
68,866667	2,523454E+0	1,982706E+0
68,933333	2,523454E+0	1,975182E+0
69,000000	2,525396E+0	1,975182E+0
69,066667	2,525396E+0	1,972674E+0
69,133333	2,526043E+0	1,985214E+0
69,200000	2,526690E+0	1,982706E+0
69,266667	2,524749E+0	1,975182E+0
69,333333	2,525396E+0	1,987722E+0
69,400000	2,524749E+0	1,990230E+0
69,466667	2,524101E+0	1,987722E+0
69,533333	2,525396E+0	1,975182E+0
69,600000	2,526690E+0	1,987722E+0
69,666667	2,524101E+0	1,990230E+0
69,733333	2,525396E+0	1,985214E+0
69,800000	2,527337E+0	1,985214E+0
69,866667	2,526690E+0	1,982706E+0
69,933333	2,525396E+0	1,872354E+0
70,000000	2,523454E+0	1,330625E+0
70,066667	2,524101E+0	1,054745E+0
70,133333	2,523454E+0	1,037189E+0
70,200000	2,526043E+0	1,049729E+0
70,266667	2,526690E+0	9,418850E-1
70,333333	2,523454E+0	9,619490E-1
70,400000	2,524101E+0	8,967410E-1
70,466667	2,526690E+0	8,290249E-1
70,533333	2,523454E+0	8,691529E-1
70,600000	2,523454E+0	8,365489E-1
70,666667	2,526043E+0	7,613089E-1
70,733333	2,523454E+0	7,939129E-1
70,800000	2,525396E+0	7,362288E-1
70,866667	2,524101E+0	7,061328E-1
70,933333	2,525396E+0	7,011168E-1
71,000000	2,526690E+0	6,735288E-1
71,066667	2,526043E+0	7,512768E-1
71,133333	2,524101E+0	7,939129E-1
71,200000	2,525396E+0	7,713409E-1
71,266667	2,526690E+0	6,660048E-1
71,333333	2,525396E+0	6,559728E-1
71,400000	2,525396E+0	6,208607E-1
71,466667	2,524749E+0	6,283847E-1
71,533333	2,523454E+0	6,935928E-1
71,600000	2,527337E+0	7,161648E-1
71,666667	2,524749E+0	6,308927E-1
71,733333	2,527337E+0	6,559728E-1
71,800000	2,525396E+0	6,359088E-1
71,866667	2,523454E+0	6,283847E-1
71,933333	2,522807E+0	6,133367E-1
72,000000	2,526690E+0	6,183527E-1
72,066667	2,524101E+0	6,484488E-1
72,133333	2,524101E+0	6,810528E-1
72,200000	2,525396E+0	7,036248E-1
72,266667	2,526690E+0	6,910848E-1
72,333333	2,525396E+0	5,857487E-1
72,400000	2,523454E+0	6,033047E-1
72,466667	2,526690E+0	5,882567E-1
72,533333	2,525396E+0	5,606687E-1
72,600000	2,524749E+0	5,456207E-1
72,666667	2,525396E+0	5,456207E-1
72,733333	2,525396E+0	6,108287E-1
72,800000	2,526690E+0	5,757167E-1
72,866667	2,524749E+0	5,029846E-1
72,933333	2,525396E+0	4,829206E-1
73,000000	2,526043E+0	4,829206E-1
73,066667	2,526043E+0	4,879366E-1
73,133333	2,523454E+0	4,779046E-1
73,200000	2,524749E+0	4,804126E-1
73,266667	2,526690E+0	4,628566E-1
73,333333	2,526690E+0	4,628566E-1
73,400000	2,523454E+0	4,703806E-1
73,466667	2,524101E+0	4,854286E-1
73,533333	2,523454E+0	5,957807E-1
73,600000	2,525396E+0	6,033047E-1
73,666667	2,525396E+0	6,308927E-1
73,733333	2,524101E+0	6,434328E-1
73,800000	2,526690E+0	6,233687E-1
73,866667	2,527337E+0	6,334007E-1
73,933333	2,526690E+0	5,732087E-1
74,000000	2,523454E+0	5,907647E-1
74,066667	2,526690E+0	5,832407E-1
74,133333	2,525396E+0	5,782247E-1
74,200000	2,525396E+0	5,431127E-1
74,266667	2,525396E+0	5,732087E-1
74,333333	2,526690E+0	5,431127E-1
74,400000	2,525396E+0	5,531447E-1
74,466667	2,524749E+0	5,130166E-1
74,533333	2,526043E+0	5,431127E-1
74,600000	2,522807E+0	5,205407E-1
74,666667	2,523454E+0	5,606687E-1
74,733333	2,524749E+0	5,456207E-1
74,800000	2,526043E+0	5,431127E-1
74,866667	2,524101E+0	5,406047E-1
74,933333	2,524749E+0	5,305727E-1
75,000000	2,524749E+0	5,230487E-1
75,066667	2,525396E+0	4,804126E-1
75,133333	2,526043E+0	3,901245E-1
75,200000	2,525396E+0	3,725685E-1
75,266667	2,524101E+0	3,700605E-1
75,333333	2,526690E+0	3,349485E-1
75,400000	2,525396E+0	3,399645E-1
75,466667	2,523454E+0	3,349485E-1
75,533333	2,524101E+0	3,424725E-1
75,600000	2,523454E+0	3,525045E-1
75,666667	2,524101E+0	3,474885E-1
75,733333	2,525396E+0	3,349485E-1
75,800000	2,525396E+0	3,449805E-1
75,866667	2,523454E+0	3,274245E-1
75,933333	2,523454E+0	3,299325E-1
76,000000	2,524101E+0	2,948205E-1
76,066667	2,524749E+0	2,822805E-1
76,133333	2,525396E+0	2,822805E-1
76,200000	2,523454E+0	2,847885E-1
76,266667	2,526690E+0	2,722485E-1
76,333333	2,523454E+0	2,772645E-1
76,400000	2,526690E+0	2,998365E-1
76,466667	2,523454E+0	3,023445E-1
76,533333	2,524101E+0	2,722485E-1
76,600000	2,526043E+0	2,597084E-1
76,666667	2,526690E+0	2,597084E-1
76,733333	2,524749E+0	2,572004E-1
76,800000	2,523454E+0	2,597084E-1
76,866667	2,524749E+0	2,622164E-1
76,933333	2,525396E+0	2,647244E-1
77,000000	2,525396E+0	2,546924E-1
77,066667	2,526043E+0	2,622164E-1
77,133333	2,526043E+0	2,597084E-1
77,200000	2,525396E+0	2,822805E-1
77,266667	2,525396E+0	2,923125E-1
77,333333	2,524749E+0	2,797725E-1
77,400000	2,524101E+0	2,872965E-1
77,466667	2,524749E+0	2,772645E-1
77,533333	2,525396E+0	2,747565E-1
77,600000	2,523454E+0	2,822805E-1
77,666667	2,526043E+0	2,672324E-1
77,733333	2,524101E+0	2,672324E-1
77,800000	2,526690E+0	2,747565E-1
77,866667	2,524101E+0	2,747565E-1
77,933333	2,526690E+0	2,722485E-1
78,000000	2,525396E+0	2,672324E-1
78,066667	2,526043E+0	2,797725E-1
78,133333	2,526690E+0	2,772645E-1
78,200000	2,525396E+0	2,898045E-1
78,266667	2,524749E+0	2,772645E-1
78,333333	2,524749E+0	2,722485E-1
78,400000	2,524749E+0	2,647244E-1
78,466667	2,526690E+0	2,672324E-1
78,533333	2,525396E+0	2,747565E-1
78,600000	2,524749E+0	2,546924E-1
78,666667	2,522160E+0	2,521844E-1
78,733333	2,523454E+0	2,597084E-1
78,800000	2,523454E+0	2,446604E-1
78,866667	2,524101E+0	2,346284E-1
78,933333	2,526690E+0	2,396444E-1
79,000000	2,526043E+0	2,195804E-1
79,066667	2,525396E+0	2,145644E-1
79,133333	2,526690E+0	2,120564E-1
79,200000	2,525396E+0	2,170724E-1
79,266667	2,522807E+0	2,145644E-1
79,333333	2,523454E+0	2,145644E-1
79,400000	2,525396E+0	2,145644E-1
79,466667	2,525396E+0	2,095484E-1
79,533333	2,524101E+0	2,120564E-1
79,600000	2,525396E+0	2,145644E-1
79,666667	2,526690E+0	2,170724E-1
79,733333	2,523454E+0	2,170724E-1
79,800000	2,524101E+0	2,070404E-1
79,866667	2,523454E+0	2,145644E-1
79,933333	2,525396E+0	2,145644E-1
80,000000	2,523454E+0	2,195804E-1
80,066667	2,524749E+0	2,195804E-1
80,133333	2,525396E+0	2,120564E-1
80,200000	2,523454E+0	2,195804E-1
80,266667	2,525396E+0	2,120564E-1
80,333333	2,526043E+0	2,321204E-1
80,400000	2,526690E+0	2,220884E-1
80,466667	2,524749E+0	2,145644E-1
80,533333	2,523454E+0	2,095484E-1
80,600000	2,525396E+0	2,020244E-1
80,666667	2,526690E+0	2,145644E-1
80,733333	2,524101E+0	2,070404E-1
80,800000	2,524101E+0	2,145644E-1
80,866667	2,526043E+0	2,120564E-1
80,933333	2,524101E+0	1,945004E-1
81,000000	2,525396E+0	2,145644E-1
81,066667	2,524749E+0	2,045324E-1
81,133333	2,526690E+0	2,045324E-1
81,200000	2,526690E+0	1,945004E-1
81,266667	2,527337E+0	1,995164E-1
81,333333	2,526043E+0	2,170724E-1
81,400000	2,525396E+0	1,945004E-1
81,466667	2,524101E+0	2,070404E-1
81,533333	2,524749E+0	2,070404E-1
81,600000	2,526690E+0	1,995164E-1
81,666667	2,525396E+0	1,945004E-1
81,733333	2,524749E+0	2,020244E-1
81,800000	2,526690E+0	1,919924E-1
81,866667	2,524749E+0	1,844684E-1
81,933333	2,526043E+0	1,995164E-1
82,000000	2,524101E+0	1,769444E-1
82,066667	2,523454E+0	1,844684E-1
82,133333	2,523454E+0	1,794524E-1
82,200000	2,525396E+0	1,694204E-1
82,266667	2,526690E+0	1,819604E-1
82,333333	2,526690E+0	1,769444E-1
82,400000	2,525396E+0	1,794524E-1
82,466667	2,523454E+0	1,819604E-1
82,533333	2,526043E+0	1,719284E-1
82,600000	2,526043E+0	1,819604E-1
82,666667	2,526043E+0	1,794524E-1
82,733333	2,524749E+0	1,794524E-1
82,800000	2,527337E+0	1,844684E-1
82,866667	2,524749E+0	1,869764E-1
82,933333	2,526690E+0	1,819604E-1
83,000000	2,525396E+0	1,844684E-1
83,066667	2,524101E+0	1,819604E-1
83,133333	2,523454E+0	1,769444E-1
83,200000	2,524749E+0	1,694204E-1
83,266667	2,524749E+0	1,694204E-1
83,333333	2,523454E+0	1,819604E-1
83,400000	2,522807E+0	1,819604E-1
83,466667	2,526043E+0	1,769444E-1
83,533333	2,526690E+0	1,819604E-1
83,600000	2,526690E+0	1,819604E-1
83,666667	2,524749E+0	1,794524E-1
83,733333	2,525396E+0	1,744364E-1
83,800000	2,523454E+0	1,794524E-1
83,866667	2,525396E+0	1,694204E-1
83,933333	2,524101E+0	1,694204E-1
84,000000	2,524749E+0	1,744364E-1
84,066667	2,524749E+0	1,593884E-1
84,133333	2,524749E+0	1,669124E-1
84,200000	2,526690E+0	1,518644E-1
84,266667	2,525396E+0	1,593884E-1
84,333333	2,526043E+0	1,593884E-1
84,400000	2,525396E+0	1,644044E-1
84,466667	2,526690E+0	1,669124E-1
84,533333	2,526690E+0	1,593884E-1
84,600000	2,525396E+0	1,568804E-1
84,666667	2,525396E+0	1,568804E-1
84,733333	2,522807E+0	1,618964E-1
84,800000	2,523454E+0	1,694204E-1
84,866667	2,526043E+0	1,669124E-1
84,933333	2,525396E+0	1,694204E-1
85,000000	2,526690E+0	1,669124E-1
85,066667	2,525396E+0	1,744364E-1
85,133333	2,523454E+0	1,719284E-1
85,200000	2,522807E+0	1,794524E-1
85,266667	2,525396E+0	1,669124E-1
85,333333	2,526690E+0	1,694204E-1
85,400000	2,526043E+0	1,493563E-1
85,466667	2,525396E+0	1,618964E-1
85,533333	2,524749E+0	1,618964E-1
85,600000	2,526690E+0	1,518644E-1
85,666667	2,523454E+0	1,719284E-1
85,733333	2,525396E+0	1,694204E-1
85,800000	2,524101E+0	1,644044E-1
85,866667	2,523454E+0	1,593884E-1
85,933333	2,523454E+0	1,543724E-1
86,000000	2,525396E+0	1,318003E-1
86,066667	2,525396E+0	1,217683E-1
86,133333	2,526043E+0	1,493563E-1
86,200000	2,523454E+0	1,518644E-1
86,266667	2,524101E+0	1,418323E-1
86,333333	2,526690E+0	1,468483E-1
86,400000	2,523454E+0	1,443403E-1
86,466667	2,526690E+0	1,418323E-1
86,533333	2,526043E+0	1,518644E-1
86,600000	2,526690E+0	1,393243E-1
86,666667	2,526690E+0	1,468483E-1
86,733333	2,525396E+0	1,343083E-1
86,800000	2,523454E+0	1,393243E-1
86,866667	2,523454E+0	1,443403E-1
86,933333	2,524749E+0	1,493563E-1
87,000000	2,525396E+0	1,393243E-1
87,066667	2,523454E+0	1,393243E-1
87,133333	2,523454E+0	1,418323E-1
87,200000	2,524101E+0	1,443403E-1
87,266667	2,523454E+0	1,493563E-1
87,333333	2,525396E+0	1,493563E-1
87,400000	2,526043E+0	1,468483E-1
87,466667	2,526690E+0	1,518644E-1
87,533333	2,526690E+0	1,368163E-1
87,600000	2,524101E+0	1,418323E-1
87,666667	2,523454E+0	1,443403E-1
87,733333	2,526690E+0	1,468483E-1
87,800000	2,525396E+0	1,443403E-1
87,866667	2,526043E+0	1,543724E-1
87,933333	2,523454E+0	1,468483E-1
88,000000	2,525396E+0	1,518644E-1
88,066667	2,526690E+0	1,518644E-1
88,133333	2,525396E+0	1,418323E-1
88,200000	2,526043E+0	1,393243E-1
88,266667	2,523454E+0	1,468483E-1
88,333333	2,526043E+0	1,318003E-1
88,400000	2,525396E+0	1,493563E-1
88,466667	2,524101E+0	1,468483E-1
88,533333	2,526690E+0	1,468483E-1
88,600000	2,524749E+0	1,493563E-1
88,666667	2,526043E+0	1,493563E-1
88,733333	2,524749E+0	1,318003E-1
88,800000	2,524101E+0	1,217683E-1
88,866667	2,525396E+0	1,242763E-1
88,933333	2,524101E+0	1,167523E-1
89,000000	2,526043E+0	1,267843E-1
89,066667	2,525396E+0	1,217683E-1
89,133333	2,525396E+0	1,142443E-1
89,200000	2,525396E+0	1,117363E-1
89,266667	2,526043E+0	1,117363E-1
89,333333	2,525396E+0	1,267843E-1
89,400000	2,523454E+0	1,217683E-1
89,466667	2,526690E+0	1,117363E-1
89,533333	2,525396E+0	1,117363E-1
89,600000	2,525396E+0	1,092283E-1
89,666667	2,526043E+0	1,192603E-1
89,733333	2,525396E+0	1,092283E-1
89,800000	2,525396E+0	1,192603E-1
89,866667	2,524749E+0	1,117363E-1
89,933333	2,526690E+0	1,192603E-1
90,000000	2,525396E+0	1,192603E-1
90,066667	2,523454E+0	1,142443E-1
90,133333	2,524101E+0	1,343083E-1
90,200000	2,523454E+0	1,443403E-1
90,266667	2,524101E+0	1,468483E-1
90,333333	2,523454E+0	1,318003E-1
90,400000	2,524749E+0	1,418323E-1
90,466667	2,526690E+0	1,343083E-1
90,533333	2,525396E+0	1,443403E-1
90,600000	2,526690E+0	1,292923E-1
90,666667	2,526690E+0	1,318003E-1
90,733333	2,526690E+0	1,292923E-1
90,800000	2,525396E+0	1,267843E-1
90,866667	2,526043E+0	1,318003E-1
90,933333	2,526690E+0	1,217683E-1
91,000000	2,526690E+0	1,292923E-1
91,066667	2,525396E+0	1,267843E-1
91,133333	2,525396E+0	1,368163E-1
91,200000	2,526690E+0	1,343083E-1
91,266667	2,526690E+0	1,468483E-1
91,333333	2,525396E+0	1,468483E-1
91,400000	2,524101E+0	1,418323E-1
91,466667	2,526043E+0	1,217683E-1
91,533333	2,525396E+0	1,393243E-1
91,600000	2,523454E+0	1,368163E-1
91,666667	2,527337E+0	1,318003E-1
91,733333	2,523454E+0	1,292923E-1
91,800000	2,523454E+0	1,242763E-1
91,866667	2,525396E+0	1,343083E-1
91,933333	2,526690E+0	1,318003E-1
92,000000	2,522807E+0	1,292923E-1
92,066667	2,524101E+0	1,292923E-1
92,133333	2,526043E+0	1,318003E-1
92,200000	2,526690E+0	1,343083E-1
92,266667	2,525396E+0	1,393243E-1
92,333333	2,526043E+0	1,318003E-1
92,400000	2,525396E+0	1,292923E-1
92,466667	2,523454E+0	1,318003E-1
92,533333	2,526690E+0	1,042123E-1
92,600000	2,526690E+0	1,042123E-1
92,666667	2,524749E+0	1,092283E-1
92,733333	2,526690E+0	9,919631E-2
92,800000	2,526690E+0	1,042123E-1
92,866667	2,526690E+0	1,067203E-1
92,933333	2,525396E+0	1,117363E-1
93,000000	2,523454E+0	1,092283E-1
93,066667	2,523454E+0	1,117363E-1
93,133333	2,526690E+0	1,042123E-1
93,200000	2,525396E+0	9,668831E-2
93,266667	2,526690E+0	1,092283E-1
93,333333	2,523454E+0	1,092283E-1
93,400000	2,523454E+0	1,092283E-1
93,466667	2,523454E+0	1,142443E-1
93,533333	2,523454E+0	1,092283E-1
93,600000	2,525396E+0	1,067203E-1
93,666667	2,526690E+0	1,217683E-1
93,733333	2,525396E+0	1,518644E-1
93,800000	2,525396E+0	1,593884E-1
93,866667	2,524749E+0	1,593884E-1
93,933333	2,523454E+0	1,518644E-1
94,000000	2,524749E+0	1,618964E-1
94,066667	2,527337E+0	1,568804E-1
94,133333	2,526043E+0	1,644044E-1
94,200000	2,525396E+0	1,593884E-1
94,266667	2,525396E+0	1,518644E-1
94,333333	2,526043E+0	1,568804E-1
94,400000	2,526043E+0	1,543724E-1
94,466667	2,523454E+0	1,568804E-1
94,533333	2,525396E+0	1,418323E-1
94,600000	2,525396E+0	1,593884E-1
94,666667	2,523454E+0	1,593884E-1
94,733333	2,525396E+0	1,618964E-1
94,800000	2,525396E+0	1,518644E-1
94,866667	2,526690E+0	1,593884E-1
94,933333	2,526043E+0	1,543724E-1
95,000000	2,526690E+0	1,593884E-1
95,066667	2,526043E+0	1,669124E-1
95,133333	2,526043E+0	1,669124E-1
95,200000	2,524749E+0	1,669124E-1
95,266667	2,525396E+0	1,518644E-1
95,333333	2,526690E+0	1,593884E-1
95,400000	2,526043E+0	1,518644E-1
95,466667	2,522807E+0	1,593884E-1
95,533333	2,524749E+0	1,669124E-1
95,600000	2,525396E+0	1,568804E-1
95,666667	2,525396E+0	1,618964E-1
95,733333	2,524749E+0	1,694204E-1
95,800000	2,523454E+0	1,568804E-1
95,866667	2,526690E+0	1,568804E-1
95,933333	2,526043E+0	1,593884E-1
96,000000	2,525396E+0	1,217683E-1
96,066667	2,524749E+0	1,593884E-1
96,133333	2,523454E+0	1,618964E-1
96,200000	2,524749E+0	1,543724E-1
96,266667	2,525396E+0	1,593884E-1
96,333333	2,523454E+0	1,644044E-1
96,400000	2,527337E+0	1,593884E-1
96,466667	2,526690E+0	1,543724E-1
96,533333	2,525396E+0	1,493563E-1
96,600000	2,524101E+0	1,593884E-1
96,666667	2,525396E+0	1,593884E-1
96,733333	2,525396E+0	1,468483E-1
96,800000	2,526690E+0	1,518644E-1
96,866667	2,524101E+0	1,518644E-1
96,933333	2,524101E+0	1,543724E-1
97,000000	2,525396E+0	1,568804E-1
97,066667	2,526043E+0	1,568804E-1
97,133333	2,523454E+0	1,669124E-1
97,200000	2,525396E+0	1,167523E-1
97,266667	2,524101E+0	1,543724E-1
97,333333	2,524101E+0	1,669124E-1
97,400000	2,526043E+0	1,669124E-1
97,466667	2,525396E+0	1,618964E-1
97,533333	2,526690E+0	1,518644E-1
97,600000	2,525396E+0	1,593884E-1
97,666667	2,523454E+0	1,618964E-1
97,733333	2,526690E+0	1,543724E-1
97,800000	2,523454E+0	1,468483E-1
97,866667	2,523454E+0	1,518644E-1
97,933333	2,526690E+0	1,468483E-1
98,000000	2,526690E+0	1,593884E-1
98,066667	2,526043E+0	1,518644E-1
98,133333	2,524749E+0	1,493563E-1
98,200000	2,524101E+0	1,543724E-1
98,266667	2,524101E+0	1,543724E-1
98,333333	2,523454E+0	1,568804E-1
98,400000	2,524749E+0	1,518644E-1
98,466667	2,526043E+0	1,493563E-1
98,533333	2,524749E+0	1,493563E-1
98,600000	2,526690E+0	1,568804E-1
98,666667	2,527337E+0	1,568804E-1
98,733333	2,524101E+0	1,694204E-1
98,800000	2,523454E+0	1,543724E-1
98,866667	2,526043E+0	1,593884E-1
98,933333	2,524101E+0	1,518644E-1
99,000000	2,525396E+0	1,593884E-1
99,066667	2,525396E+0	1,543724E-1
99,133333	2,525396E+0	1,518644E-1
99,200000	2,524749E+0	1,518644E-1
99,266667	2,524101E+0	1,568804E-1
99,333333	2,524749E+0	1,593884E-1
99,400000	2,526690E+0	1,493563E-1
99,466667	2,526690E+0	1,493563E-1
99,533333	2,522807E+0	1,493563E-1
99,600000	2,525396E+0	1,493563E-1
99,666667	2,525396E+0	1,543724E-1
99,733333	2,525396E+0	1,593884E-1
99,800000	2,525396E+0	1,694204E-1
99,866667	2,526043E+0	1,593884E-1
99,933333	2,525396E+0	1,618964E-1
100,000000	2,525396E+0	1,694204E-1
100,066667	2,524101E+0	1,644044E-1
100,133333	2,524749E+0	1,694204E-1
100,200000	2,524101E+0	1,568804E-1
100,266667	2,523454E+0	1,543724E-1
100,333333	2,523454E+0	1,669124E-1
100,400000	2,525396E+0	1,618964E-1
100,466667	2,524101E+0	1,593884E-1
100,533333	2,525396E+0	1,493563E-1
100,600000	2,523454E+0	1,568804E-1
100,666667	2,526043E+0	1,593884E-1
100,733333	2,526043E+0	1,593884E-1
100,800000	2,523454E+0	1,543724E-1
100,866667	2,526690E+0	1,593884E-1
100,933333	2,524101E+0	1,593884E-1
101,000000	2,523454E+0	1,618964E-1
101,066667	2,524101E+0	1,669124E-1
101,133333	2,524749E+0	1,669124E-1
101,200000	2,524101E+0	1,593884E-1
101,266667	2,525396E+0	1,543724E-1
101,333333	2,523454E+0	1,593884E-1
101,400000	2,523454E+0	1,719284E-1
101,466667	2,525396E+0	1,618964E-1
101,533333	2,525396E+0	1,644044E-1
101,600000	2,523454E+0	1,593884E-1
101,666667	2,525396E+0	1,543724E-1
101,733333	2,525396E+0	1,493563E-1
101,800000	2,525396E+0	1,593884E-1
101,866667	2,526690E+0	1,644044E-1
101,933333	2,526690E+0	1,518644E-1
102,000000	2,526690E+0	1,092283E-1
102,066667	2,524749E+0	1,518644E-1
102,133333	2,526043E+0	1,568804E-1
102,200000	2,523454E+0	1,543724E-1
102,266667	2,526690E+0	1,117363E-1
102,333333	2,523454E+0	1,593884E-1
102,400000	2,527337E+0	1,719284E-1
102,466667	2,525396E+0	1,719284E-1
102,533333	2,525396E+0	1,719284E-1
102,600000	2,526690E+0	1,669124E-1
102,666667	2,523454E+0	1,618964E-1
102,733333	2,524749E+0	1,694204E-1
102,800000	2,525396E+0	1,593884E-1
102,866667	2,523454E+0	1,644044E-1
102,933333	2,525396E+0	1,669124E-1
103,000000	2,524749E+0	1,593884E-1
103,066667	2,524749E+0	1,719284E-1
103,133333	2,525396E+0	1,719284E-1
103,200000	2,526690E+0	1,669124E-1
103,266667	2,526690E+0	1,694204E-1
103,333333	2,525396E+0	1,593884E-1
103,400000	2,525396E+0	1,694204E-1
103,466667	2,524749E+0	1,719284E-1
103,533333	2,524749E+0	1,593884E-1
103,600000	2,524101E+0	1,669124E-1
103,666667	2,524101E+0	1,719284E-1
103,733333	2,525396E+0	1,694204E-1
103,800000	2,524749E+0	1,593884E-1
103,866667	2,524749E+0	1,669124E-1
103,933333	2,526690E+0	1,669124E-1
104,000000	2,524101E+0	1,644044E-1
104,066667	2,526043E+0	1,669124E-1
104,133333	2,525396E+0	1,543724E-1
104,200000	2,524101E+0	1,593884E-1
104,266667	2,527337E+0	1,568804E-1
104,333333	2,524101E+0	1,568804E-1
104,400000	2,524749E+0	1,543724E-1
104,466667	2,526043E+0	1,593884E-1
104,533333	2,523454E+0	1,568804E-1
104,600000	2,522807E+0	1,543724E-1
104,666667	2,523454E+0	1,568804E-1
104,733333	2,523454E+0	1,443403E-1
104,800000	2,524101E+0	1,493563E-1
104,866667	2,526043E+0	1,468483E-1
104,933333	2,523454E+0	1,468483E-1
105,000000	2,524101E+0	1,493563E-1
105,066667	2,526690E+0	1,543724E-1
105,133333	2,523454E+0	1,518644E-1
105,200000	2,526690E+0	1,493563E-1
105,266667	2,523454E+0	1,518644E-1
105,333333	2,523454E+0	1,543724E-1
105,400000	2,525396E+0	1,543724E-1
105,466667	2,525396E+0	1,493563E-1
105,533333	2,523454E+0	1,493563E-1
105,600000	2,525396E+0	1,543724E-1
105,666667	2,522807E+0	1,493563E-1
105,733333	2,523454E+0	1,543724E-1
105,800000	2,525396E+0	1,468483E-1
105,866667	2,524101E+0	1,518644E-1
105,933333	2,524749E+0	1,518644E-1
106,000000	2,525396E+0	1,618964E-1
106,066667	2,526690E+0	1,568804E-1
106,133333	2,522807E+0	1,593884E-1
106,200000	2,527337E+0	1,543724E-1
106,266667	2,522807E+0	1,518644E-1
106,333333	2,524101E+0	1,493563E-1
106,400000	2,525396E+0	1,092283E-1
106,466667	2,526690E+0	1,518644E-1
106,533333	2,524101E+0	1,593884E-1
106,600000	2,525396E+0	1,568804E-1
106,666667	2,524749E+0	1,593884E-1
106,733333	2,525396E+0	1,443403E-1
106,800000	2,526043E+0	1,518644E-1
106,866667	2,525396E+0	1,618964E-1
106,933333	2,523454E+0	1,543724E-1
107,000000	2,523454E+0	1,518644E-1
107,066667	2,524749E+0	1,468483E-1
107,133333	2,525396E+0	1,393243E-1
107,200000	2,523454E+0	1,468483E-1
107,266667	2,524101E+0	1,418323E-1
107,333333	2,525396E+0	1,468483E-1
107,400000	2,524749E+0	1,543724E-1
107,466667	2,523454E+0	1,543724E-1
107,533333	2,523454E+0	1,493563E-1
107,600000	2,523454E+0	1,568804E-1
107,666667	2,525396E+0	1,493563E-1
107,733333	2,526690E+0	1,468483E-1
107,800000	2,526043E+0	1,493563E-1
107,866667	2,523454E+0	1,543724E-1
107,933333	2,526690E+0	1,543724E-1
108,000000	2,524749E+0	1,493563E-1
108,066667	2,526690E+0	1,518644E-1
108,133333	2,525396E+0	1,593884E-1
108,200000	2,526690E+0	1,468483E-1
108,266667	2,524749E+0	1,618964E-1
108,333333	2,524749E+0	1,493563E-1
108,400000	2,524749E+0	1,593884E-1
108,466667	2,526690E+0	1,518644E-1
108,533333	2,526690E+0	1,468483E-1
108,600000	2,523454E+0	1,468483E-1
108,666667	2,526690E+0	1,468483E-1
108,733333	2,525396E+0	1,468483E-1
108,800000	2,525396E+0	1,618964E-1
108,866667	2,525396E+0	1,593884E-1
108,933333	2,525396E+0	1,468483E-1
109,000000	2,525396E+0	1,543724E-1
109,066667	2,526043E+0	1,242763E-1
109,133333	2,526690E+0	1,292923E-1
109,200000	2,526043E+0	1,267843E-1
109,266667	2,523454E+0	1,292923E-1
109,333333	2,524749E+0	1,418323E-1
109,400000	2,523454E+0	1,343083E-1
109,466667	2,526690E+0	1,343083E-1
109,533333	2,523454E+0	1,368163E-1
109,600000	2,527337E+0	1,318003E-1
109,666667	2,526043E+0	1,318003E-1
109,733333	2,523454E+0	1,318003E-1
109,800000	2,525396E+0	1,292923E-1
109,866667	2,524101E+0	1,292923E-1
109,933333	2,525396E+0	1,192603E-1
110,000000	2,523454E+0	1,292923E-1
110,066667	2,522807E+0	1,368163E-1
110,133333	2,524101E+0	1,217683E-1
110,200000	2,526043E+0	1,217683E-1
110,266667	2,526043E+0	1,318003E-1
110,333333	2,525396E+0	1,267843E-1
110,400000	2,526043E+0	1,192603E-1
110,466667	2,526043E+0	1,343083E-1
110,533333	2,526043E+0	1,318003E-1
110,600000	2,525396E+0	1,418323E-1
110,666667	2,526690E+0	1,343083E-1
110,733333	2,523454E+0	1,368163E-1
110,800000	2,524101E+0	1,393243E-1
110,866667	2,525396E+0	1,368163E-1
110,933333	2,526690E+0	1,343083E-1
111,000000	2,526690E+0	1,292923E-1
111,066667	2,524101E+0	1,368163E-1
111,133333	2,524101E+0	1,368163E-1
111,200000	2,525396E+0	1,443403E-1
111,266667	2,525396E+0	1,418323E-1
111,333333	2,526043E+0	1,393243E-1
111,400000	2,526043E+0	1,418323E-1
111,466667	2,525396E+0	1,318003E-1
111,533333	2,523454E+0	1,343083E-1
111,600000	2,526043E+0	1,292923E-1
111,666667	2,524749E+0	1,292923E-1
111,733333	2,525396E+0	1,267843E-1
111,800000	2,526690E+0	1,343083E-1
111,866667	2,525396E+0	1,292923E-1
111,933333	2,523454E+0	1,418323E-1
112,000000	2,526690E+0	1,393243E-1
112,066667	2,526690E+0	1,368163E-1
112,133333	2,526690E+0	1,292923E-1
112,200000	2,523454E+0	1,343083E-1
112,266667	2,524749E+0	1,443403E-1
112,333333	2,525396E+0	1,418323E-1
112,400000	2,526690E+0	1,368163E-1
112,466667	2,524749E+0	1,443403E-1
112,533333	2,525396E+0	1,318003E-1
112,600000	2,526043E+0	1,393243E-1
112,666667	2,527337E+0	1,343083E-1
112,733333	2,523454E+0	1,343083E-1
112,800000	2,525396E+0	1,418323E-1
112,866667	2,525396E+0	1,292923E-1
112,933333	2,526043E+0	1,318003E-1
113,000000	2,525396E+0	1,418323E-1
113,066667	2,525396E+0	1,418323E-1
113,133333	2,523454E+0	1,318003E-1
113,200000	2,524749E+0	1,292923E-1
113,266667	2,524101E+0	1,343083E-1
113,333333	2,526690E+0	1,368163E-1
113,400000	2,526690E+0	1,368163E-1
113,466667	2,523454E+0	1,343083E-1
113,533333	2,526043E+0	1,292923E-1
113,600000	2,526690E+0	1,343083E-1
113,666667	2,526690E+0	1,292923E-1
113,733333	2,526690E+0	1,368163E-1
113,800000	2,525396E+0	1,292923E-1
113,866667	2,524101E+0	1,393243E-1
113,933333	2,526690E+0	1,343083E-1
114,000000	2,524749E+0	1,418323E-1
114,066667	2,526043E+0	1,267843E-1
114,133333	2,524101E+0	1,343083E-1
114,200000	2,526690E+0	1,368163E-1
114,266667	2,524101E+0	1,368163E-1
114,333333	2,525396E+0	1,292923E-1
114,400000	2,526043E+0	1,393243E-1
114,466667	2,523454E+0	1,368163E-1
114,533333	2,525396E+0	1,292923E-1
114,600000	2,525396E+0	1,418323E-1
114,666667	2,522807E+0	1,443403E-1
114,733333	2,524101E+0	1,393243E-1
114,800000	2,525396E+0	1,318003E-1
114,866667	2,526690E+0	1,393243E-1
114,933333	2,523454E+0	1,318003E-1
115,000000	2,525396E+0	1,443403E-1
115,066667	2,525396E+0	1,292923E-1
115,133333	2,523454E+0	1,343083E-1
115,200000	2,523454E+0	1,393243E-1
115,266667	2,525396E+0	1,318003E-1
115,333333	2,522807E+0	1,393243E-1
115,400000	2,524101E+0	1,393243E-1
115,466667	2,526690E+0	1,318003E-1
115,533333	2,525396E+0	1,443403E-1
115,600000	2,523454E+0	1,393243E-1
115,666667	2,525396E+0	1,418323E-1
115,733333	2,525396E+0	1,393243E-1
115,800000	2,525396E+0	1,443403E-1
115,866667	2,524101E+0	1,468483E-1
115,933333	2,525396E+0	1,318003E-1
116,000000	2,524749E+0	1,418323E-1
116,066667	2,525396E+0	1,318003E-1
116,133333	2,525396E+0	1,318003E-1
116,200000	2,526690E+0	1,318003E-1
116,266667	2,526043E+0	1,318003E-1
116,333333	2,526690E+0	1,418323E-1
116,400000	2,523454E+0	1,393243E-1
116,466667	2,524749E+0	1,493563E-1
116,533333	2,523454E+0	1,368163E-1
116,600000	2,525396E+0	1,443403E-1
116,666667	2,522807E+0	1,368163E-1
116,733333	2,526043E+0	1,318003E-1
116,800000	2,526690E+0	1,343083E-1
116,866667	2,526690E+0	1,343083E-1
116,933333	2,527337E+0	1,393243E-1
117,000000	2,526690E+0	1,393243E-1
117,066667	2,523454E+0	1,393243E-1
117,133333	2,526690E+0	1,368163E-1
117,200000	2,525396E+0	1,368163E-1
117,266667	2,523454E+0	1,343083E-1
117,333333	2,525396E+0	1,292923E-1
117,400000	2,524101E+0	1,418323E-1
117,466667	2,524101E+0	1,292923E-1
117,533333	2,523454E+0	1,368163E-1
117,600000	2,526690E+0	1,343083E-1
117,666667	2,523454E+0	1,343083E-1
117,733333	2,526690E+0	1,318003E-1
117,800000	2,523454E+0	1,393243E-1
117,866667	2,526690E+0	1,292923E-1
117,933333	2,525396E+0	1,418323E-1
118,000000	2,525396E+0	1,418323E-1
118,066667	2,524101E+0	1,343083E-1
118,133333	2,525396E+0	1,343083E-1
118,200000	2,525396E+0	1,318003E-1
118,266667	2,525396E+0	1,368163E-1
118,333333	2,526690E+0	1,343083E-1
118,400000	2,524101E+0	1,318003E-1
118,466667	2,526043E+0	1,217683E-1
118,533333	2,526690E+0	1,393243E-1
118,600000	2,522807E+0	1,368163E-1
118,666667	2,526690E+0	1,393243E-1
118,733333	2,526690E+0	1,393243E-1
118,800000	2,523454E+0	1,393243E-1
118,866667	2,526690E+0	1,318003E-1
118,933333	2,524101E+0	1,368163E-1
119,000000	2,523454E+0	1,368163E-1
119,066667	2,523454E+0	1,368163E-1
119,133333	2,527337E+0	1,343083E-1
119,200000	2,526043E+0	1,368163E-1
119,266667	2,525396E+0	1,418323E-1
119,333333	2,526690E+0	1,343083E-1
119,400000	2,524749E+0	1,292923E-1
119,466667	2,526043E+0	1,418323E-1
119,533333	2,526690E+0	1,418323E-1
119,600000	2,525396E+0	1,368163E-1
119,666667	2,525396E+0	1,318003E-1
119,733333	2,524101E+0	1,343083E-1
119,800000	2,524101E+0	1,343083E-1
119,866667	2,524749E+0	1,292923E-1
119,933333	2,525396E+0	1,418323E-1
120,000000	2,524749E+0	1,292923E-1
120,066667	2,525396E+0	1,292923E-1
120,133333	2,524101E+0	1,393243E-1
120,200000	2,525396E+0	1,343083E-1
120,266667	2,523454E+0	1,418323E-1
120,333333	2,524749E+0	1,343083E-1
120,400000	2,525396E+0	1,418323E-1
120,466667	2,523454E+0	1,318003E-1
120,533333	2,525396E+0	1,318003E-1
120,600000	2,523454E+0	1,393243E-1
120,666667	2,524749E+0	1,393243E-1
120,733333	2,523454E+0	1,368163E-1
120,800000	2,526690E+0	1,393243E-1
120,866667	2,524749E+0	1,318003E-1
120,933333	2,525396E+0	1,418323E-1
121,000000	2,525396E+0	1,318003E-1
121,066667	2,525396E+0	1,292923E-1
121,133333	2,526043E+0	1,418323E-1
121,200000	2,527337E+0	1,343083E-1
121,266667	2,525396E+0	1,292923E-1
121,333333	2,525396E+0	1,318003E-1
121,400000	2,525396E+0	1,318003E-1
121,466667	2,526690E+0	1,368163E-1
121,533333	2,524101E+0	1,418323E-1
121,600000	2,524101E+0	1,443403E-1
121,666667	2,526690E+0	1,393243E-1
121,733333	2,526690E+0	1,418323E-1
121,800000	2,523454E+0	1,468483E-1
121,866667	2,525396E+0	1,468483E-1
121,933333	2,525396E+0	1,493563E-1
122,000000	2,523454E+0	1,468483E-1
122,066667	2,526690E+0	1,318003E-1
122,133333	2,525396E+0	1,318003E-1
122,200000	2,525396E+0	1,443403E-1
122,266667	2,527985E+0	1,418323E-1
122,333333	2,524101E+0	1,318003E-1
122,400000	2,524749E+0	1,418323E-1
122,466667	2,524749E+0	1,443403E-1
122,533333	2,527337E+0	1,343083E-1
122,600000	2,525396E+0	1,343083E-1
122,666667	2,524749E+0	1,468483E-1

