date/time: ,29/11/2019,02:35 p.m.
Run 1

time	(V)	(V)
0,000000	2,521512E+0	5,280647E-1
0,066667	2,524101E+0	5,205407E-1
0,133333	2,522160E+0	5,105086E-1
0,200000	2,522160E+0	5,105086E-1
0,266667	2,520865E+0	5,305727E-1
0,333333	2,524101E+0	5,305727E-1
0,400000	2,523454E+0	5,330807E-1
0,466667	2,526043E+0	4,528246E-1
0,533333	2,531868E+0	5,130166E-1
0,600000	2,538988E+0	1,150049E+0
0,666667	2,542871E+0	9,042650E-1
0,733333	2,551932E+0	1,074809E+0
0,800000	2,583647E+0	1,666698E+0
0,866667	2,681379E+0	1,975182E+0
0,933333	2,872960E+0	2,699994E+0
1,000000	2,997876E+0	3,241723E+0
1,066667	3,094960E+0	3,490015E+0
1,133333	3,133147E+0	3,474967E+0
1,200000	3,138972E+0	3,427315E+0
1,266667	3,145445E+0	3,695671E+0
1,333333	3,144797E+0	3,773419E+0
1,400000	3,136383E+0	3,567763E+0
1,466667	3,122791E+0	3,758371E+0
1,533333	3,124086E+0	4,064348E+0
1,600000	3,069718E+0	3,670591E+0
1,666667	2,925386E+0	3,028543E+0
1,733333	2,654842E+0	1,822194E+0
1,800000	2,521512E+0	4,603486E-1
1,866667	2,522160E+0	4,578406E-1
1,933333	2,521512E+0	4,553326E-1
2,000000	2,524749E+0	4,578406E-1
2,066667	2,522160E+0	4,628566E-1
2,133333	2,523454E+0	4,503166E-1
2,200000	2,522160E+0	4,553326E-1
2,266667	2,525396E+0	4,628566E-1
2,333333	2,524749E+0	4,653646E-1
2,400000	2,520218E+0	4,628566E-1
2,466667	2,522807E+0	4,603486E-1
2,533333	2,522160E+0	4,578406E-1
2,600000	2,521512E+0	4,703806E-1
2,666667	2,521512E+0	4,678726E-1
2,733333	2,544166E+0	1,330625E+0
2,800000	2,653548E+0	2,088042E+0
2,866667	2,872312E+0	2,687454E+0
2,933333	3,056774E+0	3,326995E+0
3,000000	3,186867E+0	3,974060E+0
3,066667	3,269713E+0	3,622939E+0
3,133333	3,307900E+0	3,653035E+0
3,200000	3,308547E+0	3,668083E+0
3,266667	3,288483E+0	3,673099E+0
3,333333	3,204990E+0	3,577795E+0
3,400000	2,999817E+0	3,051115E+0
3,466667	2,672965E+0	2,108106E+0
3,533333	2,523454E+0	4,603486E-1
3,600000	2,522807E+0	4,603486E-1
3,666667	2,522160E+0	4,503166E-1
3,733333	2,521512E+0	4,553326E-1
3,800000	2,522807E+0	4,528246E-1
3,866667	2,524101E+0	4,553326E-1
3,933333	2,523454E+0	4,503166E-1
4,000000	2,520865E+0	4,678726E-1
4,066667	2,522160E+0	4,628566E-1
4,133333	2,524101E+0	4,703806E-1
4,200000	2,522807E+0	4,653646E-1
4,266667	2,523454E+0	4,628566E-1
4,333333	2,524101E+0	4,578406E-1
4,400000	2,522160E+0	4,779046E-1
4,466667	2,526690E+0	4,678726E-1
4,533333	2,724743E+0	2,281158E+0
4,600000	2,854837E+0	2,863015E+0
4,666667	2,911146E+0	3,071179E+0
4,733333	2,949333E+0	3,369631E+0
4,800000	2,971339E+0	3,515095E+0
4,866667	2,946097E+0	3,592843E+0
4,933333	2,724743E+0	2,602182E+0
5,000000	2,520865E+0	4,528246E-1
5,066667	2,520218E+0	4,553326E-1
5,133333	2,524101E+0	4,528246E-1
5,200000	2,523454E+0	4,603486E-1
5,266667	2,522160E+0	4,628566E-1
5,333333	2,520218E+0	4,578406E-1
5,400000	2,523454E+0	4,628566E-1
5,466667	2,524101E+0	4,553326E-1
5,533333	2,522807E+0	4,628566E-1
5,600000	2,522160E+0	4,628566E-1
5,666667	2,524101E+0	4,553326E-1
5,733333	2,520218E+0	4,603486E-1
5,800000	2,522160E+0	4,628566E-1
5,866667	2,524101E+0	4,603486E-1
5,933333	2,522807E+0	4,678726E-1
6,000000	2,522807E+0	4,703806E-1
6,066667	2,521512E+0	4,653646E-1
6,133333	2,552580E+0	1,476089E+0
6,200000	2,766814E+0	2,439162E+0
6,266667	2,909852E+0	3,296899E+0
6,333333	3,039298E+0	3,387187E+0
6,400000	3,110494E+0	3,585319E+0
6,466667	3,168745E+0	3,620431E+0
6,533333	3,223112E+0	3,873739E+0
6,600000	3,251591E+0	3,793483E+0
6,666667	3,263888E+0	3,708211E+0
6,733333	3,282011E+0	3,580303E+0
6,800000	3,318903E+0	3,921391E+0
6,866667	3,326022E+0	3,936439E+0
6,933333	3,295603E+0	3,663067E+0
7,000000	3,126028E+0	3,645511E+0
7,066667	2,833478E+0	3,251755E+0
7,133333	2,582999E+0	8,791850E-1
7,200000	2,521512E+0	4,528246E-1
7,266667	2,520865E+0	4,553326E-1
7,333333	2,522160E+0	4,553326E-1
7,400000	2,522160E+0	4,703806E-1
7,466667	2,522160E+0	4,628566E-1
7,533333	2,520865E+0	4,603486E-1
7,600000	2,521512E+0	4,628566E-1
7,666667	2,520865E+0	4,553326E-1
7,733333	2,522160E+0	4,678726E-1
7,800000	2,521512E+0	4,678726E-1
7,866667	2,521512E+0	4,678726E-1
7,933333	2,522160E+0	4,728886E-1
8,000000	2,521512E+0	4,678726E-1
8,066667	2,522160E+0	4,578406E-1
8,133333	2,524101E+0	4,628566E-1
8,200000	2,522160E+0	4,603486E-1
8,266667	2,577174E+0	1,220273E+0
8,333333	2,671023E+0	1,995246E+0
8,400000	2,858721E+0	2,722566E+0
8,466667	2,981048E+0	2,950795E+0
8,533333	3,038651E+0	3,352075E+0
8,600000	3,082663E+0	3,472459E+0
8,666667	3,142856E+0	3,763387E+0
8,733333	3,411457E+0	3,808531E+0
8,800000	3,826980E+0	4,154636E+0
8,866667	4,142183E+0	4,187240E+0
8,933333	4,432143E+0	4,184732E+0
9,000000	4,516930E+0	4,252448E+0
9,066667	4,197845E+0	4,109492E+0
9,133333	3,572618E+0	3,755863E+0
9,200000	2,979753E+0	2,943271E+0
9,266667	2,537693E+0	4,678726E-1
9,333333	2,522160E+0	4,553326E-1
9,400000	2,524101E+0	4,578406E-1
9,466667	2,522807E+0	4,578406E-1
9,533333	2,522160E+0	4,628566E-1
9,600000	2,522807E+0	4,578406E-1
9,666667	2,520865E+0	4,528246E-1
9,733333	2,521512E+0	4,628566E-1
9,800000	2,520865E+0	4,628566E-1
9,866667	2,522160E+0	4,628566E-1
9,933333	2,522160E+0	4,653646E-1
10,000000	2,523454E+0	4,628566E-1
10,066667	2,520865E+0	4,603486E-1
10,133333	2,520865E+0	4,628566E-1
10,200000	2,521512E+0	4,553326E-1
10,266667	2,522160E+0	4,528246E-1
10,333333	2,522160E+0	4,553326E-1
10,400000	2,523454E+0	4,653646E-1
10,466667	2,523454E+0	4,528246E-1
10,533333	2,524101E+0	4,578406E-1
10,600000	2,522160E+0	4,628566E-1
10,666667	2,522160E+0	4,478086E-1
10,733333	2,527337E+0	4,653646E-1
10,800000	2,537046E+0	7,211808E-1
10,866667	2,557110E+0	1,024649E+0
10,933333	2,663904E+0	2,098074E+0
11,000000	2,885257E+0	2,973367E+0
11,066667	3,265183E+0	3,700687E+0
11,133333	3,691709E+0	4,219844E+0
11,200000	4,146066E+0	4,159652E+0
11,266667	4,488452E+0	4,347752E+0
11,333333	4,467741E+0	4,385372E+0
11,400000	3,992025E+0	4,420484E+0
11,466667	3,279422E+0	3,580303E+0
11,533333	2,674259E+0	2,228490E+0
11,600000	2,520865E+0	4,578406E-1
11,666667	2,524101E+0	4,503166E-1
11,733333	2,522160E+0	4,628566E-1
11,800000	2,524101E+0	4,578406E-1
11,866667	2,522807E+0	4,478086E-1
11,933333	2,524101E+0	4,553326E-1
12,000000	2,523454E+0	4,678726E-1
12,066667	2,522807E+0	4,553326E-1
12,133333	2,522807E+0	4,628566E-1
12,200000	2,521512E+0	4,628566E-1
12,266667	2,523454E+0	4,528246E-1
12,333333	2,524101E+0	4,603486E-1
12,400000	2,522160E+0	4,578406E-1
12,466667	2,522807E+0	4,854286E-1
12,533333	2,522160E+0	4,954606E-1
12,600000	2,520865E+0	4,678726E-1
12,666667	2,531221E+0	4,503166E-1
12,733333	2,581058E+0	1,335641E+0
12,800000	2,674907E+0	2,128170E+0
12,866667	2,960336E+0	3,103783E+0
12,933333	3,445760E+0	3,637987E+0
13,000000	4,012736E+0	4,109492E+0
13,066667	4,436674E+0	4,287560E+0
13,133333	4,815952E+0	4,367816E+0
13,200000	4,770645E+0	4,355276E+0
13,266667	4,183606E+0	4,174700E+0
13,333333	3,324081E+0	3,725767E+0
13,400000	2,793997E+0	2,682438E+0
13,466667	2,540282E+0	2,426622E+0
13,533333	2,520218E+0	4,628566E-1
13,600000	2,522807E+0	6,434328E-1
13,666667	2,523454E+0	4,528246E-1
13,733333	2,522160E+0	4,503166E-1
13,800000	2,522807E+0	4,528246E-1
13,866667	2,522160E+0	4,453006E-1
13,933333	2,522160E+0	4,628566E-1
14,000000	2,524101E+0	4,578406E-1
14,066667	2,521512E+0	4,478086E-1
14,133333	2,522160E+0	4,628566E-1
14,200000	2,523454E+0	4,528246E-1
14,266667	2,520218E+0	4,553326E-1
14,333333	2,522160E+0	4,503166E-1
14,400000	2,520865E+0	4,603486E-1
14,466667	2,520865E+0	4,553326E-1
14,533333	2,522807E+0	4,603486E-1
14,600000	2,522807E+0	4,528246E-1
14,666667	2,530574E+0	5,130166E-1
14,733333	2,599180E+0	1,180145E+0
14,800000	2,796586E+0	2,509386E+0
14,866667	3,289130E+0	3,264295E+0
14,933333	3,848986E+0	4,009172E+0
15,000000	4,309169E+0	4,144604E+0
15,066667	4,385542E+0	4,124540E+0
15,133333	4,032153E+0	4,104476E+0
15,200000	3,342850E+0	3,454903E+0
15,266667	2,825064E+0	2,639802E+0
15,333333	2,546107E+0	6,233687E-1
15,400000	2,519571E+0	4,603486E-1
15,466667	2,522160E+0	4,603486E-1
15,533333	2,517629E+0	4,553326E-1
15,600000	2,522160E+0	5,054926E-1
15,666667	2,522807E+0	5,004766E-1
15,733333	2,522807E+0	5,180327E-1
15,800000	2,520865E+0	5,305727E-1
15,866667	2,521512E+0	5,205407E-1
15,933333	2,523454E+0	4,553326E-1
16,000000	2,522807E+0	4,528246E-1
16,066667	2,522160E+0	4,603486E-1
16,133333	2,524101E+0	4,804126E-1
16,200000	2,522160E+0	4,528246E-1
16,266667	2,531221E+0	4,628566E-1
16,333333	2,537046E+0	8,189929E-1
16,400000	2,555168E+0	8,315329E-1
16,466667	2,609536E+0	1,378277E+0
16,533333	2,821828E+0	2,484306E+0
16,600000	3,301428E+0	3,785959E+0
16,666667	3,966135E+0	4,071872E+0
16,733333	4,323408E+0	4,232384E+0
16,800000	4,452207E+0	4,157144E+0
16,866667	3,913710E+0	3,903835E+0
16,933333	3,256769E+0	3,479983E+0
17,000000	2,652253E+0	1,656666E+0
17,066667	2,520218E+0	4,503166E-1
17,133333	2,521512E+0	4,628566E-1
17,200000	2,524101E+0	4,578406E-1
17,266667	2,523454E+0	4,628566E-1
17,333333	2,521512E+0	4,553326E-1
17,400000	2,520865E+0	4,578406E-1
17,466667	2,522160E+0	4,603486E-1
17,533333	2,521512E+0	4,628566E-1
17,600000	2,522807E+0	4,603486E-1
17,666667	2,521512E+0	4,603486E-1
17,733333	2,523454E+0	4,528246E-1
17,800000	2,524101E+0	4,528246E-1
17,866667	2,522807E+0	4,628566E-1
17,933333	2,522160E+0	4,653646E-1
18,000000	2,522807E+0	4,653646E-1
18,066667	2,534457E+0	4,528246E-1
18,133333	2,549343E+0	7,763569E-1
18,200000	2,619892E+0	1,222781E+0
18,266667	2,778464E+0	2,165790E+0
18,333333	3,058068E+0	3,088735E+0
18,400000	3,586210E+0	3,903835E+0
18,466667	4,270335E+0	4,254956E+0
18,533333	4,775823E+0	4,252448E+0
18,600000	4,878086E+0	4,337720E+0
18,666667	4,400428E+0	4,239908E+0
18,733333	3,604980E+0	3,923899E+0
18,800000	2,908557E+0	2,674914E+0
18,866667	2,560346E+0	5,807327E-1
18,933333	2,523454E+0	4,553326E-1
19,000000	2,520865E+0	4,578406E-1
19,066667	2,520218E+0	4,578406E-1
19,133333	2,523454E+0	4,553326E-1
19,200000	2,520218E+0	4,653646E-1
19,266667	2,520865E+0	4,578406E-1
19,333333	2,520865E+0	4,628566E-1
19,400000	2,521512E+0	4,628566E-1
19,466667	2,522160E+0	4,578406E-1
19,533333	2,522807E+0	4,553326E-1
19,600000	2,521512E+0	4,653646E-1
19,666667	2,521512E+0	4,528246E-1
19,733333	2,520865E+0	4,553326E-1
19,800000	2,521512E+0	4,553326E-1
19,866667	2,521512E+0	4,553326E-1
19,933333	2,522160E+0	4,628566E-1
20,000000	2,521512E+0	4,603486E-1
20,066667	2,531868E+0	4,954606E-1
20,133333	2,544813E+0	7,462608E-1
20,200000	2,581058E+0	1,084841E+0
20,266667	2,852895E+0	2,609706E+0
20,333333	3,656758E+0	3,971551E+0
20,400000	4,352533E+0	4,307624E+0
20,466667	4,606248E+0	4,292576E+0
20,533333	4,463857E+0	4,204796E+0
20,600000	3,748665E+0	3,770911E+0
20,666667	3,094960E+0	3,357091E+0
20,733333	2,671023E+0	1,556346E+0
20,800000	2,531221E+0	4,854286E-1
20,866667	2,520218E+0	4,578406E-1
20,933333	2,522160E+0	4,653646E-1
21,000000	2,524101E+0	4,603486E-1
21,066667	2,521512E+0	4,603486E-1
21,133333	2,522160E+0	4,603486E-1
21,200000	2,523454E+0	4,528246E-1
21,266667	2,521512E+0	4,503166E-1
21,333333	2,520865E+0	4,553326E-1
21,400000	2,520218E+0	4,603486E-1
21,466667	2,520218E+0	4,553326E-1
21,533333	2,521512E+0	4,603486E-1
21,600000	2,520218E+0	4,628566E-1
21,666667	2,548696E+0	8,816930E-1
21,733333	2,729921E+0	2,516910E+0
21,800000	2,823770E+0	2,699994E+0
21,866667	2,781053E+0	2,466750E+0
21,933333	2,633484E+0	2,261094E+0
22,000000	2,522807E+0	4,653646E-1
22,066667	2,522160E+0	4,628566E-1
22,133333	2,522160E+0	4,603486E-1
22,200000	2,521512E+0	4,603486E-1
22,266667	2,522160E+0	4,528246E-1
22,333333	2,520865E+0	4,553326E-1
22,400000	2,522160E+0	4,578406E-1
22,466667	2,521512E+0	4,628566E-1
22,533333	2,521512E+0	4,528246E-1
22,600000	2,524101E+0	4,578406E-1
22,666667	2,522160E+0	4,628566E-1
22,733333	2,522160E+0	5,305727E-1
22,800000	2,522160E+0	5,155247E-1
22,866667	2,523454E+0	4,553326E-1
22,933333	2,521512E+0	4,628566E-1
23,000000	2,521512E+0	4,528246E-1
23,066667	2,525396E+0	4,804126E-1
23,133333	2,711799E+0	1,937562E+0
23,200000	2,805647E+0	2,281158E+0
23,266667	2,826359E+0	2,702502E+0
23,333333	2,675554E+0	1,992738E+0
23,400000	2,533810E+0	6,584808E-1
23,466667	2,521512E+0	4,628566E-1
23,533333	2,522160E+0	4,678726E-1
23,600000	2,524101E+0	4,678726E-1
23,666667	2,523454E+0	4,703806E-1
23,733333	2,521512E+0	4,653646E-1
23,800000	2,522160E+0	4,703806E-1
23,866667	2,521512E+0	4,553326E-1
23,933333	2,522160E+0	4,528246E-1
24,000000	2,520865E+0	4,653646E-1
24,066667	2,524101E+0	4,628566E-1
24,133333	2,522160E+0	4,528246E-1
24,200000	2,523454E+0	4,678726E-1
24,266667	2,521512E+0	4,653646E-1
24,333333	2,520218E+0	4,603486E-1
24,400000	2,553227E+0	1,082333E+0
24,466667	2,746749E+0	2,278650E+0
24,533333	2,988814E+0	3,146419E+0
24,600000	3,017293E+0	3,359599E+0
24,666667	2,731216E+0	2,057946E+0
24,733333	2,526043E+0	4,528246E-1
24,800000	2,523454E+0	4,628566E-1
24,866667	2,522807E+0	4,628566E-1
24,933333	2,521512E+0	4,678726E-1
25,000000	2,520218E+0	4,753966E-1
25,066667	2,520865E+0	4,703806E-1
25,133333	2,521512E+0	4,628566E-1
25,200000	2,523454E+0	4,653646E-1
25,266667	2,522807E+0	4,578406E-1
25,333333	2,520865E+0	4,678726E-1
25,400000	2,524101E+0	4,628566E-1
25,466667	2,522807E+0	4,603486E-1
25,533333	2,521512E+0	4,628566E-1
25,600000	2,520218E+0	4,678726E-1
25,666667	2,522160E+0	4,628566E-1
25,733333	2,523454E+0	4,628566E-1
25,800000	2,531221E+0	5,757167E-1
25,866667	2,891082E+0	2,757678E+0
25,933333	3,514367E+0	3,873739E+0
26,000000	3,526017E+0	3,866215E+0
26,066667	3,248355E+0	3,650527E+0
26,133333	2,782994E+0	2,323794E+0
26,200000	2,520865E+0	4,528246E-1
26,266667	2,522160E+0	4,628566E-1
26,333333	2,523454E+0	4,503166E-1
26,400000	2,523454E+0	4,628566E-1
26,466667	2,523454E+0	4,653646E-1
26,533333	2,522160E+0	4,503166E-1
26,600000	2,524101E+0	4,553326E-1
26,666667	2,520865E+0	4,628566E-1
26,733333	2,521512E+0	4,528246E-1
26,800000	2,520865E+0	4,553326E-1
26,866667	2,523454E+0	4,628566E-1
26,933333	2,521512E+0	4,503166E-1
27,000000	2,523454E+0	4,553326E-1
27,066667	2,521512E+0	5,305727E-1
27,133333	2,524101E+0	4,553326E-1
27,200000	2,522160E+0	4,528246E-1
27,266667	2,520865E+0	4,603486E-1
27,333333	2,521512E+0	4,503166E-1
27,400000	2,531868E+0	5,255567E-1
27,466667	2,651606E+0	2,328810E+0
27,533333	3,103374E+0	3,201595E+0
27,600000	3,432816E+0	3,459919E+0
27,666667	3,396571E+0	3,490015E+0
27,733333	2,951922E+0	3,106291E+0
27,800000	2,549991E+0	5,431127E-1
27,866667	2,522160E+0	4,628566E-1
27,933333	2,522807E+0	4,603486E-1
28,000000	2,523454E+0	4,503166E-1
28,066667	2,520865E+0	4,603486E-1
28,133333	2,520865E+0	4,528246E-1
28,200000	2,524101E+0	4,603486E-1
28,266667	2,520218E+0	4,603486E-1
28,333333	2,521512E+0	4,678726E-1
28,400000	2,521512E+0	4,628566E-1
28,466667	2,523454E+0	4,603486E-1
28,533333	2,523454E+0	4,553326E-1
28,600000	2,522160E+0	4,603486E-1
28,666667	2,521512E+0	4,904446E-1
28,733333	2,521512E+0	4,603486E-1
28,800000	2,521512E+0	4,503166E-1
28,866667	2,523454E+0	4,578406E-1
28,933333	2,542224E+0	8,139769E-1
29,000000	2,557110E+0	9,920450E-1
29,066667	2,573291E+0	1,185161E+0
29,133333	2,598533E+0	1,323101E+0
29,200000	2,724743E+0	2,165790E+0
29,266667	3,167450E+0	3,354583E+0
29,333333	3,254180E+0	3,801007E+0
29,400000	3,151917E+0	3,409759E+0
29,466667	2,885257E+0	2,486814E+0
29,533333	2,561641E+0	8,415649E-1
29,600000	2,523454E+0	4,578406E-1
29,666667	2,520865E+0	4,653646E-1
29,733333	2,522807E+0	4,979686E-1
29,800000	2,523454E+0	5,205407E-1
29,866667	2,524101E+0	4,603486E-1
29,933333	2,522160E+0	4,628566E-1
30,000000	2,523454E+0	4,578406E-1
30,066667	2,520218E+0	4,628566E-1
30,133333	2,520218E+0	4,603486E-1
30,200000	2,521512E+0	4,553326E-1
30,266667	2,521512E+0	4,653646E-1
30,333333	2,522807E+0	4,503166E-1
30,400000	2,521512E+0	4,628566E-1
30,466667	2,520865E+0	4,603486E-1
30,533333	2,521512E+0	4,603486E-1
30,600000	2,549343E+0	7,412448E-1
30,666667	2,554521E+0	1,049729E+0
30,733333	2,627011E+0	2,705010E+0
30,800000	2,694971E+0	1,844766E+0
30,866667	2,700149E+0	2,017818E+0
30,933333	2,708563E+0	1,970166E+0
31,000000	2,699501E+0	2,837935E+0
31,066667	2,731863E+0	2,642310E+0
31,133333	2,727332E+0	2,707518E+0
31,200000	2,720213E+0	2,218458E+0
31,266667	2,720860E+0	2,446686E+0
31,333333	2,711799E+0	2,175822E+0
31,400000	2,704679E+0	1,832226E+0
31,466667	2,705974E+0	2,326302E+0
31,533333	2,712446E+0	2,316270E+0
31,600000	2,748691E+0	2,549514E+0
31,666667	2,805647E+0	2,639802E+0
31,733333	2,906616E+0	3,332011E+0
31,800000	2,864546E+0	2,880571E+0
31,866667	2,644487E+0	2,072994E+0
31,933333	2,518923E+0	4,528246E-1
32,000000	2,523454E+0	4,628566E-1
32,066667	2,523454E+0	4,628566E-1
32,133333	2,523454E+0	4,603486E-1
32,200000	2,521512E+0	4,503166E-1
32,266667	2,523454E+0	4,603486E-1
32,333333	2,520865E+0	4,553326E-1
32,400000	2,520865E+0	4,553326E-1
32,466667	2,524101E+0	4,603486E-1
32,533333	2,520865E+0	4,528246E-1
32,600000	2,521512E+0	4,503166E-1
32,666667	2,523454E+0	4,603486E-1
32,733333	2,527985E+0	4,503166E-1
32,800000	2,540282E+0	4,578406E-1
32,866667	2,532515E+0	5,431127E-1
32,933333	2,525396E+0	4,553326E-1
33,000000	2,540929E+0	5,130166E-1
33,066667	2,529279E+0	4,603486E-1
33,133333	2,526690E+0	4,503166E-1
33,200000	2,520865E+0	4,553326E-1
33,266667	2,523454E+0	4,578406E-1
33,333333	2,522807E+0	4,603486E-1
33,400000	2,588177E+0	1,260401E+0
33,466667	2,644487E+0	1,792098E+0
33,533333	2,907263E+0	3,158959E+0
33,600000	3,282658E+0	3,547699E+0
33,666667	3,707890E+0	3,901327E+0
33,733333	3,875523E+0	3,948979E+0
33,800000	3,592035E+0	3,730783E+0
33,866667	3,023118E+0	2,890603E+0
33,933333	2,573291E+0	7,412448E-1
34,000000	2,521512E+0	4,503166E-1
34,066667	2,522807E+0	4,653646E-1
34,133333	2,523454E+0	4,603486E-1
34,200000	2,524101E+0	4,578406E-1
34,266667	2,521512E+0	4,678726E-1
34,333333	2,523454E+0	4,628566E-1
34,400000	2,520865E+0	4,553326E-1
34,466667	2,524101E+0	4,628566E-1
34,533333	2,520218E+0	4,929526E-1
34,600000	2,523454E+0	4,578406E-1
34,666667	2,522160E+0	4,553326E-1
34,733333	2,521512E+0	4,628566E-1
34,800000	2,521512E+0	4,528246E-1
34,866667	2,522160E+0	4,528246E-1
34,933333	2,522160E+0	4,628566E-1
35,000000	2,630895E+0	1,435961E+0
35,066667	3,008231E+0	3,595351E+0
35,133333	3,288483E+0	3,643003E+0
35,200000	3,162273E+0	3,610399E+0
35,266667	2,723449E+0	2,055438E+0
35,333333	2,520218E+0	4,628566E-1
35,400000	2,521512E+0	4,553326E-1
35,466667	2,524101E+0	4,603486E-1
35,533333	2,524101E+0	4,478086E-1
35,600000	2,521512E+0	4,578406E-1
35,666667	2,522160E+0	4,553326E-1
35,733333	2,521512E+0	4,528246E-1
35,800000	2,519571E+0	4,578406E-1
35,866667	2,522160E+0	4,678726E-1
35,933333	2,524101E+0	4,553326E-1
36,000000	2,521512E+0	4,653646E-1
36,066667	2,521512E+0	4,553326E-1
36,133333	2,522807E+0	4,553326E-1
36,200000	2,522160E+0	4,779046E-1
36,266667	2,531868E+0	4,578406E-1
36,333333	2,549991E+0	6,409248E-1
36,400000	2,627011E+0	2,454210E+0
36,466667	2,796586E+0	2,760187E+0
36,533333	3,001759E+0	3,201595E+0
36,600000	3,127322E+0	3,261787E+0
36,666667	3,160978E+0	3,510079E+0
36,733333	3,104022E+0	3,342043E+0
36,800000	3,015998E+0	3,131371E+0
36,866667	2,904027E+0	2,775235E+0
36,933333	2,704679E+0	2,454210E+0
37,000000	2,532515E+0	4,528246E-1
37,066667	2,521512E+0	4,653646E-1
37,133333	2,523454E+0	4,553326E-1
37,200000	2,521512E+0	4,578406E-1
37,266667	2,523454E+0	4,628566E-1
37,333333	2,522160E+0	4,628566E-1
37,400000	2,520218E+0	4,603486E-1
37,466667	2,521512E+0	4,553326E-1
37,533333	2,520865E+0	4,553326E-1
37,600000	2,521512E+0	4,628566E-1
37,666667	2,523454E+0	4,603486E-1
37,733333	2,524101E+0	4,553326E-1
37,800000	2,521512E+0	4,503166E-1
37,866667	2,523454E+0	4,603486E-1
37,933333	2,522807E+0	4,528246E-1
38,000000	2,522160E+0	4,528246E-1
38,066667	2,521512E+0	4,628566E-1
38,133333	2,521512E+0	4,503166E-1
38,200000	2,521512E+0	4,503166E-1
38,266667	2,521512E+0	4,678726E-1
38,333333	2,523454E+0	4,553326E-1
38,400000	2,523454E+0	4,578406E-1
38,466667	2,523454E+0	4,603486E-1
38,533333	2,521512E+0	4,553326E-1
38,600000	2,521512E+0	4,503166E-1
38,666667	2,520865E+0	4,628566E-1
38,733333	2,520865E+0	4,528246E-1
38,800000	2,521512E+0	4,628566E-1
38,866667	2,524101E+0	4,528246E-1
38,933333	2,521512E+0	4,503166E-1
39,000000	2,522160E+0	4,628566E-1
39,066667	2,521512E+0	4,603486E-1
39,133333	2,521512E+0	4,478086E-1
39,200000	2,522160E+0	4,528246E-1
39,266667	2,520865E+0	4,603486E-1
39,333333	2,522807E+0	4,603486E-1
39,400000	2,521512E+0	4,603486E-1
39,466667	2,521512E+0	4,653646E-1
39,533333	2,523454E+0	4,528246E-1
39,600000	2,522807E+0	4,553326E-1
39,666667	2,522160E+0	4,528246E-1
39,733333	2,521512E+0	4,478086E-1
39,800000	2,522160E+0	4,603486E-1
39,866667	2,521512E+0	4,528246E-1
39,933333	2,522160E+0	4,578406E-1
40,000000	2,522160E+0	4,628566E-1
40,066667	2,521512E+0	4,528246E-1
40,133333	2,520865E+0	4,528246E-1
40,200000	2,521512E+0	4,628566E-1
40,266667	2,524101E+0	4,578406E-1
40,333333	2,522160E+0	4,553326E-1
40,400000	2,522160E+0	4,503166E-1
40,466667	2,525396E+0	4,578406E-1
40,533333	2,524101E+0	4,553326E-1
40,600000	2,523454E+0	4,553326E-1
40,666667	2,521512E+0	4,528246E-1
40,733333	2,520865E+0	4,528246E-1
40,800000	2,520865E+0	4,553326E-1
40,866667	2,522160E+0	4,528246E-1
40,933333	2,522160E+0	4,503166E-1
41,000000	2,524101E+0	4,578406E-1
41,066667	2,523454E+0	4,603486E-1
41,133333	2,521512E+0	4,578406E-1
41,200000	2,522807E+0	4,553326E-1
41,266667	2,522160E+0	4,578406E-1
41,333333	2,523454E+0	4,553326E-1
41,400000	2,520865E+0	4,553326E-1
41,466667	2,522160E+0	4,528246E-1
41,533333	2,522807E+0	4,553326E-1
41,600000	2,522807E+0	4,503166E-1
41,666667	2,520865E+0	4,603486E-1
41,733333	2,522160E+0	4,603486E-1
41,800000	2,520865E+0	4,553326E-1
41,866667	2,521512E+0	4,628566E-1
41,933333	2,522160E+0	4,553326E-1
42,000000	2,522160E+0	4,503166E-1
42,066667	2,522807E+0	4,553326E-1
42,133333	2,524101E+0	4,553326E-1
42,200000	2,520865E+0	4,553326E-1
42,266667	2,521512E+0	4,678726E-1
42,333333	2,523454E+0	4,553326E-1
42,400000	2,523454E+0	4,553326E-1
42,466667	2,520865E+0	4,578406E-1
42,533333	2,548049E+0	5,105086E-1
42,600000	2,641250E+0	1,553838E+0
42,666667	2,888493E+0	2,807839E+0
42,733333	2,977164E+0	3,083719E+0
42,800000	2,813414E+0	2,998447E+0
42,866667	2,570702E+0	8,415649E-1
42,933333	2,520865E+0	4,578406E-1
43,000000	2,522807E+0	4,503166E-1
43,066667	2,522807E+0	4,628566E-1
43,133333	2,522160E+0	4,628566E-1
43,200000	2,521512E+0	4,603486E-1
43,266667	2,530574E+0	4,653646E-1
43,333333	2,594650E+0	1,516217E+0
43,400000	2,606300E+0	1,215257E+0
43,466667	2,521512E+0	4,628566E-1
43,533333	2,522807E+0	4,628566E-1
43,600000	2,522160E+0	4,603486E-1
43,666667	2,522160E+0	4,528246E-1
43,733333	2,522160E+0	4,653646E-1
43,800000	2,522807E+0	4,578406E-1
43,866667	2,522160E+0	4,653646E-1
43,933333	2,524101E+0	4,578406E-1
44,000000	2,522160E+0	4,628566E-1
44,066667	2,521512E+0	4,703806E-1
44,133333	2,520865E+0	4,628566E-1
44,200000	2,521512E+0	4,528246E-1
44,266667	2,521512E+0	4,703806E-1
44,333333	2,522160E+0	4,528246E-1
44,400000	2,521512E+0	4,528246E-1
44,466667	2,524101E+0	4,628566E-1
44,533333	2,521512E+0	4,628566E-1
44,600000	2,522160E+0	4,653646E-1
44,666667	2,522807E+0	4,628566E-1
44,733333	2,520865E+0	4,603486E-1
44,800000	2,521512E+0	4,528246E-1
44,866667	2,523454E+0	4,628566E-1
44,933333	2,520865E+0	4,603486E-1
45,000000	2,524101E+0	4,578406E-1
45,066667	2,520865E+0	4,603486E-1
45,133333	2,524101E+0	4,578406E-1
45,200000	2,522160E+0	4,528246E-1
45,266667	2,523454E+0	4,603486E-1
45,333333	2,523454E+0	4,603486E-1
45,400000	2,520865E+0	4,628566E-1
45,466667	2,521512E+0	4,678726E-1
45,533333	2,522160E+0	4,528246E-1
45,600000	2,522160E+0	4,603486E-1
45,666667	2,521512E+0	4,603486E-1
45,733333	2,520865E+0	4,628566E-1
45,800000	2,524101E+0	4,553326E-1
45,866667	2,522160E+0	4,553326E-1
45,933333	2,523454E+0	4,578406E-1
46,000000	2,522160E+0	4,628566E-1
46,066667	2,522160E+0	4,553326E-1
46,133333	2,524101E+0	4,503166E-1
46,200000	2,520218E+0	4,553326E-1
46,266667	2,520865E+0	4,628566E-1
46,333333	2,523454E+0	4,578406E-1
46,400000	2,522160E+0	4,628566E-1
46,466667	2,521512E+0	4,553326E-1
46,533333	2,520218E+0	4,578406E-1
46,600000	2,521512E+0	4,553326E-1
46,666667	2,523454E+0	4,603486E-1
46,733333	2,521512E+0	4,503166E-1
46,800000	2,522807E+0	4,478086E-1
46,866667	2,529279E+0	4,678726E-1
46,933333	2,560994E+0	7,638169E-1
47,000000	2,606300E+0	1,756986E+0
47,066667	2,739630E+0	2,060454E+0
47,133333	3,012762E+0	3,269311E+0
47,200000	3,129911E+0	3,301915E+0
47,266667	3,062599E+0	3,339535E+0
47,333333	2,832831E+0	3,106291E+0
47,400000	2,577822E+0	6,735288E-1
47,466667	2,521512E+0	4,653646E-1
47,533333	2,524101E+0	4,578406E-1
47,600000	2,521512E+0	4,553326E-1
47,666667	2,524101E+0	4,603486E-1
47,733333	2,522807E+0	4,578406E-1
47,800000	2,520218E+0	4,553326E-1
47,866667	2,522160E+0	4,628566E-1
47,933333	2,522807E+0	4,553326E-1
48,000000	2,522807E+0	4,528246E-1
48,066667	2,522160E+0	4,628566E-1
48,133333	2,521512E+0	4,578406E-1
48,200000	2,521512E+0	4,603486E-1
48,266667	2,520218E+0	4,603486E-1
48,333333	2,522160E+0	4,503166E-1
48,400000	2,520865E+0	4,553326E-1
48,466667	2,521512E+0	4,678726E-1
48,533333	2,520865E+0	4,553326E-1
48,600000	2,522160E+0	4,503166E-1
48,666667	2,519571E+0	4,628566E-1
48,733333	2,522160E+0	4,628566E-1
48,800000	2,521512E+0	4,603486E-1
48,866667	2,520865E+0	4,603486E-1
48,933333	2,521512E+0	4,528246E-1
49,000000	2,524101E+0	4,553326E-1
49,066667	2,524101E+0	4,528246E-1
49,133333	2,632836E+0	2,103090E+0
49,200000	2,919560E+0	3,058639E+0
49,266667	3,195929E+0	3,620431E+0
49,333333	3,017293E+0	3,231691E+0
49,400000	2,693029E+0	2,140710E+0
49,466667	2,521512E+0	4,578406E-1
49,533333	2,523454E+0	4,578406E-1
49,600000	2,524101E+0	4,528246E-1
49,666667	2,520218E+0	4,578406E-1
49,733333	2,522160E+0	4,553326E-1
49,800000	2,522160E+0	4,578406E-1
49,866667	2,522807E+0	4,653646E-1
49,933333	2,521512E+0	4,503166E-1
50,000000	2,522160E+0	4,478086E-1
50,066667	2,523454E+0	4,578406E-1
50,133333	2,523454E+0	4,553326E-1
50,200000	2,574585E+0	7,036248E-1
50,266667	2,654195E+0	1,792098E+0
50,333333	2,840598E+0	2,975875E+0
50,400000	3,131853E+0	3,562747E+0
50,466667	3,571324E+0	3,979076E+0
50,533333	3,817272E+0	3,999140E+0
50,600000	3,933774E+0	4,076888E+0
50,666667	3,859989E+0	4,024220E+0
50,733333	3,518251E+0	3,803515E+0
50,800000	3,031532E+0	3,036067E+0
50,866667	2,633484E+0	1,358213E+0
50,933333	2,524101E+0	4,578406E-1
51,000000	2,520865E+0	4,553326E-1
51,066667	2,523454E+0	4,628566E-1
51,133333	2,520865E+0	4,628566E-1
51,200000	2,524101E+0	4,553326E-1
51,266667	2,521512E+0	5,732087E-1
51,333333	2,522160E+0	4,528246E-1
51,400000	2,520865E+0	4,603486E-1
51,466667	2,520865E+0	4,578406E-1
51,533333	2,521512E+0	4,578406E-1
51,600000	2,520865E+0	4,528246E-1
51,666667	2,521512E+0	4,528246E-1
51,733333	2,522160E+0	4,628566E-1
51,800000	2,523454E+0	4,528246E-1
51,866667	2,524101E+0	4,578406E-1
51,933333	2,520865E+0	4,578406E-1
52,000000	2,520865E+0	4,528246E-1
52,066667	2,520865E+0	4,578406E-1
52,133333	2,520865E+0	4,628566E-1
52,200000	2,521512E+0	4,954606E-1
52,266667	2,523454E+0	4,829206E-1
52,333333	2,520865E+0	5,355887E-1
52,400000	2,520865E+0	5,355887E-1
52,466667	2,521512E+0	5,230487E-1
52,533333	2,520865E+0	4,578406E-1
52,600000	2,524101E+0	4,503166E-1
52,666667	2,597886E+0	1,024649E+0
52,733333	2,566819E+0	8,164849E-1
52,800000	2,524101E+0	4,528246E-1
52,866667	2,522160E+0	4,628566E-1
52,933333	2,522807E+0	4,678726E-1
53,000000	2,520865E+0	4,528246E-1
53,066667	2,668434E+0	1,827210E+0
53,133333	2,733157E+0	2,103090E+0
53,200000	2,781053E+0	2,396526E+0
53,266667	2,827006E+0	2,609706E+0
53,333333	2,848365E+0	2,702502E+0
53,400000	2,867782E+0	2,920699E+0
53,466667	2,899496E+0	2,973367E+0
53,533333	2,931858E+0	3,224167E+0
53,600000	2,955158E+0	3,043591E+0
53,666667	2,980400E+0	3,369631E+0
53,733333	2,990109E+0	3,168991E+0
53,800000	2,981695E+0	3,128863E+0
53,866667	2,980400E+0	3,296899E+0
53,933333	2,972633E+0	3,329503E+0
54,000000	2,974575E+0	3,221659E+0
54,066667	2,971339E+0	3,008479E+0
54,133333	2,967456E+0	3,091243E+0
54,200000	2,957100E+0	3,339535E+0
54,266667	2,951275E+0	3,028543E+0
54,333333	2,945450E+0	3,111307E+0
54,400000	2,941566E+0	3,231691E+0
54,466667	2,940272E+0	3,236707E+0
54,533333	2,942861E+0	3,377155E+0
54,600000	2,944155E+0	3,334519E+0
54,666667	2,950628E+0	3,352075E+0
54,733333	2,953864E+0	3,244231E+0
54,800000	2,956453E+0	3,256771E+0
54,866667	2,959042E+0	3,239215E+0
54,933333	2,960336E+0	3,442363E+0
55,000000	2,961631E+0	3,412267E+0
55,066667	2,957100E+0	3,281851E+0
55,133333	2,963572E+0	3,347059E+0
55,200000	2,970045E+0	3,151435E+0
55,266667	2,975222E+0	3,281851E+0
55,333333	2,969397E+0	3,236707E+0
55,400000	2,974575E+0	3,324487E+0
55,466667	2,976517E+0	3,424807E+0
55,533333	2,982989E+0	3,434839E+0
55,600000	2,979753E+0	3,419791E+0
55,666667	2,976517E+0	3,409759E+0
55,733333	2,973928E+0	3,459919E+0
55,800000	2,978459E+0	3,479983E+0
55,866667	2,972633E+0	3,449887E+0
55,933333	2,972633E+0	3,412267E+0
56,000000	2,974575E+0	3,382171E+0
56,066667	2,972633E+0	3,412267E+0
56,133333	2,971986E+0	3,422299E+0
56,200000	2,974575E+0	3,402235E+0
56,266667	2,975870E+0	3,462427E+0
56,333333	2,971986E+0	3,382171E+0
56,400000	2,975222E+0	3,439855E+0
56,466667	2,972633E+0	3,434839E+0
56,533333	2,973928E+0	3,434839E+0
56,600000	2,975222E+0	3,362107E+0
56,666667	2,975870E+0	3,284359E+0
56,733333	2,974575E+0	3,219151E+0
56,800000	2,977811E+0	3,209119E+0
56,866667	2,972633E+0	3,224167E+0
56,933333	2,972633E+0	3,229183E+0
57,000000	2,973928E+0	3,156451E+0
57,066667	2,970692E+0	3,186547E+0
57,133333	2,961631E+0	3,239215E+0
57,200000	2,959689E+0	3,196579E+0
57,266667	2,959042E+0	3,339535E+0
57,333333	2,957747E+0	3,306931E+0
57,400000	2,958394E+0	3,274327E+0
57,466667	2,958394E+0	3,319471E+0
57,533333	2,955805E+0	3,306931E+0
57,600000	2,958394E+0	3,321979E+0
57,666667	2,955158E+0	3,259279E+0
57,733333	2,957100E+0	3,357091E+0
57,800000	2,954511E+0	3,374647E+0
57,866667	2,957747E+0	3,379663E+0
57,933333	2,958394E+0	3,374647E+0
58,000000	2,960983E+0	3,409759E+0
58,066667	2,960983E+0	3,452395E+0
58,133333	2,963572E+0	3,462427E+0
58,200000	2,959042E+0	3,490015E+0
58,266667	2,957747E+0	3,487507E+0
58,333333	2,961631E+0	3,497539E+0
58,400000	2,963572E+0	3,512587E+0
58,466667	2,969397E+0	3,510079E+0
58,533333	2,968750E+0	3,545191E+0
58,600000	2,960336E+0	3,552715E+0
58,666667	2,960336E+0	3,487507E+0
58,733333	2,967456E+0	3,512587E+0
58,800000	2,963572E+0	3,512587E+0
58,866667	2,965514E+0	3,472459E+0
58,933333	2,958394E+0	3,442363E+0
59,000000	2,956453E+0	3,449887E+0
59,066667	2,959042E+0	3,296899E+0
59,133333	2,957100E+0	3,352075E+0
59,200000	2,955805E+0	3,301915E+0
59,266667	2,963572E+0	3,442363E+0
59,333333	2,979753E+0	3,439855E+0
59,400000	3,010820E+0	3,552715E+0
59,466667	3,023765E+0	3,655543E+0
59,533333	3,038004E+0	3,357091E+0
59,600000	3,054832E+0	3,527635E+0
59,666667	3,079427E+0	3,612907E+0
59,733333	3,103374E+0	3,507571E+0
59,800000	3,134442E+0	3,560239E+0
59,866667	3,150622E+0	3,653035E+0
59,933333	3,160331E+0	3,780943E+0
60,000000	3,176512E+0	3,705703E+0
60,066667	3,183631E+0	3,607891E+0
60,133333	3,196576E+0	3,645511E+0
60,200000	3,199165E+0	3,763387E+0
60,266667	3,199165E+0	3,698179E+0
60,333333	3,186867E+0	3,685639E+0
60,400000	3,177806E+0	3,565255E+0
60,466667	3,172628E+0	3,760879E+0
60,533333	3,159036E+0	3,745831E+0
60,600000	3,148034E+0	3,640495E+0
60,666667	3,132500E+0	3,552715E+0
60,733333	3,135089E+0	3,610399E+0
60,800000	3,128617E+0	3,587827E+0
60,866667	3,125380E+0	3,612907E+0
60,933333	3,116966E+0	3,632971E+0
61,000000	3,108552E+0	3,640495E+0
61,066667	3,104669E+0	3,562747E+0
61,133333	3,100138E+0	3,658051E+0
61,200000	3,089135E+0	3,710719E+0
61,266667	3,088488E+0	3,723259E+0
61,333333	3,083310E+0	3,718243E+0
61,400000	3,079427E+0	3,770911E+0
61,466667	3,067777E+0	3,723259E+0
61,533333	3,069718E+0	3,612907E+0
61,600000	3,067129E+0	3,402235E+0
61,666667	3,067777E+0	3,502555E+0
61,733333	3,072955E+0	3,459919E+0
61,800000	3,056774E+0	3,562747E+0
61,866667	3,055479E+0	3,545191E+0
61,933333	3,049654E+0	3,422299E+0
62,000000	3,077485E+0	3,547699E+0
62,066667	3,170039E+0	3,735799E+0
62,133333	3,367445E+0	3,883771E+0
62,200000	3,575207E+0	3,986600E+0
62,266667	3,833453E+0	4,117016E+0
62,333333	3,881348E+0	4,222352E+0
62,400000	3,792677E+0	3,984092E+0
62,466667	3,593329E+0	3,833611E+0
62,533333	3,333142E+0	3,841135E+0
62,600000	3,051596E+0	3,151435E+0
62,666667	2,687204E+0	2,669898E+0
62,733333	2,533163E+0	5,130166E-1
62,800000	2,522160E+0	4,628566E-1
62,866667	2,522807E+0	4,528246E-1
62,933333	2,522160E+0	4,503166E-1
63,000000	2,521512E+0	4,553326E-1
63,066667	2,523454E+0	4,603486E-1
63,133333	2,524101E+0	4,578406E-1
63,200000	2,523454E+0	4,528246E-1
63,266667	2,522160E+0	4,528246E-1
63,333333	2,521512E+0	4,528246E-1
63,400000	2,521512E+0	4,628566E-1
63,466667	2,523454E+0	4,503166E-1
63,533333	2,523454E+0	4,603486E-1
63,600000	2,524101E+0	4,553326E-1
63,666667	2,520218E+0	5,280647E-1
63,733333	2,520865E+0	5,280647E-1
63,800000	2,520218E+0	4,578406E-1
63,866667	2,522160E+0	4,478086E-1
63,933333	2,529279E+0	4,603486E-1
64,000000	2,627659E+0	1,634094E+0
64,066667	2,824417E+0	2,474274E+0
64,133333	3,286541E+0	3,552715E+0
64,200000	3,643814E+0	3,964027E+0
64,266667	3,867109E+0	4,039268E+0
64,333333	3,822450E+0	4,016696E+0
64,400000	3,608863E+0	3,974060E+0
64,466667	3,124086E+0	3,364615E+0
64,533333	2,640603E+0	1,686762E+0
64,600000	2,521512E+0	4,553326E-1
64,666667	2,524101E+0	4,553326E-1
64,733333	2,522160E+0	4,628566E-1
64,800000	2,521512E+0	4,578406E-1
64,866667	2,521512E+0	4,603486E-1
64,933333	2,523454E+0	4,528246E-1
65,000000	2,522160E+0	4,628566E-1
65,066667	2,523454E+0	4,478086E-1
65,133333	2,521512E+0	4,628566E-1
65,200000	2,520865E+0	4,553326E-1
65,266667	2,522160E+0	4,628566E-1
65,333333	2,523454E+0	4,628566E-1
65,400000	2,521512E+0	5,606687E-1
65,466667	2,523454E+0	7,036248E-1
65,533333	2,520865E+0	4,603486E-1
65,600000	2,522160E+0	4,628566E-1
65,666667	2,523454E+0	4,578406E-1
65,733333	2,520865E+0	4,578406E-1
65,800000	2,522160E+0	4,678726E-1
65,866667	2,611478E+0	1,666698E+0
65,933333	2,638014E+0	1,473581E+0
66,000000	2,768755E+0	2,720058E+0
66,066667	3,197223E+0	3,530143E+0
66,133333	4,087168E+0	4,101968E+0
66,200000	4,590715E+0	4,292576E+0
66,266667	4,970640E+0	4,322672E+0
66,333333	4,984232E+0	4,199780E+0
66,400000	4,911095E+0	4,340228E+0
66,466667	4,302049E+0	4,154636E+0
66,533333	3,232174E+0	3,329503E+0
66,600000	2,650312E+0	1,345673E+0
66,666667	2,523454E+0	4,503166E-1
66,733333	2,520865E+0	4,603486E-1
66,800000	2,522807E+0	4,603486E-1
66,866667	2,523454E+0	4,553326E-1
66,933333	2,522807E+0	4,553326E-1
67,000000	2,523454E+0	4,578406E-1
67,066667	2,522160E+0	5,431127E-1
67,133333	2,521512E+0	4,628566E-1
67,200000	2,522807E+0	4,503166E-1
67,266667	2,522160E+0	4,603486E-1
67,333333	2,523454E+0	4,528246E-1
67,400000	2,521512E+0	4,503166E-1
67,466667	2,523454E+0	4,553326E-1
67,533333	2,521512E+0	6,083207E-1
67,600000	2,522160E+0	4,703806E-1
67,666667	2,521512E+0	4,954606E-1
67,733333	2,522160E+0	5,029846E-1
67,800000	2,522160E+0	4,578406E-1
67,866667	2,521512E+0	4,603486E-1
67,933333	2,523454E+0	4,603486E-1
68,000000	2,520865E+0	4,578406E-1
68,066667	2,524101E+0	4,528246E-1
68,133333	2,523454E+0	4,578406E-1
68,200000	2,521512E+0	4,528246E-1
68,266667	2,521512E+0	4,528246E-1
68,333333	2,521512E+0	4,678726E-1
68,400000	2,522160E+0	4,503166E-1
68,466667	2,521512E+0	4,603486E-1
68,533333	2,523454E+0	4,603486E-1
68,600000	2,522160E+0	4,503166E-1
68,666667	2,520218E+0	4,603486E-1
68,733333	2,522807E+0	4,603486E-1
68,800000	2,524101E+0	4,578406E-1
68,866667	2,521512E+0	4,603486E-1
68,933333	2,520218E+0	4,779046E-1
69,000000	2,587530E+0	1,626570E+0
69,066667	2,736394E+0	2,065470E+0
69,133333	3,111141E+0	2,975875E+0
69,200000	3,919535E+0	3,873739E+0
69,266667	4,457385E+0	4,174700E+0
69,333333	4,665147E+0	4,217336E+0
69,400000	4,499455E+0	4,212320E+0
69,466667	3,794619E+0	3,921391E+0
69,533333	3,067777E+0	3,191563E+0
69,600000	2,545460E+0	4,628566E-1
69,666667	2,520218E+0	4,528246E-1
69,733333	2,523454E+0	4,628566E-1
69,800000	2,522160E+0	4,553326E-1
69,866667	2,524749E+0	4,528246E-1
69,933333	2,522807E+0	4,528246E-1
70,000000	2,521512E+0	4,553326E-1
70,066667	2,521512E+0	4,628566E-1
70,133333	2,523454E+0	4,653646E-1
70,200000	2,522807E+0	4,478086E-1
70,266667	2,522160E+0	4,628566E-1
70,333333	2,522160E+0	4,653646E-1
70,400000	2,521512E+0	4,678726E-1
70,466667	2,522160E+0	4,503166E-1
70,533333	2,521512E+0	4,628566E-1
70,600000	2,521512E+0	4,578406E-1
70,666667	2,524101E+0	4,528246E-1
70,733333	2,524101E+0	4,804126E-1
70,800000	2,522807E+0	4,628566E-1
70,866667	2,524749E+0	5,130166E-1
70,933333	2,603064E+0	1,576410E+0
71,000000	2,768755E+0	2,113122E+0
71,066667	3,519545E+0	3,557731E+0
71,133333	4,161600E+0	4,046792E+0
71,200000	4,503338E+0	4,244924E+0
71,266667	4,054806E+0	4,204796E+0
71,333333	3,467766E+0	3,617923E+0
71,400000	2,661315E+0	1,656666E+0
71,466667	2,520218E+0	4,528246E-1
71,533333	2,522160E+0	4,653646E-1
71,600000	2,524101E+0	4,578406E-1
71,666667	2,521512E+0	4,553326E-1
71,733333	2,524101E+0	4,578406E-1
71,800000	2,522807E+0	4,503166E-1
71,866667	2,522160E+0	4,603486E-1
71,933333	2,521512E+0	4,603486E-1
72,000000	2,522807E+0	4,553326E-1
72,066667	2,520865E+0	4,553326E-1
72,133333	2,522160E+0	4,653646E-1
72,200000	2,522160E+0	4,603486E-1
72,266667	2,522807E+0	4,553326E-1
72,333333	2,523454E+0	4,603486E-1
72,400000	2,520865E+0	4,553326E-1
72,466667	2,521512E+0	4,603486E-1
72,533333	2,520865E+0	4,603486E-1
72,600000	2,523454E+0	4,578406E-1
72,666667	2,521512E+0	4,503166E-1
72,733333	2,542224E+0	1,122461E+0
72,800000	2,616008E+0	1,724382E+0
72,866667	2,521512E+0	4,503166E-1
72,933333	2,520865E+0	4,628566E-1
73,000000	2,520865E+0	4,553326E-1
73,066667	2,521512E+0	4,503166E-1
73,133333	2,524101E+0	4,628566E-1
73,200000	2,520218E+0	4,553326E-1
73,266667	2,524101E+0	4,503166E-1
73,333333	2,521512E+0	4,628566E-1
73,400000	2,523454E+0	4,603486E-1
73,466667	2,522160E+0	4,503166E-1
73,533333	2,522160E+0	4,628566E-1
73,600000	2,521512E+0	4,628566E-1
73,666667	2,624422E+0	1,631586E+0
73,733333	2,522160E+0	4,553326E-1
73,800000	2,523454E+0	4,553326E-1
73,866667	2,523454E+0	4,553326E-1
73,933333	2,523454E+0	4,578406E-1
74,000000	2,522160E+0	4,578406E-1
74,066667	2,520865E+0	4,528246E-1
74,133333	2,520865E+0	4,628566E-1
74,200000	2,520865E+0	4,578406E-1
74,266667	2,521512E+0	4,553326E-1
74,333333	2,522160E+0	4,528246E-1
74,400000	2,522807E+0	4,603486E-1
74,466667	2,521512E+0	4,478086E-1
74,533333	2,524749E+0	4,603486E-1
74,600000	2,521512E+0	4,603486E-1
74,666667	2,722154E+0	1,837242E+0
74,733333	2,541577E+0	8,089609E-1
74,800000	2,522807E+0	4,553326E-1
74,866667	2,522807E+0	4,678726E-1
74,933333	2,524749E+0	4,578406E-1
75,000000	2,520865E+0	4,553326E-1
75,066667	2,520865E+0	4,553326E-1
75,133333	2,522160E+0	4,528246E-1
75,200000	2,521512E+0	4,628566E-1
75,266667	2,521512E+0	4,553326E-1
75,333333	2,521512E+0	4,653646E-1
75,400000	2,520865E+0	4,553326E-1
75,466667	2,520218E+0	4,553326E-1
75,533333	2,522160E+0	4,603486E-1
75,600000	2,521512E+0	4,553326E-1
75,666667	2,522160E+0	4,628566E-1
75,733333	2,526690E+0	4,703806E-1
75,800000	2,668434E+0	1,925022E+0
75,866667	2,524101E+0	4,528246E-1
75,933333	2,522807E+0	4,553326E-1
76,000000	2,522160E+0	4,628566E-1
76,066667	2,523454E+0	4,528246E-1
76,133333	2,522160E+0	4,603486E-1
76,200000	2,520865E+0	4,553326E-1
76,266667	2,520865E+0	4,528246E-1
76,333333	2,523454E+0	4,528246E-1
76,400000	2,523454E+0	4,553326E-1
76,466667	2,521512E+0	4,553326E-1
76,533333	2,520865E+0	4,578406E-1
76,600000	2,523454E+0	4,528246E-1
76,666667	2,521512E+0	4,503166E-1
76,733333	2,521512E+0	4,528246E-1
76,800000	2,524749E+0	4,553326E-1
76,866667	2,523454E+0	4,553326E-1
76,933333	2,522160E+0	4,553326E-1
77,000000	2,524101E+0	4,553326E-1
77,066667	2,800470E+0	2,489322E+0
77,133333	3,096902E+0	2,993431E+0
77,200000	3,263241E+0	3,617923E+0
77,266667	3,425049E+0	3,555223E+0
77,333333	3,718245E+0	3,833611E+0
77,400000	3,906590E+0	4,016696E+0
77,466667	3,792030E+0	3,953995E+0
77,533333	3,265830E+0	3,334519E+0
77,600000	2,668434E+0	1,496153E+0
77,666667	2,523454E+0	4,553326E-1
77,733333	2,524101E+0	4,578406E-1
77,800000	2,522160E+0	4,628566E-1
77,866667	2,522807E+0	4,503166E-1
77,933333	2,521512E+0	4,528246E-1
78,000000	2,524749E+0	4,553326E-1
78,066667	2,520865E+0	4,553326E-1
78,133333	2,520865E+0	4,603486E-1
78,200000	2,520218E+0	4,628566E-1
78,266667	2,523454E+0	4,528246E-1
78,333333	2,522160E+0	4,528246E-1
78,400000	2,521512E+0	4,478086E-1
78,466667	2,520218E+0	4,603486E-1
78,533333	2,522160E+0	4,954606E-1
78,600000	2,522807E+0	4,954606E-1
78,666667	2,522807E+0	5,255567E-1
78,733333	2,639956E+0	1,611522E+0
78,800000	2,765519E+0	2,466750E+0
78,866667	2,884610E+0	2,539482E+0
78,933333	2,944802E+0	2,995939E+0
79,000000	2,970045E+0	3,061147E+0
79,066667	2,979753E+0	2,940763E+0
79,133333	2,986873E+0	3,046099E+0
79,200000	2,995287E+0	3,071179E+0
79,266667	3,007584E+0	3,171499E+0
79,333333	3,013409E+0	3,131371E+0
79,400000	3,008879E+0	2,975875E+0
79,466667	2,998523E+0	2,970859E+0
79,533333	2,993992E+0	3,138895E+0
79,600000	2,982342E+0	3,101275E+0
79,666667	2,990756E+0	3,013495E+0
79,733333	3,006937E+0	3,194071E+0
79,800000	3,073602E+0	3,231691E+0
79,866667	3,214698E+0	3,402235E+0
79,933333	3,321492E+0	3,622939E+0
80,000000	3,404338E+0	3,683131E+0
80,066667	3,485242E+0	3,758371E+0
80,133333	3,517603E+0	3,795991E+0
80,200000	3,535726E+0	3,816055E+0
80,266667	3,544140E+0	3,891295E+0
80,333333	3,546082E+0	3,838627E+0
80,400000	3,512425E+0	3,788467E+0
80,466667	3,485242E+0	3,768403E+0
80,533333	3,464530E+0	3,758371E+0
80,600000	3,447055E+0	3,795991E+0
80,666667	3,439935E+0	3,833611E+0
80,733333	3,437994E+0	3,831103E+0
80,800000	3,440583E+0	3,863707E+0
80,866667	3,443172E+0	3,843643E+0
80,933333	3,436052E+0	3,863707E+0
81,000000	3,427638E+0	3,836119E+0
81,066667	3,423107E+0	3,826087E+0
81,133333	3,417929E+0	3,938947E+0
81,200000	3,413399E+0	3,783451E+0
81,266667	3,417929E+0	3,999140E+0
81,333333	3,413399E+0	4,024220E+0
81,400000	3,408221E+0	3,996632E+0
81,466667	3,413399E+0	3,981584E+0
81,533333	3,408221E+0	3,891295E+0
81,600000	3,410163E+0	3,851167E+0
81,666667	3,410163E+0	3,911359E+0
81,733333	3,402396E+0	3,903835E+0
81,800000	3,405632E+0	3,959011E+0
81,866667	3,401101E+0	3,938947E+0
81,933333	3,403690E+0	3,913867E+0
82,000000	3,399160E+0	3,906343E+0
82,066667	3,409515E+0	3,936439E+0
82,133333	3,412104E+0	3,848659E+0
82,200000	3,412104E+0	3,828595E+0
82,266667	3,414693E+0	3,858691E+0
82,333333	3,414693E+0	3,896311E+0
82,400000	3,412752E+0	3,923899E+0
82,466667	3,413399E+0	3,806023E+0
82,533333	3,414046E+0	3,903835E+0
82,600000	3,421813E+0	3,976568E+0
82,666667	3,417929E+0	3,953995E+0
82,733333	3,421813E+0	3,886279E+0
82,800000	3,414693E+0	3,790975E+0
82,866667	3,415988E+0	3,923899E+0
82,933333	3,417929E+0	3,933931E+0
83,000000	3,413399E+0	3,943963E+0
83,066667	3,417282E+0	3,933931E+0
83,133333	3,418577E+0	3,906343E+0
83,200000	3,414693E+0	3,891295E+0
83,266667	3,416635E+0	3,871231E+0
83,333333	3,420518E+0	3,964027E+0
83,400000	3,419224E+0	3,994124E+0
83,466667	3,419224E+0	3,923899E+0
83,533333	3,417282E+0	3,976568E+0
83,600000	3,415988E+0	3,863707E+0
83,666667	3,422460E+0	3,858691E+0
83,733333	3,431521E+0	3,964027E+0
83,800000	3,435405E+0	3,943963E+0
83,866667	3,435405E+0	3,888787E+0
83,933333	3,438641E+0	3,903835E+0
84,000000	3,437994E+0	3,971551E+0
84,066667	3,445113E+0	4,021712E+0
84,133333	3,453527E+0	4,001648E+0
84,200000	3,455469E+0	3,999140E+0
84,266667	3,458058E+0	3,878755E+0
84,333333	3,381037E+0	3,770911E+0
84,400000	3,091724E+0	3,339535E+0
84,466667	2,699501E+0	1,977690E+0
84,533333	2,529279E+0	5,982887E-1
84,600000	2,523454E+0	4,553326E-1
84,666667	2,520218E+0	4,528246E-1
84,733333	2,524101E+0	4,528246E-1
84,800000	2,522160E+0	4,603486E-1
84,866667	2,523454E+0	4,528246E-1
84,933333	2,521512E+0	4,578406E-1
85,000000	2,522160E+0	4,503166E-1
85,066667	2,522160E+0	4,603486E-1
85,133333	2,520865E+0	4,603486E-1
85,200000	2,522160E+0	4,503166E-1
85,266667	2,521512E+0	4,528246E-1
85,333333	2,523454E+0	4,528246E-1
85,400000	2,705974E+0	2,193378E+0
85,466667	2,977811E+0	2,895619E+0
85,533333	3,124086E+0	3,264295E+0
85,600000	3,281363E+0	3,397219E+0
85,666667	3,358384E+0	3,301915E+0
85,733333	3,428932E+0	3,444871E+0
85,800000	3,457411E+0	3,572779E+0
85,866667	3,455469E+0	3,612907E+0
85,933333	3,434758E+0	3,562747E+0
86,000000	3,432169E+0	3,595351E+0
86,066667	3,437994E+0	3,490015E+0
86,133333	3,427638E+0	3,545191E+0
86,200000	3,425049E+0	3,645511E+0
86,266667	3,422460E+0	3,617923E+0
86,333333	3,435405E+0	3,602875E+0
86,400000	3,437994E+0	3,562747E+0
86,466667	3,439935E+0	3,680623E+0
86,533333	3,436699E+0	3,698179E+0
86,600000	3,437346E+0	3,683131E+0
86,666667	3,441877E+0	3,733291E+0
86,733333	3,432816E+0	3,698179E+0
86,800000	3,439288E+0	3,753355E+0
86,866667	3,451586E+0	3,683131E+0
86,933333	3,445113E+0	3,708211E+0
87,000000	3,448349E+0	3,738307E+0
87,066667	3,441877E+0	3,718243E+0
87,133333	3,436699E+0	3,733291E+0
87,200000	3,448349E+0	3,720751E+0
87,266667	3,454174E+0	3,698179E+0
87,333333	3,452880E+0	3,700687E+0
87,400000	3,452233E+0	3,703195E+0
87,466667	3,460647E+0	3,720751E+0
87,533333	3,465825E+0	3,758371E+0
87,600000	3,467119E+0	3,753355E+0
87,666667	3,476180E+0	3,745831E+0
87,733333	3,498834E+0	3,743323E+0
87,800000	3,592035E+0	3,765895E+0
87,866667	3,668408E+0	3,798499E+0
87,933333	3,676175E+0	3,866215E+0
88,000000	3,671645E+0	3,969043E+0
88,066667	3,654817E+0	3,931423E+0
88,133333	3,667761E+0	3,893803E+0
88,200000	3,676175E+0	3,918883E+0
88,266667	3,660642E+0	3,921391E+0
88,333333	3,646403E+0	3,828595E+0
88,400000	3,642519E+0	3,803515E+0
88,466667	3,652875E+0	3,851167E+0
88,533333	3,641872E+0	3,795991E+0
88,600000	3,626338E+0	3,798499E+0
88,666667	3,624397E+0	3,841135E+0
88,733333	3,620513E+0	3,888787E+0
88,800000	3,611452E+0	3,836119E+0
88,866667	3,614688E+0	3,881263E+0
88,933333	3,610805E+0	3,898819E+0
89,000000	3,606274E+0	3,876247E+0
89,066667	3,608216E+0	3,828595E+0
89,133333	3,614041E+0	3,871231E+0
89,200000	3,609510E+0	3,838627E+0
89,266667	3,604980E+0	3,836119E+0
89,333333	3,598507E+0	3,851167E+0
89,400000	3,599802E+0	3,888787E+0
89,466667	3,606274E+0	3,903835E+0
89,533333	3,601744E+0	3,923899E+0
89,600000	3,600449E+0	3,948979E+0
89,666667	3,609510E+0	3,936439E+0
89,733333	3,606274E+0	3,916375E+0
89,800000	3,611452E+0	3,923899E+0
89,866667	3,617277E+0	3,916375E+0
89,933333	3,616630E+0	3,923899E+0
90,000000	3,614688E+0	3,906343E+0
90,066667	3,621160E+0	3,901327E+0
90,133333	3,617924E+0	3,913867E+0
90,200000	3,622455E+0	3,913867E+0
90,266667	3,614041E+0	3,918883E+0
90,333333	3,604332E+0	3,886279E+0
90,400000	3,602391E+0	3,891295E+0
90,466667	3,606274E+0	3,878755E+0
90,533333	3,595918E+0	3,911359E+0
90,600000	3,605627E+0	3,893803E+0
90,666667	3,609510E+0	3,923899E+0
90,733333	3,619866E+0	3,861199E+0
90,800000	3,626986E+0	3,866215E+0
90,866667	3,601096E+0	3,853675E+0
90,933333	3,447702E+0	3,841135E+0
91,000000	2,961631E+0	2,780251E+0
91,066667	2,539635E+0	5,054926E-1
91,133333	2,521512E+0	4,503166E-1
91,200000	2,522807E+0	4,553326E-1
91,266667	2,524101E+0	4,728886E-1
91,333333	2,520865E+0	4,553326E-1
91,400000	2,523454E+0	4,628566E-1
91,466667	2,521512E+0	4,603486E-1
91,533333	2,520865E+0	4,553326E-1
91,600000	2,521512E+0	4,603486E-1
91,666667	2,522160E+0	4,653646E-1
91,733333	2,524101E+0	4,503166E-1
91,800000	2,524749E+0	4,628566E-1
91,866667	2,612125E+0	1,496153E+0
91,933333	2,796586E+0	2,276142E+0
92,000000	3,126028E+0	2,923207E+0
92,066667	3,289777E+0	3,379663E+0
92,133333	3,382332E+0	3,607891E+0
92,200000	3,394629E+0	3,620431E+0
92,266667	3,392040E+0	3,562747E+0
92,333333	3,392040E+0	3,552715E+0
92,400000	3,386215E+0	3,582811E+0
92,466667	3,377154E+0	3,660559E+0
92,533333	3,375859E+0	3,673099E+0
92,600000	3,393335E+0	3,635479E+0
92,666667	3,445760E+0	3,733291E+0
92,733333	3,498834E+0	3,675607E+0
92,800000	3,592035E+0	3,813547E+0
92,866667	3,722129E+0	3,811039E+0
92,933333	3,867756E+0	3,938947E+0
93,000000	4,003675E+0	4,106984E+0
93,066667	4,070987E+0	4,086920E+0
93,133333	4,127296E+0	4,149620E+0
93,200000	4,177133E+0	4,139588E+0
93,266667	4,188783E+0	4,187240E+0
93,333333	4,163541E+0	4,104476E+0
93,400000	4,198492E+0	4,086920E+0
93,466667	4,164189E+0	4,094444E+0
93,533333	4,143477E+0	4,099460E+0
93,600000	4,058042E+0	4,076888E+0
93,666667	3,950602E+0	4,099460E+0
93,733333	3,579738E+0	3,923899E+0
93,800000	3,083310E+0	3,299407E+0
93,866667	2,575880E+0	6,860688E-1
93,933333	2,521512E+0	4,628566E-1
94,000000	2,524101E+0	4,553326E-1
94,066667	2,522160E+0	4,553326E-1
94,133333	2,524101E+0	4,553326E-1
94,200000	2,521512E+0	4,653646E-1
94,266667	2,522160E+0	6,710208E-1
94,333333	2,521512E+0	4,503166E-1
94,400000	2,523454E+0	4,578406E-1
94,466667	2,523454E+0	4,528246E-1
94,533333	2,520218E+0	4,578406E-1
94,600000	2,524101E+0	4,603486E-1
94,666667	2,522160E+0	4,528246E-1
94,733333	2,521512E+0	4,603486E-1
94,800000	2,522160E+0	4,628566E-1
94,866667	2,523454E+0	4,528246E-1
94,933333	2,536399E+0	6,058127E-1
95,000000	2,609536E+0	1,155065E+0
95,066667	2,720213E+0	2,115630E+0
95,133333	2,803059E+0	2,173314E+0
95,200000	2,865193E+0	2,489322E+0
95,266667	2,882668E+0	2,619738E+0
95,333333	2,920208E+0	2,582118E+0
95,400000	2,932505E+0	2,948287E+0
95,466667	2,932505E+0	2,697486E+0
95,533333	2,914383E+0	2,787775E+0
95,600000	2,916324E+0	2,672406E+0
95,666667	2,909205E+0	2,584626E+0
95,733333	2,924738E+0	2,722566E+0
95,800000	2,949333E+0	2,968351E+0
95,866667	2,968750E+0	2,865523E+0
95,933333	2,984284E+0	2,950795E+0
96,000000	2,994639E+0	3,128863E+0
96,066667	2,968750E+0	3,141403E+0
96,133333	2,816650E+0	2,689962E+0
96,200000	2,581058E+0	9,142970E-1
96,266667	2,521512E+0	4,478086E-1
96,333333	2,520865E+0	4,553326E-1
96,400000	2,522160E+0	4,603486E-1
96,466667	2,523454E+0	4,553326E-1
96,533333	2,524101E+0	4,528246E-1
96,600000	2,520865E+0	4,603486E-1
96,666667	2,522160E+0	4,603486E-1
96,733333	2,522160E+0	4,478086E-1
96,800000	2,520865E+0	4,603486E-1
96,866667	2,524101E+0	4,553326E-1
96,933333	2,521512E+0	4,503166E-1
97,000000	2,522160E+0	4,678726E-1
97,066667	2,521512E+0	4,653646E-1
97,133333	2,521512E+0	4,628566E-1
97,200000	2,522160E+0	4,628566E-1
97,266667	2,522160E+0	4,653646E-1
97,333333	2,524101E+0	4,603486E-1
97,400000	2,522160E+0	4,528246E-1
97,466667	2,522160E+0	4,603486E-1
97,533333	2,573291E+0	1,004585E+0
97,600000	2,603064E+0	1,227797E+0
97,666667	2,630895E+0	1,631586E+0
97,733333	2,673612E+0	1,764510E+0
97,800000	2,685909E+0	2,055438E+0
97,866667	2,698207E+0	1,782066E+0
97,933333	2,705974E+0	1,909974E+0
98,000000	2,709857E+0	1,867338E+0
98,066667	2,715035E+0	1,834734E+0
98,133333	2,720213E+0	1,902450E+0
98,200000	2,721507E+0	1,812162E+0
98,266667	2,715682E+0	1,832226E+0
98,333333	2,707915E+0	2,183346E+0
98,400000	2,687204E+0	1,847274E+0
98,466667	2,631542E+0	1,393325E+0
98,533333	2,543518E+0	6,409248E-1
98,600000	2,522160E+0	4,528246E-1
98,666667	2,522160E+0	4,628566E-1
98,733333	2,522160E+0	4,628566E-1
98,800000	2,524101E+0	4,603486E-1
98,866667	2,520865E+0	4,553326E-1
98,933333	2,524101E+0	4,528246E-1
99,000000	2,521512E+0	4,603486E-1
99,066667	2,520865E+0	4,553326E-1
99,133333	2,522160E+0	4,603486E-1
99,200000	2,522160E+0	4,653646E-1
99,266667	2,522160E+0	4,628566E-1
99,333333	2,524101E+0	4,503166E-1
99,400000	2,616656E+0	1,272941E+0
99,466667	2,680732E+0	1,804638E+0
99,533333	2,759047E+0	2,459226E+0
99,600000	2,793350E+0	2,246046E+0
99,666667	2,836067E+0	2,572086E+0
99,733333	2,858073E+0	2,918191E+0
99,800000	2,896260E+0	2,852983E+0
99,866667	2,927327E+0	3,076195E+0
99,933333	2,938977E+0	3,158959E+0
100,000000	2,951275E+0	2,978383E+0
100,066667	2,951922E+0	3,081211E+0
100,133333	2,963572E+0	2,890603E+0
100,200000	2,962925E+0	3,214135E+0
100,266667	2,964219E+0	3,088735E+0
100,333333	2,959042E+0	3,016003E+0
100,400000	2,960983E+0	3,136387E+0
100,466667	2,962278E+0	3,033559E+0
100,533333	2,969397E+0	3,051115E+0
100,600000	2,974575E+0	2,933239E+0
100,666667	2,966808E+0	2,973367E+0
100,733333	2,911146E+0	3,251755E+0
100,800000	2,790761E+0	2,516910E+0
100,866667	2,650312E+0	1,864830E+0
100,933333	2,531868E+0	4,503166E-1
101,000000	2,522807E+0	4,628566E-1
101,066667	2,520865E+0	4,553326E-1
101,133333	2,523454E+0	4,528246E-1
101,200000	2,521512E+0	4,528246E-1
101,266667	2,521512E+0	4,628566E-1
101,333333	2,522160E+0	4,553326E-1
101,400000	2,521512E+0	4,653646E-1
101,466667	2,524101E+0	4,553326E-1
101,533333	2,522160E+0	4,578406E-1
101,600000	2,521512E+0	4,603486E-1
101,666667	2,522160E+0	4,628566E-1
101,733333	2,537693E+0	4,979686E-1
101,800000	2,613419E+0	1,461041E+0
101,866667	2,729274E+0	2,248554E+0
101,933333	2,865840E+0	2,900635E+0
102,000000	2,993345E+0	3,003463E+0
102,066667	3,065188E+0	3,171499E+0
102,133333	3,121497E+0	3,301915E+0
102,200000	3,138325E+0	3,301915E+0
102,266667	3,164862E+0	3,234199E+0
102,333333	3,171981E+0	3,459919E+0
102,400000	3,173923E+0	3,296899E+0
102,466667	3,143503E+0	3,432331E+0
102,533333	3,052243E+0	3,231691E+0
102,600000	2,950628E+0	2,943271E+0
102,666667	2,771991E+0	2,579610E+0
102,733333	2,629600E+0	1,496153E+0
102,800000	2,522160E+0	4,628566E-1
102,866667	2,522807E+0	4,553326E-1
102,933333	2,522160E+0	4,503166E-1
103,000000	2,521512E+0	4,528246E-1
103,066667	2,521512E+0	4,553326E-1
103,133333	2,521512E+0	4,478086E-1
103,200000	2,523454E+0	4,528246E-1
103,266667	2,520865E+0	4,553326E-1
103,333333	2,522160E+0	4,503166E-1
103,400000	2,522160E+0	4,528246E-1
103,466667	2,521512E+0	4,578406E-1
103,533333	2,524101E+0	4,678726E-1
103,600000	2,523454E+0	5,029846E-1
103,666667	2,523454E+0	4,578406E-1
103,733333	2,520865E+0	4,553326E-1
103,800000	2,522160E+0	4,628566E-1
103,866667	2,522160E+0	4,703806E-1
103,933333	2,520865E+0	4,578406E-1
104,000000	2,576527E+0	1,109921E+0
104,066667	2,606300E+0	1,486121E+0
104,133333	2,634778E+0	1,739430E+0
104,200000	2,652901E+0	1,809654E+0
104,266667	2,689146E+0	1,837242E+0
104,333333	2,711799E+0	2,120646E+0
104,400000	2,740924E+0	2,078010E+0
104,466667	2,767461E+0	2,256078E+0
104,533333	2,801117E+0	2,361414E+0
104,600000	2,830242E+0	2,574594E+0
104,666667	2,854837E+0	2,609706E+0
104,733333	2,876196E+0	2,547006E+0
104,800000	2,905321E+0	2,787775E+0
104,866667	2,916324E+0	2,837935E+0
104,933333	2,925386E+0	2,948287E+0
105,000000	2,922797E+0	2,923207E+0
105,066667	2,922797E+0	2,868031E+0
105,133333	2,921502E+0	2,857999E+0
105,200000	2,916971E+0	2,800315E+0
105,266667	2,918913E+0	2,845459E+0
105,333333	2,915030E+0	3,023527E+0
105,400000	2,916971E+0	3,053623E+0
105,466667	2,914383E+0	2,807839E+0
105,533333	2,916971E+0	3,033559E+0
105,600000	2,920855E+0	2,983399E+0
105,666667	2,924091E+0	2,900635E+0
105,733333	2,920855E+0	2,815363E+0
105,800000	2,920208E+0	2,855491E+0
105,866667	2,921502E+0	2,832919E+0
105,933333	2,921502E+0	2,870539E+0
106,000000	2,924738E+0	2,852983E+0
106,066667	2,930563E+0	2,930731E+0
106,133333	2,930563E+0	2,923207E+0
106,200000	2,934447E+0	2,950795E+0
106,266667	2,929916E+0	2,870539E+0
106,333333	2,929916E+0	2,878063E+0
106,400000	2,931211E+0	2,895619E+0
106,466667	2,933152E+0	2,878063E+0
106,533333	2,936388E+0	3,026035E+0
106,600000	2,933152E+0	2,990923E+0
106,666667	2,931858E+0	3,018511E+0
106,733333	2,937036E+0	2,988415E+0
106,800000	2,935741E+0	2,985907E+0
106,866667	2,930563E+0	3,005971E+0
106,933333	2,926033E+0	3,046099E+0
107,000000	2,926680E+0	3,113815E+0
107,066667	2,925386E+0	2,908159E+0
107,133333	2,928622E+0	2,888095E+0
107,200000	2,927974E+0	2,820379E+0
107,266667	2,933800E+0	2,855491E+0
107,333333	2,938330E+0	2,855491E+0
107,400000	2,938977E+0	2,898127E+0
107,466667	2,935741E+0	2,900635E+0
107,533333	2,936388E+0	3,306931E+0
107,600000	2,931858E+0	3,166483E+0
107,666667	2,929916E+0	2,960827E+0
107,733333	2,927327E+0	3,018511E+0
107,800000	2,922149E+0	3,038575E+0
107,866667	2,915677E+0	3,021019E+0
107,933333	2,915677E+0	2,978383E+0
108,000000	2,911794E+0	2,990923E+0
108,066667	2,906616E+0	2,943271E+0
108,133333	2,912441E+0	2,815363E+0
108,200000	2,910499E+0	2,705010E+0
108,266667	2,913735E+0	2,953303E+0
108,333333	2,908557E+0	2,988415E+0
108,400000	2,910499E+0	2,755170E+0
108,466667	2,910499E+0	2,770219E+0
108,533333	2,911794E+0	2,634786E+0
108,600000	2,918266E+0	2,672406E+0
108,666667	2,926680E+0	2,594658E+0
108,733333	2,926033E+0	2,850475E+0
108,800000	2,931858E+0	2,810347E+0
108,866667	2,962278E+0	2,920699E+0
108,933333	3,058715E+0	3,266803E+0
109,000000	3,239293E+0	3,582811E+0
109,066667	3,349970E+0	3,587827E+0
109,133333	3,426343E+0	3,683131E+0
109,200000	3,450291E+0	3,708211E+0
109,266667	3,443172E+0	3,768403E+0
109,333333	3,427638E+0	3,803515E+0
109,400000	3,411457E+0	3,713227E+0
109,466667	3,390098E+0	3,708211E+0
109,533333	3,386215E+0	3,733291E+0
109,600000	3,368093E+0	3,685639E+0
109,666667	3,317608E+0	3,873739E+0
109,733333	3,179748E+0	3,459919E+0
109,800000	2,941566E+0	2,883079E+0
109,866667	2,619892E+0	1,543805E+0
109,933333	2,522160E+0	4,478086E-1
110,000000	2,522160E+0	4,528246E-1
110,066667	2,522160E+0	4,528246E-1
110,133333	2,524101E+0	4,478086E-1
110,200000	2,521512E+0	4,503166E-1
110,266667	2,520218E+0	4,553326E-1
110,333333	2,521512E+0	4,528246E-1
110,400000	2,522160E+0	4,628566E-1
110,466667	2,520865E+0	4,653646E-1
110,533333	2,520865E+0	4,528246E-1
110,600000	2,521512E+0	4,503166E-1
110,666667	2,523454E+0	4,528246E-1
110,733333	2,523454E+0	4,528246E-1
110,800000	2,522160E+0	4,603486E-1
110,866667	2,521512E+0	4,653646E-1
110,933333	2,521512E+0	4,478086E-1
111,000000	2,523454E+0	4,578406E-1
111,066667	2,521512E+0	4,528246E-1
111,133333	2,522160E+0	4,628566E-1
111,200000	2,522160E+0	4,578406E-1
111,266667	2,521512E+0	4,603486E-1
111,333333	2,521512E+0	4,578406E-1
111,400000	2,528632E+0	5,029846E-1
111,466667	2,557110E+0	7,588009E-1
111,533333	2,626364E+0	1,789590E+0
111,600000	2,699501E+0	2,047914E+0
111,666667	2,733805E+0	2,118138E+0
111,733333	2,750633E+0	2,554530E+0
111,800000	2,754516E+0	2,032866E+0
111,866667	2,753222E+0	2,118138E+0
111,933333	2,759047E+0	2,133186E+0
112,000000	2,757105E+0	2,296206E+0
112,066667	2,755811E+0	2,536974E+0
112,133333	2,750633E+0	2,557038E+0
112,200000	2,750633E+0	2,306238E+0
112,266667	2,738983E+0	2,143218E+0
112,333333	2,712446E+0	2,687454E+0
112,400000	2,694323E+0	2,148234E+0
112,466667	2,643192E+0	1,802130E+0
112,533333	2,560346E+0	7,036248E-1
112,600000	2,521512E+0	4,503166E-1
112,666667	2,523454E+0	4,603486E-1
112,733333	2,522160E+0	4,628566E-1
112,800000	2,522160E+0	4,528246E-1
112,866667	2,522160E+0	4,703806E-1
112,933333	2,522807E+0	4,528246E-1
113,000000	2,520218E+0	4,578406E-1
113,066667	2,522160E+0	4,503166E-1
113,133333	2,521512E+0	4,503166E-1
113,200000	2,521512E+0	4,628566E-1
113,266667	2,523454E+0	4,603486E-1
113,333333	2,523454E+0	4,553326E-1
113,400000	2,522807E+0	4,503166E-1
113,466667	2,522160E+0	4,653646E-1
113,533333	2,523454E+0	4,503166E-1
113,600000	2,652253E+0	1,844766E+0
113,666667	2,772639E+0	2,479290E+0
113,733333	2,866487E+0	2,373954E+0
113,800000	2,992050E+0	2,943271E+0
113,866667	3,074249E+0	3,191563E+0
113,933333	3,144150E+0	3,452395E+0
114,000000	3,176512E+0	3,482491E+0
114,066667	3,179101E+0	3,602875E+0
114,133333	3,178453E+0	3,497539E+0
114,200000	3,176512E+0	3,467443E+0
114,266667	3,182984E+0	3,617923E+0
114,333333	3,181690E+0	3,449887E+0
114,400000	3,175865E+0	3,522619E+0
114,466667	3,177806E+0	3,552715E+0
114,533333	3,184279E+0	3,422299E+0
114,600000	3,177806E+0	3,542683E+0
114,666667	3,184279E+0	3,522619E+0
114,733333	3,184279E+0	3,477475E+0
114,800000	3,185573E+0	3,585319E+0
114,866667	3,193340E+0	3,444871E+0
114,933333	3,202401E+0	3,542683E+0
115,000000	3,204990E+0	3,567763E+0
115,066667	3,212757E+0	3,540175E+0
115,133333	3,228290E+0	3,580303E+0
115,200000	3,249002E+0	3,517603E+0
115,266667	3,255474E+0	3,625447E+0
115,333333	3,270360E+0	3,660559E+0
115,400000	3,274891E+0	3,713227E+0
115,466667	3,287836E+0	3,703195E+0
115,533333	3,296897E+0	3,693163E+0
115,600000	3,310489E+0	3,745831E+0
115,666667	3,339614E+0	3,738307E+0
115,733333	3,375859E+0	3,780943E+0
115,800000	3,395924E+0	3,703195E+0
115,866667	3,379743E+0	3,675607E+0
115,933333	3,217287E+0	3,532651E+0
116,000000	2,885904E+0	3,236707E+0
116,066667	2,586883E+0	9,769970E-1
116,133333	2,522160E+0	4,603486E-1
116,200000	2,523454E+0	4,553326E-1
116,266667	2,520865E+0	4,578406E-1
116,333333	2,522160E+0	4,603486E-1
116,400000	2,522160E+0	4,628566E-1
116,466667	2,521512E+0	4,578406E-1
116,533333	2,520865E+0	4,528246E-1
116,600000	2,522160E+0	4,503166E-1
116,666667	2,521512E+0	4,653646E-1
116,733333	2,523454E+0	4,528246E-1
116,800000	2,520865E+0	4,553326E-1
116,866667	2,520865E+0	4,628566E-1
116,933333	2,520218E+0	4,603486E-1
117,000000	2,692382E+0	2,037882E+0
117,066667	2,946744E+0	2,815363E+0
117,133333	3,200459E+0	3,419791E+0
117,200000	3,393982E+0	3,545191E+0
117,266667	3,572618E+0	3,828595E+0
117,333333	3,661936E+0	3,981584E+0
117,400000	3,743487E+0	3,951487E+0
117,466667	3,814036E+0	3,964027E+0
117,533333	3,813389E+0	3,798499E+0
117,600000	3,693651E+0	3,906343E+0
117,666667	3,337673E+0	3,580303E+0
117,733333	2,809531E+0	2,401542E+0
117,800000	2,520865E+0	4,553326E-1
117,866667	2,523454E+0	4,578406E-1
117,933333	2,521512E+0	4,578406E-1
118,000000	2,523454E+0	4,528246E-1
118,066667	2,522160E+0	4,653646E-1
118,133333	2,523454E+0	4,528246E-1
118,200000	2,523454E+0	4,578406E-1
118,266667	2,524101E+0	4,528246E-1
118,333333	2,524101E+0	4,528246E-1
118,400000	2,521512E+0	4,578406E-1
118,466667	2,520865E+0	4,628566E-1
118,533333	2,520865E+0	4,603486E-1
118,600000	2,522160E+0	4,628566E-1
118,666667	2,523454E+0	4,628566E-1
118,733333	2,521512E+0	4,603486E-1
118,800000	2,520865E+0	4,553326E-1
118,866667	2,591414E+0	1,897434E+0
118,933333	2,521512E+0	4,503166E-1
119,000000	2,521512E+0	4,503166E-1
119,066667	2,522160E+0	4,528246E-1
119,133333	2,523454E+0	4,628566E-1
119,200000	2,523454E+0	4,503166E-1
119,266667	2,524101E+0	4,603486E-1
119,333333	2,520865E+0	4,528246E-1
119,400000	2,520865E+0	4,553326E-1
119,466667	2,521512E+0	4,628566E-1
119,533333	2,524101E+0	4,528246E-1
119,600000	2,522160E+0	4,628566E-1
119,666667	2,520865E+0	4,578406E-1
119,733333	2,544166E+0	6,685128E-1
119,800000	2,522160E+0	4,628566E-1
119,866667	2,521512E+0	4,628566E-1
119,933333	2,522160E+0	4,528246E-1
120,000000	2,522160E+0	4,528246E-1

