date/time: ,29/11/2019,02:41 p.m.
Run 1

time	(V)	(V)
0,000000	2,522807E+0	4,553326E-1
0,066667	2,522807E+0	4,553326E-1
0,133333	2,521512E+0	4,603486E-1
0,200000	2,522160E+0	4,553326E-1
0,266667	2,521512E+0	4,603486E-1
0,333333	2,525396E+0	4,578406E-1
0,400000	2,524749E+0	4,553326E-1
0,466667	2,524749E+0	4,628566E-1
0,533333	2,522160E+0	4,578406E-1
0,600000	2,523454E+0	4,503166E-1
0,666667	2,522160E+0	4,628566E-1
0,733333	2,521512E+0	4,603486E-1
0,800000	2,523454E+0	4,553326E-1
0,866667	2,524101E+0	4,628566E-1
0,933333	2,522807E+0	4,578406E-1
1,000000	2,524101E+0	4,553326E-1
1,066667	2,523454E+0	4,678726E-1
1,133333	2,522807E+0	4,628566E-1
1,200000	2,525396E+0	4,553326E-1
1,266667	2,523454E+0	4,553326E-1
1,333333	2,520865E+0	4,553326E-1
1,400000	2,521512E+0	4,628566E-1
1,466667	2,521512E+0	4,628566E-1
1,533333	2,523454E+0	4,528246E-1
1,600000	2,522160E+0	4,553326E-1
1,666667	2,521512E+0	4,628566E-1
1,733333	2,524749E+0	4,578406E-1
1,800000	2,522160E+0	4,628566E-1
1,866667	2,523454E+0	4,578406E-1
1,933333	2,521512E+0	4,553326E-1
2,000000	2,539635E+0	6,634968E-1
2,066667	2,556463E+0	7,537848E-1
2,133333	2,601769E+0	2,078010E+0
2,200000	2,754516E+0	2,587134E+0
2,266667	2,915030E+0	2,587134E+0
2,333333	2,990109E+0	2,995939E+0
2,400000	3,026354E+0	3,033559E+0
2,466667	2,977164E+0	2,958319E+0
2,533333	2,839304E+0	2,659866E+0
2,600000	2,635425E+0	1,508693E+0
2,666667	2,522807E+0	4,528246E-1
2,733333	2,524101E+0	4,553326E-1
2,800000	2,521512E+0	4,628566E-1
2,866667	2,521512E+0	4,603486E-1
2,933333	2,521512E+0	4,678726E-1
3,000000	2,525396E+0	4,528246E-1
3,066667	2,522807E+0	4,603486E-1
3,133333	2,524101E+0	4,578406E-1
3,200000	2,522807E+0	4,503166E-1
3,266667	2,524101E+0	4,628566E-1
3,333333	2,522160E+0	4,628566E-1
3,400000	2,524101E+0	4,503166E-1
3,466667	2,521512E+0	4,628566E-1
3,533333	2,521512E+0	4,578406E-1
3,600000	2,524101E+0	4,528246E-1
3,666667	2,522160E+0	4,678726E-1
3,733333	2,522807E+0	4,653646E-1
3,800000	2,522807E+0	4,628566E-1
3,866667	2,790761E+0	2,644818E+0
3,933333	3,102727E+0	4,137080E+0
4,000000	3,212110E+0	3,334519E+0
4,066667	3,269066E+0	3,537667E+0
4,133333	3,105963E+0	3,136387E+0
4,200000	2,818592E+0	2,511894E+0
4,266667	2,576527E+0	1,516217E+0
4,333333	2,523454E+0	4,553326E-1
4,400000	2,523454E+0	4,503166E-1
4,466667	2,525396E+0	4,628566E-1
4,533333	2,524101E+0	4,578406E-1
4,600000	2,521512E+0	4,553326E-1
4,666667	2,523454E+0	4,628566E-1
4,733333	2,524749E+0	4,603486E-1
4,800000	2,524101E+0	4,553326E-1
4,866667	2,523454E+0	4,528246E-1
4,933333	2,523454E+0	4,653646E-1
5,000000	2,522807E+0	4,603486E-1
5,066667	2,523454E+0	4,603486E-1
5,133333	2,523454E+0	4,528246E-1
5,200000	2,522807E+0	4,628566E-1
5,266667	2,522807E+0	4,528246E-1
5,333333	2,521512E+0	4,503166E-1
5,400000	2,522160E+0	4,603486E-1
5,466667	2,522807E+0	4,603486E-1
5,533333	2,522807E+0	4,528246E-1
5,600000	2,640603E+0	2,158266E+0
5,666667	3,202401E+0	3,204103E+0
5,733333	3,997203E+0	4,039268E+0
5,800000	4,630843E+0	4,184732E+0
5,866667	4,743462E+0	4,229876E+0
5,933333	4,198492E+0	4,084412E+0
6,000000	3,211462E+0	3,412267E+0
6,066667	2,659373E+0	3,306931E+0
6,133333	2,522160E+0	4,653646E-1
6,200000	2,521512E+0	4,728886E-1
6,266667	2,523454E+0	4,678726E-1
6,333333	2,521512E+0	4,553326E-1
6,400000	2,522807E+0	4,503166E-1
6,466667	2,523454E+0	4,628566E-1
6,533333	2,522807E+0	4,628566E-1
6,600000	2,522807E+0	4,553326E-1
6,666667	2,524101E+0	4,628566E-1
6,733333	2,522160E+0	4,528246E-1
6,800000	2,523454E+0	4,578406E-1
6,866667	2,522160E+0	4,678726E-1
6,933333	2,521512E+0	4,628566E-1
7,000000	2,520865E+0	4,553326E-1
7,066667	2,524101E+0	4,628566E-1
7,133333	2,522160E+0	4,553326E-1
7,200000	2,520218E+0	4,628566E-1
7,266667	2,523454E+0	4,628566E-1
7,333333	2,709857E+0	2,180838E+0
7,400000	3,142208E+0	3,349567E+0
7,466667	3,924065E+0	3,891295E+0
7,533333	4,595245E+0	4,214828E+0
7,600000	4,983585E+0	4,365308E+0
7,666667	4,823071E+0	4,330196E+0
7,733333	4,161600E+0	4,202288E+0
7,800000	3,186867E+0	3,572779E+0
7,866667	2,542871E+0	5,531447E-1
7,933333	2,522807E+0	4,578406E-1
8,000000	2,520865E+0	4,528246E-1
8,066667	2,523454E+0	4,678726E-1
8,133333	2,524749E+0	4,528246E-1
8,200000	2,522160E+0	4,553326E-1
8,266667	2,523454E+0	4,628566E-1
8,333333	2,522160E+0	4,653646E-1
8,400000	2,524101E+0	4,553326E-1
8,466667	2,522807E+0	4,553326E-1
8,533333	2,522807E+0	4,528246E-1
8,600000	2,524101E+0	4,553326E-1
8,666667	2,522807E+0	4,528246E-1
8,733333	2,522807E+0	4,528246E-1
8,800000	2,523454E+0	4,628566E-1
8,866667	2,524101E+0	4,628566E-1
8,933333	2,521512E+0	4,603486E-1
9,000000	2,522160E+0	4,628566E-1
9,066667	2,521512E+0	4,628566E-1
9,133333	2,522807E+0	4,678726E-1
9,200000	2,525396E+0	4,678726E-1
9,266667	2,624422E+0	1,606506E+0
9,333333	2,856779E+0	2,554530E+0
9,400000	3,476828E+0	3,419791E+0
9,466667	4,160952E+0	4,059332E+0
9,533333	4,763526E+0	4,287560E+0
9,600000	4,980996E+0	4,362800E+0
9,666667	4,980996E+0	4,352768E+0
9,733333	4,984232E+0	4,370324E+0
9,800000	4,114999E+0	4,122032E+0
9,866667	3,005642E+0	3,269311E+0
9,933333	2,534457E+0	4,703806E-1
10,000000	2,522807E+0	4,603486E-1
10,066667	2,523454E+0	4,653646E-1
10,133333	2,522807E+0	4,603486E-1
10,200000	2,521512E+0	4,553326E-1
10,266667	2,523454E+0	4,528246E-1
10,333333	2,523454E+0	4,653646E-1
10,400000	2,524101E+0	4,553326E-1
10,466667	2,523454E+0	4,653646E-1
10,533333	2,521512E+0	4,603486E-1
10,600000	2,523454E+0	4,503166E-1
10,666667	2,522807E+0	4,553326E-1
10,733333	2,523454E+0	4,628566E-1
10,800000	2,521512E+0	4,553326E-1
10,866667	2,523454E+0	4,603486E-1
10,933333	2,524749E+0	4,528246E-1
11,000000	2,522807E+0	4,503166E-1
11,066667	2,524101E+0	4,603486E-1
11,133333	2,521512E+0	4,603486E-1
11,200000	2,524101E+0	4,603486E-1
11,266667	2,523454E+0	4,553326E-1
11,333333	2,524749E+0	4,603486E-1
11,400000	2,522160E+0	4,553326E-1
11,466667	2,568760E+0	1,037189E+0
11,533333	2,682673E+0	1,940070E+0
11,600000	3,190104E+0	3,008479E+0
11,666667	3,801738E+0	3,770911E+0
11,733333	4,463210E+0	4,172192E+0
11,800000	4,775176E+0	4,295084E+0
11,866667	4,983585E+0	4,335212E+0
11,933333	4,983585E+0	4,337720E+0
12,000000	4,935043E+0	4,295084E+0
12,066667	4,004322E+0	4,009172E+0
12,133333	3,132500E+0	3,615415E+0
12,200000	2,591414E+0	1,109921E+0
12,266667	2,521512E+0	4,603486E-1
12,333333	2,521512E+0	4,578406E-1
12,400000	2,521512E+0	4,528246E-1
12,466667	2,523454E+0	4,653646E-1
12,533333	2,521512E+0	4,628566E-1
12,600000	2,523454E+0	4,503166E-1
12,666667	2,521512E+0	4,578406E-1
12,733333	2,520865E+0	4,628566E-1
12,800000	2,523454E+0	4,603486E-1
12,866667	2,523454E+0	4,678726E-1
12,933333	2,522807E+0	4,528246E-1
13,000000	2,521512E+0	4,603486E-1
13,066667	2,522807E+0	4,553326E-1
13,133333	2,522807E+0	4,603486E-1
13,200000	2,522160E+0	4,603486E-1
13,266667	2,520218E+0	4,603486E-1
13,333333	2,523454E+0	4,628566E-1
13,400000	2,523454E+0	4,553326E-1
13,466667	2,767461E+0	2,807839E+0
13,533333	2,700149E+0	2,802823E+0
13,600000	2,590119E+0	1,074809E+0
13,666667	2,521512E+0	4,678726E-1
13,733333	2,521512E+0	4,603486E-1
13,800000	2,523454E+0	4,603486E-1
13,866667	2,522807E+0	4,678726E-1
13,933333	2,522807E+0	4,678726E-1
14,000000	2,522807E+0	4,528246E-1
14,066667	2,522807E+0	4,678726E-1
14,133333	2,521512E+0	4,628566E-1
14,200000	2,522160E+0	4,503166E-1
14,266667	2,523454E+0	4,703806E-1
14,333333	2,524101E+0	4,628566E-1
14,400000	2,523454E+0	4,553326E-1
14,466667	2,520865E+0	4,628566E-1
14,533333	2,522807E+0	4,528246E-1
14,600000	2,522160E+0	4,503166E-1
14,666667	2,523454E+0	4,703806E-1
14,733333	2,522807E+0	4,628566E-1
14,800000	2,524101E+0	4,603486E-1
14,866667	2,782347E+0	2,378970E+0
14,933333	2,527337E+0	4,829206E-1
15,000000	2,521512E+0	4,628566E-1
15,066667	2,520865E+0	4,628566E-1
15,133333	2,520865E+0	4,578406E-1
15,200000	2,522160E+0	4,553326E-1
15,266667	2,522807E+0	4,553326E-1
15,333333	2,521512E+0	4,603486E-1
15,400000	2,522807E+0	4,503166E-1
15,466667	2,520865E+0	4,603486E-1
15,533333	2,524101E+0	4,578406E-1
15,600000	2,521512E+0	4,553326E-1
15,666667	2,524101E+0	4,603486E-1
15,733333	2,521512E+0	4,628566E-1
15,800000	2,521512E+0	4,553326E-1
15,866667	2,521512E+0	4,603486E-1
15,933333	2,522160E+0	4,628566E-1
16,000000	2,523454E+0	4,628566E-1
16,066667	2,522807E+0	4,528246E-1
16,133333	2,523454E+0	4,603486E-1
16,200000	2,521512E+0	4,553326E-1
16,266667	2,520865E+0	4,603486E-1
16,333333	2,521512E+0	4,603486E-1
16,400000	2,522160E+0	4,628566E-1
16,466667	2,523454E+0	4,528246E-1
16,533333	2,615361E+0	1,390817E+0
16,600000	2,863251E+0	3,103783E+0
16,666667	3,041887E+0	2,837935E+0
16,733333	3,137678E+0	3,284359E+0
16,800000	3,162920E+0	3,397219E+0
16,866667	3,195281E+0	3,472459E+0
16,933333	3,171981E+0	3,500047E+0
17,000000	3,184279E+0	3,515095E+0
17,066667	3,205637E+0	3,653035E+0
17,133333	3,212757E+0	3,713227E+0
17,200000	3,206932E+0	3,532651E+0
17,266667	3,188809E+0	3,806023E+0
17,333333	3,179101E+0	3,673099E+0
17,400000	3,170687E+0	3,550207E+0
17,466667	3,158389E+0	3,663067E+0
17,533333	3,159036E+0	3,795991E+0
17,600000	3,150622E+0	3,532651E+0
17,666667	3,148034E+0	3,828595E+0
17,733333	3,148681E+0	3,876247E+0
17,800000	3,142856E+0	3,806023E+0
17,866667	3,147386E+0	3,798499E+0
17,933333	3,144797E+0	3,838627E+0
18,000000	3,144797E+0	3,838627E+0
18,066667	3,137031E+0	3,858691E+0
18,133333	3,145445E+0	3,851167E+0
18,200000	3,142856E+0	3,876247E+0
18,266667	3,141561E+0	3,861199E+0
18,333333	3,156448E+0	3,673099E+0
18,400000	3,159036E+0	3,565255E+0
18,466667	3,159684E+0	3,663067E+0
18,533333	3,155153E+0	3,625447E+0
18,600000	3,157742E+0	3,765895E+0
18,666667	3,166156E+0	3,770911E+0
18,733333	3,160331E+0	3,658051E+0
18,800000	3,159036E+0	3,775927E+0
18,866667	3,150622E+0	3,933931E+0
18,933333	3,142856E+0	3,700687E+0
19,000000	3,141561E+0	3,592843E+0
19,066667	3,137031E+0	3,542683E+0
19,133333	3,137678E+0	3,567763E+0
19,200000	3,140914E+0	3,813547E+0
19,266667	3,131853E+0	3,873739E+0
19,333333	3,143503E+0	3,673099E+0
19,400000	3,131205E+0	3,602875E+0
19,466667	3,132500E+0	3,600367E+0
19,533333	3,127322E+0	3,635479E+0
19,600000	3,128617E+0	3,700687E+0
19,666667	3,138972E+0	3,490015E+0
19,733333	3,130558E+0	3,540175E+0
19,800000	3,132500E+0	3,542683E+0
19,866667	3,138325E+0	3,632971E+0
19,933333	3,138972E+0	3,492523E+0
20,000000	3,149328E+0	3,620431E+0
20,066667	3,162273E+0	3,643003E+0
20,133333	3,151270E+0	3,547699E+0
20,200000	3,149328E+0	3,605383E+0
20,266667	3,085252E+0	3,522619E+0
20,333333	2,906616E+0	3,163975E+0
20,400000	2,625070E+0	1,671714E+0
20,466667	2,520865E+0	4,603486E-1
20,533333	2,524101E+0	4,553326E-1
20,600000	2,523454E+0	4,503166E-1
20,666667	2,523454E+0	4,678726E-1
20,733333	2,524101E+0	4,628566E-1
20,800000	2,523454E+0	4,628566E-1
20,866667	2,525396E+0	4,603486E-1
20,933333	2,524101E+0	4,603486E-1
21,000000	2,522160E+0	4,628566E-1
21,066667	2,521512E+0	4,628566E-1
21,133333	2,523454E+0	4,528246E-1
21,200000	2,522807E+0	4,553326E-1
21,266667	2,522160E+0	4,678726E-1
21,333333	2,521512E+0	4,578406E-1
21,400000	2,522807E+0	4,603486E-1
21,466667	2,524101E+0	4,628566E-1
21,533333	2,522807E+0	4,503166E-1
21,600000	2,522807E+0	4,628566E-1
21,666667	2,522160E+0	4,578406E-1
21,733333	2,525396E+0	4,578406E-1
21,800000	2,619245E+0	1,832226E+0
21,866667	2,869724E+0	2,720058E+0
21,933333	3,327964E+0	3,500047E+0
22,000000	3,864520E+0	3,833611E+0
22,066667	4,150597E+0	3,969043E+0
22,133333	4,225676E+0	4,054316E+0
22,200000	4,030859E+0	4,036760E+0
22,266667	3,467766E+0	3,700687E+0
22,333333	2,909205E+0	2,810347E+0
22,400000	2,590766E+0	1,666698E+0
22,466667	2,522160E+0	4,528246E-1
22,533333	2,524101E+0	4,578406E-1
22,600000	2,522807E+0	4,528246E-1
22,666667	2,523454E+0	4,678726E-1
22,733333	2,524749E+0	4,603486E-1
22,800000	2,522807E+0	4,503166E-1
22,866667	2,522160E+0	4,628566E-1
22,933333	2,521512E+0	4,503166E-1
23,000000	2,523454E+0	4,553326E-1
23,066667	2,522160E+0	4,703806E-1
23,133333	2,521512E+0	4,578406E-1
23,200000	2,522807E+0	4,628566E-1
23,266667	2,523454E+0	4,628566E-1
23,333333	2,522807E+0	4,628566E-1
23,400000	2,524749E+0	4,553326E-1
23,466667	2,523454E+0	4,553326E-1
23,533333	2,521512E+0	4,528246E-1
23,600000	2,522160E+0	4,628566E-1
23,666667	2,522807E+0	4,553326E-1
23,733333	2,522160E+0	4,603486E-1
23,800000	2,522160E+0	4,628566E-1
23,866667	2,520865E+0	4,653646E-1
23,933333	2,522160E+0	4,528246E-1
24,000000	2,521512E+0	4,553326E-1
24,066667	2,522807E+0	4,678726E-1
24,133333	2,521512E+0	4,553326E-1
24,200000	2,522807E+0	4,503166E-1
24,266667	2,522807E+0	4,528246E-1
24,333333	2,522160E+0	4,628566E-1
24,400000	2,522160E+0	4,628566E-1
24,466667	2,524101E+0	4,628566E-1
24,533333	2,522807E+0	4,528246E-1
24,600000	2,521512E+0	4,553326E-1
24,666667	2,520865E+0	4,603486E-1
24,733333	2,522807E+0	4,503166E-1
24,800000	2,524101E+0	4,578406E-1
24,866667	2,522807E+0	4,578406E-1
24,933333	2,520865E+0	4,578406E-1
25,000000	2,526043E+0	4,578406E-1
25,066667	2,522807E+0	4,553326E-1
25,133333	2,524101E+0	4,553326E-1
25,200000	2,522160E+0	4,628566E-1
25,266667	2,522807E+0	4,553326E-1
25,333333	2,524101E+0	4,603486E-1
25,400000	2,551932E+0	1,995246E+0
25,466667	2,883963E+0	2,915683E+0
25,533333	3,317608E+0	3,299407E+0
25,600000	4,119530E+0	3,833611E+0
25,666667	4,639257E+0	4,184732E+0
25,733333	4,625665E+0	4,114508E+0
25,800000	4,258685E+0	4,049300E+0
25,866667	3,536373E+0	3,552715E+0
25,933333	2,874254E+0	2,878063E+0
26,000000	2,520865E+0	4,553326E-1
26,066667	2,524749E+0	4,628566E-1
26,133333	2,524101E+0	4,728886E-1
26,200000	2,522160E+0	4,528246E-1
26,266667	2,521512E+0	4,603486E-1
26,333333	2,521512E+0	4,603486E-1
26,400000	2,523454E+0	4,628566E-1
26,466667	2,524749E+0	4,628566E-1
26,533333	2,522807E+0	4,628566E-1
26,600000	2,524101E+0	4,553326E-1
26,666667	2,522160E+0	4,628566E-1
26,733333	2,521512E+0	4,578406E-1
26,800000	2,521512E+0	4,578406E-1
26,866667	2,522160E+0	4,628566E-1
26,933333	2,524101E+0	4,553326E-1
27,000000	2,522160E+0	4,628566E-1
27,066667	2,523454E+0	4,578406E-1
27,133333	2,522807E+0	4,503166E-1
27,200000	2,524101E+0	4,553326E-1
27,266667	2,522160E+0	4,578406E-1
27,333333	2,547402E+0	1,034681E+0
27,400000	2,609536E+0	1,777050E+0
27,466667	2,823770E+0	2,720058E+0
27,533333	3,217935E+0	3,296899E+0
27,600000	3,652228E+0	3,648019E+0
27,666667	3,911121E+0	3,943963E+0
27,733333	4,338941E+0	4,164668E+0
27,800000	4,646377E+0	4,259972E+0
27,866667	4,500750E+0	4,086920E+0
27,933333	4,015325E+0	3,959011E+0
28,000000	3,344145E+0	3,449887E+0
28,066667	2,918913E+0	2,847967E+0
28,133333	2,673612E+0	2,158266E+0
28,200000	2,570702E+0	1,817178E+0
28,266667	2,524749E+0	4,603486E-1
28,333333	2,520218E+0	4,578406E-1
28,400000	2,523454E+0	4,628566E-1
28,466667	2,524101E+0	4,628566E-1
28,533333	2,523454E+0	4,628566E-1
28,600000	2,521512E+0	4,578406E-1
28,666667	2,523454E+0	4,678726E-1
28,733333	2,524101E+0	4,503166E-1
28,800000	2,522807E+0	4,553326E-1
28,866667	2,524101E+0	4,603486E-1
28,933333	2,522807E+0	4,653646E-1
29,000000	2,522807E+0	4,628566E-1
29,066667	2,522807E+0	4,678726E-1
29,133333	2,522807E+0	4,528246E-1
29,200000	2,522160E+0	4,628566E-1
29,266667	2,523454E+0	4,553326E-1
29,333333	2,522807E+0	4,578406E-1
29,400000	2,522807E+0	4,628566E-1
29,466667	2,522807E+0	4,628566E-1
29,533333	2,523454E+0	4,503166E-1
29,600000	2,524749E+0	4,553326E-1
29,666667	2,524101E+0	4,628566E-1
29,733333	2,521512E+0	4,603486E-1
29,800000	2,522160E+0	4,628566E-1
29,866667	2,523454E+0	4,553326E-1
29,933333	2,524101E+0	4,603486E-1
30,000000	2,523454E+0	4,628566E-1
30,066667	2,522807E+0	4,553326E-1
30,133333	2,521512E+0	4,528246E-1
30,200000	2,521512E+0	4,553326E-1
30,266667	2,522160E+0	4,553326E-1
30,333333	2,521512E+0	4,603486E-1
30,400000	2,524101E+0	4,528246E-1
30,466667	2,522807E+0	4,553326E-1
30,533333	2,523454E+0	4,553326E-1
30,600000	2,521512E+0	4,553326E-1
30,666667	2,520865E+0	4,628566E-1
30,733333	2,522160E+0	4,503166E-1
30,800000	2,524101E+0	4,528246E-1
30,866667	2,521512E+0	4,628566E-1
30,933333	2,522807E+0	4,578406E-1
31,000000	2,522160E+0	4,503166E-1
31,066667	2,520865E+0	4,603486E-1
31,133333	2,523454E+0	4,603486E-1
31,200000	2,523454E+0	4,628566E-1
31,266667	2,521512E+0	4,628566E-1
31,333333	2,572644E+0	1,950102E+0
31,400000	2,891729E+0	3,765895E+0
31,466667	3,539609E+0	3,600367E+0
31,533333	3,916946E+0	3,893803E+0
31,600000	3,887820E+0	3,918883E+0
31,666667	3,412752E+0	3,660559E+0
31,733333	2,882021E+0	2,900635E+0
31,800000	2,568113E+0	8,340409E-1
31,866667	2,522807E+0	4,553326E-1
31,933333	2,523454E+0	4,628566E-1
32,000000	2,522160E+0	4,553326E-1
32,066667	2,523454E+0	4,703806E-1
32,133333	2,522807E+0	4,528246E-1
32,200000	2,522160E+0	4,578406E-1
32,266667	2,522160E+0	4,678726E-1
32,333333	2,522807E+0	4,578406E-1
32,400000	2,521512E+0	4,578406E-1
32,466667	2,524749E+0	4,628566E-1
32,533333	2,522160E+0	4,628566E-1
32,600000	2,520865E+0	4,578406E-1
32,666667	2,524101E+0	4,603486E-1
32,733333	2,524101E+0	4,503166E-1
32,800000	2,523454E+0	4,578406E-1
32,866667	2,524101E+0	4,628566E-1
32,933333	2,523454E+0	4,603486E-1
33,000000	2,522160E+0	4,528246E-1
33,066667	2,523454E+0	4,678726E-1
33,133333	2,522160E+0	4,628566E-1
33,200000	2,522160E+0	4,628566E-1
33,266667	2,522160E+0	4,603486E-1
33,333333	2,525396E+0	4,553326E-1
33,400000	2,531868E+0	5,531447E-1
33,466667	2,543518E+0	1,064777E+0
33,533333	2,614714E+0	1,992738E+0
33,600000	3,167450E+0	3,098767E+0
33,666667	4,075518E+0	4,021712E+0
33,733333	4,350592E+0	4,154636E+0
33,800000	4,261273E+0	3,953995E+0
33,866667	3,934421E+0	3,836119E+0
33,933333	3,474239E+0	3,612907E+0
34,000000	2,850307E+0	2,657358E+0
34,066667	2,529926E+0	4,904446E-1
34,133333	2,522807E+0	4,528246E-1
34,200000	2,522807E+0	4,528246E-1
34,266667	2,523454E+0	4,553326E-1
34,333333	2,521512E+0	4,603486E-1
34,400000	2,524101E+0	4,553326E-1
34,466667	2,520865E+0	4,628566E-1
34,533333	2,523454E+0	4,528246E-1
34,600000	2,524101E+0	4,578406E-1
34,666667	2,522160E+0	4,678726E-1
34,733333	2,522160E+0	4,628566E-1
34,800000	2,521512E+0	4,503166E-1
34,866667	2,521512E+0	4,603486E-1
34,933333	2,522807E+0	4,628566E-1
35,000000	2,522160E+0	4,603486E-1
35,066667	2,523454E+0	4,678726E-1
35,133333	2,522160E+0	4,628566E-1
35,200000	2,524101E+0	4,578406E-1
35,266667	2,524101E+0	4,628566E-1
35,333333	2,789467E+0	3,434839E+0
35,400000	2,986225E+0	3,136387E+0
35,466667	3,137678E+0	3,163975E+0
35,533333	3,155153E+0	3,417283E+0
35,600000	3,154506E+0	3,444871E+0
35,666667	3,160978E+0	3,434839E+0
35,733333	3,149975E+0	3,417283E+0
35,800000	3,132500E+0	3,517603E+0
35,866667	3,109200E+0	3,520111E+0
35,933333	3,106611E+0	3,422299E+0
36,000000	3,092372E+0	3,309439E+0
36,066667	3,085899E+0	3,352075E+0
36,133333	3,082016E+0	3,357091E+0
36,200000	3,072307E+0	3,324487E+0
36,266667	3,060010E+0	3,359599E+0
36,333333	3,048360E+0	3,364615E+0
36,400000	3,044476E+0	3,382171E+0
36,466667	3,032826E+0	3,462427E+0
36,533333	3,056126E+0	3,472459E+0
36,600000	3,040593E+0	3,424807E+0
36,666667	3,047065E+0	3,296899E+0
36,733333	3,041240E+0	3,304423E+0
36,800000	3,047065E+0	3,309439E+0
36,866667	3,054185E+0	3,507571E+0
36,933333	3,055479E+0	3,442363E+0
37,000000	3,060657E+0	3,469951E+0
37,066667	3,060010E+0	3,434839E+0
37,133333	3,058068E+0	3,424807E+0
37,200000	3,053538E+0	3,495031E+0
37,266667	3,059363E+0	3,510079E+0
37,333333	3,057421E+0	3,535159E+0
37,400000	3,056126E+0	3,369631E+0
37,466667	3,054832E+0	3,296899E+0
37,533333	3,055479E+0	3,680623E+0
37,600000	3,056774E+0	3,239215E+0
37,666667	3,057421E+0	3,249247E+0
37,733333	3,056774E+0	3,392203E+0
37,800000	3,058068E+0	3,364615E+0
37,866667	3,054832E+0	3,392203E+0
37,933333	3,052243E+0	3,359599E+0
38,000000	3,051596E+0	3,384679E+0
38,066667	3,047065E+0	3,306931E+0
38,133333	3,051596E+0	3,279343E+0
38,200000	3,040593E+0	3,274327E+0
38,266667	3,047065E+0	3,352075E+0
38,333333	3,049654E+0	3,347059E+0
38,400000	3,051596E+0	3,412267E+0
38,466667	3,053538E+0	3,462427E+0
38,533333	3,052243E+0	3,377155E+0
38,600000	3,053538E+0	3,399727E+0
38,666667	3,050301E+0	3,251755E+0
38,733333	3,048360E+0	3,191563E+0
38,800000	3,047065E+0	3,216643E+0
38,866667	3,043182E+0	3,226675E+0
38,933333	3,044476E+0	3,236707E+0
39,000000	3,048360E+0	3,266803E+0
39,066667	3,058715E+0	3,249247E+0
39,133333	3,093019E+0	3,309439E+0
39,200000	3,246413E+0	3,605383E+0
39,266667	3,420518E+0	3,615415E+0
39,333333	3,546729E+0	3,683131E+0
39,400000	3,647697E+0	3,863707E+0
39,466667	3,662583E+0	3,891295E+0
39,533333	3,621160E+0	3,836119E+0
39,600000	3,597213E+0	3,851167E+0
39,666667	3,642519E+0	3,906343E+0
39,733333	3,520192E+0	3,871231E+0
39,800000	3,060010E+0	3,276835E+0
39,866667	2,542871E+0	5,932727E-1
39,933333	2,522160E+0	4,528246E-1
40,000000	2,522807E+0	4,503166E-1
40,066667	2,522807E+0	4,553326E-1
40,133333	2,522160E+0	4,628566E-1
40,200000	2,522807E+0	4,628566E-1
40,266667	2,521512E+0	4,603486E-1
40,333333	2,521512E+0	4,553326E-1
40,400000	2,524101E+0	4,578406E-1
40,466667	2,522807E+0	4,753966E-1
40,533333	2,522160E+0	4,628566E-1
40,600000	2,520865E+0	4,553326E-1
40,666667	2,522807E+0	4,553326E-1
40,733333	2,627659E+0	1,696794E+0
40,800000	2,759694E+0	2,429130E+0
40,866667	2,806942E+0	2,536974E+0
40,933333	2,795939E+0	2,534466E+0
41,000000	2,781700E+0	2,509386E+0
41,066667	2,812767E+0	2,720058E+0
41,133333	2,830890E+0	2,745138E+0
41,200000	2,817945E+0	2,895619E+0
41,266667	2,810178E+0	2,825395E+0
41,333333	2,810178E+0	2,965843E+0
41,400000	2,803706E+0	3,061147E+0
41,466667	2,798528E+0	2,687454E+0
41,533333	2,798528E+0	2,878063E+0
41,600000	2,793350E+0	2,817871E+0
41,666667	2,798528E+0	2,910667E+0
41,733333	2,792703E+0	2,830411E+0
41,800000	2,810178E+0	2,817871E+0
41,866667	2,872960E+0	2,800315E+0
41,933333	3,293014E+0	3,437347E+0
42,000000	4,315641E+0	4,132064E+0
42,066667	4,856080E+0	4,244924E+0
42,133333	4,982938E+0	4,277528E+0
42,200000	4,714336E+0	4,149620E+0
42,266667	4,212084E+0	4,172192E+0
42,333333	3,765493E+0	3,971551E+0
42,400000	3,256121E+0	3,572779E+0
42,466667	2,902085E+0	2,965843E+0
42,533333	2,612125E+0	2,777743E+0
42,600000	2,520218E+0	4,628566E-1
42,666667	2,524101E+0	4,628566E-1
42,733333	2,521512E+0	4,553326E-1
42,800000	2,525396E+0	4,553326E-1
42,866667	2,524749E+0	4,603486E-1
42,933333	2,522807E+0	4,528246E-1
43,000000	2,522807E+0	4,804126E-1
43,066667	2,520865E+0	4,628566E-1
43,133333	2,522807E+0	4,503166E-1
43,200000	2,522807E+0	4,578406E-1
43,266667	2,521512E+0	4,578406E-1
43,333333	2,523454E+0	4,578406E-1
43,400000	2,522807E+0	4,603486E-1
43,466667	2,573291E+0	1,102397E+0
43,533333	2,643839E+0	1,706826E+0
43,600000	2,695618E+0	2,045406E+0
43,666667	2,738335E+0	2,238522E+0
43,733333	2,870371E+0	2,938255E+0
43,800000	3,700123E+0	3,730783E+0
43,866667	4,869672E+0	4,184732E+0
43,933333	4,984232E+0	4,355276E+0
44,000000	4,980996E+0	4,490708E+0
44,066667	4,982938E+0	4,485692E+0
44,133333	4,318230E+0	4,219844E+0
44,200000	3,318903E+0	3,439855E+0
44,266667	2,818592E+0	2,609706E+0
44,333333	2,555168E+0	5,280647E-1
44,400000	2,522160E+0	4,703806E-1
44,466667	2,521512E+0	4,628566E-1
44,533333	2,523454E+0	4,528246E-1
44,600000	2,522160E+0	4,628566E-1
44,666667	2,522160E+0	4,553326E-1
44,733333	2,522807E+0	4,603486E-1
44,800000	2,524749E+0	4,603486E-1
44,866667	2,522807E+0	4,628566E-1
44,933333	2,522807E+0	4,528246E-1
45,000000	2,524749E+0	4,578406E-1
45,066667	2,521512E+0	4,628566E-1
45,133333	2,520865E+0	4,703806E-1
45,200000	2,522807E+0	4,528246E-1
45,266667	2,521512E+0	4,628566E-1
45,333333	2,522160E+0	4,503166E-1
45,400000	2,626364E+0	1,746954E+0
45,466667	2,763577E+0	2,534466E+0
45,533333	3,136383E+0	3,068671E+0
45,600000	4,099465E+0	4,064348E+0
45,666667	4,980996E+0	4,227368E+0
45,733333	4,984232E+0	4,337720E+0
45,800000	4,983585E+0	4,380356E+0
45,866667	4,983585E+0	4,194764E+0
45,933333	3,856106E+0	3,768403E+0
46,000000	2,915677E+0	2,777743E+0
46,066667	2,540929E+0	9,168050E-1
46,133333	2,522807E+0	4,578406E-1
46,200000	2,524749E+0	4,578406E-1
46,266667	2,521512E+0	4,628566E-1
46,333333	2,521512E+0	4,578406E-1
46,400000	2,520865E+0	4,603486E-1
46,466667	2,524101E+0	4,603486E-1
46,533333	2,521512E+0	4,678726E-1
46,600000	2,522807E+0	4,628566E-1
46,666667	2,523454E+0	4,628566E-1
46,733333	2,522160E+0	4,628566E-1
46,800000	2,522807E+0	4,628566E-1
46,866667	2,524749E+0	4,628566E-1
46,933333	2,520865E+0	4,603486E-1
47,000000	2,522160E+0	4,653646E-1
47,066667	2,522160E+0	4,553326E-1
47,133333	2,524749E+0	4,628566E-1
47,200000	2,522807E+0	4,678726E-1
47,266667	2,521512E+0	4,829206E-1
47,333333	2,524101E+0	4,703806E-1
47,400000	2,522160E+0	4,503166E-1
47,466667	2,622481E+0	1,754478E+0
47,533333	2,573938E+0	1,217765E+0
47,600000	2,522160E+0	4,628566E-1
47,666667	2,522807E+0	4,678726E-1
47,733333	2,521512E+0	4,603486E-1
47,800000	2,521512E+0	4,503166E-1
47,866667	2,524101E+0	4,628566E-1
47,933333	2,523454E+0	4,528246E-1
48,000000	2,520865E+0	4,553326E-1
48,066667	2,521512E+0	4,603486E-1
48,133333	2,524101E+0	4,553326E-1
48,200000	2,521512E+0	4,628566E-1
48,266667	2,521512E+0	4,628566E-1
48,333333	2,522807E+0	4,628566E-1
48,400000	2,524101E+0	4,578406E-1
48,466667	2,523454E+0	4,553326E-1
48,533333	2,523454E+0	4,628566E-1
48,600000	2,746102E+0	2,243538E+0
48,666667	2,821828E+0	2,306238E+0
48,733333	2,880726E+0	2,514402E+0
48,800000	2,901438E+0	2,737614E+0
48,866667	2,884610E+0	2,557038E+0
48,933333	2,889140E+0	2,747646E+0
49,000000	2,866487E+0	2,760187E+0
49,066667	2,843834E+0	2,572086E+0
49,133333	2,843834E+0	2,785267E+0
49,200000	2,834773E+0	2,664882E+0
49,266667	2,847070E+0	2,679930E+0
49,333333	2,977811E+0	2,998447E+0
49,400000	3,375859E+0	3,362107E+0
49,466667	3,466472E+0	3,570271E+0
49,533333	3,593329E+0	3,643003E+0
49,600000	3,607569E+0	3,640495E+0
49,666667	3,618572E+0	3,630463E+0
49,733333	3,612099E+0	3,818563E+0
49,800000	3,583621E+0	3,790975E+0
49,866667	3,588152E+0	3,668083E+0
49,933333	3,597213E+0	3,803515E+0
50,000000	3,597213E+0	3,743323E+0
50,066667	3,621808E+0	3,866215E+0
50,133333	3,644461E+0	3,901327E+0
50,200000	3,661289E+0	3,818563E+0
50,266667	3,678117E+0	3,803515E+0
50,333333	3,657406E+0	3,843643E+0
50,400000	3,650286E+0	3,913867E+0
50,466667	3,636694E+0	3,969043E+0
50,533333	3,625691E+0	4,034252E+0
50,600000	3,629575E+0	3,923899E+0
50,666667	3,628280E+0	4,059332E+0
50,733333	3,621160E+0	3,974060E+0
50,800000	3,625044E+0	4,106984E+0
50,866667	3,627633E+0	4,129556E+0
50,933333	3,632811E+0	4,124540E+0
51,000000	3,634105E+0	4,114508E+0
51,066667	3,618572E+0	3,931423E+0
51,133333	3,614041E+0	3,948979E+0
51,200000	3,603685E+0	3,948979E+0
51,266667	3,581032E+0	3,971551E+0
51,333333	3,557732E+0	3,986600E+0
51,400000	3,546729E+0	3,943963E+0
51,466667	3,531195E+0	3,908851E+0
51,533333	3,527312E+0	3,878755E+0
51,600000	3,518898E+0	3,901327E+0
51,666667	3,508542E+0	3,918883E+0
51,733333	3,502070E+0	3,811039E+0
51,800000	3,498834E+0	3,748339E+0
51,866667	3,497539E+0	3,871231E+0
51,933333	3,494303E+0	3,570271E+0
52,000000	3,489125E+0	3,710719E+0
52,066667	3,482005E+0	3,743323E+0
52,133333	3,485242E+0	3,683131E+0
52,200000	3,472944E+0	3,705703E+0
52,266667	3,467766E+0	3,668083E+0
52,333333	3,474886E+0	3,750847E+0
52,400000	3,466472E+0	3,710719E+0
52,466667	3,464530E+0	3,713227E+0
52,533333	3,465177E+0	3,720751E+0
52,600000	3,463236E+0	3,743323E+0
52,666667	3,469708E+0	3,693163E+0
52,733333	3,469708E+0	3,685639E+0
52,800000	3,465177E+0	3,688147E+0
52,866667	3,470355E+0	3,733291E+0
52,933333	3,472944E+0	3,750847E+0
53,000000	3,472297E+0	3,748339E+0
53,066667	3,471003E+0	3,755863E+0
53,133333	3,469061E+0	3,720751E+0
53,200000	3,468414E+0	3,700687E+0
53,266667	3,458705E+0	3,572779E+0
53,333333	3,461294E+0	3,705703E+0
53,400000	3,465177E+0	3,527635E+0
53,466667	3,465825E+0	3,565255E+0
53,533333	3,477475E+0	3,632971E+0
53,600000	3,571324E+0	3,999140E+0
53,666667	3,786205E+0	3,758371E+0
53,733333	4,087168E+0	4,004156E+0
53,800000	4,353181E+0	3,986600E+0
53,866667	4,501397E+0	4,096952E+0
53,933333	4,589420E+0	4,091936E+0
54,000000	4,577123E+0	4,192256E+0
54,066667	4,525344E+0	4,179716E+0
54,133333	4,463857E+0	4,375340E+0
54,200000	4,414020E+0	4,438040E+0
54,266667	4,406254E+0	4,362800E+0
54,333333	4,396545E+0	4,119524E+0
54,400000	4,288457E+0	4,109492E+0
54,466667	4,188136E+0	3,976568E+0
54,533333	4,188783E+0	3,851167E+0
54,600000	4,199786E+0	3,938947E+0
54,666667	4,161600E+0	3,979076E+0
54,733333	4,144772E+0	3,981584E+0
54,800000	4,128591E+0	3,984092E+0
54,866667	4,135710E+0	3,994124E+0
54,933333	4,156422E+0	4,066856E+0
55,000000	4,142830E+0	4,056824E+0
55,066667	4,071634E+0	4,104476E+0
55,133333	3,819861E+0	3,873739E+0
55,200000	3,246413E+0	3,364615E+0
55,266667	2,691735E+0	2,155758E+0
55,333333	2,521512E+0	5,230487E-1
55,400000	2,524101E+0	4,628566E-1
55,466667	2,525396E+0	4,653646E-1
55,533333	2,522160E+0	4,528246E-1
55,600000	2,521512E+0	4,653646E-1
55,666667	2,524101E+0	4,628566E-1
55,733333	2,523454E+0	4,553326E-1
55,800000	2,521512E+0	4,603486E-1
55,866667	2,522160E+0	4,553326E-1
55,933333	2,524101E+0	4,503166E-1
56,000000	2,521512E+0	4,603486E-1
56,066667	2,521512E+0	4,603486E-1
56,133333	2,524749E+0	4,553326E-1
56,200000	2,522160E+0	4,503166E-1
56,266667	2,522160E+0	4,703806E-1
56,333333	2,522160E+0	4,578406E-1
56,400000	2,517629E+0	4,578406E-1
56,466667	2,524101E+0	4,653646E-1
56,533333	2,523454E+0	5,155247E-1
56,600000	2,613419E+0	1,478597E+0
56,666667	2,621833E+0	1,270433E+0
56,733333	2,697560E+0	1,792098E+0
56,800000	2,735099E+0	2,246046E+0
56,866667	2,762930E+0	2,642310E+0
56,933333	2,806295E+0	2,266110E+0
57,000000	2,825064E+0	2,436654E+0
57,066667	2,821181E+0	2,562054E+0
57,133333	2,794645E+0	2,331318E+0
57,200000	2,764225E+0	2,371446E+0
57,266667	2,754516E+0	2,286174E+0
57,333333	2,755811E+0	2,328810E+0
57,400000	2,762930E+0	2,399034E+0
57,466667	2,786231E+0	2,559546E+0
57,533333	2,839304E+0	2,627262E+0
57,600000	2,821181E+0	2,564562E+0
57,666667	2,820534E+0	2,554530E+0
57,733333	2,826359E+0	2,710026E+0
57,800000	2,821828E+0	2,679930E+0
57,866667	2,794645E+0	2,657358E+0
57,933333	2,745455E+0	2,230998E+0
58,000000	2,594650E+0	1,483613E+0
58,066667	2,523454E+0	4,703806E-1
58,133333	2,523454E+0	4,528246E-1
58,200000	2,524749E+0	4,528246E-1
58,266667	2,522160E+0	4,578406E-1
58,333333	2,522160E+0	4,753966E-1
58,400000	2,522160E+0	4,678726E-1
58,466667	2,521512E+0	4,628566E-1
58,533333	2,522160E+0	4,503166E-1
58,600000	2,522160E+0	4,528246E-1
58,666667	2,522160E+0	4,603486E-1
58,733333	2,522807E+0	4,503166E-1
58,800000	2,522807E+0	4,528246E-1
58,866667	2,524101E+0	4,603486E-1
58,933333	2,522160E+0	4,628566E-1
59,000000	2,523454E+0	4,653646E-1
59,066667	2,523454E+0	4,678726E-1
59,133333	2,691735E+0	2,213442E+0
59,200000	2,713093E+0	2,261094E+0
59,266667	2,665198E+0	2,037882E+0
59,333333	2,613419E+0	1,889910E+0
59,400000	2,529926E+0	8,240089E-1
59,466667	2,522160E+0	5,054926E-1
59,533333	2,520865E+0	4,628566E-1
59,600000	2,525396E+0	4,628566E-1
59,666667	2,522807E+0	4,553326E-1
59,733333	2,523454E+0	4,628566E-1
59,800000	2,524749E+0	4,603486E-1
59,866667	2,521512E+0	4,553326E-1
59,933333	2,522807E+0	4,528246E-1
60,000000	2,522160E+0	4,528246E-1
60,066667	2,522807E+0	4,628566E-1
60,133333	2,522807E+0	4,653646E-1
60,200000	2,524101E+0	4,628566E-1
60,266667	2,520865E+0	4,603486E-1
60,333333	2,522807E+0	4,553326E-1
60,400000	2,523454E+0	4,528246E-1
60,466667	2,521512E+0	4,628566E-1
60,533333	2,522807E+0	4,628566E-1
60,600000	2,522160E+0	4,603486E-1
60,666667	2,522160E+0	4,703806E-1
60,733333	2,522807E+0	4,503166E-1
60,800000	2,523454E+0	4,678726E-1
60,866667	2,522807E+0	4,678726E-1
60,933333	2,520865E+0	4,628566E-1
61,000000	2,611478E+0	1,746954E+0
61,066667	2,805647E+0	2,278650E+0
61,133333	3,052890E+0	2,895619E+0
61,200000	3,164214E+0	3,171499E+0
61,266667	3,193340E+0	3,442363E+0
61,333333	3,167450E+0	3,332011E+0
61,400000	3,137678E+0	3,276835E+0
61,466667	3,129911E+0	3,216643E+0
61,533333	3,124086E+0	3,449887E+0
61,600000	3,105963E+0	3,246739E+0
61,666667	3,038651E+0	3,510079E+0
61,733333	2,847718E+0	3,146419E+0
61,800000	2,640603E+0	1,631586E+0
61,866667	2,521512E+0	4,603486E-1
61,933333	2,522807E+0	4,503166E-1
62,000000	2,523454E+0	4,653646E-1
62,066667	2,521512E+0	4,628566E-1
62,133333	2,522807E+0	4,628566E-1
62,200000	2,520865E+0	4,603486E-1
62,266667	2,522160E+0	4,678726E-1
62,333333	2,520865E+0	4,603486E-1
62,400000	2,522160E+0	4,603486E-1
62,466667	2,521512E+0	4,678726E-1
62,533333	2,520865E+0	4,528246E-1
62,600000	2,523454E+0	4,528246E-1
62,666667	2,522160E+0	4,528246E-1
62,733333	2,523454E+0	4,528246E-1
62,800000	2,524101E+0	4,578406E-1
62,866667	2,525396E+0	4,603486E-1
62,933333	2,597239E+0	1,493645E+0
63,000000	2,737688E+0	2,251062E+0
63,066667	2,784936E+0	2,396526E+0
63,133333	2,832831E+0	2,584626E+0
63,200000	2,865840E+0	2,812855E+0
63,266667	2,865193E+0	2,614722E+0
63,333333	2,874901E+0	2,787775E+0
63,400000	2,870371E+0	2,750154E+0
63,466667	2,881374E+0	2,852983E+0
63,533333	2,883315E+0	2,727582E+0
63,600000	2,892377E+0	2,797807E+0
63,666667	2,885904E+0	2,883079E+0
63,733333	2,878785E+0	2,792791E+0
63,800000	2,837362E+0	2,795299E+0
63,866667	2,715035E+0	2,449194E+0
63,933333	2,565524E+0	1,122461E+0
64,000000	2,522160E+0	4,503166E-1
64,066667	2,522807E+0	4,578406E-1
64,133333	2,523454E+0	4,528246E-1
64,200000	2,523454E+0	4,779046E-1
64,266667	2,524101E+0	4,703806E-1
64,333333	2,522807E+0	4,528246E-1
64,400000	2,524101E+0	4,628566E-1
64,466667	2,522807E+0	4,528246E-1
64,533333	2,521512E+0	4,528246E-1
64,600000	2,520865E+0	4,628566E-1
64,666667	2,522160E+0	4,528246E-1
64,733333	2,522160E+0	4,603486E-1
64,800000	2,521512E+0	4,628566E-1
64,866667	2,523454E+0	4,603486E-1
64,933333	2,520865E+0	4,553326E-1
65,000000	2,685909E+0	1,746954E+0
65,066667	2,850307E+0	2,456718E+0
65,133333	2,951275E+0	2,740122E+0
65,200000	2,943508E+0	2,765203E+0
65,266667	2,911794E+0	3,078703E+0
65,333333	2,856779E+0	2,727582E+0
65,400000	2,765519E+0	2,617230E+0
65,466667	2,667787E+0	1,917498E+0
65,533333	2,596591E+0	1,079825E+0
65,600000	2,522807E+0	4,578406E-1
65,666667	2,523454E+0	4,528246E-1
65,733333	2,521512E+0	4,603486E-1
65,800000	2,523454E+0	4,653646E-1
65,866667	2,521512E+0	4,553326E-1
65,933333	2,521512E+0	4,553326E-1
66,000000	2,521512E+0	4,628566E-1
66,066667	2,520865E+0	4,578406E-1
66,133333	2,522160E+0	4,503166E-1
66,200000	2,521512E+0	4,603486E-1
66,266667	2,522160E+0	4,503166E-1
66,333333	2,523454E+0	4,553326E-1
66,400000	2,521512E+0	4,628566E-1
66,466667	2,521512E+0	4,678726E-1
66,533333	2,522160E+0	4,603486E-1
66,600000	2,524101E+0	4,628566E-1
66,666667	2,524101E+0	4,603486E-1
66,733333	2,524101E+0	4,553326E-1
66,800000	2,524749E+0	4,628566E-1
66,866667	2,523454E+0	4,578406E-1
66,933333	2,524101E+0	4,553326E-1
67,000000	2,520865E+0	4,628566E-1
67,066667	2,522807E+0	4,503166E-1
67,133333	2,524101E+0	4,528246E-1
67,200000	2,520865E+0	4,628566E-1
67,266667	2,523454E+0	4,578406E-1
67,333333	2,522807E+0	4,628566E-1
67,400000	2,521512E+0	4,678726E-1
67,466667	2,520865E+0	4,628566E-1
67,533333	2,525396E+0	4,553326E-1
67,600000	2,524101E+0	4,603486E-1
67,666667	2,523454E+0	4,578406E-1
67,733333	2,522807E+0	4,503166E-1
67,800000	2,524101E+0	4,628566E-1
67,866667	2,521512E+0	4,653646E-1
67,933333	2,521512E+0	4,603486E-1
68,000000	2,521512E+0	4,653646E-1
68,066667	2,524101E+0	4,678726E-1
68,133333	2,871018E+0	2,722566E+0
68,200000	3,118908E+0	3,071179E+0
68,266667	3,318903E+0	3,454903E+0
68,333333	3,443819E+0	3,515095E+0
68,400000	3,588152E+0	3,720751E+0
68,466667	3,606274E+0	3,648019E+0
68,533333	3,489125E+0	3,637987E+0
68,600000	3,406279E+0	3,765895E+0
68,666667	3,350617E+0	3,643003E+0
68,733333	3,316314E+0	3,472459E+0
68,800000	3,248355E+0	3,291883E+0
68,866667	3,222465E+0	3,369631E+0
68,933333	3,165509E+0	3,372139E+0
69,000000	3,274891E+0	3,484999E+0
69,066667	3,966783E+0	3,803515E+0
69,133333	4,735048E+0	4,049300E+0
69,200000	4,980996E+0	4,275020E+0
69,266667	4,980996E+0	4,415468E+0
69,333333	4,914978E+0	4,249940E+0
69,400000	4,231501E+0	4,024220E+0
69,466667	3,619866E+0	4,164668E+0
69,533333	3,074249E+0	4,101968E+0
69,600000	2,745455E+0	3,911359E+0
69,666667	2,547402E+0	9,092810E-1
69,733333	2,522160E+0	4,503166E-1
69,800000	2,521512E+0	4,678726E-1
69,866667	2,524101E+0	4,478086E-1
69,933333	2,524749E+0	4,628566E-1
70,000000	2,520865E+0	4,628566E-1
70,066667	2,522807E+0	4,628566E-1
70,133333	2,520218E+0	4,603486E-1
70,200000	2,524101E+0	5,205407E-1
70,266667	2,522807E+0	4,628566E-1
70,333333	2,521512E+0	4,753966E-1
70,400000	2,524101E+0	4,628566E-1
70,466667	2,521512E+0	4,628566E-1
70,533333	2,522807E+0	4,678726E-1
70,600000	2,523454E+0	4,628566E-1
70,666667	2,524101E+0	4,553326E-1
70,733333	2,520865E+0	4,578406E-1
70,800000	2,522807E+0	4,653646E-1
70,866667	2,522807E+0	4,528246E-1
70,933333	2,570055E+0	1,232813E+0
71,000000	2,575880E+0	1,235321E+0
71,066667	2,569408E+0	9,343610E-1
71,133333	2,541577E+0	7,211808E-1
71,200000	2,520865E+0	4,578406E-1
71,266667	2,523454E+0	4,628566E-1
71,333333	2,520865E+0	4,653646E-1
71,400000	2,522807E+0	4,628566E-1
71,466667	2,521512E+0	4,603486E-1
71,533333	2,522807E+0	4,628566E-1
71,600000	2,522160E+0	4,703806E-1
71,666667	2,524101E+0	4,578406E-1
71,733333	2,522807E+0	4,528246E-1
71,800000	2,523454E+0	4,528246E-1
71,866667	2,522807E+0	4,503166E-1
71,933333	2,524101E+0	4,628566E-1
72,000000	2,622481E+0	1,433453E+0
72,066667	2,579763E+0	1,298021E+0
72,133333	2,556463E+0	7,061328E-1
72,200000	2,521512E+0	4,779046E-1
72,266667	2,522160E+0	4,603486E-1
72,333333	2,524749E+0	4,603486E-1
72,400000	2,522807E+0	4,553326E-1
72,466667	2,522160E+0	4,628566E-1
72,533333	2,523454E+0	4,553326E-1
72,600000	2,521512E+0	4,628566E-1
72,666667	2,522807E+0	4,478086E-1
72,733333	2,524101E+0	4,678726E-1
72,800000	2,523454E+0	4,603486E-1
72,866667	2,522807E+0	4,678726E-1
72,933333	2,522160E+0	4,678726E-1
73,000000	2,522160E+0	4,628566E-1
73,066667	2,524101E+0	4,503166E-1
73,133333	2,525396E+0	4,503166E-1
73,200000	2,525396E+0	4,603486E-1
73,266667	2,537693E+0	5,305727E-1
73,333333	2,544166E+0	6,083207E-1
73,400000	2,560346E+0	1,345673E+0
73,466667	2,589472E+0	1,167605E+0
73,533333	2,632836E+0	1,684254E+0
73,600000	2,750633E+0	2,220966E+0
73,666667	3,215346E+0	3,048607E+0
73,733333	3,933774E+0	3,643003E+0
73,800000	4,474860E+0	3,979076E+0
73,866667	4,452854E+0	3,981584E+0
73,933333	4,052865E+0	3,903835E+0
74,000000	3,608863E+0	3,557731E+0
74,066667	3,140267E+0	3,259279E+0
74,133333	2,786878E+0	2,549514E+0
74,200000	2,594002E+0	1,666698E+0
74,266667	2,522160E+0	4,628566E-1
74,333333	2,523454E+0	4,728886E-1
74,400000	2,524101E+0	4,578406E-1
74,466667	2,522160E+0	4,628566E-1
74,533333	2,522160E+0	4,553326E-1
74,600000	2,524101E+0	4,603486E-1
74,666667	2,523454E+0	4,603486E-1
74,733333	2,524101E+0	4,578406E-1
74,800000	2,523454E+0	4,628566E-1
74,866667	2,522807E+0	4,553326E-1
74,933333	2,524101E+0	4,678726E-1
75,000000	2,523454E+0	4,728886E-1
75,066667	2,520865E+0	4,553326E-1
75,133333	2,520865E+0	4,628566E-1
75,200000	2,522807E+0	4,628566E-1
75,266667	2,520865E+0	4,553326E-1
75,333333	2,522807E+0	4,628566E-1
75,400000	2,522807E+0	4,578406E-1
75,466667	2,521512E+0	4,553326E-1
75,533333	2,598533E+0	1,122461E+0
75,600000	3,092372E+0	3,016003E+0
75,666667	3,404985E+0	3,535159E+0
75,733333	3,314372E+0	3,419791E+0
75,800000	2,971986E+0	3,136387E+0
75,866667	2,843834E+0	2,552022E+0
75,933333	2,744808E+0	2,291190E+0
76,000000	2,573938E+0	9,945530E-1
76,066667	2,521512E+0	4,628566E-1
76,133333	2,523454E+0	4,628566E-1
76,200000	2,522807E+0	4,578406E-1
76,266667	2,521512E+0	4,779046E-1
76,333333	2,524101E+0	4,904446E-1
76,400000	2,521512E+0	4,603486E-1
76,466667	2,524101E+0	4,528246E-1
76,533333	2,524101E+0	4,628566E-1
76,600000	2,522160E+0	4,628566E-1
76,666667	2,521512E+0	4,578406E-1
76,733333	2,522160E+0	4,804126E-1
76,800000	2,520218E+0	4,728886E-1
76,866667	2,522807E+0	4,528246E-1
76,933333	2,521512E+0	4,628566E-1
77,000000	2,524101E+0	4,553326E-1
77,066667	2,524101E+0	4,578406E-1
77,133333	2,524749E+0	4,628566E-1
77,200000	2,522807E+0	4,628566E-1
77,266667	2,522160E+0	4,628566E-1
77,333333	2,520865E+0	4,628566E-1
77,400000	2,523454E+0	4,528246E-1
77,466667	2,521512E+0	4,628566E-1
77,533333	2,521512E+0	4,628566E-1
77,600000	2,522807E+0	4,628566E-1
77,666667	2,523454E+0	4,503166E-1
77,733333	2,523454E+0	4,678726E-1
77,800000	2,524101E+0	4,553326E-1
77,866667	2,521512E+0	4,603486E-1
77,933333	2,522807E+0	4,553326E-1
78,000000	2,522160E+0	4,628566E-1
78,066667	2,522160E+0	4,628566E-1
78,133333	2,523454E+0	4,628566E-1
78,200000	2,520865E+0	4,578406E-1
78,266667	2,524749E+0	4,603486E-1
78,333333	2,522807E+0	4,678726E-1
78,400000	2,521512E+0	4,578406E-1
78,466667	2,522807E+0	4,528246E-1
78,533333	2,522160E+0	4,653646E-1
78,600000	2,523454E+0	4,628566E-1
78,666667	2,522160E+0	4,503166E-1
78,733333	2,524101E+0	4,603486E-1
78,800000	2,524101E+0	4,553326E-1
78,866667	2,522160E+0	4,653646E-1
78,933333	2,524101E+0	4,628566E-1
79,000000	2,522160E+0	4,628566E-1
79,066667	2,524749E+0	4,578406E-1
79,133333	2,520865E+0	4,603486E-1
79,200000	2,523454E+0	4,628566E-1
79,266667	2,522807E+0	4,528246E-1
79,333333	2,522807E+0	4,653646E-1
79,400000	2,523454E+0	4,553326E-1
79,466667	2,522807E+0	4,528246E-1
79,533333	2,520865E+0	4,628566E-1
79,600000	2,521512E+0	4,553326E-1
79,666667	2,524101E+0	4,553326E-1
79,733333	2,611478E+0	1,345673E+0
79,800000	2,686557E+0	2,148234E+0
79,866667	2,726038E+0	2,579610E+0
79,933333	2,753869E+0	2,476782E+0
80,000000	2,803059E+0	2,802823E+0
80,066667	2,960336E+0	2,762695E+0
80,133333	3,386862E+0	3,279343E+0
80,200000	3,384273E+0	3,535159E+0
80,266667	3,138325E+0	3,021019E+0
80,333333	2,777169E+0	2,376462E+0
80,400000	2,559699E+0	6,634968E-1
80,466667	2,520865E+0	4,603486E-1
80,533333	2,522160E+0	4,553326E-1
80,600000	2,523454E+0	4,478086E-1
80,666667	2,524101E+0	4,653646E-1
80,733333	2,523454E+0	4,528246E-1
80,800000	2,522807E+0	4,503166E-1
80,866667	2,522160E+0	4,628566E-1
80,933333	2,521512E+0	4,603486E-1
81,000000	2,520865E+0	4,603486E-1
81,066667	2,521512E+0	4,603486E-1
81,133333	2,524101E+0	4,628566E-1
81,200000	2,522807E+0	4,503166E-1
81,266667	2,520218E+0	4,603486E-1
81,333333	2,524101E+0	4,578406E-1
81,400000	2,522160E+0	4,503166E-1
81,466667	2,523454E+0	4,653646E-1
81,533333	2,522160E+0	4,603486E-1
81,600000	2,523454E+0	4,553326E-1
81,666667	2,524101E+0	4,628566E-1
81,733333	2,522160E+0	4,653646E-1
81,800000	2,522160E+0	4,503166E-1
81,866667	2,521512E+0	4,628566E-1
81,933333	2,524101E+0	4,553326E-1
82,000000	2,523454E+0	4,553326E-1
82,066667	2,523454E+0	4,603486E-1
82,133333	2,594650E+0	1,563870E+0
82,200000	2,709210E+0	2,456718E+0
82,266667	2,787525E+0	2,466750E+0
82,333333	2,828301E+0	2,659866E+0
82,400000	2,830890E+0	2,747646E+0
82,466667	2,837362E+0	2,868031E+0
82,533333	2,829595E+0	2,915683E+0
82,600000	2,816003E+0	2,857999E+0
82,666667	2,791408E+0	3,053623E+0
82,733333	2,777816E+0	2,622246E+0
82,800000	2,761636E+0	2,745138E+0
82,866667	2,753222E+0	2,557038E+0
82,933333	2,751927E+0	2,419098E+0
83,000000	2,743513E+0	2,341350E+0
83,066667	2,743513E+0	2,544498E+0
83,133333	2,982989E+0	3,181531E+0
83,200000	3,711126E+0	3,723259E+0
83,266667	3,748665E+0	3,813547E+0
83,333333	3,833453E+0	3,803515E+0
83,400000	3,820508E+0	3,946471E+0
83,466667	3,817919E+0	4,046792E+0
83,533333	3,775202E+0	3,901327E+0
83,600000	3,738310E+0	4,001648E+0
83,666667	3,728601E+0	4,021712E+0
83,733333	3,722129E+0	3,841135E+0
83,800000	3,704006E+0	3,906343E+0
83,866667	3,695592E+0	3,883771E+0
83,933333	3,679411E+0	3,918883E+0
84,000000	3,667114E+0	3,893803E+0
84,066667	3,672292E+0	3,861199E+0
84,133333	3,680706E+0	3,853675E+0
84,200000	3,693651E+0	3,823579E+0
84,266667	3,715656E+0	3,873739E+0
84,333333	3,748018E+0	3,931423E+0
84,400000	3,774555E+0	3,969043E+0
84,466667	3,798502E+0	3,948979E+0
84,533333	3,804327E+0	3,926407E+0
84,600000	3,815330E+0	3,964027E+0
84,666667	3,808858E+0	3,964027E+0
84,733333	3,808211E+0	3,881263E+0
84,800000	3,803033E+0	3,986600E+0
84,866667	3,800444E+0	3,986600E+0
84,933333	3,797855E+0	4,004156E+0
85,000000	3,782969E+0	4,014188E+0
85,066667	3,792677E+0	3,858691E+0
85,133333	3,791383E+0	3,886279E+0
85,200000	3,793972E+0	3,959011E+0
85,266667	3,803033E+0	4,044284E+0
85,333333	3,802386E+0	3,989108E+0
85,400000	3,799797E+0	4,056824E+0
85,466667	3,790088E+0	4,004156E+0
85,533333	3,793324E+0	3,994124E+0
85,600000	3,795266E+0	4,021712E+0
85,666667	3,790088E+0	4,079396E+0
85,733333	3,790088E+0	4,076888E+0
85,800000	3,790088E+0	4,024220E+0
85,866667	3,795913E+0	3,974060E+0
85,933333	3,799149E+0	3,994124E+0
86,000000	3,795266E+0	3,938947E+0
86,066667	3,803033E+0	3,901327E+0
86,133333	3,813389E+0	3,933931E+0
86,200000	3,826980E+0	3,984092E+0
86,266667	3,812741E+0	3,986600E+0
86,333333	3,712420E+0	3,956503E+0
86,400000	3,322139E+0	3,562747E+0
86,466667	2,886552E+0	2,960827E+0
86,533333	2,646428E+0	1,656666E+0
86,600000	2,559699E+0	1,062269E+0
86,666667	2,549343E+0	9,142970E-1
86,733333	2,584941E+0	3,264295E+0
86,800000	2,599180E+0	2,321286E+0
86,866667	2,582999E+0	8,741689E-1
86,933333	2,544813E+0	7,512768E-1
87,000000	2,522160E+0	4,653646E-1
87,066667	2,523454E+0	4,904446E-1
87,133333	2,523454E+0	4,603486E-1
87,200000	2,524749E+0	4,578406E-1
87,266667	2,522807E+0	4,553326E-1
87,333333	2,521512E+0	4,528246E-1
87,400000	2,520218E+0	4,804126E-1
87,466667	2,521512E+0	4,628566E-1
87,533333	2,522160E+0	4,528246E-1
87,600000	2,523454E+0	4,553326E-1
87,666667	2,521512E+0	4,653646E-1
87,733333	2,524101E+0	4,678726E-1
87,800000	2,524101E+0	5,180327E-1
87,866667	2,521512E+0	4,653646E-1
87,933333	2,523454E+0	4,553326E-1
88,000000	2,521512E+0	4,603486E-1
88,066667	2,522807E+0	4,678726E-1
88,133333	2,520865E+0	4,528246E-1
88,200000	2,524101E+0	4,703806E-1
88,266667	2,560346E+0	8,641369E-1
88,333333	2,753222E+0	3,673099E+0
88,400000	3,423107E+0	3,402235E+0
88,466667	3,799149E+0	3,758371E+0
88,533333	3,948013E+0	3,846151E+0
88,600000	3,738310E+0	4,091936E+0
88,666667	3,227643E+0	3,244231E+0
88,733333	2,785583E+0	2,419098E+0
88,800000	2,564877E+0	9,418850E-1
88,866667	2,522160E+0	4,628566E-1
88,933333	2,520218E+0	4,578406E-1
89,000000	2,524749E+0	4,603486E-1
89,066667	2,522807E+0	4,628566E-1
89,133333	2,521512E+0	4,578406E-1
89,200000	2,522160E+0	4,678726E-1
89,266667	2,522160E+0	4,528246E-1
89,333333	2,523454E+0	4,628566E-1
89,400000	2,523454E+0	4,703806E-1
89,466667	2,522807E+0	4,528246E-1
89,533333	2,524101E+0	4,728886E-1
89,600000	2,522807E+0	4,653646E-1
89,666667	2,522160E+0	4,528246E-1
89,733333	2,524101E+0	4,553326E-1
89,800000	2,521512E+0	4,628566E-1
89,866667	2,522160E+0	4,653646E-1
89,933333	2,524101E+0	4,553326E-1
90,000000	2,544813E+0	6,810528E-1
90,066667	2,555816E+0	1,185161E+0
90,133333	2,560346E+0	1,395833E+0
90,200000	2,562288E+0	1,032173E+0
90,266667	2,562935E+0	1,222781E+0
90,333333	2,603711E+0	1,779558E+0
90,400000	2,687204E+0	2,022834E+0
90,466667	2,670376E+0	1,962642E+0
90,533333	2,610830E+0	1,669206E+0
90,600000	2,548696E+0	6,760368E-1
90,666667	2,522160E+0	4,503166E-1
90,733333	2,524101E+0	4,779046E-1
90,800000	2,522807E+0	4,553326E-1
90,866667	2,524101E+0	4,703806E-1
90,933333	2,522807E+0	4,628566E-1
91,000000	2,523454E+0	4,703806E-1
91,066667	2,522160E+0	4,503166E-1
91,133333	2,523454E+0	4,779046E-1
91,200000	2,522807E+0	4,553326E-1
91,266667	2,521512E+0	4,578406E-1
91,333333	2,548049E+0	6,835608E-1
91,400000	2,563583E+0	1,548822E+0
91,466667	2,610183E+0	1,626570E+0
91,533333	2,638661E+0	3,515095E+0
91,600000	2,687204E+0	4,089428E+0
91,666667	2,688498E+0	3,778435E+0
91,733333	2,746749E+0	3,010987E+0
91,800000	2,891729E+0	2,737614E+0
91,866667	3,234115E+0	3,314455E+0
91,933333	3,645755E+0	3,675607E+0
92,000000	4,081343E+0	4,320164E+0
92,066667	4,429554E+0	4,059332E+0
92,133333	4,407548E+0	4,094444E+0
92,200000	4,248329E+0	4,109492E+0
92,266667	3,814683E+0	3,858691E+0
92,333333	3,349970E+0	3,515095E+0
92,400000	2,926680E+0	2,995939E+0
92,466667	2,689793E+0	2,057946E+0
92,533333	2,617303E+0	1,395833E+0
92,600000	2,601122E+0	1,380785E+0
92,666667	2,576527E+0	1,162589E+0
92,733333	2,578469E+0	9,744890E-1
92,800000	2,582352E+0	1,145033E+0
92,866667	2,577174E+0	1,190177E+0
92,933333	2,578469E+0	1,032173E+0
93,000000	2,570055E+0	1,270433E+0
93,066667	2,546107E+0	1,097381E+0
93,133333	2,523454E+0	4,578406E-1
93,200000	2,522160E+0	4,653646E-1
93,266667	2,524749E+0	4,478086E-1
93,333333	2,520865E+0	4,578406E-1
93,400000	2,522160E+0	4,703806E-1
93,466667	2,522807E+0	4,503166E-1
93,533333	2,522160E+0	4,628566E-1
93,600000	2,523454E+0	4,528246E-1
93,666667	2,522807E+0	4,528246E-1
93,733333	2,524101E+0	4,804126E-1
93,800000	2,521512E+0	4,628566E-1
93,866667	2,524749E+0	4,528246E-1
93,933333	2,521512E+0	4,553326E-1
94,000000	2,522807E+0	4,929526E-1
94,066667	2,521512E+0	4,879366E-1
94,133333	2,522160E+0	4,854286E-1
94,200000	2,524749E+0	4,879366E-1
94,266667	2,521512E+0	4,628566E-1
94,333333	2,522160E+0	4,528246E-1
94,400000	2,524101E+0	4,628566E-1
94,466667	2,547402E+0	6,108287E-1
94,533333	2,570702E+0	1,393325E+0
94,600000	2,605005E+0	1,879878E+0
94,666667	2,634778E+0	3,801007E+0
94,733333	2,661315E+0	4,039268E+0
94,800000	2,715035E+0	3,678115E+0
94,866667	2,810825E+0	2,614722E+0
94,933333	2,997228E+0	2,955811E+0
95,000000	3,335731E+0	3,394711E+0
95,066667	3,736368E+0	3,698179E+0
95,133333	4,173250E+0	4,152128E+0
95,200000	4,476155E+0	4,109492E+0
95,266667	4,736342E+0	4,187240E+0
95,333333	4,968699E+0	4,204796E+0
95,400000	4,982938E+0	4,295084E+0
95,466667	4,982291E+0	4,392896E+0
95,533333	4,687800E+0	4,144604E+0
95,600000	3,987494E+0	3,883771E+0
95,666667	3,172628E+0	3,234199E+0
95,733333	2,781053E+0	2,188362E+0
95,800000	2,571997E+0	9,243290E-1
95,866667	2,523454E+0	4,553326E-1
95,933333	2,520218E+0	4,603486E-1
96,000000	2,523454E+0	4,678726E-1
96,066667	2,522807E+0	4,503166E-1
96,133333	2,522160E+0	4,553326E-1
96,200000	2,522160E+0	4,628566E-1
96,266667	2,524101E+0	4,578406E-1
96,333333	2,522160E+0	4,553326E-1
96,400000	2,523454E+0	4,503166E-1
96,466667	2,520218E+0	4,553326E-1
96,533333	2,522160E+0	4,728886E-1
96,600000	2,522160E+0	4,528246E-1
96,666667	2,523454E+0	4,603486E-1
96,733333	2,521512E+0	4,628566E-1
96,800000	2,522160E+0	4,678726E-1
96,866667	2,521512E+0	4,628566E-1
96,933333	2,521512E+0	4,628566E-1
97,000000	2,525396E+0	4,578406E-1
97,066667	2,546107E+0	5,732087E-1
97,133333	2,599180E+0	1,526249E+0
97,200000	2,772639E+0	3,891295E+0
97,266667	3,115672E+0	3,622939E+0
97,333333	3,590741E+0	3,607891E+0
97,400000	4,140241E+0	3,966535E+0
97,466667	4,582301E+0	4,064348E+0
97,533333	4,933101E+0	4,159652E+0
97,600000	4,982938E+0	4,239908E+0
97,666667	4,981643E+0	4,285052E+0
97,733333	4,982291E+0	4,305116E+0
97,800000	4,848961E+0	4,147112E+0
97,866667	3,659994E+0	3,790975E+0
97,933333	2,898202E+0	2,900635E+0
98,000000	2,534457E+0	5,431127E-1
98,066667	2,522160E+0	4,628566E-1
98,133333	2,524101E+0	4,628566E-1
98,200000	2,523454E+0	4,628566E-1
98,266667	2,522160E+0	4,603486E-1
98,333333	2,522807E+0	4,728886E-1
98,400000	2,523454E+0	4,653646E-1
98,466667	2,522807E+0	4,578406E-1
98,533333	2,523454E+0	4,703806E-1
98,600000	2,524101E+0	4,578406E-1
98,666667	2,521512E+0	4,578406E-1
98,733333	2,520865E+0	4,628566E-1
98,800000	2,521512E+0	4,578406E-1
98,866667	2,522160E+0	4,528246E-1
98,933333	2,520865E+0	4,904446E-1
99,000000	2,522160E+0	4,528246E-1
99,066667	2,522807E+0	4,528246E-1
99,133333	2,522807E+0	4,653646E-1
99,200000	2,587530E+0	1,383293E+0
99,266667	3,058068E+0	2,775235E+0
99,333333	3,231527E+0	3,234199E+0
99,400000	3,096255E+0	3,041083E+0
99,466667	2,806295E+0	2,414082E+0
99,533333	2,564230E+0	6,384168E-1
99,600000	2,520865E+0	4,553326E-1
99,666667	2,521512E+0	4,578406E-1
99,733333	2,522160E+0	4,728886E-1
99,800000	2,522160E+0	4,553326E-1
99,866667	2,524749E+0	4,578406E-1
99,933333	2,521512E+0	4,603486E-1
100,000000	2,522807E+0	4,578406E-1
100,066667	2,522160E+0	4,603486E-1
100,133333	2,524101E+0	4,653646E-1
100,200000	2,521512E+0	4,603486E-1
100,266667	2,522807E+0	4,703806E-1
100,333333	2,520865E+0	4,879366E-1
100,400000	2,522160E+0	4,653646E-1
100,466667	2,522160E+0	4,553326E-1
100,533333	2,520865E+0	4,653646E-1
100,600000	2,520865E+0	4,553326E-1
100,666667	2,526043E+0	4,503166E-1
100,733333	2,628953E+0	2,233506E+0
100,800000	2,744160E+0	2,373954E+0
100,866667	2,857426E+0	2,649834E+0
100,933333	2,963572E+0	3,128863E+0
101,000000	3,122144E+0	3,121339E+0
101,066667	3,313725E+0	3,301915E+0
101,133333	3,524076E+0	3,447379E+0
101,200000	3,680059E+0	3,723259E+0
101,266667	3,820508E+0	3,986600E+0
101,333333	3,902059E+0	3,881263E+0
101,400000	3,996555E+0	3,901327E+0
101,466667	4,057395E+0	3,961519E+0
101,533333	4,091699E+0	3,953995E+0
101,600000	4,129238E+0	3,986600E+0
101,666667	4,142830E+0	3,964027E+0
101,733333	4,129238E+0	3,821071E+0
101,800000	4,103349E+0	3,846151E+0
101,866667	4,036684E+0	3,798499E+0
101,933333	3,935068E+0	3,793483E+0
102,000000	3,892351E+0	3,808531E+0
102,066667	3,880054E+0	3,953995E+0
102,133333	3,896234E+0	3,768403E+0
102,200000	3,909826E+0	3,848659E+0
102,266667	3,921476E+0	3,838627E+0
102,333333	3,936363E+0	4,312640E+0
102,400000	3,953838E+0	3,838627E+0
102,466667	3,947366E+0	4,227368E+0
102,533333	3,942835E+0	4,009172E+0
102,600000	3,949307E+0	3,951487E+0
102,666667	3,958369E+0	3,974060E+0
102,733333	3,961605E+0	4,340228E+0
102,800000	3,933774E+0	3,986600E+0
102,866667	3,868403E+0	4,330196E+0
102,933333	3,811447E+0	3,826087E+0
103,000000	3,790735E+0	3,798499E+0
103,066667	3,775202E+0	3,856183E+0
103,133333	3,784910E+0	3,831103E+0
103,200000	3,775849E+0	3,765895E+0
103,266667	3,770024E+0	3,806023E+0
103,333333	3,768082E+0	3,740815E+0
103,400000	3,773907E+0	3,718243E+0
103,466667	3,779085E+0	3,916375E+0
103,533333	3,795913E+0	4,194764E+0
103,600000	3,792030E+0	4,132064E+0
103,666667	3,808211E+0	4,142096E+0
103,733333	3,826333E+0	3,923899E+0
103,800000	3,816625E+0	4,031744E+0
103,866667	3,805622E+0	3,851167E+0
103,933333	3,779732E+0	3,753355E+0
104,000000	3,769377E+0	3,823579E+0
104,066667	3,766788E+0	3,841135E+0
104,133333	3,761610E+0	3,866215E+0
104,200000	3,762257E+0	3,891295E+0
104,266667	3,749313E+0	3,911359E+0
104,333333	3,735073E+0	3,931423E+0
104,400000	3,731837E+0	3,866215E+0
104,466667	3,741546E+0	3,873739E+0
104,533333	3,734426E+0	3,821071E+0
104,600000	3,709184E+0	3,851167E+0
104,666667	3,699476E+0	3,994124E+0
104,733333	3,724070E+0	3,931423E+0
104,800000	3,737015E+0	3,984092E+0
104,866667	3,717598E+0	3,966535E+0
104,933333	3,714362E+0	4,112000E+0
105,000000	3,713715E+0	4,134572E+0
105,066667	3,707242E+0	4,101968E+0
105,133333	3,702712E+0	4,039268E+0
105,200000	3,696887E+0	4,034252E+0
105,266667	3,707890E+0	4,049300E+0
105,333333	3,773260E+0	4,031744E+0
105,400000	4,033448E+0	4,034252E+0
105,466667	4,287163E+0	4,081904E+0
105,533333	4,487158E+0	4,169684E+0
105,600000	4,582948E+0	4,224860E+0
105,666667	4,590715E+0	4,192256E+0
105,733333	4,474860E+0	4,342736E+0
105,800000	4,201728E+0	4,234892E+0
105,866667	4,003675E+0	4,247432E+0
105,933333	3,770671E+0	3,913867E+0
106,000000	3,458705E+0	3,778435E+0
106,066667	3,067777E+0	3,271819E+0
106,133333	2,823123E+0	2,735106E+0
106,200000	2,711799E+0	2,153250E+0
106,266667	2,628953E+0	1,405865E+0
106,333333	2,598533E+0	1,481105E+0
106,400000	2,568113E+0	1,039697E+0
106,466667	2,581058E+0	1,185161E+0
106,533333	2,592708E+0	1,576410E+0
106,600000	2,595944E+0	1,463549E+0
106,666667	2,619892E+0	1,493645E+0
106,733333	2,647723E+0	3,497539E+0
106,800000	2,696912E+0	2,817871E+0
106,866667	2,788172E+0	2,394018E+0
106,933333	2,928622E+0	2,622246E+0
107,000000	3,049654E+0	3,046099E+0
107,066667	3,143503E+0	3,216643E+0
107,133333	3,204343E+0	3,141403E+0
107,200000	3,223112E+0	3,241723E+0
107,266667	3,215346E+0	3,271819E+0
107,333333	3,186220E+0	3,364615E+0
107,400000	3,187515E+0	3,226675E+0
107,466667	3,182984E+0	3,334519E+0
107,533333	3,168745E+0	3,329503E+0
107,600000	3,173276E+0	3,113815E+0
107,666667	3,177806E+0	3,397219E+0
107,733333	3,169392E+0	3,344551E+0
107,800000	3,170687E+0	3,316963E+0
107,866667	3,145445E+0	3,449887E+0
107,933333	3,140914E+0	3,311947E+0
108,000000	3,129911E+0	3,176515E+0
108,066667	3,113730E+0	3,256771E+0
108,133333	3,107258E+0	3,241723E+0
108,200000	3,100138E+0	3,211627E+0
108,266667	3,093666E+0	3,261787E+0
108,333333	3,073602E+0	3,352075E+0
108,400000	3,052243E+0	3,321979E+0
108,466667	3,039298E+0	3,342043E+0
108,533333	3,028295E+0	3,266803E+0
108,600000	3,036062E+0	3,357091E+0
108,666667	3,020529E+0	3,329503E+0
108,733333	3,039298E+0	3,266803E+0
108,800000	3,043182E+0	3,379663E+0
108,866667	3,060657E+0	3,342043E+0
108,933333	3,076838E+0	3,377155E+0
109,000000	3,098197E+0	3,397219E+0
109,066667	3,134442E+0	3,367123E+0
109,133333	3,167450E+0	3,324487E+0
109,200000	3,197870E+0	3,507571E+0
109,266667	3,196576E+0	3,527635E+0
109,333333	3,201107E+0	3,484999E+0
109,400000	3,199165E+0	3,490015E+0
109,466667	3,189456E+0	3,482491E+0
109,533333	3,192045E+0	3,439855E+0
109,600000	3,189456E+0	3,505063E+0
109,666667	3,194634E+0	3,291883E+0
109,733333	3,194634E+0	3,482491E+0
109,800000	3,198518E+0	3,520111E+0
109,866667	3,210168E+0	3,502555E+0
109,933333	3,220524E+0	3,467443E+0
110,000000	3,232821E+0	3,404743E+0
110,066667	3,258710E+0	3,660559E+0
110,133333	3,272302E+0	3,582811E+0
110,200000	3,284600E+0	3,482491E+0
110,266667	3,282011E+0	3,484999E+0
110,333333	3,288483E+0	3,542683E+0
110,400000	3,293661E+0	3,582811E+0
110,466667	3,294308E+0	3,650527E+0
110,533333	3,291719E+0	3,680623E+0
110,600000	3,293014E+0	3,645511E+0
110,666667	3,304664E+0	3,597859E+0
110,733333	3,318256E+0	3,685639E+0
110,800000	3,343498E+0	3,477475E+0
110,866667	3,349970E+0	3,565255E+0
110,933333	3,355148E+0	3,472459E+0
111,000000	3,373270E+0	3,637987E+0
111,066667	3,372623E+0	3,510079E+0
111,133333	3,375212E+0	3,650527E+0
111,200000	3,360326E+0	3,477475E+0
111,266667	3,351265E+0	3,547699E+0
111,333333	3,346734E+0	3,567763E+0
111,400000	3,343498E+0	3,567763E+0
111,466667	3,331848E+0	3,617923E+0
111,533333	3,325375E+0	3,627955E+0
111,600000	3,313725E+0	3,615415E+0
111,666667	3,307900E+0	3,590335E+0
111,733333	3,262594E+0	3,590335E+0
111,800000	3,230879E+0	3,590335E+0
111,866667	3,208873E+0	3,482491E+0
111,933333	3,215346E+0	3,582811E+0
112,000000	3,210815E+0	3,332011E+0
112,066667	3,209521E+0	3,382171E+0
112,133333	3,197870E+0	3,452395E+0
112,200000	3,193340E+0	3,369631E+0
112,266667	3,191398E+0	3,372139E+0
112,333333	3,186220E+0	3,424807E+0
112,400000	3,181042E+0	3,379663E+0
112,466667	3,176512E+0	3,404743E+0
112,533333	3,177159E+0	3,407251E+0
112,600000	3,179101E+0	3,432331E+0
112,666667	3,172628E+0	3,479983E+0
112,733333	3,170687E+0	3,495031E+0
112,800000	3,178453E+0	3,422299E+0
112,866667	3,177159E+0	3,424807E+0
112,933333	3,177806E+0	3,404743E+0
113,000000	3,177806E+0	3,457411E+0
113,066667	3,181690E+0	3,515095E+0
113,133333	3,184926E+0	3,490015E+0
113,200000	3,180395E+0	3,502555E+0
113,266667	3,182984E+0	3,522619E+0
113,333333	3,187515E+0	3,525127E+0
113,400000	3,184279E+0	3,512587E+0
113,466667	3,186220E+0	3,500047E+0
113,533333	3,191398E+0	3,532651E+0
113,600000	3,188162E+0	3,530143E+0
113,666667	3,192045E+0	3,530143E+0
113,733333	3,193340E+0	3,550207E+0
113,800000	3,184926E+0	3,550207E+0
113,866667	3,183631E+0	3,512587E+0
113,933333	3,189456E+0	3,552715E+0
114,000000	3,173923E+0	3,540175E+0
114,066667	3,156448E+0	3,527635E+0
114,133333	3,142856E+0	3,497539E+0
114,200000	3,132500E+0	3,412267E+0
114,266667	3,113730E+0	3,337027E+0
114,333333	3,116966E+0	3,357091E+0
114,400000	3,120203E+0	3,397219E+0
114,466667	3,113730E+0	3,422299E+0
114,533333	3,124733E+0	3,407251E+0
114,600000	3,124086E+0	3,402235E+0
114,666667	3,134442E+0	3,510079E+0
114,733333	3,135089E+0	3,520111E+0
114,800000	3,137678E+0	3,424807E+0
114,866667	3,089783E+0	3,404743E+0
114,933333	2,903380E+0	3,018511E+0
115,000000	2,685909E+0	2,027850E+0
115,066667	2,557110E+0	7,863889E-1
115,133333	2,523454E+0	4,528246E-1
115,200000	2,521512E+0	4,528246E-1
115,266667	2,522160E+0	4,653646E-1
115,333333	2,524749E+0	4,503166E-1
115,400000	2,523454E+0	4,553326E-1
115,466667	2,522807E+0	4,703806E-1
115,533333	2,523454E+0	4,603486E-1
115,600000	2,522160E+0	4,603486E-1
115,666667	2,522807E+0	4,728886E-1
115,733333	2,523454E+0	4,553326E-1
115,800000	2,522160E+0	4,678726E-1
115,866667	2,524101E+0	4,578406E-1
115,933333	2,524101E+0	4,804126E-1
116,000000	2,523454E+0	4,728886E-1
116,066667	2,713093E+0	3,733291E+0
116,133333	2,841245E+0	3,414775E+0
116,200000	2,875549E+0	2,326302E+0
116,266667	2,909205E+0	2,288682E+0
116,333333	2,905969E+0	2,775235E+0
116,400000	2,916324E+0	2,755170E+0
116,466667	2,919560E+0	2,855491E+0
116,533333	2,925386E+0	3,081211E+0
116,600000	2,933152E+0	2,925715E+0
116,666667	2,938330E+0	2,863015E+0
116,733333	2,933152E+0	3,419791E+0
116,800000	2,895613E+0	2,674914E+0
116,866667	2,779111E+0	2,328810E+0
116,933333	2,625070E+0	1,536281E+0
117,000000	2,531868E+0	5,506367E-1
117,066667	2,524101E+0	4,578406E-1
117,133333	2,522807E+0	4,678726E-1
117,200000	2,521512E+0	4,628566E-1
117,266667	2,522807E+0	4,553326E-1
117,333333	2,524749E+0	4,553326E-1
117,400000	2,522160E+0	4,678726E-1
117,466667	2,523454E+0	4,553326E-1
117,533333	2,520865E+0	4,553326E-1
117,600000	2,617950E+0	1,932546E+0
117,666667	2,753222E+0	2,243538E+0
117,733333	2,779758E+0	2,140710E+0
117,800000	2,839304E+0	2,657358E+0
117,866667	2,858073E+0	3,986600E+0
117,933333	2,831537E+0	2,526942E+0
118,000000	2,683321E+0	2,022834E+0
118,066667	2,547402E+0	9,469010E-1
118,133333	2,522807E+0	4,703806E-1
118,200000	2,522807E+0	4,578406E-1
118,266667	2,522160E+0	4,628566E-1
118,333333	2,522807E+0	4,503166E-1
118,400000	2,521512E+0	4,628566E-1
118,466667	2,522807E+0	4,628566E-1
118,533333	2,562935E+0	8,741689E-1
118,600000	2,522160E+0	4,628566E-1
118,666667	2,521512E+0	4,553326E-1
118,733333	2,524101E+0	4,703806E-1
118,800000	2,520865E+0	4,753966E-1
118,866667	2,521512E+0	4,728886E-1
118,933333	2,524101E+0	4,678726E-1
119,000000	2,520865E+0	4,628566E-1
119,066667	2,521512E+0	4,603486E-1
119,133333	2,538988E+0	5,080006E-1
119,200000	2,588177E+0	1,353197E+0
119,266667	2,523454E+0	4,703806E-1
119,333333	2,520865E+0	4,553326E-1
119,400000	2,521512E+0	4,628566E-1
119,466667	2,523454E+0	4,628566E-1
119,533333	2,524101E+0	4,553326E-1
119,600000	2,521512E+0	4,603486E-1
119,666667	2,524101E+0	4,603486E-1
119,733333	2,524749E+0	4,553326E-1
119,800000	2,522807E+0	4,628566E-1
119,866667	2,526690E+0	4,653646E-1
119,933333	2,864546E+0	2,213442E+0
120,000000	2,664551E+0	1,839750E+0

