date/time: ,29/11/2019,02:08 p.m.
Run 1

time	(V)	(V)
0,000000	2,518923E+0	4,603486E-1
0,066667	2,518923E+0	4,553326E-1
0,133333	2,523454E+0	4,603486E-1
0,200000	2,519571E+0	4,603486E-1
0,266667	2,521512E+0	4,628566E-1
0,333333	2,521512E+0	4,653646E-1
0,400000	2,522807E+0	4,553326E-1
0,466667	2,520865E+0	4,628566E-1
0,533333	2,522160E+0	4,628566E-1
0,600000	2,522160E+0	4,578406E-1
0,666667	2,521512E+0	4,553326E-1
0,733333	2,521512E+0	4,678726E-1
0,800000	2,521512E+0	4,553326E-1
0,866667	2,520865E+0	4,553326E-1
0,933333	2,520865E+0	4,528246E-1
1,000000	2,521512E+0	4,628566E-1
1,066667	2,518923E+0	4,553326E-1
1,133333	2,522160E+0	4,603486E-1
1,200000	2,522160E+0	4,628566E-1
1,266667	2,523454E+0	4,578406E-1
1,333333	2,520865E+0	4,503166E-1
1,400000	2,521512E+0	4,628566E-1
1,466667	2,521512E+0	4,528246E-1
1,533333	2,521512E+0	4,528246E-1
1,600000	2,522160E+0	4,578406E-1
1,666667	2,520865E+0	4,503166E-1
1,733333	2,521512E+0	4,678726E-1
1,800000	2,521512E+0	4,528246E-1
1,866667	2,521512E+0	4,503166E-1
1,933333	2,521512E+0	4,653646E-1
2,000000	2,522807E+0	4,578406E-1
2,066667	2,521512E+0	4,628566E-1
2,133333	2,521512E+0	4,653646E-1
2,200000	2,522160E+0	4,503166E-1
2,266667	2,519571E+0	4,553326E-1
2,333333	2,519571E+0	4,678726E-1
2,400000	2,520865E+0	4,528246E-1
2,466667	2,522160E+0	4,628566E-1
2,533333	2,525396E+0	4,603486E-1
2,600000	2,527337E+0	4,578406E-1
2,666667	2,535752E+0	8,842010E-1
2,733333	2,544813E+0	9,218210E-1
2,800000	2,559699E+0	1,451009E+0
2,866667	2,573291E+0	1,679238E+0
2,933333	2,586236E+0	1,636602E+0
3,000000	2,603064E+0	1,731906E+0
3,066667	2,617950E+0	1,744446E+0
3,133333	2,635425E+0	1,917498E+0
3,200000	2,639956E+0	1,827210E+0
3,266667	2,643192E+0	1,832226E+0
3,333333	2,649664E+0	1,877370E+0
3,400000	2,651606E+0	1,957626E+0
3,466667	2,656137E+0	1,962642E+0
3,533333	2,659373E+0	2,030358E+0
3,600000	2,680732E+0	2,047914E+0
3,666667	2,717624E+0	2,183346E+0
3,733333	2,767461E+0	2,318778E+0
3,800000	2,869076E+0	2,649834E+0
3,866667	2,961631E+0	3,108799E+0
3,933333	3,016645E+0	3,281851E+0
4,000000	3,050301E+0	3,362107E+0
4,066667	3,075543E+0	3,372139E+0
4,133333	3,085899E+0	3,309439E+0
4,200000	3,087194E+0	3,311947E+0
4,266667	3,096255E+0	3,497539E+0
4,333333	3,099491E+0	3,434839E+0
4,400000	3,105316E+0	3,442363E+0
4,466667	3,104022E+0	3,414775E+0
4,533333	3,105316E+0	3,442363E+0
4,600000	3,070366E+0	3,502555E+0
4,666667	2,805647E+0	2,780251E+0
4,733333	2,557757E+0	1,127477E+0
4,800000	2,520218E+0	4,628566E-1
4,866667	2,523454E+0	4,578406E-1
4,933333	2,521512E+0	4,678726E-1
5,000000	2,520865E+0	4,528246E-1
5,066667	2,521512E+0	4,503166E-1
5,133333	2,522807E+0	4,578406E-1
5,200000	2,519571E+0	4,553326E-1
5,266667	2,520865E+0	4,628566E-1
5,333333	2,520218E+0	4,603486E-1
5,400000	2,521512E+0	4,578406E-1
5,466667	2,522160E+0	4,553326E-1
5,533333	2,521512E+0	4,578406E-1
5,600000	2,520865E+0	4,628566E-1
5,666667	2,521512E+0	4,528246E-1
5,733333	2,522807E+0	4,578406E-1
5,800000	2,521512E+0	4,628566E-1
5,866667	2,519571E+0	4,553326E-1
5,933333	2,522807E+0	4,603486E-1
6,000000	2,521512E+0	4,503166E-1
6,066667	2,520865E+0	4,628566E-1
6,133333	2,523454E+0	4,578406E-1
6,200000	2,520865E+0	4,578406E-1
6,266667	2,520218E+0	4,578406E-1
6,333333	2,522807E+0	4,603486E-1
6,400000	2,522160E+0	4,578406E-1
6,466667	2,521512E+0	4,628566E-1
6,533333	2,520218E+0	4,603486E-1
6,600000	2,521512E+0	4,628566E-1
6,666667	2,520865E+0	4,503166E-1
6,733333	2,522160E+0	4,628566E-1
6,800000	2,520865E+0	4,678726E-1
6,866667	2,521512E+0	4,653646E-1
6,933333	2,523454E+0	4,603486E-1
7,000000	2,524101E+0	4,628566E-1
7,066667	2,529279E+0	4,603486E-1
7,133333	2,551932E+0	9,895370E-1
7,200000	2,663904E+0	1,787082E+0
7,266667	2,813414E+0	2,456718E+0
7,333333	2,931211E+0	2,870539E+0
7,400000	3,017293E+0	3,038575E+0
7,466667	3,057421E+0	3,088735E+0
7,533333	3,084605E+0	2,975875E+0
7,600000	3,113730E+0	3,189055E+0
7,666667	3,160978E+0	3,359599E+0
7,733333	3,234115E+0	3,349567E+0
7,800000	3,397865E+0	3,585319E+0
7,866667	3,577149E+0	3,625447E+0
7,933333	3,736368E+0	3,713227E+0
8,000000	3,808858E+0	3,632971E+0
8,066667	3,836042E+0	3,763387E+0
8,133333	3,878112E+0	3,753355E+0
8,200000	3,944777E+0	3,833611E+0
8,266667	3,957074E+0	3,861199E+0
8,333333	3,894293E+0	3,813547E+0
8,400000	3,805622E+0	3,753355E+0
8,466667	3,649639E+0	3,755863E+0
8,533333	3,181042E+0	3,374647E+0
8,600000	2,629600E+0	1,503677E+0
8,666667	2,519571E+0	4,628566E-1
8,733333	2,522160E+0	4,528246E-1
8,800000	2,520865E+0	4,478086E-1
8,866667	2,521512E+0	4,628566E-1
8,933333	2,521512E+0	4,528246E-1
9,000000	2,521512E+0	4,553326E-1
9,066667	2,520865E+0	4,628566E-1
9,133333	2,521512E+0	4,528246E-1
9,200000	2,520218E+0	4,578406E-1
9,266667	2,520865E+0	4,628566E-1
9,333333	2,520218E+0	4,779046E-1
9,400000	2,521512E+0	5,230487E-1
9,466667	2,522160E+0	5,230487E-1
9,533333	2,522807E+0	5,205407E-1
9,600000	2,519571E+0	5,180327E-1
9,666667	2,522807E+0	5,080006E-1
9,733333	2,521512E+0	5,155247E-1
9,800000	2,520865E+0	5,255567E-1
9,866667	2,522807E+0	5,155247E-1
9,933333	2,521512E+0	5,130166E-1
10,000000	2,518923E+0	5,029846E-1
10,066667	2,521512E+0	5,105086E-1
10,133333	2,522160E+0	5,029846E-1
10,200000	2,520865E+0	4,879366E-1
10,266667	2,521512E+0	4,879366E-1
10,333333	2,524101E+0	5,155247E-1
10,400000	2,632836E+0	2,052930E+0
10,466667	2,817945E+0	2,454210E+0
10,533333	2,740924E+0	2,366430E+0
10,600000	2,550638E+0	1,272941E+0
10,666667	2,521512E+0	4,653646E-1
10,733333	2,522807E+0	4,528246E-1
10,800000	2,520218E+0	4,603486E-1
10,866667	2,521512E+0	4,528246E-1
10,933333	2,520865E+0	4,503166E-1
11,000000	2,520218E+0	4,553326E-1
11,066667	2,522160E+0	4,603486E-1
11,133333	2,518923E+0	4,578406E-1
11,200000	2,521512E+0	4,528246E-1
11,266667	2,519571E+0	4,578406E-1
11,333333	2,519571E+0	4,653646E-1
11,400000	2,521512E+0	4,678726E-1
11,466667	2,521512E+0	5,130166E-1
11,533333	2,521512E+0	5,531447E-1
11,600000	2,521512E+0	5,355887E-1
11,666667	2,522160E+0	5,481287E-1
11,733333	2,521512E+0	5,355887E-1
11,800000	2,522160E+0	5,431127E-1
11,866667	2,520865E+0	5,481287E-1
11,933333	2,521512E+0	5,531447E-1
12,000000	2,522160E+0	5,606687E-1
12,066667	2,520865E+0	5,456207E-1
12,133333	2,520865E+0	5,631767E-1
12,200000	2,520865E+0	5,606687E-1
12,266667	2,522160E+0	5,456207E-1
12,333333	2,522807E+0	5,707007E-1
12,400000	2,533810E+0	9,594410E-1
12,466667	2,562935E+0	1,666698E+0
12,533333	2,643839E+0	2,140710E+0
12,600000	2,793997E+0	2,677422E+0
12,666667	2,848365E+0	2,800315E+0
12,733333	2,705974E+0	2,358906E+0
12,800000	2,543518E+0	9,243290E-1
12,866667	2,519571E+0	4,578406E-1
12,933333	2,520218E+0	4,603486E-1
13,000000	2,523454E+0	4,553326E-1
13,066667	2,520865E+0	4,653646E-1
13,133333	2,520865E+0	4,603486E-1
13,200000	2,521512E+0	4,553326E-1
13,266667	2,520218E+0	4,603486E-1
13,333333	2,523454E+0	4,603486E-1
13,400000	2,520218E+0	4,553326E-1
13,466667	2,520218E+0	4,603486E-1
13,533333	2,518923E+0	4,653646E-1
13,600000	2,518923E+0	4,553326E-1
13,666667	2,519571E+0	4,603486E-1
13,733333	2,522160E+0	4,603486E-1
13,800000	2,520218E+0	4,578406E-1
13,866667	2,522160E+0	4,528246E-1
13,933333	2,522160E+0	4,503166E-1
14,000000	2,520865E+0	4,628566E-1
14,066667	2,522160E+0	4,553326E-1
14,133333	2,529926E+0	5,080006E-1
14,200000	2,560346E+0	1,719366E+0
14,266667	2,724096E+0	2,368938E+0
14,333333	2,836067E+0	2,895619E+0
14,400000	2,790114E+0	2,868031E+0
14,466667	2,604358E+0	1,947594E+0
14,533333	2,523454E+0	4,603486E-1
14,600000	2,520218E+0	4,578406E-1
14,666667	2,519571E+0	4,578406E-1
14,733333	2,521512E+0	4,603486E-1
14,800000	2,520865E+0	4,528246E-1
14,866667	2,519571E+0	4,628566E-1
14,933333	2,520218E+0	4,628566E-1
15,000000	2,520865E+0	4,553326E-1
15,066667	2,522160E+0	4,578406E-1
15,133333	2,522807E+0	4,578406E-1
15,200000	2,520218E+0	4,578406E-1
15,266667	2,521512E+0	4,628566E-1
15,333333	2,522160E+0	4,553326E-1
15,400000	2,522160E+0	4,553326E-1
15,466667	2,524749E+0	4,728886E-1
15,533333	2,526690E+0	5,205407E-1
15,600000	2,522807E+0	4,578406E-1
15,666667	2,521512E+0	4,653646E-1
15,733333	2,521512E+0	4,603486E-1
15,800000	2,521512E+0	4,603486E-1
15,866667	2,519571E+0	4,628566E-1
15,933333	2,522807E+0	4,528246E-1
16,000000	2,524749E+0	5,406047E-1
16,066667	2,536399E+0	6,108287E-1
16,133333	2,564877E+0	1,656666E+0
16,200000	2,616656E+0	2,037882E+0
16,266667	2,682026E+0	2,241030E+0
16,333333	2,738335E+0	2,308746E+0
16,400000	2,792056E+0	2,617230E+0
16,466667	2,841245E+0	2,845459E+0
16,533333	2,880079E+0	3,021019E+0
16,600000	2,911794E+0	3,063655E+0
16,666667	2,920208E+0	3,108799E+0
16,733333	2,929916E+0	2,975875E+0
16,800000	2,944802E+0	3,056131E+0
16,866667	2,960983E+0	3,174007E+0
16,933333	2,982989E+0	3,151435E+0
17,000000	2,999817E+0	3,148927E+0
17,066667	3,020529E+0	3,199087E+0
17,133333	3,036062E+0	3,251755E+0
17,200000	3,050301E+0	3,362107E+0
17,266667	3,073602E+0	3,281851E+0
17,333333	3,084605E+0	3,231691E+0
17,400000	3,094313E+0	3,276835E+0
17,466667	3,106611E+0	3,281851E+0
17,533333	3,116966E+0	3,407251E+0
17,600000	3,132500E+0	3,399727E+0
17,666667	3,153211E+0	3,422299E+0
17,733333	3,164214E+0	3,525127E+0
17,800000	3,175865E+0	3,449887E+0
17,866667	3,188809E+0	3,510079E+0
17,933333	3,202401E+0	3,517603E+0
18,000000	3,212757E+0	3,532651E+0
18,066667	3,225701E+0	3,597859E+0
18,133333	3,234763E+0	3,632971E+0
18,200000	3,229585E+0	3,655543E+0
18,266667	3,226349E+0	3,645511E+0
18,333333	3,229585E+0	3,660559E+0
18,400000	3,238646E+0	3,678115E+0
18,466667	3,249002E+0	3,517603E+0
18,533333	3,261946E+0	3,537667E+0
18,600000	3,295603E+0	3,617923E+0
18,666667	3,364856E+0	3,703195E+0
18,733333	3,426991E+0	3,595351E+0
18,800000	3,472297E+0	3,673099E+0
18,866667	3,489125E+0	3,725767E+0
18,933333	3,492361E+0	3,753355E+0
19,000000	3,480711E+0	3,715735E+0
19,066667	3,459352E+0	3,673099E+0
19,133333	3,429580E+0	3,723259E+0
19,200000	3,401101E+0	3,723259E+0
19,266667	3,386862E+0	3,738307E+0
19,333333	3,372623E+0	3,718243E+0
19,400000	3,370034E+0	3,763387E+0
19,466667	3,355795E+0	3,730783E+0
19,533333	3,326670E+0	3,690655E+0
19,600000	3,287189E+0	3,630463E+0
19,666667	3,259358E+0	3,570271E+0
19,733333	3,254180E+0	3,552715E+0
19,800000	3,251591E+0	3,562747E+0
19,866667	3,239941E+0	3,565255E+0
19,933333	3,234115E+0	3,550207E+0
20,000000	3,231527E+0	3,512587E+0
20,066667	3,230232E+0	3,545191E+0
20,133333	3,225701E+0	3,542683E+0
20,200000	3,217287E+0	3,515095E+0
20,266667	3,201107E+0	3,520111E+0
20,333333	3,190751E+0	3,530143E+0
20,400000	3,176512E+0	3,547699E+0
20,466667	3,169392E+0	3,472459E+0
20,533333	3,157742E+0	3,510079E+0
20,600000	3,140267E+0	3,522619E+0
20,666667	3,134442E+0	3,469951E+0
20,733333	3,129911E+0	3,507571E+0
20,800000	3,119555E+0	3,525127E+0
20,866667	3,115025E+0	3,492523E+0
20,933333	3,104022E+0	3,464935E+0
21,000000	3,087841E+0	3,479983E+0
21,066667	3,076191E+0	3,409759E+0
21,133333	3,064541E+0	3,462427E+0
21,200000	3,056126E+0	3,522619E+0
21,266667	3,043182E+0	3,525127E+0
21,333333	3,027648E+0	3,402235E+0
21,400000	2,968750E+0	3,286867E+0
21,466667	2,823123E+0	2,699994E+0
21,533333	2,663904E+0	2,143218E+0
21,600000	2,586236E+0	1,877370E+0
21,666667	2,522807E+0	4,779046E-1
21,733333	2,521512E+0	4,578406E-1
21,800000	2,520865E+0	4,728886E-1
21,866667	2,521512E+0	4,703806E-1
21,933333	2,523454E+0	4,578406E-1
22,000000	2,520865E+0	4,603486E-1
22,066667	2,520218E+0	4,703806E-1
22,133333	2,520865E+0	4,528246E-1
22,200000	2,521512E+0	4,603486E-1
22,266667	2,520865E+0	4,528246E-1
22,333333	2,522160E+0	4,578406E-1
22,400000	2,522160E+0	4,578406E-1
22,466667	2,521512E+0	4,678726E-1
22,533333	2,523454E+0	4,553326E-1
22,600000	2,520218E+0	4,553326E-1
22,666667	2,521512E+0	4,528246E-1
22,733333	2,520865E+0	4,503166E-1
22,800000	2,521512E+0	4,503166E-1
22,866667	2,519571E+0	4,553326E-1
22,933333	2,519571E+0	4,578406E-1
23,000000	2,521512E+0	4,628566E-1
23,066667	2,520218E+0	4,603486E-1
23,133333	2,535104E+0	7,362288E-1
23,200000	2,652253E+0	2,088042E+0
23,266667	2,863898E+0	2,863015E+0
23,333333	3,082016E+0	3,028543E+0
23,400000	3,204990E+0	3,291883E+0
23,466667	3,184926E+0	3,342043E+0
23,533333	3,090430E+0	3,186547E+0
23,600000	3,045124E+0	3,309439E+0
23,666667	3,066482E+0	3,259279E+0
23,733333	2,979106E+0	3,118831E+0
23,800000	2,742866E+0	2,541990E+0
23,866667	2,548696E+0	6,986088E-1
23,933333	2,521512E+0	4,503166E-1
24,000000	2,521512E+0	4,628566E-1
24,066667	2,521512E+0	4,653646E-1
24,133333	2,521512E+0	4,553326E-1
24,200000	2,523454E+0	4,553326E-1
24,266667	2,521512E+0	4,703806E-1
24,333333	2,521512E+0	4,553326E-1
24,400000	2,521512E+0	4,628566E-1
24,466667	2,521512E+0	4,678726E-1
24,533333	2,520865E+0	4,603486E-1
24,600000	2,522160E+0	4,503166E-1
24,666667	2,520865E+0	4,678726E-1
24,733333	2,520218E+0	4,703806E-1
24,800000	2,520218E+0	4,728886E-1
24,866667	2,524749E+0	4,829206E-1
24,933333	2,594002E+0	1,932546E+0
25,000000	2,777816E+0	2,609706E+0
25,066667	2,931211E+0	3,123847E+0
25,133333	2,992698E+0	3,284359E+0
25,200000	2,964219E+0	3,337027E+0
25,266667	2,881374E+0	3,141403E+0
25,333333	2,835420E+0	3,123847E+0
25,400000	2,856779E+0	3,189055E+0
25,466667	2,831537E+0	3,043591E+0
25,533333	2,658726E+0	2,501862E+0
25,600000	2,524749E+0	4,553326E-1
25,666667	2,521512E+0	4,703806E-1
25,733333	2,519571E+0	4,578406E-1
25,800000	2,521512E+0	4,553326E-1
25,866667	2,520865E+0	4,678726E-1
25,933333	2,523454E+0	4,603486E-1
26,000000	2,520865E+0	4,528246E-1
26,066667	2,522807E+0	4,528246E-1
26,133333	2,521512E+0	4,653646E-1
26,200000	2,518923E+0	4,628566E-1
26,266667	2,519571E+0	4,578406E-1
26,333333	2,520865E+0	4,578406E-1
26,400000	2,520865E+0	4,503166E-1
26,466667	2,520218E+0	4,578406E-1
26,533333	2,522807E+0	4,528246E-1
26,600000	2,522807E+0	4,553326E-1
26,666667	2,521512E+0	4,628566E-1
26,733333	2,524749E+0	4,653646E-1
26,800000	2,555168E+0	6,108287E-1
26,866667	2,612772E+0	1,042205E+0
26,933333	2,719566E+0	1,704318E+0
27,000000	2,896260E+0	2,007786E+0
27,066667	2,993345E+0	2,459226E+0
27,133333	2,955158E+0	2,323794E+0
27,200000	2,705326E+0	1,935054E+0
27,266667	2,521512E+0	4,553326E-1
27,333333	2,524101E+0	4,553326E-1
27,400000	2,523454E+0	4,528246E-1
27,466667	2,521512E+0	4,703806E-1
27,533333	2,522160E+0	4,578406E-1
27,600000	2,522160E+0	4,553326E-1
27,666667	2,521512E+0	4,603486E-1
27,733333	2,521512E+0	4,528246E-1
27,800000	2,522807E+0	4,503166E-1
27,866667	2,519571E+0	4,578406E-1
27,933333	2,522807E+0	4,553326E-1
28,000000	2,525396E+0	4,929526E-1
28,066667	2,538340E+0	6,735288E-1
28,133333	2,588177E+0	1,997754E+0
28,200000	2,691735E+0	2,258586E+0
28,266667	2,914383E+0	2,890603E+0
28,333333	3,085899E+0	3,339535E+0
28,400000	3,101433E+0	3,291883E+0
28,466667	3,096255E+0	3,301915E+0
28,533333	3,098844E+0	3,199087E+0
28,600000	3,085252E+0	3,269311E+0
28,666667	2,940272E+0	3,036067E+0
28,733333	2,649664E+0	2,165790E+0
28,800000	2,520865E+0	4,503166E-1
28,866667	2,522160E+0	4,653646E-1
28,933333	2,520218E+0	4,578406E-1
29,000000	2,520218E+0	4,528246E-1
29,066667	2,522807E+0	4,603486E-1
29,133333	2,522160E+0	4,528246E-1
29,200000	2,520865E+0	4,553326E-1
29,266667	2,520865E+0	4,578406E-1
29,333333	2,521512E+0	4,503166E-1
29,400000	2,522160E+0	4,553326E-1
29,466667	2,518923E+0	4,603486E-1
29,533333	2,521512E+0	4,603486E-1
29,600000	2,522807E+0	4,578406E-1
29,666667	2,521512E+0	4,628566E-1
29,733333	2,521512E+0	4,603486E-1
29,800000	2,523454E+0	4,553326E-1
29,866667	2,521512E+0	4,528246E-1
29,933333	2,526043E+0	4,753966E-1
30,000000	2,637367E+0	2,218458E+0
30,066667	2,587530E+0	1,882386E+0
30,133333	2,520865E+0	4,578406E-1
30,200000	2,521512E+0	4,553326E-1
30,266667	2,520218E+0	4,628566E-1
30,333333	2,522160E+0	4,578406E-1
30,400000	2,521512E+0	4,628566E-1
30,466667	2,521512E+0	4,528246E-1
30,533333	2,520865E+0	4,528246E-1
30,600000	2,533810E+0	5,481287E-1
30,666667	2,598533E+0	1,142525E+0
30,733333	2,539635E+0	5,631767E-1
30,800000	2,521512E+0	4,503166E-1
30,866667	2,523454E+0	4,528246E-1
30,933333	2,520865E+0	4,628566E-1
31,000000	2,520865E+0	4,628566E-1
31,066667	2,521512E+0	4,628566E-1
31,133333	2,520218E+0	4,553326E-1
31,200000	2,518923E+0	4,553326E-1
31,266667	2,522160E+0	4,578406E-1
31,333333	2,520865E+0	4,628566E-1
31,400000	2,521512E+0	4,628566E-1
31,466667	2,520865E+0	4,528246E-1
31,533333	2,522160E+0	4,578406E-1
31,600000	2,520865E+0	4,578406E-1
31,666667	2,520218E+0	4,603486E-1
31,733333	2,534457E+0	1,328117E+0
31,800000	2,577174E+0	1,328117E+0
31,866667	2,537046E+0	1,072301E+0
31,933333	2,519571E+0	4,578406E-1
32,000000	2,520865E+0	4,553326E-1
32,066667	2,523454E+0	4,603486E-1
32,133333	2,520865E+0	4,678726E-1
32,200000	2,518923E+0	4,553326E-1
32,266667	2,521512E+0	4,628566E-1
32,333333	2,520865E+0	4,528246E-1
32,400000	2,518923E+0	4,578406E-1
32,466667	2,521512E+0	4,703806E-1
32,533333	2,521512E+0	4,553326E-1
32,600000	2,538988E+0	8,215009E-1
32,666667	2,597886E+0	1,892418E+0
32,733333	2,632836E+0	2,062962E+0
32,800000	2,643192E+0	1,987722E+0
32,866667	2,651606E+0	2,241030E+0
32,933333	2,656137E+0	2,316270E+0
33,000000	2,660667E+0	2,311254E+0
33,066667	2,664551E+0	2,399034E+0
33,133333	2,667787E+0	2,338842E+0
33,200000	2,672318E+0	2,341350E+0
33,266667	2,672965E+0	2,358906E+0
33,333333	2,679437E+0	2,381478E+0
33,400000	2,682673E+0	2,338842E+0
33,466667	2,691087E+0	2,268618E+0
33,533333	2,700149E+0	2,298714E+0
33,600000	2,702738E+0	2,236014E+0
33,666667	2,702738E+0	2,200902E+0
33,733333	2,703385E+0	2,236014E+0
33,800000	2,693676E+0	2,160774E+0
33,866667	2,667140E+0	1,854798E+0
33,933333	2,589472E+0	1,398341E+0
34,000000	2,519571E+0	4,628566E-1
34,066667	2,522160E+0	4,528246E-1
34,133333	2,520218E+0	4,603486E-1
34,200000	2,522807E+0	4,553326E-1
34,266667	2,521512E+0	4,703806E-1
34,333333	2,518923E+0	4,653646E-1
34,400000	2,522807E+0	4,578406E-1
34,466667	2,522160E+0	4,603486E-1
34,533333	2,519571E+0	4,578406E-1
34,600000	2,520218E+0	4,553326E-1
34,666667	2,520865E+0	4,653646E-1
34,733333	2,520218E+0	4,578406E-1
34,800000	2,519571E+0	4,553326E-1
34,866667	2,520865E+0	4,628566E-1
34,933333	2,520865E+0	4,503166E-1
35,000000	2,521512E+0	4,628566E-1
35,066667	2,521512E+0	4,503166E-1
35,133333	2,522160E+0	4,528246E-1
35,200000	2,518923E+0	4,578406E-1
35,266667	2,521512E+0	4,553326E-1
35,333333	2,523454E+0	4,578406E-1
35,400000	2,521512E+0	4,503166E-1
35,466667	2,522160E+0	4,603486E-1
35,533333	2,521512E+0	4,528246E-1
35,600000	2,522160E+0	4,503166E-1
35,666667	2,521512E+0	4,653646E-1
35,733333	2,521512E+0	4,528246E-1
35,800000	2,522160E+0	4,503166E-1
35,866667	2,527985E+0	4,553326E-1
35,933333	2,539635E+0	8,691529E-1
36,000000	2,568113E+0	1,593966E+0
36,066667	2,579116E+0	1,588950E+0
36,133333	2,629600E+0	1,676730E+0
36,200000	2,677495E+0	1,879878E+0
36,266667	2,693676E+0	2,037882E+0
36,333333	2,698854E+0	2,072994E+0
36,400000	2,694971E+0	1,990230E+0
36,466667	2,692382E+0	1,957626E+0
36,533333	2,697560E+0	1,987722E+0
36,600000	2,697560E+0	2,160774E+0
36,666667	2,696265E+0	2,178330E+0
36,733333	2,695618E+0	2,203410E+0
36,800000	2,693029E+0	2,145726E+0
36,866667	2,692382E+0	2,100582E+0
36,933333	2,693676E+0	2,078010E+0
37,000000	2,694323E+0	2,110614E+0
37,066667	2,691735E+0	2,135694E+0
37,133333	2,692382E+0	2,155758E+0
37,200000	2,701443E+0	2,238522E+0
37,266667	2,711799E+0	2,241030E+0
37,333333	2,713093E+0	2,210934E+0
37,400000	2,710504E+0	2,220966E+0
37,466667	2,705974E+0	2,200902E+0
37,533333	2,706621E+0	2,198394E+0
37,600000	2,702090E+0	2,170806E+0
37,666667	2,702090E+0	2,093058E+0
37,733333	2,707915E+0	2,055438E+0
37,800000	2,707915E+0	2,095566E+0
37,866667	2,700796E+0	2,015310E+0
37,933333	2,696912E+0	2,067978E+0
38,000000	2,702090E+0	2,093058E+0
38,066667	2,702738E+0	2,113122E+0
38,133333	2,704032E+0	2,138202E+0
38,200000	2,709210E+0	2,165790E+0
38,266667	2,746749E+0	2,333826E+0
38,333333	2,803706E+0	2,567070E+0
38,400000	2,839304E+0	2,479290E+0
38,466667	2,850307E+0	2,484306E+0
38,533333	2,852895E+0	2,720058E+0
38,600000	2,842540E+0	2,767711E+0
38,666667	2,832184E+0	2,710026E+0
38,733333	2,827653E+0	2,664882E+0
38,800000	2,823770E+0	2,677422E+0
38,866667	2,823123E+0	2,647326E+0
38,933333	2,830890E+0	2,629770E+0
39,000000	2,832184E+0	2,609706E+0
39,066667	2,838656E+0	2,521926E+0
39,133333	2,830242E+0	2,627262E+0
39,200000	2,829595E+0	2,602182E+0
39,266667	2,826359E+0	2,609706E+0
39,333333	2,829595E+0	2,536974E+0
39,400000	2,832831E+0	2,552022E+0
39,466667	2,831537E+0	2,499354E+0
39,533333	2,830890E+0	2,486814E+0
39,600000	2,832831E+0	2,627262E+0
39,666667	2,828301E+0	2,669898E+0
39,733333	2,823770E+0	2,662374E+0
39,800000	2,815356E+0	2,659866E+0
39,866667	2,815356E+0	2,664882E+0
39,933333	2,813414E+0	2,657358E+0
40,000000	2,816650E+0	2,682438E+0
40,066667	2,815356E+0	2,659866E+0
40,133333	2,811473E+0	2,659866E+0
40,200000	2,811473E+0	2,654850E+0
40,266667	2,805000E+0	2,649834E+0
40,333333	2,806942E+0	2,669898E+0
40,400000	2,827006E+0	2,677422E+0
40,466667	2,876196E+0	2,752662E+0
40,533333	2,934447E+0	2,787775E+0
40,600000	3,003701E+0	2,998447E+0
40,666667	3,057421E+0	2,918191E+0
40,733333	3,091077E+0	2,860507E+0
40,800000	3,098844E+0	2,822887E+0
40,866667	3,096902E+0	2,930731E+0
40,933333	3,087841E+0	2,938255E+0
41,000000	3,082016E+0	2,973367E+0
41,066667	3,082663E+0	2,920699E+0
41,133333	3,083310E+0	2,950795E+0
41,200000	3,078780E+0	2,970859E+0
41,266667	3,082016E+0	2,990923E+0
41,333333	3,075543E+0	2,980891E+0
41,400000	3,069718E+0	3,046099E+0
41,466667	3,061952E+0	3,041083E+0
41,533333	3,060010E+0	3,071179E+0
41,600000	3,056774E+0	2,948287E+0
41,666667	3,051596E+0	3,010987E+0
41,733333	3,049654E+0	3,048607E+0
41,800000	3,050949E+0	3,078703E+0
41,866667	3,055479E+0	3,046099E+0
41,933333	3,058715E+0	3,091243E+0
42,000000	3,062599E+0	3,108799E+0
42,066667	3,059363E+0	3,143911E+0
42,133333	3,062599E+0	3,071179E+0
42,200000	3,060657E+0	3,063655E+0
42,266667	3,050949E+0	3,071179E+0
42,333333	3,036062E+0	3,036067E+0
42,400000	3,028943E+0	3,021019E+0
42,466667	3,025707E+0	2,955811E+0
42,533333	3,030884E+0	3,033559E+0
42,600000	3,034121E+0	3,018511E+0
42,666667	3,030884E+0	3,058639E+0
42,733333	3,026354E+0	3,063655E+0
42,800000	3,014056E+0	3,056131E+0
42,866667	3,008231E+0	3,056131E+0
42,933333	3,003053E+0	3,026035E+0
43,000000	3,003053E+0	3,063655E+0
43,066667	3,001759E+0	3,053623E+0
43,133333	2,998523E+0	2,933239E+0
43,200000	2,997876E+0	3,068671E+0
43,266667	2,999817E+0	3,088735E+0
43,333333	2,992698E+0	3,093751E+0
43,400000	2,977164E+0	3,018511E+0
43,466667	2,971339E+0	3,041083E+0
43,533333	2,974575E+0	3,041083E+0
43,600000	2,968750E+0	2,980891E+0
43,666667	2,971339E+0	2,953303E+0
43,733333	2,977164E+0	2,940763E+0
43,800000	2,982989E+0	2,938255E+0
43,866667	2,982342E+0	3,016003E+0
43,933333	2,979106E+0	3,021019E+0
44,000000	2,976517E+0	2,910667E+0
44,066667	2,927327E+0	2,928223E+0
44,133333	2,778464E+0	2,140710E+0
44,200000	2,619892E+0	1,267925E+0
44,266667	2,528632E+0	5,230487E-1
44,333333	2,520865E+0	4,628566E-1
44,400000	2,523454E+0	4,553326E-1
44,466667	2,522807E+0	4,603486E-1
44,533333	2,520865E+0	4,578406E-1
44,600000	2,520218E+0	5,431127E-1
44,666667	2,522160E+0	5,380967E-1
44,733333	2,521512E+0	5,631767E-1
44,800000	2,520218E+0	4,553326E-1
44,866667	2,522160E+0	4,528246E-1
44,933333	2,521512E+0	4,628566E-1
45,000000	2,522807E+0	4,553326E-1
45,066667	2,521512E+0	4,603486E-1
45,133333	2,522160E+0	4,503166E-1
45,200000	2,520865E+0	4,578406E-1
45,266667	2,573291E+0	1,691778E+0
45,333333	2,764872E+0	2,489322E+0
45,400000	2,944155E+0	3,148927E+0
45,466667	3,003053E+0	3,156451E+0
45,533333	3,007584E+0	3,151435E+0
45,600000	2,989462E+0	3,261787E+0
45,666667	3,004348E+0	3,141403E+0
45,733333	3,056126E+0	3,324487E+0
45,800000	3,027648E+0	3,407251E+0
45,866667	2,808884E+0	2,842951E+0
45,933333	2,573291E+0	1,335641E+0
46,000000	2,521512E+0	4,603486E-1
46,066667	2,523454E+0	4,578406E-1
46,133333	2,518276E+0	4,603486E-1
46,200000	2,521512E+0	4,553326E-1
46,266667	2,520218E+0	4,753966E-1
46,333333	2,522160E+0	4,703806E-1
46,400000	2,522807E+0	4,628566E-1
46,466667	2,522160E+0	4,528246E-1
46,533333	2,522807E+0	4,578406E-1
46,600000	2,521512E+0	4,553326E-1
46,666667	2,520865E+0	4,653646E-1
46,733333	2,520218E+0	4,553326E-1
46,800000	2,520218E+0	4,628566E-1
46,866667	2,520865E+0	4,553326E-1
46,933333	2,521512E+0	4,628566E-1
47,000000	2,529279E+0	6,233687E-1
47,066667	2,615361E+0	1,210241E+0
47,133333	2,560994E+0	8,340409E-1
47,200000	2,521512E+0	4,703806E-1
47,266667	2,522807E+0	4,528246E-1
47,333333	2,521512E+0	4,703806E-1
47,400000	2,519571E+0	4,703806E-1
47,466667	2,519571E+0	4,653646E-1
47,533333	2,519571E+0	4,703806E-1
47,600000	2,519571E+0	4,653646E-1
47,666667	2,521512E+0	4,678726E-1
47,733333	2,522807E+0	4,678726E-1
47,800000	2,520865E+0	4,603486E-1
47,866667	2,518923E+0	4,653646E-1
47,933333	2,521512E+0	4,603486E-1
48,000000	2,555168E+0	1,027157E+0
48,066667	2,602416E+0	1,523741E+0
48,133333	2,535752E+0	6,685128E-1
48,200000	2,520865E+0	4,653646E-1
48,266667	2,518923E+0	4,703806E-1
48,333333	2,519571E+0	4,703806E-1
48,400000	2,519571E+0	4,653646E-1
48,466667	2,516982E+0	4,628566E-1
48,533333	2,521512E+0	4,628566E-1
48,600000	2,522807E+0	4,628566E-1
48,666667	2,521512E+0	4,553326E-1
48,733333	2,521512E+0	4,678726E-1
48,800000	2,520865E+0	4,628566E-1
48,866667	2,521512E+0	4,528246E-1
48,933333	2,521512E+0	4,528246E-1
49,000000	2,520865E+0	4,503166E-1
49,066667	2,520865E+0	4,678726E-1
49,133333	2,522807E+0	4,578406E-1
49,200000	2,521512E+0	4,628566E-1
49,266667	2,522160E+0	4,578406E-1
49,333333	2,519571E+0	4,553326E-1
49,400000	2,522160E+0	4,503166E-1
49,466667	2,527337E+0	5,681927E-1
49,533333	2,542871E+0	1,538789E+0
49,600000	2,740924E+0	2,080518E+0
49,666667	3,106611E+0	3,023527E+0
49,733333	3,460647E+0	3,525127E+0
49,800000	3,742193E+0	3,612907E+0
49,866667	3,899470E+0	3,758371E+0
49,933333	3,952544E+0	3,610399E+0
50,000000	4,044451E+0	3,758371E+0
50,066667	4,089110E+0	3,600367E+0
50,133333	4,122118E+0	3,745831E+0
50,200000	4,068398E+0	3,713227E+0
50,266667	3,896234E+0	3,673099E+0
50,333333	3,469708E+0	3,429823E+0
50,400000	2,798528E+0	1,859814E+0
50,466667	2,520865E+0	4,578406E-1
50,533333	2,523454E+0	4,603486E-1
50,600000	2,522160E+0	4,628566E-1
50,666667	2,521512E+0	4,628566E-1
50,733333	2,521512E+0	4,653646E-1
50,800000	2,518923E+0	4,553326E-1
50,866667	2,521512E+0	4,528246E-1
50,933333	2,520865E+0	4,503166E-1
51,000000	2,521512E+0	4,779046E-1
51,066667	2,521512E+0	4,728886E-1
51,133333	2,518923E+0	4,728886E-1
51,200000	2,522160E+0	4,603486E-1
51,266667	2,520218E+0	4,628566E-1
51,333333	2,521512E+0	4,528246E-1
51,400000	2,520218E+0	4,653646E-1
51,466667	2,521512E+0	4,578406E-1
51,533333	2,518923E+0	4,653646E-1
51,600000	2,521512E+0	4,703806E-1
51,666667	2,522807E+0	4,678726E-1
51,733333	2,521512E+0	4,753966E-1
51,800000	2,522160E+0	4,703806E-1
51,866667	2,520218E+0	4,703806E-1
51,933333	2,522160E+0	4,653646E-1
52,000000	2,522160E+0	4,753966E-1
52,066667	2,524101E+0	5,757167E-1
52,133333	2,527337E+0	5,305727E-1
52,200000	2,542224E+0	1,619046E+0
52,266667	2,663904E+0	2,098074E+0
52,333333	2,999170E+0	2,953303E+0
52,400000	3,403043E+0	3,081211E+0
52,466667	3,764846E+0	3,718243E+0
52,533333	4,038625E+0	3,803515E+0
52,600000	4,201081E+0	3,923899E+0
52,666667	4,337000E+0	3,896311E+0
52,733333	4,340236E+0	3,881263E+0
52,800000	4,287163E+0	3,811039E+0
52,866667	4,310463E+0	3,881263E+0
52,933333	4,350592E+0	3,821071E+0
53,000000	4,377775E+0	3,853675E+0
53,066667	4,348650E+0	3,891295E+0
53,133333	4,235384E+0	3,803515E+0
53,200000	3,843808E+0	3,617923E+0
53,266667	3,124733E+0	2,865523E+0
53,333333	2,552580E+0	8,992490E-1
53,400000	2,520865E+0	4,603486E-1
53,466667	2,524101E+0	4,603486E-1
53,533333	2,521512E+0	4,653646E-1
53,600000	2,520865E+0	4,628566E-1
53,666667	2,520865E+0	4,503166E-1
53,733333	2,519571E+0	4,628566E-1
53,800000	2,522807E+0	4,553326E-1
53,866667	2,520218E+0	4,528246E-1
53,933333	2,518923E+0	4,603486E-1
54,000000	2,522807E+0	4,553326E-1
54,066667	2,523454E+0	4,603486E-1
54,133333	2,522160E+0	4,779046E-1
54,200000	2,520218E+0	5,004766E-1
54,266667	2,521512E+0	4,753966E-1
54,333333	2,521512E+0	5,029846E-1
54,400000	2,520218E+0	4,904446E-1
54,466667	2,520218E+0	4,804126E-1
54,533333	2,521512E+0	4,929526E-1
54,600000	2,522807E+0	4,703806E-1
54,666667	2,519571E+0	4,728886E-1
54,733333	2,522807E+0	4,753966E-1
54,800000	2,522160E+0	4,678726E-1
54,866667	2,521512E+0	4,829206E-1
54,933333	2,520865E+0	4,779046E-1
55,000000	2,522807E+0	4,728886E-1
55,066667	2,522807E+0	4,728886E-1
55,133333	2,520218E+0	4,804126E-1
55,200000	2,521512E+0	4,829206E-1
55,266667	2,522160E+0	4,703806E-1
55,333333	2,520865E+0	4,804126E-1
55,400000	2,520865E+0	4,753966E-1
55,466667	2,520218E+0	4,728886E-1
55,533333	2,520865E+0	4,753966E-1
55,600000	2,520865E+0	4,753966E-1
55,666667	2,522807E+0	4,753966E-1
55,733333	2,522807E+0	4,753966E-1
55,800000	2,520865E+0	4,753966E-1
55,866667	2,520218E+0	4,879366E-1
55,933333	2,524101E+0	4,753966E-1
56,000000	2,526043E+0	4,804126E-1
56,066667	2,542871E+0	1,704318E+0
56,133333	2,691735E+0	2,358906E+0
56,200000	2,997876E+0	3,111307E+0
56,266667	3,295603E+0	3,394711E+0
56,333333	3,452233E+0	3,507571E+0
56,400000	3,528606E+0	3,622939E+0
56,466667	3,538962E+0	3,713227E+0
56,533333	3,518251E+0	3,708211E+0
56,600000	3,502717E+0	3,821071E+0
56,666667	3,365504E+0	3,763387E+0
56,733333	2,933800E+0	3,121339E+0
56,800000	2,588177E+0	1,827210E+0
56,866667	2,521512E+0	4,678726E-1
56,933333	2,520218E+0	4,603486E-1
57,000000	2,521512E+0	4,503166E-1
57,066667	2,520865E+0	4,753966E-1
57,133333	2,521512E+0	4,728886E-1
57,200000	2,521512E+0	4,653646E-1
57,266667	2,522160E+0	4,678726E-1
57,333333	2,518923E+0	4,728886E-1
57,400000	2,519571E+0	4,703806E-1
57,466667	2,522160E+0	4,653646E-1
57,533333	2,519571E+0	4,728886E-1
57,600000	2,522160E+0	4,578406E-1
57,666667	2,520218E+0	4,678726E-1
57,733333	2,520218E+0	4,703806E-1
57,800000	2,520218E+0	4,728886E-1
57,866667	2,520865E+0	4,703806E-1
57,933333	2,519571E+0	4,728886E-1
58,000000	2,521512E+0	4,829206E-1
58,066667	2,518923E+0	4,728886E-1
58,133333	2,521512E+0	4,779046E-1
58,200000	2,520865E+0	4,728886E-1
58,266667	2,520218E+0	4,603486E-1
58,333333	2,522807E+0	4,678726E-1
58,400000	2,520865E+0	4,628566E-1
58,466667	2,520865E+0	4,703806E-1
58,533333	2,519571E+0	4,703806E-1
58,600000	2,521512E+0	4,553326E-1
58,666667	2,518923E+0	4,578406E-1
58,733333	2,523454E+0	4,553326E-1
58,800000	2,536399E+0	5,957807E-1
58,866667	2,613419E+0	2,015310E+0
58,933333	2,582352E+0	1,927530E+0
59,000000	2,529279E+0	6,334007E-1
59,066667	2,520865E+0	4,503166E-1
59,133333	2,520218E+0	4,703806E-1
59,200000	2,521512E+0	4,703806E-1
59,266667	2,521512E+0	4,728886E-1
59,333333	2,519571E+0	4,703806E-1
59,400000	2,522807E+0	4,678726E-1
59,466667	2,519571E+0	4,628566E-1
59,533333	2,522160E+0	4,578406E-1
59,600000	2,535752E+0	5,531447E-1
59,666667	2,588825E+0	1,842258E+0
59,733333	2,549991E+0	1,102397E+0
59,800000	2,522160E+0	4,628566E-1
59,866667	2,521512E+0	4,553326E-1
59,933333	2,520865E+0	4,653646E-1
60,000000	2,522160E+0	4,678726E-1
60,066667	2,522160E+0	4,678726E-1
60,133333	2,520865E+0	4,603486E-1
60,200000	2,521512E+0	4,628566E-1
60,266667	2,521512E+0	4,528246E-1
60,333333	2,522160E+0	4,603486E-1
60,400000	2,521512E+0	4,503166E-1
60,466667	2,531221E+0	4,804126E-1
60,533333	2,704679E+0	2,409066E+0
60,600000	2,975870E+0	3,076195E+0
60,666667	3,239941E+0	3,522619E+0
60,733333	3,417282E+0	3,768403E+0
60,800000	3,538315E+0	3,846151E+0
60,866667	3,604980E+0	3,878755E+0
60,933333	3,693003E+0	4,026728E+0
61,000000	3,819861E+0	4,089428E+0
61,066667	3,905943E+0	4,004156E+0
61,133333	3,973255E+0	4,006664E+0
61,200000	4,030859E+0	3,933931E+0
61,266667	4,043803E+0	3,964027E+0
61,333333	4,069693E+0	4,024220E+0
61,400000	4,082637E+0	3,991616E+0
61,466667	4,085226E+0	3,946471E+0
61,533333	4,077459E+0	4,039268E+0
61,600000	4,089757E+0	4,094444E+0
61,666667	4,115646E+0	3,941455E+0
61,733333	4,120177E+0	4,061840E+0
61,800000	4,100113E+0	4,009172E+0
61,866667	4,041214E+0	4,041776E+0
61,933333	3,749313E+0	3,906343E+0
62,000000	3,142856E+0	3,497539E+0
62,066667	2,692382E+0	2,692470E+0
62,133333	2,526690E+0	5,080006E-1
62,200000	2,521512E+0	4,578406E-1
62,266667	2,518923E+0	4,578406E-1
62,333333	2,521512E+0	4,603486E-1
62,400000	2,522807E+0	4,578406E-1
62,466667	2,521512E+0	4,703806E-1
62,533333	2,519571E+0	4,678726E-1
62,600000	2,521512E+0	4,653646E-1
62,666667	2,522160E+0	4,528246E-1
62,733333	2,520865E+0	4,678726E-1
62,800000	2,521512E+0	4,703806E-1
62,866667	2,518923E+0	4,753966E-1
62,933333	2,523454E+0	4,603486E-1
63,000000	2,521512E+0	4,603486E-1
63,066667	2,521512E+0	4,653646E-1
63,133333	2,523454E+0	4,728886E-1
63,200000	2,522160E+0	4,628566E-1
63,266667	2,526043E+0	4,603486E-1
63,333333	2,529279E+0	4,603486E-1
63,400000	2,534457E+0	6,785448E-1
63,466667	2,542224E+0	8,415649E-1
63,533333	2,534457E+0	1,047221E+0
63,600000	2,528632E+0	5,907647E-1
63,666667	2,529926E+0	7,914049E-1
63,733333	2,530574E+0	7,337208E-1
63,800000	2,527337E+0	5,105086E-1
63,866667	2,524101E+0	4,603486E-1
63,933333	2,525396E+0	4,678726E-1
64,000000	2,530574E+0	6,258767E-1
64,066667	2,531868E+0	9,268370E-1
64,133333	2,526690E+0	5,581607E-1
64,200000	2,525396E+0	4,603486E-1
64,266667	2,523454E+0	4,653646E-1
64,333333	2,521512E+0	4,603486E-1
64,400000	2,523454E+0	4,578406E-1
64,466667	2,521512E+0	4,628566E-1
64,533333	2,526690E+0	5,255567E-1
64,600000	2,528632E+0	4,628566E-1
64,666667	2,535752E+0	7,989289E-1
64,733333	2,594002E+0	1,887402E+0
64,800000	2,699501E+0	2,318778E+0
64,866667	2,896260E+0	2,669898E+0
64,933333	3,120850E+0	3,008479E+0
65,000000	3,312431E+0	3,326995E+0
65,066667	3,407574E+0	3,462427E+0
65,133333	3,489772E+0	3,592843E+0
65,200000	3,626986E+0	3,688147E+0
65,266667	3,784263E+0	3,793483E+0
65,333333	3,941541E+0	3,783451E+0
65,400000	4,100113E+0	3,816055E+0
65,466667	4,225028E+0	3,883771E+0
65,533333	4,270335E+0	3,906343E+0
65,600000	4,280043E+0	3,956503E+0
65,666667	4,279396E+0	4,036760E+0
65,733333	4,295577E+0	3,984092E+0
65,800000	4,303991E+0	4,014188E+0
65,866667	4,305933E+0	4,019204E+0
65,933333	4,305285E+0	3,971551E+0
66,000000	4,271629E+0	3,981584E+0
66,066667	4,266451E+0	4,001648E+0
66,133333	4,258037E+0	4,039268E+0
66,200000	4,214026E+0	3,966535E+0
66,266667	4,047687E+0	3,938947E+0
66,333333	3,622455E+0	3,592843E+0
66,400000	3,146739E+0	3,201595E+0
66,466667	2,799822E+0	2,689962E+0
66,533333	2,548049E+0	9,619490E-1
66,600000	2,521512E+0	4,578406E-1
66,666667	2,523454E+0	4,553326E-1
66,733333	2,522807E+0	4,578406E-1
66,800000	2,521512E+0	4,628566E-1
66,866667	2,520865E+0	4,628566E-1
66,933333	2,522807E+0	4,703806E-1
67,000000	2,518923E+0	4,728886E-1
67,066667	2,519571E+0	4,628566E-1
67,133333	2,521512E+0	4,653646E-1
67,200000	2,520865E+0	4,503166E-1
67,266667	2,522807E+0	4,578406E-1
67,333333	2,521512E+0	4,804126E-1
67,400000	2,521512E+0	4,703806E-1
67,466667	2,524749E+0	4,603486E-1
67,533333	2,527337E+0	4,528246E-1
67,600000	2,538340E+0	1,343165E+0
67,666667	2,600475E+0	1,940070E+0
67,733333	2,700149E+0	2,173314E+0
67,800000	2,770050E+0	2,619738E+0
67,866667	2,798528E+0	2,802823E+0
67,933333	2,820534E+0	2,760187E+0
68,000000	2,823770E+0	2,634786E+0
68,066667	2,827653E+0	2,687454E+0
68,133333	2,857426E+0	3,158959E+0
68,200000	2,869076E+0	3,259279E+0
68,266667	2,859368E+0	3,121339E+0
68,333333	2,845776E+0	3,083719E+0
68,400000	2,838009E+0	3,053623E+0
68,466667	2,838656E+0	2,963335E+0
68,533333	2,839951E+0	3,108799E+0
68,600000	2,842540E+0	3,121339E+0
68,666667	2,860662E+0	3,161467E+0
68,733333	2,904674E+0	3,036067E+0
68,800000	2,946097E+0	3,041083E+0
68,866667	2,946744E+0	3,098767E+0
68,933333	2,933152E+0	3,174007E+0
69,000000	2,920208E+0	3,121339E+0
69,066667	2,912441E+0	3,123847E+0
69,133333	2,908557E+0	3,131371E+0
69,200000	2,914383E+0	3,181531E+0
69,266667	2,910499E+0	3,061147E+0
69,333333	2,896260E+0	3,048607E+0
69,400000	2,889140E+0	3,023527E+0
69,466667	2,884610E+0	2,925715E+0
69,533333	2,896907E+0	2,955811E+0
69,600000	2,901438E+0	2,940763E+0
69,666667	2,906616E+0	2,945779E+0
69,733333	2,906616E+0	2,908159E+0
69,800000	2,899496E+0	2,930731E+0
69,866667	2,892377E+0	2,920699E+0
69,933333	2,894318E+0	2,955811E+0
70,000000	2,896260E+0	2,960827E+0
70,066667	2,898849E+0	2,943271E+0
70,133333	2,900791E+0	2,930731E+0
70,200000	2,905321E+0	2,938255E+0
70,266667	2,909205E+0	2,923207E+0
70,333333	2,907263E+0	3,010987E+0
70,400000	2,909205E+0	2,983399E+0
70,466667	2,909205E+0	3,036067E+0
70,533333	2,907263E+0	3,023527E+0
70,600000	2,910499E+0	3,000955E+0
70,666667	2,912441E+0	3,010987E+0
70,733333	2,905969E+0	3,108799E+0
70,800000	2,908557E+0	3,066163E+0
70,866667	2,912441E+0	3,081211E+0
70,933333	2,904674E+0	3,071179E+0
71,000000	2,900791E+0	3,058639E+0
71,066667	2,903380E+0	3,058639E+0
71,133333	2,904674E+0	3,038575E+0
71,200000	2,902085E+0	3,026035E+0
71,266667	2,904027E+0	2,975875E+0
71,333333	2,904027E+0	3,000955E+0
71,400000	2,902085E+0	3,005971E+0
71,466667	2,904674E+0	3,016003E+0
71,533333	2,901438E+0	3,005971E+0
71,600000	2,908557E+0	3,016003E+0
71,666667	2,915030E+0	3,031051E+0
71,733333	2,918266E+0	3,043591E+0
71,800000	2,915030E+0	3,041083E+0
71,866667	2,909205E+0	3,031051E+0
71,933333	2,905321E+0	3,033559E+0
72,000000	2,904027E+0	3,098767E+0
72,066667	2,905321E+0	3,136387E+0
72,133333	2,901438E+0	3,141403E+0
72,200000	2,898202E+0	3,088735E+0
72,266667	2,898202E+0	3,116323E+0
72,333333	2,896907E+0	3,143911E+0
72,400000	2,902732E+0	3,143911E+0
72,466667	2,904674E+0	3,141403E+0
72,533333	2,907910E+0	3,151435E+0
72,600000	2,924091E+0	3,136387E+0
72,666667	2,975870E+0	3,016003E+0
72,733333	3,021176E+0	3,163975E+0
72,800000	3,058068E+0	3,209119E+0
72,866667	3,085899E+0	3,321979E+0
72,933333	3,102080E+0	3,171499E+0
73,000000	3,107258E+0	3,259279E+0
73,066667	3,102080E+0	3,289375E+0
73,133333	3,096902E+0	3,191563E+0
73,200000	3,098197E+0	3,236707E+0
73,266667	3,102080E+0	3,264295E+0
73,333333	3,109200E+0	3,234199E+0
73,400000	3,117614E+0	3,244231E+0
73,466667	3,122791E+0	3,231691E+0
73,533333	3,127322E+0	3,364615E+0
73,600000	3,136383E+0	3,256771E+0
73,666667	3,133794E+0	3,342043E+0
73,733333	3,137678E+0	3,349567E+0
73,800000	3,137031E+0	3,467443E+0
73,866667	3,143503E+0	3,497539E+0
73,933333	3,142856E+0	3,384679E+0
74,000000	3,146092E+0	3,402235E+0
74,066667	3,141561E+0	3,402235E+0
74,133333	3,137678E+0	3,399727E+0
74,200000	3,133147E+0	3,422299E+0
74,266667	3,132500E+0	3,417283E+0
74,333333	3,130558E+0	3,417283E+0
74,400000	3,131853E+0	3,402235E+0
74,466667	3,133794E+0	3,392203E+0
74,533333	3,135736E+0	3,417283E+0
74,600000	3,135089E+0	3,442363E+0
74,666667	3,133794E+0	3,329503E+0
74,733333	3,131853E+0	3,342043E+0
74,800000	3,128617E+0	3,414775E+0
74,866667	3,126675E+0	3,397219E+0
74,933333	3,121497E+0	3,364615E+0
75,000000	3,123439E+0	3,347059E+0
75,066667	3,126028E+0	3,347059E+0
75,133333	3,123439E+0	3,379663E+0
75,200000	3,121497E+0	3,354583E+0
75,266667	3,121497E+0	3,329503E+0
75,333333	3,119555E+0	3,324487E+0
75,400000	3,122791E+0	3,352075E+0
75,466667	3,127322E+0	3,339535E+0
75,533333	3,128617E+0	3,342043E+0
75,600000	3,128617E+0	3,339535E+0
75,666667	3,127969E+0	3,384679E+0
75,733333	3,131853E+0	3,352075E+0
75,800000	3,133794E+0	3,392203E+0
75,866667	3,133147E+0	3,409759E+0
75,933333	3,138325E+0	3,357091E+0
76,000000	3,140267E+0	3,274327E+0
76,066667	3,140914E+0	3,332011E+0
76,133333	3,145445E+0	3,337027E+0
76,200000	3,150622E+0	3,362107E+0
76,266667	3,148034E+0	3,344551E+0
76,333333	3,152564E+0	3,324487E+0
76,400000	3,151917E+0	3,319471E+0
76,466667	3,150622E+0	3,316963E+0
76,533333	3,148034E+0	3,311947E+0
76,600000	3,140267E+0	3,321979E+0
76,666667	3,137678E+0	3,324487E+0
76,733333	3,132500E+0	3,342043E+0
76,800000	3,133794E+0	3,342043E+0
76,866667	3,137678E+0	3,357091E+0
76,933333	3,170687E+0	3,342043E+0
77,000000	3,259358E+0	3,595351E+0
77,066667	3,320845E+0	3,457411E+0
77,133333	3,343498E+0	3,490015E+0
77,200000	3,339614E+0	3,527635E+0
77,266667	3,327964E+0	3,545191E+0
77,333333	3,304664E+0	3,527635E+0
77,400000	3,293014E+0	3,532651E+0
77,466667	3,291719E+0	3,532651E+0
77,533333	3,293014E+0	3,547699E+0
77,600000	3,302075E+0	3,537667E+0
77,666667	3,302075E+0	3,537667E+0
77,733333	3,301428E+0	3,482491E+0
77,800000	3,297544E+0	3,495031E+0
77,866667	3,294955E+0	3,510079E+0
77,933333	3,287836E+0	3,525127E+0
78,000000	3,287836E+0	3,530143E+0
78,066667	3,287189E+0	3,535159E+0
78,133333	3,286541E+0	3,490015E+0
78,200000	3,282011E+0	3,522619E+0
78,266667	3,279422E+0	3,542683E+0
78,333333	3,277480E+0	3,512587E+0
78,400000	3,276833E+0	3,540175E+0
78,466667	3,274891E+0	3,557731E+0
78,533333	3,272949E+0	3,552715E+0
78,600000	3,269713E+0	3,542683E+0
78,666667	3,271008E+0	3,532651E+0
78,733333	3,266477E+0	3,522619E+0
78,800000	3,263888E+0	3,557731E+0
78,866667	3,264535E+0	3,545191E+0
78,933333	3,264535E+0	3,575287E+0
79,000000	3,267124E+0	3,570271E+0
79,066667	3,266477E+0	3,545191E+0
79,133333	3,260652E+0	3,552715E+0
79,200000	3,258710E+0	3,560239E+0
79,266667	3,254827E+0	3,562747E+0
79,333333	3,252238E+0	3,557731E+0
79,400000	3,256121E+0	3,552715E+0
79,466667	3,258710E+0	3,550207E+0
79,533333	3,260005E+0	3,577795E+0
79,600000	3,265183E+0	3,577795E+0
79,666667	3,265830E+0	3,592843E+0
79,733333	3,260005E+0	3,582811E+0
79,800000	3,226996E+0	3,532651E+0
79,866667	3,060657E+0	3,311947E+0
79,933333	2,727980E+0	2,474274E+0
80,000000	2,531868E+0	5,180327E-1
80,066667	2,521512E+0	4,678726E-1
80,133333	2,521512E+0	4,553326E-1
80,200000	2,519571E+0	4,628566E-1
80,266667	2,521512E+0	4,553326E-1
80,333333	2,522160E+0	4,779046E-1
80,400000	2,520218E+0	4,653646E-1
80,466667	2,521512E+0	4,553326E-1
80,533333	2,521512E+0	4,603486E-1
80,600000	2,522160E+0	4,603486E-1
80,666667	2,520218E+0	4,578406E-1
80,733333	2,521512E+0	4,603486E-1
80,800000	2,522160E+0	4,779046E-1
80,866667	2,522160E+0	4,553326E-1
80,933333	2,520218E+0	4,804126E-1
81,000000	2,518923E+0	4,779046E-1
81,066667	2,520218E+0	4,628566E-1
81,133333	2,519571E+0	4,653646E-1
81,200000	2,522160E+0	4,678726E-1
81,266667	2,521512E+0	4,779046E-1
81,333333	2,521512E+0	4,628566E-1
81,400000	2,522160E+0	4,703806E-1
81,466667	2,518923E+0	4,628566E-1
81,533333	2,522807E+0	4,628566E-1
81,600000	2,521512E+0	4,653646E-1
81,666667	2,521512E+0	4,703806E-1
81,733333	2,610183E+0	2,291190E+0
81,800000	2,680084E+0	2,409066E+0
81,866667	2,777169E+0	2,785267E+0
81,933333	2,864546E+0	3,194071E+0
82,000000	2,908557E+0	3,442363E+0
82,066667	2,934447E+0	3,452395E+0
82,133333	2,961631E+0	3,542683E+0
82,200000	2,980400E+0	3,527635E+0
82,266667	2,982989E+0	3,643003E+0
82,333333	2,992698E+0	3,617923E+0
82,400000	2,999817E+0	3,632971E+0
82,466667	3,004995E+0	3,700687E+0
82,533333	3,004995E+0	3,703195E+0
82,600000	3,007584E+0	3,698179E+0
82,666667	3,012762E+0	3,690655E+0
82,733333	3,010820E+0	3,703195E+0
82,800000	3,012762E+0	3,753355E+0
82,866667	3,008231E+0	3,735799E+0
82,933333	3,008879E+0	3,765895E+0
83,000000	3,001112E+0	3,780943E+0
83,066667	2,946097E+0	3,710719E+0
83,133333	2,716977E+0	2,978383E+0
83,200000	2,526043E+0	4,979686E-1
83,266667	2,523454E+0	4,578406E-1
83,333333	2,521512E+0	4,528246E-1
83,400000	2,520218E+0	4,628566E-1
83,466667	2,519571E+0	4,603486E-1
83,533333	2,522160E+0	4,703806E-1
83,600000	2,521512E+0	4,653646E-1
83,666667	2,522160E+0	4,603486E-1
83,733333	2,522160E+0	4,628566E-1
83,800000	2,521512E+0	4,628566E-1
83,866667	2,522160E+0	4,628566E-1
83,933333	2,522807E+0	4,553326E-1
84,000000	2,521512E+0	4,779046E-1
84,066667	2,521512E+0	4,779046E-1
84,133333	2,520218E+0	4,603486E-1
84,200000	2,519571E+0	4,578406E-1
84,266667	2,521512E+0	4,628566E-1
84,333333	2,521512E+0	4,628566E-1
84,400000	2,519571E+0	4,678726E-1
84,466667	2,522807E+0	4,578406E-1
84,533333	2,521512E+0	4,503166E-1
84,600000	2,521512E+0	4,628566E-1
84,666667	2,518923E+0	4,578406E-1
84,733333	2,629600E+0	2,449194E+0
84,800000	2,813414E+0	3,226675E+0
84,866667	2,945450E+0	3,482491E+0
84,933333	3,034121E+0	3,622939E+0
85,000000	3,080721E+0	3,663067E+0
85,066667	3,111141E+0	3,703195E+0
85,133333	3,129911E+0	3,773419E+0
85,200000	3,140914E+0	3,760879E+0
85,266667	3,147386E+0	3,821071E+0
85,333333	3,153211E+0	3,866215E+0
85,400000	3,157742E+0	3,866215E+0
85,466667	3,160978E+0	3,926407E+0
85,533333	3,158389E+0	3,913867E+0
85,600000	3,160978E+0	3,921391E+0
85,666667	3,170687E+0	3,853675E+0
85,733333	3,173923E+0	3,896311E+0
85,800000	3,168745E+0	3,861199E+0
85,866667	3,160978E+0	3,881263E+0
85,933333	3,160331E+0	3,901327E+0
86,000000	3,165509E+0	3,911359E+0
86,066667	3,171334E+0	3,886279E+0
86,133333	3,162273E+0	3,911359E+0
86,200000	3,122144E+0	3,906343E+0
86,266667	2,916971E+0	3,650527E+0
86,333333	2,596591E+0	2,045406E+0
86,400000	2,520218E+0	4,678726E-1
86,466667	2,521512E+0	4,578406E-1
86,533333	2,521512E+0	4,503166E-1
86,600000	2,518923E+0	4,628566E-1
86,666667	2,520865E+0	4,703806E-1
86,733333	2,521512E+0	4,753966E-1
86,800000	2,521512E+0	4,553326E-1
86,866667	2,521512E+0	4,553326E-1
86,933333	2,522807E+0	4,578406E-1
87,000000	2,521512E+0	4,753966E-1
87,066667	2,522160E+0	4,779046E-1
87,133333	2,521512E+0	4,703806E-1
87,200000	2,520218E+0	4,603486E-1
87,266667	2,521512E+0	4,528246E-1
87,333333	2,522160E+0	4,678726E-1
87,400000	2,852895E+0	2,913175E+0
87,466667	3,404338E+0	3,675607E+0
87,533333	3,779732E+0	4,056824E+0
87,600000	3,937657E+0	3,966535E+0
87,666667	3,990730E+0	3,841135E+0
87,733333	3,981669E+0	3,808531E+0
87,800000	3,944130E+0	3,775927E+0
87,866667	3,861284E+0	3,806023E+0
87,933333	3,623102E+0	3,612907E+0
88,000000	3,094960E+0	3,098767E+0
88,066667	2,564877E+0	1,074809E+0
88,133333	2,522807E+0	4,628566E-1
88,200000	2,522160E+0	4,603486E-1
88,266667	2,521512E+0	4,628566E-1
88,333333	2,521512E+0	4,628566E-1
88,400000	2,521512E+0	4,628566E-1
88,466667	2,522807E+0	4,503166E-1
88,533333	2,522160E+0	4,553326E-1
88,600000	2,520218E+0	4,653646E-1
88,666667	2,520218E+0	4,603486E-1
88,733333	2,523454E+0	4,628566E-1
88,800000	2,521512E+0	4,628566E-1
88,866667	2,521512E+0	4,653646E-1
88,933333	2,520218E+0	4,678726E-1
89,000000	2,520218E+0	4,603486E-1
89,066667	2,520865E+0	4,628566E-1
89,133333	2,522807E+0	4,503166E-1
89,200000	2,522807E+0	4,603486E-1
89,266667	2,520865E+0	4,528246E-1
89,333333	2,522807E+0	4,553326E-1
89,400000	2,519571E+0	4,603486E-1
89,466667	2,521512E+0	4,528246E-1
89,533333	2,522160E+0	4,628566E-1
89,600000	2,521512E+0	4,628566E-1
89,666667	2,522160E+0	4,528246E-1
89,733333	2,521512E+0	4,578406E-1
89,800000	2,639309E+0	2,564562E+0
89,866667	2,675554E+0	2,587134E+0
89,933333	2,784289E+0	2,737614E+0
90,000000	2,981048E+0	3,221659E+0
90,066667	3,293014E+0	3,517603E+0
90,133333	3,629575E+0	3,765895E+0
90,200000	3,813389E+0	3,846151E+0
90,266667	3,773907E+0	3,793483E+0
90,333333	3,578443E+0	3,693163E+0
90,400000	3,135736E+0	3,492523E+0
90,466667	2,598533E+0	1,724382E+0
90,533333	2,521512E+0	4,503166E-1
90,600000	2,522160E+0	4,528246E-1
90,666667	2,521512E+0	4,503166E-1
90,733333	2,520218E+0	4,628566E-1
90,800000	2,521512E+0	4,653646E-1
90,866667	2,522807E+0	4,603486E-1
90,933333	2,519571E+0	4,628566E-1
91,000000	2,522160E+0	4,603486E-1
91,066667	2,521512E+0	4,528246E-1
91,133333	2,518923E+0	4,553326E-1
91,200000	2,522807E+0	4,603486E-1
91,266667	2,520865E+0	4,503166E-1
91,333333	2,521512E+0	4,503166E-1
91,400000	2,521512E+0	4,528246E-1
91,466667	2,520218E+0	4,528246E-1
91,533333	2,518923E+0	4,553326E-1
91,600000	2,520218E+0	4,578406E-1
91,666667	2,520218E+0	4,578406E-1
91,733333	2,521512E+0	4,628566E-1
91,800000	2,520865E+0	4,603486E-1
91,866667	2,521512E+0	4,528246E-1
91,933333	2,521512E+0	4,553326E-1
92,000000	2,519571E+0	4,603486E-1
92,066667	2,521512E+0	4,628566E-1
92,133333	2,521512E+0	4,578406E-1
92,200000	2,534457E+0	9,719810E-1
92,266667	2,595297E+0	2,113122E+0
92,333333	2,665845E+0	2,346366E+0
92,400000	2,716329E+0	2,389002E+0
92,466667	2,719566E+0	2,632278E+0
92,533333	2,704679E+0	2,669898E+0
92,600000	2,689146E+0	2,479290E+0
92,666667	2,678143E+0	2,306238E+0
92,733333	2,673612E+0	2,439162E+0
92,800000	2,670376E+0	2,416590E+0
92,866667	2,665845E+0	2,439162E+0
92,933333	2,666492E+0	2,378970E+0
93,000000	2,660020E+0	2,396526E+0
93,066667	2,660020E+0	2,396526E+0
93,133333	2,656784E+0	2,381478E+0
93,200000	2,657431E+0	2,421606E+0
93,266667	2,652901E+0	2,454210E+0
93,333333	2,649017E+0	2,549514E+0
93,400000	2,649017E+0	2,557038E+0
93,466667	2,645134E+0	2,471766E+0
93,533333	2,647076E+0	2,519418E+0
93,600000	2,641898E+0	2,557038E+0
93,666667	2,641898E+0	2,541990E+0
93,733333	2,639309E+0	2,429130E+0
93,800000	2,635425E+0	2,353890E+0
93,866667	2,631542E+0	2,271126E+0
93,933333	2,632836E+0	2,291190E+0
94,000000	2,639309E+0	2,215950E+0
94,066667	2,640603E+0	2,158266E+0
94,133333	2,636720E+0	2,348874E+0
94,200000	2,634131E+0	2,278650E+0
94,266667	2,627011E+0	2,348874E+0
94,333333	2,628953E+0	2,313762E+0
94,400000	2,627659E+0	2,155758E+0
94,466667	2,630247E+0	2,057946E+0
94,533333	2,632836E+0	1,972674E+0
94,600000	2,632189E+0	2,025342E+0
94,666667	2,630247E+0	2,002770E+0
94,733333	2,632836E+0	1,975182E+0
94,800000	2,634131E+0	2,020326E+0
94,866667	2,632836E+0	2,017818E+0
94,933333	2,632836E+0	2,095566E+0
95,000000	2,634131E+0	2,135694E+0
95,066667	2,631542E+0	2,085534E+0
95,133333	2,634131E+0	2,047914E+0
95,200000	2,627011E+0	1,904958E+0
95,266667	2,632836E+0	1,950102E+0
95,333333	2,632189E+0	1,972674E+0
95,400000	2,630247E+0	2,015310E+0
95,466667	2,627011E+0	2,010294E+0
95,533333	2,629600E+0	2,035374E+0
95,600000	2,628953E+0	2,072994E+0
95,666667	2,630247E+0	2,128170E+0
95,733333	2,630247E+0	2,140710E+0
95,800000	2,632189E+0	2,158266E+0
95,866667	2,632836E+0	2,150742E+0
95,933333	2,637367E+0	2,178330E+0
96,000000	2,644487E+0	2,163282E+0
96,066667	2,687204E+0	2,193378E+0
96,133333	2,865193E+0	2,740122E+0
96,200000	2,910499E+0	2,820379E+0
96,266667	2,874254E+0	2,742630E+0
96,333333	2,826359E+0	2,639802E+0
96,400000	2,784936E+0	2,868031E+0
96,466667	2,760341E+0	2,677422E+0
96,533333	2,738983E+0	2,649834E+0
96,600000	2,693676E+0	2,446686E+0
96,666667	2,660667E+0	2,361414E+0
96,733333	2,638014E+0	2,040390E+0
96,800000	2,625717E+0	2,225982E+0
96,866667	2,623775E+0	2,441670E+0
96,933333	2,621833E+0	2,441670E+0
97,000000	2,619245E+0	2,409066E+0
97,066667	2,619245E+0	2,421606E+0
97,133333	2,617950E+0	2,261094E+0
97,200000	2,617303E+0	2,278650E+0
97,266667	2,617950E+0	2,286174E+0
97,333333	2,615361E+0	2,316270E+0
97,400000	2,617303E+0	2,278650E+0
97,466667	2,614714E+0	2,301222E+0
97,533333	2,614067E+0	2,268618E+0
97,600000	2,616656E+0	2,301222E+0
97,666667	2,612125E+0	2,266110E+0
97,733333	2,615361E+0	2,258586E+0
97,800000	2,616656E+0	2,296206E+0
97,866667	2,617303E+0	2,298714E+0
97,933333	2,616656E+0	2,278650E+0
98,000000	2,617950E+0	2,306238E+0
98,066667	2,616008E+0	2,273634E+0
98,133333	2,615361E+0	2,241030E+0
98,200000	2,618597E+0	2,283666E+0
98,266667	2,619892E+0	2,286174E+0
98,333333	2,624422E+0	2,296206E+0
98,400000	2,633484E+0	2,491830E+0
98,466667	2,637367E+0	2,308746E+0
98,533333	2,647723E+0	2,389002E+0
98,600000	2,759694E+0	2,667390E+0
98,666667	2,867782E+0	2,772727E+0
98,733333	2,896260E+0	2,908159E+0
98,800000	2,868429E+0	2,948287E+0
98,866667	2,842540E+0	2,827903E+0
98,933333	2,832184E+0	2,840443E+0
99,000000	2,823770E+0	2,898127E+0
99,066667	2,811473E+0	2,852983E+0
99,133333	2,819239E+0	2,888095E+0
99,200000	2,811473E+0	2,863015E+0
99,266667	2,803706E+0	2,790283E+0
99,333333	2,803059E+0	2,835427E+0
99,400000	2,801764E+0	2,845459E+0
99,466667	2,798528E+0	2,888095E+0
99,533333	2,801764E+0	2,873047E+0
99,600000	2,801764E+0	2,895619E+0
99,666667	2,801764E+0	2,870539E+0
99,733333	2,800470E+0	2,880571E+0
99,800000	2,802411E+0	2,847967E+0
99,866667	2,802411E+0	2,888095E+0
99,933333	2,801764E+0	2,928223E+0
100,000000	2,805000E+0	2,903143E+0
100,066667	2,803706E+0	2,935747E+0
100,133333	2,805647E+0	2,910667E+0
100,200000	2,803059E+0	2,913175E+0
100,266667	2,801764E+0	2,910667E+0
100,333333	2,805000E+0	2,915683E+0
100,400000	2,810178E+0	2,910667E+0
100,466667	2,809531E+0	2,940763E+0
100,533333	2,808236E+0	2,965843E+0
100,600000	2,806295E+0	2,970859E+0
100,666667	2,815356E+0	2,950795E+0
100,733333	2,810825E+0	2,935747E+0
100,800000	2,793997E+0	2,960827E+0
100,866667	2,748044E+0	2,777743E+0
100,933333	2,703385E+0	2,534466E+0
101,000000	2,678790E+0	2,446686E+0
101,066667	2,658078E+0	2,371446E+0
101,133333	2,646428E+0	2,531958E+0
101,200000	2,634778E+0	2,399034E+0
101,266667	2,626364E+0	2,256078E+0
101,333333	2,619245E+0	2,256078E+0
101,400000	2,616008E+0	2,108106E+0
101,466667	2,612125E+0	2,105598E+0
101,533333	2,611478E+0	2,135694E+0
101,600000	2,609536E+0	2,080518E+0
101,666667	2,610830E+0	2,065470E+0
101,733333	2,606300E+0	2,165790E+0
101,800000	2,606300E+0	2,180838E+0
101,866667	2,606947E+0	2,183346E+0
101,933333	2,608889E+0	2,175822E+0
102,000000	2,611478E+0	2,203410E+0
102,066667	2,611478E+0	2,276142E+0
102,133333	2,609536E+0	2,288682E+0
102,200000	2,611478E+0	2,278650E+0
102,266667	2,609536E+0	2,318778E+0
102,333333	2,613419E+0	2,313762E+0
102,400000	2,611478E+0	2,261094E+0
102,466667	2,611478E+0	2,298714E+0
102,533333	2,616008E+0	2,278650E+0
102,600000	2,612772E+0	2,218458E+0
102,666667	2,614714E+0	2,110614E+0
102,733333	2,610183E+0	2,125662E+0
102,800000	2,611478E+0	2,125662E+0
102,866667	2,615361E+0	2,138202E+0
102,933333	2,616008E+0	2,160774E+0
103,000000	2,616008E+0	2,165790E+0
103,066667	2,614067E+0	2,158266E+0
103,133333	2,606300E+0	2,311254E+0
103,200000	2,550638E+0	1,598982E+0
103,266667	2,521512E+0	4,503166E-1
103,333333	2,519571E+0	4,553326E-1
103,400000	2,520865E+0	4,829206E-1
103,466667	2,518276E+0	4,628566E-1
103,533333	2,520865E+0	4,603486E-1
103,600000	2,521512E+0	4,829206E-1
103,666667	2,520865E+0	4,678726E-1
103,733333	2,520218E+0	4,653646E-1
103,800000	2,520865E+0	4,653646E-1
103,866667	2,521512E+0	4,678726E-1
103,933333	2,523454E+0	4,603486E-1
104,000000	2,521512E+0	4,603486E-1
104,066667	2,521512E+0	4,703806E-1
104,133333	2,521512E+0	4,628566E-1
104,200000	2,521512E+0	4,653646E-1
104,266667	2,520865E+0	4,503166E-1
104,333333	2,521512E+0	4,628566E-1
104,400000	2,518923E+0	4,628566E-1
104,466667	2,520865E+0	4,653646E-1
104,533333	2,522807E+0	4,503166E-1
104,600000	2,520865E+0	4,603486E-1
104,666667	2,697560E+0	2,238522E+0
104,733333	2,732510E+0	2,331318E+0
104,800000	2,762930E+0	2,612214E+0
104,866667	2,774580E+0	2,710026E+0
104,933333	2,773286E+0	2,654850E+0
105,000000	2,770697E+0	2,775235E+0
105,066667	2,764872E+0	2,705010E+0
105,133333	2,765519E+0	2,745138E+0
105,200000	2,764225E+0	2,797807E+0
105,266667	2,770050E+0	2,842951E+0
105,333333	2,770050E+0	2,837935E+0
105,400000	2,773933E+0	2,875555E+0
105,466667	2,775875E+0	2,855491E+0
105,533333	2,770050E+0	2,837935E+0
105,600000	2,767461E+0	2,868031E+0
105,666667	2,766814E+0	2,860507E+0
105,733333	2,768755E+0	2,865523E+0
105,800000	2,764872E+0	2,850475E+0
105,866667	2,764225E+0	2,795299E+0
105,933333	2,764872E+0	2,802823E+0
106,000000	2,765519E+0	2,832919E+0
106,066667	2,762930E+0	2,802823E+0
106,133333	2,759694E+0	2,837935E+0
106,200000	2,758400E+0	2,815363E+0
106,266667	2,757752E+0	2,840443E+0
106,333333	2,757105E+0	2,840443E+0
106,400000	2,755163E+0	2,815363E+0
106,466667	2,754516E+0	2,820379E+0
106,533333	2,755811E+0	2,810347E+0
106,600000	2,755811E+0	2,825395E+0
106,666667	2,755163E+0	2,840443E+0
106,733333	2,753869E+0	2,837935E+0
106,800000	2,750633E+0	2,832919E+0
106,866667	2,751280E+0	2,837935E+0
106,933333	2,748044E+0	2,842951E+0
107,000000	2,749338E+0	2,850475E+0
107,066667	2,749985E+0	2,835427E+0
107,133333	2,746749E+0	2,835427E+0
107,200000	2,744160E+0	2,815363E+0
107,266667	2,744808E+0	2,820379E+0
107,333333	2,741571E+0	2,797807E+0
107,400000	2,745455E+0	2,815363E+0
107,466667	2,750633E+0	2,827903E+0
107,533333	2,753222E+0	2,832919E+0
107,600000	2,754516E+0	2,835427E+0
107,666667	2,754516E+0	2,845459E+0
107,733333	2,753869E+0	2,883079E+0
107,800000	2,754516E+0	2,885587E+0
107,866667	2,751927E+0	2,913175E+0
107,933333	2,749985E+0	2,918191E+0
108,000000	2,753222E+0	2,910667E+0
108,066667	2,748691E+0	2,915683E+0
108,133333	2,738983E+0	2,898127E+0
108,200000	2,715035E+0	2,720058E+0
108,266667	2,674259E+0	2,539482E+0
108,333333	2,575880E+0	2,025342E+0
108,400000	2,520218E+0	4,678726E-1
108,466667	2,521512E+0	4,628566E-1
108,533333	2,521512E+0	4,703806E-1
108,600000	2,522160E+0	4,653646E-1
108,666667	2,520218E+0	4,779046E-1
108,733333	2,523454E+0	4,753966E-1
108,800000	2,521512E+0	4,728886E-1
108,866667	2,521512E+0	4,628566E-1
108,933333	2,522160E+0	4,628566E-1
109,000000	2,520218E+0	4,703806E-1
109,066667	2,521512E+0	4,728886E-1
109,133333	2,521512E+0	4,628566E-1
109,200000	2,520865E+0	4,628566E-1
109,266667	2,522160E+0	4,653646E-1
109,333333	2,522160E+0	4,628566E-1
109,400000	2,522160E+0	4,628566E-1
109,466667	2,520865E+0	4,703806E-1
109,533333	2,521512E+0	4,503166E-1
109,600000	2,522160E+0	4,553326E-1
109,666667	2,521512E+0	4,528246E-1
109,733333	2,538340E+0	8,340409E-1
109,800000	2,684615E+0	2,587134E+0
109,866667	2,724096E+0	2,699994E+0
109,933333	2,778464E+0	3,261787E+0
110,000000	2,816650E+0	3,409759E+0
110,066667	2,835420E+0	3,567763E+0
110,133333	2,847070E+0	3,643003E+0
110,200000	2,844481E+0	3,663067E+0
110,266667	2,842540E+0	3,670591E+0
110,333333	2,832831E+0	3,665575E+0
110,400000	2,826359E+0	3,703195E+0
110,466667	2,821181E+0	3,690655E+0
110,533333	2,821828E+0	3,705703E+0
110,600000	2,829595E+0	3,683131E+0
110,666667	2,834126E+0	3,730783E+0
110,733333	2,842540E+0	3,720751E+0
110,800000	2,846423E+0	3,713227E+0
110,866667	2,855484E+0	3,723259E+0
110,933333	2,863251E+0	3,783451E+0
111,000000	2,873607E+0	3,708211E+0
111,066667	2,875549E+0	3,735799E+0
111,133333	2,878138E+0	3,748339E+0
111,200000	2,867782E+0	3,770911E+0
111,266667	2,874901E+0	3,770911E+0
111,333333	2,870371E+0	3,755863E+0
111,400000	2,867782E+0	3,763387E+0
111,466667	2,869724E+0	3,823579E+0
111,533333	2,868429E+0	3,843643E+0
111,600000	2,865193E+0	3,881263E+0
111,666667	2,863898E+0	3,831103E+0
111,733333	2,861957E+0	3,828595E+0
111,800000	2,858073E+0	3,838627E+0
111,866667	2,849659E+0	3,853675E+0
111,933333	2,828948E+0	3,831103E+0
112,000000	2,804353E+0	3,831103E+0
112,066667	2,788172E+0	3,811039E+0
112,133333	2,788172E+0	3,798499E+0
112,200000	2,784936E+0	3,783451E+0
112,266667	2,788172E+0	3,811039E+0
112,333333	2,790114E+0	3,821071E+0
112,400000	2,795939E+0	3,818563E+0
112,466667	2,806295E+0	3,841135E+0
112,533333	2,810825E+0	3,831103E+0
112,600000	2,806295E+0	3,841135E+0
112,666667	2,805647E+0	3,843643E+0
112,733333	2,811473E+0	3,873739E+0
112,800000	2,816003E+0	3,876247E+0
112,866667	2,815356E+0	3,883771E+0
112,933333	2,812767E+0	3,888787E+0
113,000000	2,808884E+0	3,898819E+0
113,066667	2,803706E+0	3,881263E+0
113,133333	2,803059E+0	3,886279E+0
113,200000	2,800470E+0	3,873739E+0
113,266667	2,793350E+0	3,881263E+0
113,333333	2,793350E+0	3,866215E+0
113,400000	2,785583E+0	3,871231E+0
113,466667	2,786231E+0	3,881263E+0
113,533333	2,782347E+0	3,881263E+0
113,600000	2,776522E+0	3,856183E+0
113,666667	2,770697E+0	3,848659E+0
113,733333	2,773286E+0	3,856183E+0
113,800000	2,775875E+0	3,848659E+0
113,866667	2,773933E+0	3,853675E+0
113,933333	2,766166E+0	3,841135E+0
114,000000	2,748691E+0	3,821071E+0
114,066667	2,744160E+0	3,816055E+0
114,133333	2,740924E+0	3,798499E+0
114,200000	2,740924E+0	3,831103E+0
114,266667	2,746102E+0	3,853675E+0
114,333333	2,739630E+0	3,866215E+0
114,400000	2,732510E+0	3,828595E+0
114,466667	2,732510E+0	3,818563E+0
114,533333	2,733805E+0	3,823579E+0
114,600000	2,730569E+0	3,801007E+0
114,666667	2,731216E+0	3,790975E+0
114,733333	2,728627E+0	3,793483E+0
114,800000	2,733805E+0	3,806023E+0
114,866667	2,741571E+0	3,828595E+0
114,933333	2,750633E+0	3,861199E+0
115,000000	2,754516E+0	3,866215E+0
115,066667	2,753222E+0	3,881263E+0
115,133333	2,760341E+0	3,883771E+0
115,200000	2,762283E+0	3,891295E+0
115,266667	2,768755E+0	3,903835E+0
115,333333	2,771991E+0	3,926407E+0
115,400000	2,775228E+0	3,961519E+0
115,466667	2,773286E+0	3,953995E+0
115,533333	2,773286E+0	3,966535E+0
115,600000	2,773933E+0	3,974060E+0
115,666667	2,771344E+0	3,979076E+0
115,733333	2,771344E+0	3,971551E+0
115,800000	2,764872E+0	3,979076E+0
115,866667	2,746749E+0	3,961519E+0
115,933333	2,664551E+0	3,622939E+0
116,000000	2,520865E+0	4,904446E-1
116,066667	2,520865E+0	4,603486E-1
116,133333	2,523454E+0	4,503166E-1
116,200000	2,519571E+0	4,678726E-1
116,266667	2,521512E+0	4,653646E-1
116,333333	2,524101E+0	4,578406E-1
116,400000	2,522160E+0	4,628566E-1
116,466667	2,520865E+0	4,553326E-1
116,533333	2,520865E+0	4,528246E-1
116,600000	2,521512E+0	4,503166E-1
116,666667	2,521512E+0	4,528246E-1
116,733333	2,520865E+0	4,603486E-1
116,800000	2,518923E+0	4,603486E-1
116,866667	2,522807E+0	4,703806E-1
116,933333	2,521512E+0	4,728886E-1
117,000000	2,519571E+0	4,553326E-1
117,066667	2,522160E+0	4,628566E-1
117,133333	2,523454E+0	4,578406E-1
117,200000	2,520865E+0	4,503166E-1
117,266667	2,520865E+0	4,628566E-1
117,333333	2,518923E+0	4,603486E-1
117,400000	2,520218E+0	4,553326E-1
117,466667	2,523454E+0	4,603486E-1
117,533333	2,523454E+0	4,553326E-1
117,600000	2,522160E+0	4,553326E-1
117,666667	2,704679E+0	2,644818E+0
117,733333	2,694971E+0	2,995939E+0
117,800000	2,689793E+0	3,003463E+0
117,866667	2,692382E+0	3,041083E+0
117,933333	2,687204E+0	3,076195E+0
118,000000	2,689793E+0	3,121339E+0
118,066667	2,692382E+0	3,071179E+0
118,133333	2,691087E+0	3,108799E+0
118,200000	2,683968E+0	3,083719E+0
118,266667	2,671670E+0	3,111307E+0
118,333333	2,626364E+0	2,589642E+0
118,400000	2,526690E+0	4,804126E-1
118,466667	2,520865E+0	4,528246E-1
118,533333	2,520218E+0	4,578406E-1
118,600000	2,520865E+0	4,553326E-1
118,666667	2,521512E+0	4,528246E-1
118,733333	2,520218E+0	4,603486E-1
118,800000	2,519571E+0	4,653646E-1
118,866667	2,520218E+0	4,653646E-1
118,933333	2,520865E+0	4,553326E-1
119,000000	2,520865E+0	4,528246E-1
119,066667	2,519571E+0	4,603486E-1
119,133333	2,521512E+0	4,653646E-1
119,200000	2,520865E+0	4,653646E-1
119,266667	2,521512E+0	4,703806E-1
119,333333	2,523454E+0	4,603486E-1
119,400000	2,520218E+0	4,553326E-1
119,466667	2,520865E+0	4,528246E-1
119,533333	2,520218E+0	4,603486E-1
119,600000	2,520865E+0	4,553326E-1
119,666667	2,523454E+0	4,603486E-1
119,733333	2,720860E+0	2,935747E+0
119,800000	2,665198E+0	2,261094E+0
119,866667	2,671670E+0	2,466750E+0
119,933333	2,635425E+0	1,551330E+0
120,000000	2,544813E+0	7,813729E-1

