date/time: ,29/11/2019,02:11 p.m.
Run 1

time	(V)	(V)
0,000000	2,523454E+0	4,628566E-1
0,066667	2,521512E+0	4,628566E-1
0,133333	2,522160E+0	4,628566E-1
0,200000	2,521512E+0	4,628566E-1
0,266667	2,521512E+0	4,503166E-1
0,333333	2,522807E+0	4,528246E-1
0,400000	2,522160E+0	4,528246E-1
0,466667	2,523454E+0	4,553326E-1
0,533333	2,520865E+0	4,628566E-1
0,600000	2,521512E+0	4,603486E-1
0,666667	2,519571E+0	4,603486E-1
0,733333	2,521512E+0	4,628566E-1
0,800000	2,518923E+0	4,603486E-1
0,866667	2,521512E+0	4,553326E-1
0,933333	2,519571E+0	4,603486E-1
1,000000	2,521512E+0	4,628566E-1
1,066667	2,522807E+0	4,503166E-1
1,133333	2,521512E+0	4,503166E-1
1,200000	2,521512E+0	4,628566E-1
1,266667	2,519571E+0	4,628566E-1
1,333333	2,521512E+0	4,628566E-1
1,400000	2,521512E+0	4,553326E-1
1,466667	2,519571E+0	4,578406E-1
1,533333	2,521512E+0	4,528246E-1
1,600000	2,519571E+0	4,553326E-1
1,666667	2,520865E+0	4,653646E-1
1,733333	2,522807E+0	4,553326E-1
1,800000	2,520865E+0	4,528246E-1
1,866667	2,521512E+0	4,628566E-1
1,933333	2,522807E+0	4,578406E-1
2,000000	2,523454E+0	4,578406E-1
2,066667	2,522807E+0	4,553326E-1
2,133333	2,523454E+0	4,528246E-1
2,200000	2,524101E+0	4,503166E-1
2,266667	2,523454E+0	4,528246E-1
2,333333	2,525396E+0	4,503166E-1
2,400000	2,528632E+0	4,578406E-1
2,466667	2,532515E+0	4,628566E-1
2,533333	2,542871E+0	5,080006E-1
2,600000	2,583647E+0	8,139769E-1
2,666667	2,653548E+0	9,218210E-1
2,733333	2,697560E+0	1,588950E+0
2,800000	2,752574E+0	1,333133E+0
2,866667	2,807589E+0	1,558854E+0
2,933333	2,833478E+0	1,714350E+0
3,000000	2,858073E+0	1,669206E+0
3,066667	2,877490E+0	1,812162E+0
3,133333	2,883315E+0	1,817178E+0
3,200000	2,889788E+0	1,869846E+0
3,266667	2,896260E+0	1,754478E+0
3,333333	2,902085E+0	2,301222E+0
3,400000	2,907910E+0	2,348874E+0
3,466667	2,907263E+0	2,198394E+0
3,533333	2,909205E+0	1,937562E+0
3,600000	2,912441E+0	1,952610E+0
3,666667	2,909205E+0	2,050422E+0
3,733333	2,902085E+0	2,017818E+0
3,800000	2,896260E+0	1,972674E+0
3,866667	2,865840E+0	1,769526E+0
3,933333	2,819887E+0	1,634094E+0
4,000000	2,737688E+0	1,320593E+0
4,066667	2,653548E+0	1,034681E+0
4,133333	2,562288E+0	5,932727E-1
4,200000	2,525396E+0	4,628566E-1
4,266667	2,523454E+0	4,578406E-1
4,333333	2,521512E+0	4,578406E-1
4,400000	2,521512E+0	4,628566E-1
4,466667	2,521512E+0	4,478086E-1
4,533333	2,519571E+0	4,553326E-1
4,600000	2,520218E+0	4,578406E-1
4,666667	2,520218E+0	4,553326E-1
4,733333	2,522160E+0	4,578406E-1
4,800000	2,522160E+0	4,528246E-1
4,866667	2,520865E+0	4,603486E-1
4,933333	2,520865E+0	4,528246E-1
5,000000	2,521512E+0	4,553326E-1
5,066667	2,522807E+0	4,503166E-1
5,133333	2,523454E+0	4,578406E-1
5,200000	2,522160E+0	4,528246E-1
5,266667	2,522807E+0	4,578406E-1
5,333333	2,519571E+0	4,578406E-1
5,400000	2,522160E+0	4,528246E-1
5,466667	2,520865E+0	4,503166E-1
5,533333	2,523454E+0	4,553326E-1
5,600000	2,520865E+0	4,503166E-1
5,666667	2,521512E+0	4,628566E-1
5,733333	2,521512E+0	4,578406E-1
5,800000	2,541577E+0	5,531447E-1
5,866667	2,600475E+0	7,512768E-1
5,933333	2,679437E+0	1,117445E+0
6,000000	2,764225E+0	1,310561E+0
6,066667	2,833478E+0	1,724382E+0
6,133333	2,871018E+0	1,694286E+0
6,200000	2,900143E+0	1,922514E+0
6,266667	2,923444E+0	1,784574E+0
6,333333	2,940919E+0	2,105598E+0
6,400000	2,942861E+0	2,088042E+0
6,466667	2,942861E+0	2,037882E+0
6,533333	2,940919E+0	2,042898E+0
6,600000	2,935741E+0	2,263602E+0
6,666667	2,904027E+0	2,526942E+0
6,733333	2,839951E+0	1,947594E+0
6,800000	2,764872E+0	1,456025E+0
6,866667	2,715682E+0	1,285481E+0
6,933333	2,668434E+0	1,257893E+0
7,000000	2,596591E+0	6,810528E-1
7,066667	2,537693E+0	5,029846E-1
7,133333	2,522807E+0	4,528246E-1
7,200000	2,522160E+0	4,528246E-1
7,266667	2,519571E+0	4,528246E-1
7,333333	2,519571E+0	4,553326E-1
7,400000	2,521512E+0	4,628566E-1
7,466667	2,521512E+0	4,628566E-1
7,533333	2,521512E+0	4,528246E-1
7,600000	2,521512E+0	4,503166E-1
7,666667	2,523454E+0	4,553326E-1
7,733333	2,522807E+0	4,553326E-1
7,800000	2,521512E+0	4,628566E-1
7,866667	2,521512E+0	4,503166E-1
7,933333	2,521512E+0	4,628566E-1
8,000000	2,523454E+0	4,578406E-1
8,066667	2,520865E+0	4,628566E-1
8,133333	2,521512E+0	4,528246E-1
8,200000	2,521512E+0	4,603486E-1
8,266667	2,521512E+0	4,503166E-1
8,333333	2,522807E+0	4,578406E-1
8,400000	2,518923E+0	4,553326E-1
8,466667	2,552580E+0	5,807327E-1
8,533333	2,691087E+0	1,137509E+0
8,600000	2,806295E+0	1,536281E+0
8,666667	2,896260E+0	1,864830E+0
8,733333	2,956453E+0	2,005278E+0
8,800000	2,985578E+0	2,020326E+0
8,866667	3,004995E+0	1,992738E+0
8,933333	3,024412E+0	2,185854E+0
9,000000	3,039946E+0	2,128170E+0
9,066667	3,051596E+0	2,115630E+0
9,133333	3,065188E+0	2,113122E+0
9,200000	3,076838E+0	2,198394E+0
9,266667	3,082663E+0	2,306238E+0
9,333333	3,080074E+0	2,248554E+0
9,400000	3,071660E+0	2,150742E+0
9,466667	3,013409E+0	2,125662E+0
9,533333	2,848365E+0	1,812162E+0
9,600000	2,716977E+0	1,127477E+0
9,666667	2,546754E+0	4,854286E-1
9,733333	2,520218E+0	4,553326E-1
9,800000	2,519571E+0	4,553326E-1
9,866667	2,520218E+0	4,553326E-1
9,933333	2,522807E+0	4,578406E-1
10,000000	2,520218E+0	4,528246E-1
10,066667	2,523454E+0	4,553326E-1
10,133333	2,520218E+0	4,553326E-1
10,200000	2,519571E+0	4,553326E-1
10,266667	2,523454E+0	4,578406E-1
10,333333	2,520218E+0	4,578406E-1
10,400000	2,522807E+0	4,553326E-1
10,466667	2,522160E+0	4,528246E-1
10,533333	2,522160E+0	4,553326E-1
10,600000	2,523454E+0	4,578406E-1
10,666667	2,521512E+0	4,528246E-1
10,733333	2,520218E+0	4,578406E-1
10,800000	2,522807E+0	4,528246E-1
10,866667	2,522160E+0	4,478086E-1
10,933333	2,535104E+0	4,728886E-1
11,000000	2,619892E+0	8,189929E-1
11,066667	2,764225E+0	1,132493E+0
11,133333	2,891082E+0	1,814670E+0
11,200000	2,978459E+0	2,083026E+0
11,266667	3,036062E+0	2,401542E+0
11,333333	3,081369E+0	2,955811E+0
11,400000	3,098197E+0	2,506878E+0
11,466667	3,102727E+0	2,639802E+0
11,533333	3,129264E+0	2,782759E+0
11,600000	3,148034E+0	2,514402E+0
11,666667	3,153211E+0	2,740122E+0
11,733333	3,068424E+0	2,509386E+0
11,800000	2,819887E+0	1,897434E+0
11,866667	2,655490E+0	1,140017E+0
11,933333	2,552580E+0	6,007967E-1
12,000000	2,521512E+0	4,628566E-1
12,066667	2,521512E+0	4,478086E-1
12,133333	2,521512E+0	4,628566E-1
12,200000	2,522807E+0	4,553326E-1
12,266667	2,520218E+0	4,553326E-1
12,333333	2,520218E+0	4,578406E-1
12,400000	2,523454E+0	4,503166E-1
12,466667	2,521512E+0	4,628566E-1
12,533333	2,521512E+0	4,628566E-1
12,600000	2,522160E+0	4,553326E-1
12,666667	2,522160E+0	4,503166E-1
12,733333	2,521512E+0	4,528246E-1
12,800000	2,521512E+0	4,578406E-1
12,866667	2,522160E+0	4,603486E-1
12,933333	2,519571E+0	4,628566E-1
13,000000	2,519571E+0	4,553326E-1
13,066667	2,520218E+0	4,553326E-1
13,133333	2,521512E+0	4,678726E-1
13,200000	2,519571E+0	4,553326E-1
13,266667	2,522807E+0	4,528246E-1
13,333333	2,523454E+0	4,578406E-1
13,400000	2,519571E+0	4,578406E-1
13,466667	2,533810E+0	4,703806E-1
13,533333	2,610183E+0	1,122461E+0
13,600000	2,770697E+0	1,398341E+0
13,666667	2,946097E+0	1,864830E+0
13,733333	3,058068E+0	2,145726E+0
13,800000	3,135089E+0	2,424114E+0
13,866667	3,177159E+0	2,827903E+0
13,933333	3,189456E+0	3,086227E+0
14,000000	3,157742E+0	2,807839E+0
14,066667	3,093666E+0	2,815363E+0
14,133333	2,935094E+0	2,241030E+0
14,200000	2,671670E+0	9,719810E-1
14,266667	2,526043E+0	4,628566E-1
14,333333	2,520865E+0	4,503166E-1
14,400000	2,523454E+0	4,553326E-1
14,466667	2,523454E+0	4,553326E-1
14,533333	2,521512E+0	4,528246E-1
14,600000	2,521512E+0	4,628566E-1
14,666667	2,521512E+0	4,603486E-1
14,733333	2,520865E+0	4,628566E-1
14,800000	2,523454E+0	4,528246E-1
14,866667	2,521512E+0	4,503166E-1
14,933333	2,523454E+0	4,578406E-1
15,000000	2,520218E+0	4,578406E-1
15,066667	2,521512E+0	4,478086E-1
15,133333	2,522807E+0	4,578406E-1
15,200000	2,519571E+0	4,553326E-1
15,266667	2,521512E+0	4,553326E-1
15,333333	2,528632E+0	4,603486E-1
15,400000	2,533810E+0	4,678726E-1
15,466667	2,621186E+0	7,989289E-1
15,533333	2,869076E+0	1,674222E+0
15,600000	3,085252E+0	2,258586E+0
15,666667	3,198518E+0	2,391510E+0
15,733333	3,236704E+0	2,710026E+0
15,800000	3,186867E+0	2,617230E+0
15,866667	3,183631E+0	2,667390E+0
15,933333	3,198518E+0	2,933239E+0
16,000000	3,182337E+0	2,624754E+0
16,066667	3,116966E+0	2,697486E+0
16,133333	2,981695E+0	2,238522E+0
16,200000	2,766166E+0	1,451009E+0
16,266667	2,576527E+0	7,412448E-1
16,333333	2,520218E+0	4,578406E-1
16,400000	2,520218E+0	4,628566E-1
16,466667	2,522160E+0	4,603486E-1
16,533333	2,521512E+0	4,628566E-1
16,600000	2,522160E+0	4,578406E-1
16,666667	2,520865E+0	4,478086E-1
16,733333	2,521512E+0	4,578406E-1
16,800000	2,520218E+0	4,553326E-1
16,866667	2,522807E+0	4,553326E-1
16,933333	2,519571E+0	4,578406E-1
17,000000	2,522807E+0	4,553326E-1
17,066667	2,522160E+0	4,503166E-1
17,133333	2,521512E+0	4,578406E-1
17,200000	2,522807E+0	4,553326E-1
17,266667	2,521512E+0	4,603486E-1
17,333333	2,522807E+0	4,553326E-1
17,400000	2,520218E+0	4,578406E-1
17,466667	2,523454E+0	4,553326E-1
17,533333	2,522160E+0	4,553326E-1
17,600000	2,519571E+0	4,553326E-1
17,666667	2,522807E+0	4,553326E-1
17,733333	2,523454E+0	4,503166E-1
17,800000	2,522807E+0	4,578406E-1
17,866667	2,520865E+0	4,553326E-1
17,933333	2,521512E+0	4,628566E-1
18,000000	2,520865E+0	4,503166E-1
18,066667	2,523454E+0	4,553326E-1
18,133333	2,523454E+0	4,528246E-1
18,200000	2,524101E+0	4,553326E-1
18,266667	2,520865E+0	4,553326E-1
18,333333	2,521512E+0	4,503166E-1
18,400000	2,520218E+0	4,578406E-1
18,466667	2,520865E+0	4,553326E-1
18,533333	2,523454E+0	4,603486E-1
18,600000	2,521512E+0	4,503166E-1
18,666667	2,521512E+0	4,628566E-1
18,733333	2,520218E+0	4,578406E-1
18,800000	2,522807E+0	4,553326E-1
18,866667	2,521512E+0	4,553326E-1
18,933333	2,522160E+0	4,628566E-1
19,000000	2,521512E+0	4,553326E-1
19,066667	2,522807E+0	4,553326E-1
19,133333	2,522160E+0	4,528246E-1
19,200000	2,521512E+0	4,628566E-1
19,266667	2,519571E+0	4,553326E-1
19,333333	2,523454E+0	4,578406E-1
19,400000	2,521512E+0	4,503166E-1
19,466667	2,520218E+0	4,578406E-1
19,533333	2,519571E+0	4,603486E-1
19,600000	2,522807E+0	4,553326E-1
19,666667	2,521512E+0	4,603486E-1
19,733333	2,521512E+0	4,628566E-1
19,800000	2,521512E+0	4,628566E-1
19,866667	2,523454E+0	4,528246E-1
19,933333	2,520218E+0	4,603486E-1
20,000000	2,522160E+0	4,528246E-1
20,066667	2,522160E+0	4,628566E-1
20,133333	2,521512E+0	4,503166E-1
20,200000	2,520218E+0	4,578406E-1
20,266667	2,520865E+0	4,628566E-1
20,333333	2,521512E+0	4,628566E-1
20,400000	2,520865E+0	4,628566E-1
20,466667	2,522160E+0	4,528246E-1
20,533333	2,521512E+0	4,528246E-1
20,600000	2,521512E+0	4,628566E-1
20,666667	2,522160E+0	4,628566E-1
20,733333	2,521512E+0	4,503166E-1
20,800000	2,521512E+0	4,553326E-1
20,866667	2,521512E+0	4,553326E-1
20,933333	2,526690E+0	4,603486E-1
21,000000	2,537046E+0	5,707007E-1
21,066667	2,562935E+0	6,434328E-1
21,133333	2,663904E+0	1,012109E+0
21,200000	2,818592E+0	1,378277E+0
21,266667	3,043829E+0	2,429130E+0
21,333333	3,170687E+0	2,466750E+0
21,400000	3,262594E+0	2,431638E+0
21,466667	3,318256E+0	2,710026E+0
21,533333	3,370034E+0	2,790283E+0
21,600000	3,410810E+0	2,885587E+0
21,666667	3,406279E+0	2,807839E+0
21,733333	3,423107E+0	2,855491E+0
21,800000	3,458058E+0	2,870539E+0
21,866667	3,494303E+0	2,830411E+0
21,933333	3,496892E+0	3,005971E+0
22,000000	3,505306E+0	2,963335E+0
22,066667	3,489125E+0	2,868031E+0
22,133333	3,452233E+0	2,920699E+0
22,200000	3,384273E+0	2,777743E+0
22,266667	3,289130E+0	2,677422E+0
22,333333	3,141561E+0	2,476782E+0
22,400000	2,916971E+0	1,927530E+0
22,466667	2,643192E+0	9,744890E-1
22,533333	2,521512E+0	4,653646E-1
22,600000	2,521512E+0	4,628566E-1
22,666667	2,520218E+0	4,628566E-1
22,733333	2,521512E+0	4,553326E-1
22,800000	2,519571E+0	4,603486E-1
22,866667	2,522160E+0	4,503166E-1
22,933333	2,523454E+0	4,603486E-1
23,000000	2,523454E+0	4,553326E-1
23,066667	2,521512E+0	4,503166E-1
23,133333	2,523454E+0	4,578406E-1
23,200000	2,519571E+0	4,553326E-1
23,266667	2,520218E+0	4,553326E-1
23,333333	2,521512E+0	4,528246E-1
23,400000	2,521512E+0	4,628566E-1
23,466667	2,520865E+0	4,628566E-1
23,533333	2,521512E+0	4,628566E-1
23,600000	2,521512E+0	4,553326E-1
23,666667	2,522807E+0	4,503166E-1
23,733333	2,529279E+0	4,728886E-1
23,800000	2,547402E+0	5,305727E-1
23,866667	2,654842E+0	7,863889E-1
23,933333	2,925386E+0	1,862322E+0
24,000000	3,198518E+0	2,341350E+0
24,066667	3,356442E+0	2,664882E+0
24,133333	3,443819E+0	2,757678E+0
24,200000	3,507248E+0	2,857999E+0
24,266667	3,520839E+0	3,010987E+0
24,333333	3,509836E+0	3,056131E+0
24,400000	3,381684E+0	2,682438E+0
24,466667	3,115672E+0	2,298714E+0
24,533333	2,775228E+0	1,433453E+0
24,600000	2,568760E+0	5,355887E-1
24,666667	2,521512E+0	4,478086E-1
24,733333	2,520865E+0	4,628566E-1
24,800000	2,523454E+0	4,578406E-1
24,866667	2,522807E+0	4,553326E-1
24,933333	2,521512E+0	4,503166E-1
25,000000	2,522807E+0	4,553326E-1
25,066667	2,520218E+0	4,553326E-1
25,133333	2,520865E+0	4,503166E-1
25,200000	2,518923E+0	4,578406E-1
25,266667	2,522807E+0	4,528246E-1
25,333333	2,521512E+0	4,628566E-1
25,400000	2,520218E+0	4,553326E-1
25,466667	2,521512E+0	4,628566E-1
25,533333	2,522807E+0	4,603486E-1
25,600000	2,522807E+0	4,503166E-1
25,666667	2,522807E+0	4,528246E-1
25,733333	2,519571E+0	4,628566E-1
25,800000	2,522807E+0	4,553326E-1
25,866667	2,522160E+0	4,553326E-1
25,933333	2,527337E+0	5,130166E-1
26,000000	2,559052E+0	5,481287E-1
26,066667	2,678790E+0	1,082333E+0
26,133333	3,045124E+0	2,133186E+0
26,200000	3,311136E+0	2,399034E+0
26,266667	3,441877E+0	2,669898E+0
26,333333	3,527312E+0	2,890603E+0
26,400000	3,530548E+0	2,975875E+0
26,466667	3,531842E+0	2,812855E+0
26,533333	3,520839E+0	3,048607E+0
26,600000	3,517603E+0	3,038575E+0
26,666667	3,494303E+0	2,847967E+0
26,733333	3,437994E+0	3,136387E+0
26,800000	3,344792E+0	2,516910E+0
26,866667	3,172628E+0	2,409066E+0
26,933333	2,854837E+0	1,777050E+0
27,000000	2,570702E+0	6,935928E-1
27,066667	2,521512E+0	4,603486E-1
27,133333	2,521512E+0	4,528246E-1
27,200000	2,521512E+0	4,528246E-1
27,266667	2,520865E+0	4,503166E-1
27,333333	2,520218E+0	4,578406E-1
27,400000	2,520218E+0	4,553326E-1
27,466667	2,522160E+0	4,553326E-1
27,533333	2,521512E+0	4,528246E-1
27,600000	2,522160E+0	4,578406E-1
27,666667	2,520865E+0	4,628566E-1
27,733333	2,521512E+0	4,628566E-1
27,800000	2,521512E+0	4,628566E-1
27,866667	2,520218E+0	4,553326E-1
27,933333	2,522807E+0	4,578406E-1
28,000000	2,520218E+0	4,578406E-1
28,066667	2,522160E+0	4,553326E-1
28,133333	2,521512E+0	4,528246E-1
28,200000	2,521512E+0	4,503166E-1
28,266667	2,542224E+0	5,506367E-1
28,333333	2,759694E+0	1,270433E+0
28,400000	3,085252E+0	2,148234E+0
28,466667	3,344792E+0	2,795299E+0
28,533333	3,533137E+0	2,938255E+0
28,600000	3,641872E+0	2,918191E+0
28,666667	3,627633E+0	3,023527E+0
28,733333	3,654169E+0	3,058639E+0
28,800000	3,671645E+0	3,048607E+0
28,866667	3,653522E+0	2,965843E+0
28,933333	3,528606E+0	3,000955E+0
29,000000	3,281363E+0	2,574594E+0
29,066667	2,904674E+0	1,837242E+0
29,133333	2,617950E+0	1,097381E+0
29,200000	2,518923E+0	4,603486E-1
29,266667	2,521512E+0	4,603486E-1
29,333333	2,521512E+0	4,578406E-1
29,400000	2,521512E+0	4,578406E-1
29,466667	2,521512E+0	4,578406E-1
29,533333	2,520218E+0	4,578406E-1
29,600000	2,521512E+0	4,503166E-1
29,666667	2,521512E+0	4,478086E-1
29,733333	2,521512E+0	4,528246E-1
29,800000	2,522160E+0	4,628566E-1
29,866667	2,519571E+0	4,553326E-1
29,933333	2,521512E+0	4,628566E-1
30,000000	2,520865E+0	4,503166E-1
30,066667	2,520218E+0	4,553326E-1
30,133333	2,521512E+0	4,603486E-1
30,200000	2,522807E+0	4,553326E-1
30,266667	2,518923E+0	4,553326E-1
30,333333	2,520865E+0	4,503166E-1
30,400000	2,520218E+0	4,553326E-1
30,466667	2,520218E+0	4,528246E-1
30,533333	2,521512E+0	4,553326E-1
30,600000	2,559699E+0	5,481287E-1
30,666667	2,738983E+0	1,481105E+0
30,733333	3,077485E+0	2,451702E+0
30,800000	3,386215E+0	2,810347E+0
30,866667	3,610805E+0	3,219151E+0
30,933333	3,721482E+0	3,196579E+0
31,000000	3,803033E+0	3,271819E+0
31,066667	3,859342E+0	3,357091E+0
31,133333	3,880701E+0	3,462427E+0
31,200000	3,871639E+0	3,399727E+0
31,266667	3,828275E+0	3,434839E+0
31,333333	3,774555E+0	3,342043E+0
31,400000	3,623102E+0	3,196579E+0
31,466667	3,265830E+0	2,767711E+0
31,533333	2,803706E+0	1,601490E+0
31,600000	2,549991E+0	4,954606E-1
31,666667	2,520865E+0	4,503166E-1
31,733333	2,520865E+0	4,553326E-1
31,800000	2,523454E+0	4,578406E-1
31,866667	2,521512E+0	4,478086E-1
31,933333	2,520218E+0	4,553326E-1
32,000000	2,521512E+0	4,528246E-1
32,066667	2,522807E+0	4,553326E-1
32,133333	2,521512E+0	4,603486E-1
32,200000	2,521512E+0	4,603486E-1
32,266667	2,522807E+0	4,503166E-1
32,333333	2,521512E+0	4,603486E-1
32,400000	2,520218E+0	4,553326E-1
32,466667	2,522160E+0	4,553326E-1
32,533333	2,520218E+0	4,553326E-1
32,600000	2,520218E+0	4,628566E-1
32,666667	2,521512E+0	4,503166E-1
32,733333	2,521512E+0	4,528246E-1
32,800000	2,521512E+0	4,528246E-1
32,866667	2,523454E+0	4,528246E-1
32,933333	2,522807E+0	4,578406E-1
33,000000	2,519571E+0	4,578406E-1
33,066667	2,523454E+0	4,478086E-1
33,133333	2,520865E+0	4,628566E-1
33,200000	2,522807E+0	4,578406E-1
33,266667	2,518923E+0	4,553326E-1
33,333333	2,521512E+0	4,628566E-1
33,400000	2,522160E+0	4,553326E-1
33,466667	2,522160E+0	4,528246E-1
33,533333	2,532515E+0	4,854286E-1
33,600000	2,632836E+0	8,967410E-1
33,666667	2,966161E+0	1,887402E+0
33,733333	3,298839E+0	2,552022E+0
33,800000	3,502717E+0	2,835427E+0
33,866667	3,616630E+0	3,111307E+0
33,933333	3,687825E+0	3,168991E+0
34,000000	3,696887E+0	3,211627E+0
34,066667	3,695592E+0	3,181531E+0
34,133333	3,687178E+0	3,264295E+0
34,200000	3,669056E+0	3,266803E+0
34,266667	3,637989E+0	3,239215E+0
34,333333	3,574560E+0	3,128863E+0
34,400000	3,439935E+0	2,903143E+0
34,466667	3,192045E+0	2,624754E+0
34,533333	2,862604E+0	1,716858E+0
34,600000	2,645134E+0	9,017570E-1
34,666667	2,522807E+0	4,553326E-1
34,733333	2,521512E+0	4,628566E-1
34,800000	2,519571E+0	4,603486E-1
34,866667	2,521512E+0	4,503166E-1
34,933333	2,518923E+0	4,553326E-1
35,000000	2,521512E+0	4,628566E-1
35,066667	2,521512E+0	4,503166E-1
35,133333	2,520865E+0	4,553326E-1
35,200000	2,521512E+0	4,528246E-1
35,266667	2,521512E+0	4,628566E-1
35,333333	2,522807E+0	4,553326E-1
35,400000	2,523454E+0	4,553326E-1
35,466667	2,520218E+0	4,553326E-1
35,533333	2,522807E+0	4,553326E-1
35,600000	2,521512E+0	4,528246E-1
35,666667	2,522807E+0	4,578406E-1
35,733333	2,522160E+0	4,553326E-1
35,800000	2,523454E+0	4,578406E-1
35,866667	2,520865E+0	4,628566E-1
35,933333	2,519571E+0	4,553326E-1
36,000000	2,523454E+0	4,603486E-1
36,066667	2,523454E+0	4,553326E-1
36,133333	2,521512E+0	4,503166E-1
36,200000	2,521512E+0	4,553326E-1
36,266667	2,579116E+0	6,785448E-1
36,333333	2,748691E+0	1,275449E+0
36,400000	2,821181E+0	1,606506E+0
36,466667	2,812120E+0	1,729398E+0
36,533333	2,733805E+0	1,476089E+0
36,600000	2,581058E+0	6,986088E-1
36,666667	2,520865E+0	4,503166E-1
36,733333	2,522807E+0	4,553326E-1
36,800000	2,520865E+0	4,553326E-1
36,866667	2,522160E+0	4,528246E-1
36,933333	2,518923E+0	4,553326E-1
37,000000	2,520865E+0	4,528246E-1
37,066667	2,521512E+0	4,628566E-1
37,133333	2,521512E+0	4,628566E-1
37,200000	2,523454E+0	4,553326E-1
37,266667	2,519571E+0	4,553326E-1
37,333333	2,521512E+0	4,628566E-1
37,400000	2,521512E+0	4,628566E-1
37,466667	2,521512E+0	4,503166E-1
37,533333	2,521512E+0	4,628566E-1
37,600000	2,520865E+0	4,603486E-1
37,666667	2,523454E+0	4,578406E-1
37,733333	2,692382E+0	9,544250E-1
37,800000	2,763577E+0	1,488629E+0
37,866667	2,637367E+0	8,215009E-1
37,933333	2,531221E+0	4,703806E-1
38,000000	2,521512E+0	4,503166E-1
38,066667	2,522160E+0	4,553326E-1
38,133333	2,520865E+0	4,553326E-1
38,200000	2,519571E+0	4,603486E-1
38,266667	2,521512E+0	4,628566E-1
38,333333	2,521512E+0	4,603486E-1
38,400000	2,520865E+0	4,628566E-1
38,466667	2,520865E+0	4,553326E-1
38,533333	2,523454E+0	4,478086E-1
38,600000	2,521512E+0	4,578406E-1
38,666667	2,518923E+0	4,628566E-1
38,733333	2,522160E+0	4,553326E-1
38,800000	2,522160E+0	4,578406E-1
38,866667	2,520218E+0	4,578406E-1
38,933333	2,521512E+0	4,503166E-1
39,000000	2,523454E+0	4,578406E-1
39,066667	2,665198E+0	8,691529E-1
39,133333	2,706621E+0	1,162589E+0
39,200000	2,624422E+0	8,139769E-1
39,266667	2,533810E+0	5,255567E-1
39,333333	2,520865E+0	4,628566E-1
39,400000	2,521512E+0	4,628566E-1
39,466667	2,521512E+0	4,503166E-1
39,533333	2,521512E+0	4,503166E-1
39,600000	2,522160E+0	4,553326E-1
39,666667	2,521512E+0	4,503166E-1
39,733333	2,523454E+0	4,528246E-1
39,800000	2,522807E+0	4,503166E-1
39,866667	2,520865E+0	4,503166E-1
39,933333	2,520218E+0	4,553326E-1
40,000000	2,521512E+0	4,628566E-1
40,066667	2,522807E+0	4,553326E-1
40,133333	2,521512E+0	4,603486E-1
40,200000	2,522807E+0	4,503166E-1
40,266667	2,519571E+0	4,553326E-1
40,333333	2,521512E+0	4,603486E-1
40,400000	2,529279E+0	4,603486E-1
40,466667	2,571997E+0	6,133367E-1
40,533333	2,715035E+0	9,494090E-1
40,600000	2,935741E+0	1,882386E+0
40,666667	3,097549E+0	2,456718E+0
40,733333	3,192045E+0	2,266110E+0
40,800000	3,276186E+0	2,707518E+0
40,866667	3,326670E+0	2,855491E+0
40,933333	3,359679E+0	2,928223E+0
41,000000	3,365504E+0	2,900635E+0
41,066667	3,366151E+0	2,908159E+0
41,133333	3,369387E+0	2,928223E+0
41,200000	3,375859E+0	2,925715E+0
41,266667	3,386862E+0	3,023527E+0
41,333333	3,381037E+0	3,116323E+0
41,400000	3,387510E+0	3,093751E+0
41,466667	3,399807E+0	3,194071E+0
41,533333	3,407574E+0	3,008479E+0
41,600000	3,403690E+0	3,058639E+0
41,666667	3,405632E+0	3,126355E+0
41,733333	3,408221E+0	3,161467E+0
41,800000	3,412104E+0	3,048607E+0
41,866667	3,418577E+0	2,958319E+0
41,933333	3,403690E+0	2,983399E+0
42,000000	3,391393E+0	3,118831E+0
42,066667	3,382979E+0	3,138895E+0
42,133333	3,368740E+0	3,023527E+0
42,200000	3,358384E+0	3,008479E+0
42,266667	3,342203E+0	3,093751E+0
42,333333	3,316314E+0	3,046099E+0
42,400000	3,268419E+0	3,111307E+0
42,466667	3,143503E+0	2,787775E+0
42,533333	2,889140E+0	2,007786E+0
42,600000	2,643192E+0	8,064529E-1
42,666667	2,521512E+0	4,628566E-1
42,733333	2,523454E+0	4,528246E-1
42,800000	2,521512E+0	4,528246E-1
42,866667	2,518923E+0	4,628566E-1
42,933333	2,523454E+0	4,478086E-1
43,000000	2,523454E+0	4,578406E-1
43,066667	2,523454E+0	4,578406E-1
43,133333	2,521512E+0	4,628566E-1
43,200000	2,521512E+0	4,503166E-1
43,266667	2,520218E+0	4,578406E-1
43,333333	2,521512E+0	4,603486E-1
43,400000	2,522160E+0	4,503166E-1
43,466667	2,521512E+0	4,553326E-1
43,533333	2,521512E+0	4,628566E-1
43,600000	2,521512E+0	4,628566E-1
43,666667	2,520865E+0	4,578406E-1
43,733333	2,521512E+0	4,478086E-1
43,800000	2,521512E+0	4,603486E-1
43,866667	2,521512E+0	4,628566E-1
43,933333	2,519571E+0	4,553326E-1
44,000000	2,521512E+0	4,628566E-1
44,066667	2,520865E+0	4,628566E-1
44,133333	2,522160E+0	4,628566E-1
44,200000	2,524101E+0	4,578406E-1
44,266667	2,522160E+0	4,553326E-1
44,333333	2,521512E+0	4,478086E-1
44,400000	2,520218E+0	4,578406E-1
44,466667	2,522160E+0	4,578406E-1
44,533333	2,523454E+0	4,528246E-1
44,600000	2,557757E+0	5,907647E-1
44,666667	2,608242E+0	8,215009E-1
44,733333	2,850954E+0	1,709334E+0
44,800000	3,170687E+0	2,702502E+0
44,866667	3,316314E+0	2,597166E+0
44,933333	3,234115E+0	2,474274E+0
45,000000	3,244471E+0	2,654850E+0
45,066667	3,329906E+0	2,740122E+0
45,133333	3,338967E+0	2,732598E+0
45,200000	3,261946E+0	2,878063E+0
45,266667	3,221171E+0	2,702502E+0
45,333333	3,233468E+0	2,654850E+0
45,400000	3,133794E+0	2,399034E+0
45,466667	2,858721E+0	2,253570E+0
45,533333	2,586883E+0	7,638169E-1
45,600000	2,518276E+0	4,553326E-1
45,666667	2,521512E+0	4,578406E-1
45,733333	2,521512E+0	4,553326E-1
45,800000	2,521512E+0	4,503166E-1
45,866667	2,521512E+0	4,503166E-1
45,933333	2,519571E+0	4,528246E-1
46,000000	2,519571E+0	4,628566E-1
46,066667	2,522160E+0	4,578406E-1
46,133333	2,520218E+0	4,553326E-1
46,200000	2,520865E+0	4,628566E-1
46,266667	2,520865E+0	4,503166E-1
46,333333	2,520865E+0	4,603486E-1
46,400000	2,522160E+0	4,503166E-1
46,466667	2,521512E+0	4,628566E-1
46,533333	2,521512E+0	4,503166E-1
46,600000	2,529279E+0	4,678726E-1
46,666667	2,598533E+0	6,910848E-1
46,733333	2,839304E+0	1,245353E+0
46,800000	3,104022E+0	2,055438E+0
46,866667	3,292366E+0	2,737614E+0
46,933333	3,412752E+0	2,742630E+0
47,000000	3,474239E+0	2,865523E+0
47,066667	3,513073E+0	3,016003E+0
47,133333	3,513720E+0	2,980891E+0
47,200000	3,520839E+0	3,113815E+0
47,266667	3,537020E+0	3,016003E+0
47,333333	3,525370E+0	2,727582E+0
47,400000	3,496892E+0	3,244231E+0
47,466667	3,464530E+0	3,171499E+0
47,533333	3,436052E+0	3,151435E+0
47,600000	3,406927E+0	2,945779E+0
47,666667	3,382332E+0	2,810347E+0
47,733333	3,370681E+0	3,098767E+0
47,800000	3,357737E+0	2,855491E+0
47,866667	3,333789E+0	2,883079E+0
47,933333	3,311136E+0	2,787775E+0
48,000000	3,293014E+0	2,850475E+0
48,066667	3,277480E+0	2,845459E+0
48,133333	3,272949E+0	2,772727E+0
48,200000	3,265830E+0	2,795299E+0
48,266667	3,250296E+0	2,908159E+0
48,333333	3,249002E+0	2,792791E+0
48,400000	3,241235E+0	2,805331E+0
48,466667	3,233468E+0	2,850475E+0
48,533333	3,220524E+0	3,081211E+0
48,600000	3,204990E+0	2,647326E+0
48,666667	3,199165E+0	3,136387E+0
48,733333	3,202401E+0	3,048607E+0
48,800000	3,204343E+0	2,998447E+0
48,866667	3,199812E+0	2,950795E+0
48,933333	3,193987E+0	3,113815E+0
49,000000	3,188809E+0	2,988415E+0
49,066667	3,188162E+0	3,071179E+0
49,133333	3,180395E+0	2,727582E+0
49,200000	3,185573E+0	2,740122E+0
49,266667	3,186220E+0	2,629770E+0
49,333333	3,173923E+0	2,815363E+0
49,400000	3,158389E+0	2,727582E+0
49,466667	3,144150E+0	2,506878E+0
49,533333	3,127322E+0	2,536974E+0
49,600000	3,119555E+0	2,682438E+0
49,666667	3,098844E+0	2,880571E+0
49,733333	3,090430E+0	2,519418E+0
49,800000	3,081369E+0	2,602182E+0
49,866667	3,080074E+0	2,617230E+0
49,933333	3,062599E+0	2,479290E+0
50,000000	3,039946E+0	2,740122E+0
50,066667	3,010820E+0	2,404050E+0
50,133333	3,001112E+0	2,519418E+0
50,200000	2,997876E+0	2,386494E+0
50,266667	3,001112E+0	2,399034E+0
50,333333	3,001759E+0	2,514402E+0
50,400000	2,997228E+0	2,772727E+0
50,466667	3,002406E+0	2,471766E+0
50,533333	2,995934E+0	2,554530E+0
50,600000	2,992050E+0	2,378970E+0
50,666667	2,999817E+0	2,491830E+0
50,733333	3,003053E+0	2,416590E+0
50,800000	3,007584E+0	2,454210E+0
50,866667	3,008231E+0	2,436654E+0
50,933333	3,006937E+0	2,461734E+0
51,000000	3,006290E+0	2,479290E+0
51,066667	3,003053E+0	2,476782E+0
51,133333	2,995934E+0	2,459226E+0
51,200000	2,996581E+0	2,353890E+0
51,266667	2,995934E+0	2,416590E+0
51,333333	2,999817E+0	2,421606E+0
51,400000	3,006290E+0	2,429130E+0
51,466667	3,007584E+0	2,419098E+0
51,533333	3,008231E+0	2,424114E+0
51,600000	3,005642E+0	2,421606E+0
51,666667	3,005642E+0	2,499354E+0
51,733333	3,003701E+0	2,466750E+0
51,800000	3,004995E+0	2,526942E+0
51,866667	3,003701E+0	2,544498E+0
51,933333	3,003053E+0	2,501862E+0
52,000000	2,999817E+0	2,531958E+0
52,066667	2,998523E+0	2,536974E+0
52,133333	3,000464E+0	2,579610E+0
52,200000	2,999170E+0	2,549514E+0
52,266667	3,000464E+0	2,562054E+0
52,333333	3,002406E+0	2,456718E+0
52,400000	3,002406E+0	2,409066E+0
52,466667	3,005642E+0	2,419098E+0
52,533333	3,029590E+0	2,547006E+0
52,600000	3,217935E+0	2,913175E+0
52,666667	3,393982E+0	3,061147E+0
52,733333	3,498186E+0	3,008479E+0
52,800000	3,493656E+0	2,998447E+0
52,866667	3,460000E+0	2,980891E+0
52,933333	3,408868E+0	3,048607E+0
53,000000	3,378448E+0	3,056131E+0
53,066667	3,356442E+0	3,018511E+0
53,133333	3,336378E+0	2,978383E+0
53,200000	3,315667E+0	2,988415E+0
53,266667	3,304664E+0	3,249247E+0
53,333333	3,297544E+0	3,291883E+0
53,400000	3,289777E+0	3,214135E+0
53,466667	3,283305E+0	3,048607E+0
53,533333	3,278774E+0	2,950795E+0
53,600000	3,263888E+0	2,935747E+0
53,666667	3,245766E+0	2,910667E+0
53,733333	3,235410E+0	2,875555E+0
53,800000	3,220524E+0	2,850475E+0
53,866667	3,212757E+0	2,852983E+0
53,933333	3,205637E+0	2,915683E+0
54,000000	3,210815E+0	2,945779E+0
54,066667	3,211462E+0	3,016003E+0
54,133333	3,204990E+0	2,958319E+0
54,200000	3,200459E+0	2,840443E+0
54,266667	3,194634E+0	2,888095E+0
54,333333	3,194634E+0	2,880571E+0
54,400000	3,195929E+0	2,905651E+0
54,466667	3,198518E+0	2,890603E+0
54,533333	3,196576E+0	2,878063E+0
54,600000	3,188162E+0	2,868031E+0
54,666667	3,181042E+0	2,837935E+0
54,733333	3,174570E+0	2,760187E+0
54,800000	3,171981E+0	2,807839E+0
54,866667	3,160978E+0	2,800315E+0
54,933333	3,153859E+0	2,775235E+0
55,000000	3,148034E+0	2,998447E+0
55,066667	3,140267E+0	2,770219E+0
55,133333	3,133794E+0	2,792791E+0
55,200000	3,116319E+0	2,782759E+0
55,266667	3,109200E+0	2,679930E+0
55,333333	3,109200E+0	2,699994E+0
55,400000	3,111788E+0	2,697486E+0
55,466667	3,118908E+0	2,712534E+0
55,533333	3,126028E+0	2,742630E+0
55,600000	3,132500E+0	2,782759E+0
55,666667	3,142856E+0	2,765203E+0
55,733333	3,140267E+0	2,745138E+0
55,800000	3,135089E+0	2,775235E+0
55,866667	3,131853E+0	2,787775E+0
55,933333	3,128617E+0	2,795299E+0
56,000000	3,124733E+0	2,790283E+0
56,066667	3,119555E+0	2,777743E+0
56,133333	3,093019E+0	2,669898E+0
56,200000	2,990109E+0	2,394018E+0
56,266667	2,823123E+0	1,704318E+0
56,333333	2,637367E+0	9,845210E-1
56,400000	2,521512E+0	4,528246E-1
56,466667	2,521512E+0	4,653646E-1
56,533333	2,522807E+0	4,553326E-1
56,600000	2,522807E+0	4,603486E-1
56,666667	2,521512E+0	4,553326E-1
56,733333	2,519571E+0	4,553326E-1
56,800000	2,521512E+0	4,628566E-1
56,866667	2,521512E+0	4,628566E-1
56,933333	2,522807E+0	4,553326E-1
57,000000	2,522807E+0	4,553326E-1
57,066667	2,522807E+0	4,553326E-1
57,133333	2,521512E+0	4,478086E-1
57,200000	2,522160E+0	4,553326E-1
57,266667	2,521512E+0	4,628566E-1
57,333333	2,521512E+0	4,503166E-1
57,400000	2,521512E+0	4,503166E-1
57,466667	2,521512E+0	4,528246E-1
57,533333	2,522807E+0	4,528246E-1
57,600000	2,522160E+0	4,503166E-1
57,666667	2,521512E+0	4,628566E-1
57,733333	2,520865E+0	4,503166E-1
57,800000	2,521512E+0	4,603486E-1
57,866667	2,519571E+0	4,628566E-1
57,933333	2,521512E+0	4,628566E-1
58,000000	2,539635E+0	5,029846E-1
58,066667	2,751927E+0	1,298021E+0
58,133333	2,966161E+0	1,947594E+0
58,200000	3,065188E+0	2,391510E+0
58,266667	3,137678E+0	2,489322E+0
58,333333	3,163567E+0	2,707518E+0
58,400000	3,173276E+0	2,740122E+0
58,466667	3,168745E+0	2,742630E+0
58,533333	3,166803E+0	2,792791E+0
58,600000	3,157095E+0	2,757678E+0
58,666667	3,142856E+0	2,727582E+0
58,733333	3,133794E+0	2,873047E+0
58,800000	3,170039E+0	2,918191E+0
58,866667	3,193340E+0	2,960827E+0
58,933333	3,145445E+0	2,850475E+0
59,000000	2,946744E+0	2,108106E+0
59,066667	2,627011E+0	9,117890E-1
59,133333	2,522807E+0	4,503166E-1
59,200000	2,522160E+0	4,628566E-1
59,266667	2,520865E+0	4,578406E-1
59,333333	2,521512E+0	4,628566E-1
59,400000	2,522160E+0	4,553326E-1
59,466667	2,520218E+0	4,578406E-1
59,533333	2,520865E+0	4,503166E-1
59,600000	2,520865E+0	4,553326E-1
59,666667	2,521512E+0	4,603486E-1
59,733333	2,522160E+0	4,578406E-1
59,800000	2,522807E+0	4,528246E-1
59,866667	2,518923E+0	4,553326E-1
59,933333	2,523454E+0	4,553326E-1
60,000000	2,522807E+0	4,578406E-1
60,066667	2,520865E+0	4,553326E-1
60,133333	2,521512E+0	4,628566E-1
60,200000	2,520218E+0	4,553326E-1
60,266667	2,521512E+0	4,578406E-1
60,333333	2,520218E+0	4,628566E-1
60,400000	2,521512E+0	4,503166E-1
60,466667	2,520865E+0	4,528246E-1
60,533333	2,520218E+0	4,553326E-1
60,600000	2,522160E+0	4,553326E-1
60,666667	2,520218E+0	4,603486E-1
60,733333	2,521512E+0	4,503166E-1
60,800000	2,520218E+0	4,553326E-1
60,866667	2,521512E+0	4,653646E-1
60,933333	2,520865E+0	4,628566E-1
61,000000	2,520865E+0	4,503166E-1
61,066667	2,520218E+0	4,578406E-1
61,133333	2,629600E+0	9,017570E-1
61,200000	2,783642E+0	1,516217E+0
61,266667	2,902085E+0	2,133186E+0
61,333333	2,959689E+0	2,489322E+0
61,400000	2,992050E+0	2,444178E+0
61,466667	3,014056E+0	2,406558E+0
61,533333	3,024412E+0	2,391510E+0
61,600000	3,041240E+0	2,414082E+0
61,666667	3,050301E+0	2,644818E+0
61,733333	3,038004E+0	2,737614E+0
61,800000	3,012762E+0	2,499354E+0
61,866667	2,977164E+0	2,353890E+0
61,933333	2,955158E+0	2,288682E+0
62,000000	2,975222E+0	2,406558E+0
62,066667	2,994639E+0	2,373954E+0
62,133333	2,993345E+0	2,459226E+0
62,200000	2,989462E+0	2,597166E+0
62,266667	2,982989E+0	2,607198E+0
62,333333	2,981048E+0	2,609706E+0
62,400000	2,973281E+0	2,637294E+0
62,466667	2,956453E+0	2,521926E+0
62,533333	2,899496E+0	2,140710E+0
62,600000	2,767461E+0	1,614030E+0
62,666667	2,601769E+0	8,240089E-1
62,733333	2,526043E+0	4,528246E-1
62,800000	2,521512E+0	4,603486E-1
62,866667	2,522807E+0	4,553326E-1
62,933333	2,520218E+0	4,578406E-1
63,000000	2,522807E+0	4,553326E-1
63,066667	2,519571E+0	4,578406E-1
63,133333	2,521512E+0	4,628566E-1
63,200000	2,523454E+0	4,553326E-1
63,266667	2,521512E+0	4,503166E-1
63,333333	2,521512E+0	4,603486E-1
63,400000	2,523454E+0	4,578406E-1
63,466667	2,636073E+0	7,287048E-1
63,533333	2,793350E+0	1,438469E+0
63,600000	2,924091E+0	2,140710E+0
63,666667	3,011467E+0	2,070486E+0
63,733333	3,043182E+0	2,286174E+0
63,800000	3,070366E+0	2,647326E+0
63,866667	3,081369E+0	2,461734E+0
63,933333	3,093666E+0	2,496846E+0
64,000000	3,102727E+0	2,564562E+0
64,066667	3,104022E+0	2,589642E+0
64,133333	3,096255E+0	2,930731E+0
64,200000	3,089783E+0	2,476782E+0
64,266667	3,076838E+0	2,689962E+0
64,333333	3,072307E+0	2,436654E+0
64,400000	3,067777E+0	2,534466E+0
64,466667	3,076838E+0	2,539482E+0
64,533333	3,077485E+0	2,604690E+0
64,600000	3,078780E+0	2,549514E+0
64,666667	3,082663E+0	2,659866E+0
64,733333	3,076838E+0	2,526942E+0
64,800000	3,059363E+0	2,414082E+0
64,866667	3,036710E+0	2,353890E+0
64,933333	3,003053E+0	2,531958E+0
65,000000	2,956453E+0	2,288682E+0
65,066667	2,883963E+0	2,015310E+0
65,133333	2,784289E+0	1,674222E+0
65,200000	2,628953E+0	1,029665E+0
65,266667	2,526043E+0	4,879366E-1
65,333333	2,520218E+0	4,553326E-1
65,400000	2,521512E+0	4,603486E-1
65,466667	2,519571E+0	4,578406E-1
65,533333	2,521512E+0	4,503166E-1
65,600000	2,521512E+0	4,503166E-1
65,666667	2,519571E+0	4,553326E-1
65,733333	2,520218E+0	4,553326E-1
65,800000	2,520865E+0	4,603486E-1
65,866667	2,522807E+0	4,553326E-1
65,933333	2,522160E+0	4,628566E-1
66,000000	2,521512E+0	4,503166E-1
66,066667	2,577822E+0	5,757167E-1
66,133333	2,749985E+0	1,335641E+0
66,200000	2,891729E+0	1,754478E+0
66,266667	2,997228E+0	2,145726E+0
66,333333	3,065188E+0	2,093058E+0
66,400000	3,118261E+0	2,120646E+0
66,466667	3,155153E+0	2,346366E+0
66,533333	3,179101E+0	2,524434E+0
66,600000	3,188809E+0	2,775235E+0
66,666667	3,190104E+0	2,745138E+0
66,733333	3,184926E+0	2,524434E+0
66,800000	3,166156E+0	2,742630E+0
66,866667	3,145445E+0	2,715042E+0
66,933333	3,127322E+0	2,496846E+0
67,000000	3,120850E+0	2,574594E+0
67,066667	3,116966E+0	2,499354E+0
67,133333	3,098197E+0	2,521926E+0
67,200000	3,065835E+0	2,301222E+0
67,266667	3,022470E+0	2,281158E+0
67,333333	2,992698E+0	2,296206E+0
67,400000	2,944802E+0	2,002770E+0
67,466667	2,899496E+0	2,228490E+0
67,533333	2,843187E+0	1,960134E+0
67,600000	2,810178E+0	2,062962E+0
67,666667	2,797881E+0	1,894926E+0
67,733333	2,786231E+0	1,847274E+0
67,800000	2,784936E+0	1,777050E+0
67,866667	2,788172E+0	1,744446E+0
67,933333	2,789467E+0	1,634094E+0
68,000000	2,782994E+0	1,716858E+0
68,066667	2,785583E+0	1,772034E+0
68,133333	2,797233E+0	1,884894E+0
68,200000	2,804353E+0	2,286174E+0
68,266667	2,819239E+0	2,075502E+0
68,333333	2,833478E+0	1,960134E+0
68,400000	2,847070E+0	2,218458E+0
68,466667	2,838656E+0	2,148234E+0
68,533333	2,827006E+0	1,990230E+0
68,600000	2,817945E+0	1,975182E+0
68,666667	2,818592E+0	1,917498E+0
68,733333	2,816003E+0	1,947594E+0
68,800000	2,817298E+0	1,952610E+0
68,866667	2,816650E+0	2,338842E+0
68,933333	2,822476E+0	2,366430E+0
69,000000	2,822476E+0	2,366430E+0
69,066667	2,819239E+0	2,401542E+0
69,133333	2,818592E+0	2,404050E+0
69,200000	2,811473E+0	2,386494E+0
69,266667	2,809531E+0	2,311254E+0
69,333333	2,811473E+0	1,889910E+0
69,400000	2,813414E+0	1,884894E+0
69,466667	2,810825E+0	2,065470E+0
69,533333	2,808884E+0	1,904958E+0
69,600000	2,808236E+0	1,859814E+0
69,666667	2,805647E+0	1,854798E+0
69,733333	2,808884E+0	1,854798E+0
69,800000	2,811473E+0	1,897434E+0
69,866667	2,815356E+0	1,879878E+0
69,933333	2,817945E+0	1,975182E+0
70,000000	2,818592E+0	2,007786E+0
70,066667	2,819239E+0	1,957626E+0
70,133333	2,819239E+0	1,932546E+0
70,200000	2,820534E+0	1,957626E+0
70,266667	2,819887E+0	1,897434E+0
70,333333	2,820534E+0	1,899942E+0
70,400000	2,818592E+0	1,869846E+0
70,466667	2,820534E+0	1,897434E+0
70,533333	2,819239E+0	1,920006E+0
70,600000	2,817298E+0	1,925022E+0
70,666667	2,816650E+0	1,930038E+0
70,733333	2,819239E+0	1,937562E+0
70,800000	2,817945E+0	1,922514E+0
70,866667	2,820534E+0	1,889910E+0
70,933333	2,823123E+0	1,902450E+0
71,000000	2,822476E+0	1,907466E+0
71,066667	2,823770E+0	1,940070E+0
71,133333	2,826359E+0	1,960134E+0
71,200000	2,828948E+0	1,940070E+0
71,266667	2,831537E+0	2,000262E+0
71,333333	2,829595E+0	2,017818E+0
71,400000	2,829595E+0	1,987722E+0
71,466667	2,822476E+0	1,877370E+0
71,533333	2,821828E+0	1,834734E+0
71,600000	2,821828E+0	1,837242E+0
71,666667	2,821828E+0	1,857306E+0
71,733333	2,823770E+0	1,857306E+0
71,800000	2,821181E+0	1,832226E+0
71,866667	2,825064E+0	1,837242E+0
71,933333	2,825712E+0	1,940070E+0
72,000000	2,829595E+0	1,947594E+0
72,066667	2,827653E+0	1,920006E+0
72,133333	2,829595E+0	1,942578E+0
72,200000	2,826359E+0	1,899942E+0
72,266667	2,827006E+0	1,914990E+0
72,333333	2,827006E+0	1,894926E+0
72,400000	2,825064E+0	1,882386E+0
72,466667	2,826359E+0	1,824702E+0
72,533333	2,822476E+0	1,879878E+0
72,600000	2,828301E+0	1,892418E+0
72,666667	2,826359E+0	1,904958E+0
72,733333	2,826359E+0	1,899942E+0
72,800000	2,828301E+0	1,925022E+0
72,866667	2,826359E+0	1,952610E+0
72,933333	2,824417E+0	1,955118E+0
73,000000	2,827006E+0	1,962642E+0
73,066667	2,827006E+0	1,937562E+0
73,133333	2,825712E+0	1,965150E+0
73,200000	2,823770E+0	1,884894E+0
73,266667	2,825712E+0	1,945086E+0
73,333333	2,823770E+0	1,920006E+0
73,400000	2,826359E+0	1,965150E+0
73,466667	2,826359E+0	1,997754E+0
73,533333	2,827653E+0	1,977690E+0
73,600000	2,827006E+0	1,925022E+0
73,666667	2,830242E+0	2,027850E+0
73,733333	2,827006E+0	1,997754E+0
73,800000	2,829595E+0	2,065470E+0
73,866667	2,828948E+0	1,962642E+0
73,933333	2,829595E+0	2,020326E+0
74,000000	2,830242E+0	2,100582E+0
74,066667	2,832184E+0	2,123154E+0
74,133333	2,829595E+0	2,035374E+0
74,200000	2,830890E+0	2,135694E+0
74,266667	2,829595E+0	2,133186E+0
74,333333	2,828301E+0	2,133186E+0
74,400000	2,828948E+0	2,170806E+0
74,466667	2,828301E+0	2,050422E+0
74,533333	2,825712E+0	2,015310E+0
74,600000	2,824417E+0	2,052930E+0
74,666667	2,826359E+0	2,148234E+0
74,733333	2,825064E+0	2,078010E+0
74,800000	2,823123E+0	2,103090E+0
74,866667	2,817298E+0	2,153250E+0
74,933333	2,814709E+0	2,158266E+0
75,000000	2,817298E+0	2,165790E+0
75,066667	2,816650E+0	2,268618E+0
75,133333	2,816650E+0	2,200902E+0
75,200000	2,815356E+0	2,288682E+0
75,266667	2,812120E+0	2,208426E+0
75,333333	2,814062E+0	2,183346E+0
75,400000	2,810178E+0	2,203410E+0
75,466667	2,810178E+0	2,165790E+0
75,533333	2,810825E+0	2,158266E+0
75,600000	2,810178E+0	2,268618E+0
75,666667	2,808884E+0	2,210934E+0
75,733333	2,809531E+0	2,278650E+0
75,800000	2,806942E+0	2,108106E+0
75,866667	2,806295E+0	2,205918E+0
75,933333	2,806942E+0	2,200902E+0
76,000000	2,803706E+0	2,195886E+0
76,066667	2,802411E+0	2,178330E+0
76,133333	2,806295E+0	2,218458E+0
76,200000	2,808884E+0	2,246046E+0
76,266667	2,806942E+0	2,218458E+0
76,333333	2,808236E+0	2,238522E+0
76,400000	2,807589E+0	2,238522E+0
76,466667	2,805647E+0	2,228490E+0
76,533333	2,801764E+0	2,190870E+0
76,600000	2,801117E+0	2,168298E+0
76,666667	2,806295E+0	2,200902E+0
76,733333	2,805647E+0	2,170806E+0
76,800000	2,804353E+0	2,173314E+0
76,866667	2,805000E+0	2,193378E+0
76,933333	2,800470E+0	2,165790E+0
77,000000	2,799175E+0	2,165790E+0
77,066667	2,803059E+0	2,150742E+0
77,133333	2,802411E+0	2,070486E+0
77,200000	2,807589E+0	2,100582E+0
77,266667	2,801764E+0	2,175822E+0
77,333333	2,801117E+0	2,128170E+0
77,400000	2,803059E+0	2,000262E+0
77,466667	2,803706E+0	1,972674E+0
77,533333	2,805647E+0	2,010294E+0
77,600000	2,805000E+0	1,940070E+0
77,666667	2,802411E+0	1,957626E+0
77,733333	2,798528E+0	1,972674E+0
77,800000	2,798528E+0	1,914990E+0
77,866667	2,799175E+0	1,814670E+0
77,933333	2,801117E+0	1,857306E+0
78,000000	2,799822E+0	1,862322E+0
78,066667	2,801764E+0	1,882386E+0
78,133333	2,804353E+0	1,912482E+0
78,200000	2,805000E+0	1,884894E+0
78,266667	2,806295E+0	1,972674E+0
78,333333	2,809531E+0	1,869846E+0
78,400000	2,810825E+0	1,894926E+0
78,466667	2,815356E+0	1,844766E+0
78,533333	2,865840E+0	1,837242E+0
78,600000	2,969397E+0	2,281158E+0
78,666667	3,096902E+0	2,293698E+0
78,733333	3,200459E+0	2,559546E+0
78,800000	3,242529E+0	2,840443E+0
78,866667	3,267124E+0	2,865523E+0
78,933333	3,252238E+0	2,830411E+0
79,000000	3,217935E+0	2,820379E+0
79,066667	3,186220E+0	2,900635E+0
79,133333	3,159036E+0	2,830411E+0
79,200000	3,141561E+0	2,687454E+0
79,266667	3,140267E+0	2,735106E+0
79,333333	3,134442E+0	2,720058E+0
79,400000	3,133147E+0	2,679930E+0
79,466667	3,121497E+0	2,694978E+0
79,533333	3,117614E+0	2,767711E+0
79,600000	3,122144E+0	2,800315E+0
79,666667	3,126028E+0	2,807839E+0
79,733333	3,120850E+0	2,715042E+0
79,800000	3,105963E+0	2,722566E+0
79,866667	3,087841E+0	2,674914E+0
79,933333	3,077485E+0	2,562054E+0
80,000000	3,074249E+0	2,602182E+0
80,066667	3,065188E+0	2,614722E+0
80,133333	3,061952E+0	2,589642E+0
80,200000	3,063893E+0	2,692470E+0
80,266667	3,060010E+0	2,619738E+0
80,333333	3,055479E+0	2,599674E+0
80,400000	3,054185E+0	2,654850E+0
80,466667	3,050301E+0	2,669898E+0
80,533333	3,048360E+0	2,707518E+0
80,600000	3,043182E+0	2,667390E+0
80,666667	3,030237E+0	2,639802E+0
80,733333	3,023118E+0	2,592150E+0
80,800000	3,010173E+0	2,602182E+0
80,866667	2,940919E+0	2,180838E+0
80,933333	2,781700E+0	1,736922E+0
81,000000	2,601769E+0	1,054745E+0
81,066667	2,522160E+0	4,528246E-1
81,133333	2,520218E+0	4,553326E-1
81,200000	2,522160E+0	4,528246E-1
81,266667	2,521512E+0	4,628566E-1
81,333333	2,523454E+0	4,553326E-1
81,400000	2,520865E+0	4,478086E-1
81,466667	2,518923E+0	4,578406E-1
81,533333	2,521512E+0	4,628566E-1
81,600000	2,521512E+0	4,603486E-1
81,666667	2,520218E+0	4,578406E-1
81,733333	2,521512E+0	4,628566E-1
81,800000	2,522807E+0	4,528246E-1
81,866667	2,522160E+0	4,528246E-1
81,933333	2,520865E+0	4,603486E-1
82,000000	2,520865E+0	4,503166E-1
82,066667	2,520865E+0	4,503166E-1
82,133333	2,521512E+0	4,528246E-1
82,200000	2,522807E+0	4,528246E-1
82,266667	2,518923E+0	4,578406E-1
82,333333	2,520865E+0	4,503166E-1
82,400000	2,521512E+0	4,628566E-1
82,466667	2,522160E+0	4,578406E-1
82,533333	2,519571E+0	4,578406E-1
82,600000	2,641250E+0	6,384168E-1
82,666667	2,789467E+0	1,353197E+0
82,733333	2,907910E+0	1,711842E+0
82,800000	3,023765E+0	2,248554E+0
82,866667	3,093019E+0	2,303730E+0
82,933333	3,119555E+0	2,471766E+0
83,000000	3,114377E+0	2,577102E+0
83,066667	3,066482E+0	2,639802E+0
83,133333	3,021823E+0	2,459226E+0
83,200000	3,012762E+0	2,516910E+0
83,266667	3,017940E+0	2,539482E+0
83,333333	3,011467E+0	2,559546E+0
83,400000	2,984284E+0	2,479290E+0
83,466667	2,951922E+0	2,466750E+0
83,533333	2,902085E+0	2,323794E+0
83,600000	2,752574E+0	1,804638E+0
83,666667	2,582999E+0	1,119953E+0
83,733333	2,521512E+0	4,478086E-1
83,800000	2,521512E+0	4,503166E-1
83,866667	2,523454E+0	4,528246E-1
83,933333	2,521512E+0	4,578406E-1
84,000000	2,520218E+0	4,553326E-1
84,066667	2,520218E+0	4,553326E-1
84,133333	2,521512E+0	4,653646E-1
84,200000	2,521512E+0	4,503166E-1
84,266667	2,521512E+0	4,553326E-1
84,333333	2,521512E+0	4,503166E-1
84,400000	2,520218E+0	4,553326E-1
84,466667	2,522807E+0	4,503166E-1
84,533333	2,521512E+0	4,578406E-1
84,600000	2,520865E+0	4,503166E-1
84,666667	2,521512E+0	4,628566E-1
84,733333	2,521512E+0	4,503166E-1
84,800000	2,527985E+0	4,503166E-1
84,866667	2,632836E+0	9,469010E-1
84,933333	3,045771E+0	2,125662E+0
85,000000	3,518898E+0	2,772727E+0
85,066667	3,859989E+0	3,256771E+0
85,133333	4,074871E+0	3,630463E+0
85,200000	4,165483E+0	3,500047E+0
85,266667	4,248329E+0	3,520111E+0
85,333333	4,214026E+0	3,597859E+0
85,400000	4,114352E+0	3,605383E+0
85,466667	3,805622E+0	3,256771E+0
85,533333	3,238646E+0	2,667390E+0
85,600000	2,664551E+0	8,064529E-1
85,666667	2,520865E+0	4,628566E-1
85,733333	2,521512E+0	4,528246E-1
85,800000	2,521512E+0	4,478086E-1
85,866667	2,520865E+0	4,528246E-1
85,933333	2,521512E+0	4,628566E-1
86,000000	2,521512E+0	4,528246E-1
86,066667	2,521512E+0	4,628566E-1
86,133333	2,521512E+0	4,528246E-1
86,200000	2,521512E+0	4,528246E-1
86,266667	2,520218E+0	4,553326E-1
86,333333	2,521512E+0	4,553326E-1
86,400000	2,521512E+0	4,628566E-1
86,466667	2,520865E+0	4,503166E-1
86,533333	2,521512E+0	4,628566E-1
86,600000	2,520218E+0	4,553326E-1
86,666667	2,523454E+0	4,553326E-1
86,733333	2,521512E+0	4,528246E-1
86,800000	2,521512E+0	4,603486E-1
86,866667	2,523454E+0	4,553326E-1
86,933333	2,521512E+0	4,628566E-1
87,000000	2,521512E+0	4,603486E-1
87,066667	2,521512E+0	4,628566E-1
87,133333	2,521512E+0	4,628566E-1
87,200000	2,521512E+0	4,478086E-1
87,266667	2,520218E+0	4,578406E-1
87,333333	2,521512E+0	4,628566E-1
87,400000	2,520218E+0	4,628566E-1
87,466667	2,522807E+0	4,553326E-1
87,533333	2,614714E+0	6,484488E-1
87,600000	3,020529E+0	2,213442E+0
87,666667	3,520192E+0	2,659866E+0
87,733333	3,880054E+0	3,294391E+0
87,800000	4,067751E+0	3,321979E+0
87,866667	4,118882E+0	3,374647E+0
87,933333	4,122766E+0	3,276835E+0
88,000000	4,017914E+0	3,495031E+0
88,066667	3,738310E+0	3,462427E+0
88,133333	3,152564E+0	2,516910E+0
88,200000	2,599828E+0	6,860688E-1
88,266667	2,522807E+0	4,503166E-1
88,333333	2,523454E+0	1,438469E+0
88,400000	2,521512E+0	4,503166E-1
88,466667	2,519571E+0	4,553326E-1
88,533333	2,522160E+0	4,578406E-1
88,600000	2,521512E+0	4,603486E-1
88,666667	2,523454E+0	4,528246E-1
88,733333	2,523454E+0	4,578406E-1
88,800000	2,523454E+0	4,553326E-1
88,866667	2,518923E+0	4,603486E-1
88,933333	2,520218E+0	4,603486E-1
89,000000	2,520865E+0	4,503166E-1
89,066667	2,523454E+0	4,578406E-1
89,133333	2,520218E+0	4,553326E-1
89,200000	2,522807E+0	4,528246E-1
89,266667	2,521512E+0	4,528246E-1
89,333333	2,522807E+0	4,553326E-1
89,400000	2,522160E+0	4,528246E-1
89,466667	2,522160E+0	4,503166E-1
89,533333	2,521512E+0	4,528246E-1
89,600000	2,522160E+0	4,528246E-1
89,666667	2,521512E+0	4,578406E-1
89,733333	2,520865E+0	4,578406E-1
89,800000	2,519571E+0	4,553326E-1
89,866667	2,520218E+0	4,553326E-1
89,933333	2,522807E+0	4,528246E-1
90,000000	2,523454E+0	4,553326E-1
90,066667	2,520865E+0	4,503166E-1
90,133333	2,523454E+0	4,628566E-1
90,200000	2,955158E+0	1,817178E+0
90,266667	3,483947E+0	3,018511E+0
90,333333	3,814683E+0	3,352075E+0
90,400000	4,033448E+0	3,434839E+0
90,466667	4,095582E+0	3,617923E+0
90,533333	4,107879E+0	3,627955E+0
90,600000	4,061926E+0	3,577795E+0
90,666667	3,957721E+0	3,525127E+0
90,733333	3,639930E+0	3,279343E+0
90,800000	3,106611E+0	2,617230E+0
90,866667	2,655490E+0	1,039697E+0
90,933333	2,522160E+0	4,528246E-1
91,000000	2,520865E+0	4,503166E-1
91,066667	2,522160E+0	4,503166E-1
91,133333	2,520218E+0	4,603486E-1
91,200000	2,520865E+0	4,478086E-1
91,266667	2,521512E+0	4,628566E-1
91,333333	2,520865E+0	4,578406E-1
91,400000	2,520865E+0	4,603486E-1
91,466667	2,521512E+0	4,603486E-1
91,533333	2,522807E+0	4,578406E-1
91,600000	2,519571E+0	4,553326E-1
91,666667	2,521512E+0	4,553326E-1
91,733333	2,527337E+0	4,653646E-1
91,800000	2,713093E+0	1,167605E+0
91,866667	3,148681E+0	2,145726E+0
91,933333	3,450938E+0	2,998447E+0
92,000000	3,592035E+0	3,224167E+0
92,066667	3,632811E+0	3,374647E+0
92,133333	3,629575E+0	3,454903E+0
92,200000	3,621808E+0	3,454903E+0
92,266667	3,623102E+0	3,517603E+0
92,333333	3,634752E+0	3,299407E+0
92,400000	3,636047E+0	3,432331E+0
92,466667	3,626338E+0	3,479983E+0
92,533333	3,601096E+0	3,377155E+0
92,600000	3,559026E+0	3,409759E+0
92,666667	3,552554E+0	3,449887E+0
92,733333	3,560968E+0	3,357091E+0
92,800000	3,562262E+0	3,337027E+0
92,866667	3,534431E+0	3,342043E+0
92,933333	3,489772E+0	3,384679E+0
93,000000	3,452880E+0	3,357091E+0
93,066667	3,434110E+0	3,291883E+0
93,133333	3,440583E+0	3,377155E+0
93,200000	3,430227E+0	3,412267E+0
93,266667	3,393982E+0	3,321979E+0
93,333333	3,326670E+0	3,284359E+0
93,400000	3,295603E+0	3,194071E+0
93,466667	3,274244E+0	3,151435E+0
93,533333	3,250943E+0	3,138895E+0
93,600000	3,216640E+0	3,101275E+0
93,666667	3,193987E+0	3,118831E+0
93,733333	3,188162E+0	3,093751E+0
93,800000	3,187515E+0	3,121339E+0
93,866667	3,186220E+0	3,103783E+0
93,933333	3,176512E+0	3,071179E+0
94,000000	3,134442E+0	2,998447E+0
94,066667	2,971339E+0	2,481798E+0
94,133333	2,727980E+0	1,240337E+0
94,200000	2,584941E+0	7,412448E-1
94,266667	2,522807E+0	4,553326E-1
94,333333	2,518923E+0	4,578406E-1
94,400000	2,521512E+0	4,503166E-1
94,466667	2,520218E+0	4,553326E-1
94,533333	2,521512E+0	4,528246E-1
94,600000	2,521512E+0	4,628566E-1
94,666667	2,524101E+0	4,553326E-1
94,733333	2,520865E+0	4,603486E-1
94,800000	2,521512E+0	4,628566E-1
94,866667	2,521512E+0	4,503166E-1
94,933333	2,521512E+0	4,653646E-1
95,000000	2,521512E+0	4,553326E-1
95,066667	2,522807E+0	4,503166E-1
95,133333	2,521512E+0	4,578406E-1
95,200000	2,522807E+0	4,553326E-1
95,266667	2,521512E+0	4,553326E-1
95,333333	2,520865E+0	4,628566E-1
95,400000	2,519571E+0	4,578406E-1
95,466667	2,521512E+0	4,628566E-1
95,533333	2,520865E+0	4,603486E-1
95,600000	2,522807E+0	4,553326E-1
95,666667	2,533810E+0	4,904446E-1
95,733333	2,777816E+0	1,237829E+0
95,800000	3,050301E+0	2,148234E+0
95,866667	3,207579E+0	2,386494E+0
95,933333	3,268419E+0	2,469258E+0
96,000000	3,282011E+0	2,614722E+0
96,066667	3,272949E+0	2,514402E+0
96,133333	3,213404E+0	2,847967E+0
96,200000	3,129911E+0	2,697486E+0
96,266667	3,034121E+0	2,399034E+0
96,333333	2,952569E+0	2,210934E+0
96,400000	2,777816E+0	1,636602E+0
96,466667	2,574585E+0	1,170113E+0
96,533333	2,522160E+0	4,553326E-1
96,600000	2,520218E+0	4,628566E-1
96,666667	2,522160E+0	4,628566E-1
96,733333	2,523454E+0	4,578406E-1
96,800000	2,521512E+0	4,503166E-1
96,866667	2,521512E+0	4,503166E-1
96,933333	2,521512E+0	4,578406E-1
97,000000	2,521512E+0	4,628566E-1
97,066667	2,520218E+0	4,553326E-1
97,133333	2,522160E+0	4,628566E-1
97,200000	2,522807E+0	4,553326E-1
97,266667	2,522160E+0	4,628566E-1
97,333333	2,520218E+0	4,628566E-1
97,400000	2,520865E+0	4,503166E-1
97,466667	2,521512E+0	4,478086E-1
97,533333	2,519571E+0	4,578406E-1
97,600000	2,520218E+0	4,528246E-1
97,666667	2,522807E+0	4,528246E-1
97,733333	2,687851E+0	1,097381E+0
97,800000	3,034768E+0	2,042898E+0
97,866667	3,225701E+0	2,429130E+0
97,933333	3,305958E+0	2,702502E+0
98,000000	3,310489E+0	2,725074E+0
98,066667	3,256769E+0	2,562054E+0
98,133333	3,093019E+0	2,491830E+0
98,200000	2,800470E+0	1,706826E+0
98,266667	2,567466E+0	6,910848E-1
98,333333	2,522160E+0	4,503166E-1
98,400000	2,521512E+0	4,628566E-1
98,466667	2,521512E+0	4,603486E-1
98,533333	2,520218E+0	4,578406E-1
98,600000	2,520865E+0	4,628566E-1
98,666667	2,521512E+0	4,628566E-1
98,733333	2,522160E+0	4,628566E-1
98,800000	2,522160E+0	4,578406E-1
98,866667	2,522160E+0	4,528246E-1
98,933333	2,523454E+0	4,578406E-1
99,000000	2,520865E+0	4,603486E-1
99,066667	2,520865E+0	4,503166E-1
99,133333	2,521512E+0	4,628566E-1
99,200000	2,521512E+0	4,628566E-1
99,266667	2,522160E+0	4,503166E-1
99,333333	2,521512E+0	4,553326E-1
99,400000	2,521512E+0	4,503166E-1
99,466667	2,520865E+0	4,603486E-1
99,533333	2,549991E+0	4,954606E-1
99,600000	2,676201E+0	8,741689E-1
99,666667	2,914383E+0	1,626570E+0
99,733333	3,200459E+0	2,145726E+0
99,800000	3,368093E+0	2,441670E+0
99,866667	3,447702E+0	2,762695E+0
99,933333	3,489125E+0	2,644818E+0
100,000000	3,505306E+0	2,639802E+0
100,066667	3,472944E+0	2,815363E+0
100,133333	3,302722E+0	2,557038E+0
100,200000	2,908557E+0	2,391510E+0
100,266667	2,654195E+0	9,769970E-1
100,333333	2,533810E+0	4,804126E-1
100,400000	2,523454E+0	4,578406E-1
100,466667	2,520865E+0	4,603486E-1
100,533333	2,520218E+0	4,553326E-1
100,600000	2,521512E+0	4,503166E-1
100,666667	2,521512E+0	4,478086E-1
100,733333	2,519571E+0	4,553326E-1
100,800000	2,520865E+0	4,503166E-1
100,866667	2,522807E+0	4,553326E-1
100,933333	2,520218E+0	4,578406E-1
101,000000	2,520218E+0	4,603486E-1
101,066667	2,523454E+0	4,528246E-1
101,133333	2,523454E+0	4,578406E-1
101,200000	2,520218E+0	4,578406E-1
101,266667	2,521512E+0	4,503166E-1
101,333333	2,526690E+0	4,653646E-1
101,400000	2,778464E+0	1,375769E+0
101,466667	3,101433E+0	2,524434E+0
101,533333	3,322139E+0	2,800315E+0
101,600000	3,405632E+0	2,910667E+0
101,666667	3,443819E+0	2,975875E+0
101,733333	3,447702E+0	3,053623E+0
101,800000	3,439935E+0	3,199087E+0
101,866667	3,348676E+0	2,993431E+0
101,933333	3,195281E+0	2,657358E+0
102,000000	3,009526E+0	2,278650E+0
102,066667	2,860662E+0	1,909974E+0
102,133333	2,678790E+0	1,054745E+0
102,200000	2,526690E+0	4,678726E-1
102,266667	2,521512E+0	4,478086E-1
102,333333	2,520218E+0	4,578406E-1
102,400000	2,522807E+0	4,553326E-1
102,466667	2,521512E+0	4,628566E-1
102,533333	2,522160E+0	4,628566E-1
102,600000	2,521512E+0	4,503166E-1
102,666667	2,520218E+0	4,553326E-1
102,733333	2,518923E+0	4,578406E-1
102,800000	2,520865E+0	4,528246E-1
102,866667	2,521512E+0	4,503166E-1
102,933333	2,521512E+0	4,503166E-1
103,000000	2,521512E+0	4,628566E-1
103,066667	2,521512E+0	4,503166E-1
103,133333	2,519571E+0	4,553326E-1
103,200000	2,521512E+0	4,553326E-1
103,266667	2,520865E+0	4,503166E-1
103,333333	2,521512E+0	4,553326E-1
103,400000	2,521512E+0	4,628566E-1
103,466667	2,520865E+0	4,628566E-1
103,533333	2,660020E+0	8,766769E-1
103,600000	3,067129E+0	2,358906E+0
103,666667	3,345439E+0	2,840443E+0
103,733333	3,505306E+0	3,123847E+0
103,800000	3,592035E+0	2,955811E+0
103,866667	3,639283E+0	3,010987E+0
103,933333	3,690414E+0	3,128863E+0
104,000000	3,707242E+0	3,236707E+0
104,066667	3,714362E+0	3,241723E+0
104,133333	3,702712E+0	3,377155E+0
104,200000	3,719540E+0	3,357091E+0
104,266667	3,750607E+0	3,342043E+0
104,333333	3,784263E+0	3,176515E+0
104,400000	3,794619E+0	3,352075E+0
104,466667	3,789441E+0	3,189055E+0
104,533333	3,803033E+0	3,321979E+0
104,600000	3,802386E+0	3,209119E+0
104,666667	3,799149E+0	3,191563E+0
104,733333	3,763552E+0	3,357091E+0
104,800000	3,619866E+0	3,284359E+0
104,866667	3,226996E+0	2,750154E+0
104,933333	2,714388E+0	1,466057E+0
105,000000	2,524101E+0	4,553326E-1
105,066667	2,523454E+0	4,553326E-1
105,133333	2,521512E+0	4,578406E-1
105,200000	2,521512E+0	4,553326E-1
105,266667	2,520218E+0	4,553326E-1
105,333333	2,520865E+0	4,553326E-1
105,400000	2,519571E+0	4,603486E-1
105,466667	2,518923E+0	4,528246E-1
105,533333	2,521512E+0	4,628566E-1
105,600000	2,520865E+0	4,578406E-1
105,666667	2,521512E+0	4,528246E-1
105,733333	2,522807E+0	4,578406E-1
105,800000	2,521512E+0	4,628566E-1
105,866667	2,520218E+0	4,528246E-1
105,933333	2,521512E+0	4,553326E-1
106,000000	2,523454E+0	4,578406E-1
106,066667	2,612125E+0	9,142970E-1
106,133333	2,984931E+0	2,123154E+0
106,200000	3,188162E+0	2,687454E+0
106,266667	3,230879E+0	2,920699E+0
106,333333	3,149975E+0	2,692470E+0
106,400000	3,005642E+0	2,394018E+0
106,466667	2,744808E+0	1,280465E+0
106,533333	2,528632E+0	4,553326E-1
106,600000	2,521512E+0	4,503166E-1
106,666667	2,521512E+0	4,603486E-1
106,733333	2,521512E+0	4,628566E-1
106,800000	2,520865E+0	4,553326E-1
106,866667	2,521512E+0	4,528246E-1
106,933333	2,521512E+0	4,503166E-1
107,000000	2,522160E+0	4,578406E-1
107,066667	2,520865E+0	4,603486E-1
107,133333	2,521512E+0	4,528246E-1
107,200000	2,520218E+0	4,553326E-1
107,266667	2,521512E+0	4,603486E-1
107,333333	2,521512E+0	4,503166E-1
107,400000	2,521512E+0	4,528246E-1
107,466667	2,521512E+0	4,603486E-1
107,533333	2,528632E+0	4,753966E-1
107,600000	2,736394E+0	1,736922E+0
107,666667	2,658078E+0	9,193130E-1
107,733333	2,572644E+0	7,161648E-1
107,800000	2,524749E+0	4,528246E-1
107,866667	2,522807E+0	4,478086E-1
107,933333	2,521512E+0	4,503166E-1
108,000000	2,521512E+0	4,528246E-1
108,066667	2,519571E+0	4,528246E-1
108,133333	2,518923E+0	4,578406E-1
108,200000	2,522160E+0	4,503166E-1
108,266667	2,522807E+0	4,553326E-1
108,333333	2,521512E+0	4,628566E-1
108,400000	2,523454E+0	4,578406E-1
108,466667	2,522807E+0	4,553326E-1
108,533333	2,521512E+0	4,553326E-1
108,600000	2,532515E+0	4,804126E-1
108,666667	2,694971E+0	1,054745E+0
108,733333	2,821181E+0	1,528757E+0
108,800000	2,898202E+0	2,391510E+0
108,866667	2,940919E+0	2,185854E+0
108,933333	2,929916E+0	2,604690E+0
109,000000	2,887199E+0	2,404050E+0
109,066667	2,872960E+0	2,286174E+0
109,133333	2,891729E+0	2,318778E+0
109,200000	2,895613E+0	2,135694E+0
109,266667	2,898849E+0	2,225982E+0
109,333333	2,883963E+0	2,208426E+0
109,400000	2,870371E+0	2,085534E+0
109,466667	2,858073E+0	2,163282E+0
109,533333	2,854190E+0	2,025342E+0
109,600000	2,852895E+0	2,105598E+0
109,666667	2,856132E+0	1,967658E+0
109,733333	2,863251E+0	2,027850E+0
109,800000	2,888493E+0	2,150742E+0
109,866667	2,908557E+0	2,434146E+0
109,933333	2,929916E+0	2,429130E+0
110,000000	2,949980E+0	2,449194E+0
110,066667	2,951922E+0	2,371446E+0
110,133333	2,951275E+0	2,336334E+0
110,200000	2,948039E+0	2,348874E+0
110,266667	2,948039E+0	2,378970E+0
110,333333	2,951922E+0	2,256078E+0
110,400000	2,955805E+0	2,336334E+0
110,466667	2,957747E+0	2,336334E+0
110,533333	2,960983E+0	2,486814E+0
110,600000	2,966808E+0	2,399034E+0
110,666667	2,963572E+0	2,391510E+0
110,733333	2,962925E+0	2,514402E+0
110,800000	2,961631E+0	2,464242E+0
110,866667	2,961631E+0	2,454210E+0
110,933333	2,966808E+0	2,481798E+0
111,000000	2,969397E+0	2,464242E+0
111,066667	2,971339E+0	2,567070E+0
111,133333	2,975870E+0	2,622246E+0
111,200000	2,977164E+0	2,634786E+0
111,266667	2,977164E+0	2,622246E+0
111,333333	2,973928E+0	2,609706E+0
111,400000	2,972633E+0	2,547006E+0
111,466667	2,970692E+0	2,547006E+0
111,533333	2,973928E+0	2,572086E+0
111,600000	2,971339E+0	2,617230E+0
111,666667	2,973281E+0	2,572086E+0
111,733333	2,977811E+0	2,526942E+0
111,800000	2,977811E+0	2,549514E+0
111,866667	2,975870E+0	2,597166E+0
111,933333	2,973281E+0	2,740122E+0
112,000000	2,971339E+0	2,637294E+0
112,066667	2,971339E+0	2,577102E+0
112,133333	2,970692E+0	2,559546E+0
112,200000	2,968103E+0	2,499354E+0
112,266667	2,970692E+0	2,501862E+0
112,333333	2,970692E+0	2,479290E+0
112,400000	2,967456E+0	2,481798E+0
112,466667	2,971339E+0	2,539482E+0
112,533333	2,975222E+0	2,511894E+0
112,600000	2,977164E+0	2,501862E+0
112,666667	2,979753E+0	2,474274E+0
112,733333	2,982989E+0	2,511894E+0
112,800000	2,984931E+0	2,539482E+0
112,866667	2,981048E+0	2,479290E+0
112,933333	2,984931E+0	2,534466E+0
113,000000	2,982989E+0	2,559546E+0
113,066667	2,984931E+0	2,469258E+0
113,133333	2,986225E+0	2,484306E+0
113,200000	2,988814E+0	2,511894E+0
113,266667	2,990109E+0	2,549514E+0
113,333333	2,986225E+0	2,614722E+0
113,400000	2,988167E+0	2,552022E+0
113,466667	2,990109E+0	2,479290E+0
113,533333	2,989462E+0	2,524434E+0
113,600000	2,988167E+0	2,489322E+0
113,666667	2,988814E+0	2,486814E+0
113,733333	2,990109E+0	2,516910E+0
113,800000	2,991403E+0	2,524434E+0
113,866667	2,994639E+0	2,516910E+0
113,933333	3,001112E+0	2,569578E+0
114,000000	2,998523E+0	2,559546E+0
114,066667	3,004348E+0	2,619738E+0
114,133333	3,006937E+0	2,559546E+0
114,200000	3,008231E+0	2,592150E+0
114,266667	3,012115E+0	2,501862E+0
114,333333	3,014704E+0	2,547006E+0
114,400000	3,010820E+0	2,541990E+0
114,466667	3,017293E+0	2,504370E+0
114,533333	3,019881E+0	2,569578E+0
114,600000	3,019234E+0	2,526942E+0
114,666667	3,016645E+0	2,564562E+0
114,733333	3,022470E+0	2,612214E+0
114,800000	3,022470E+0	2,642310E+0
114,866667	3,023765E+0	2,624754E+0
114,933333	3,023765E+0	2,637294E+0
115,000000	3,024412E+0	2,677422E+0
115,066667	3,021176E+0	2,609706E+0
115,133333	3,023765E+0	2,614722E+0
115,200000	3,028943E+0	2,617230E+0
115,266667	3,031532E+0	2,624754E+0
115,333333	3,030884E+0	2,584626E+0
115,400000	3,023765E+0	2,637294E+0
115,466667	3,017940E+0	2,619738E+0
115,533333	3,014056E+0	2,574594E+0
115,600000	3,014704E+0	2,562054E+0
115,666667	3,018587E+0	2,549514E+0
115,733333	3,025059E+0	2,552022E+0
115,800000	3,027648E+0	2,589642E+0
115,866667	3,023765E+0	2,652342E+0
115,933333	3,020529E+0	2,672406E+0
116,000000	3,023118E+0	2,694978E+0
116,066667	3,019234E+0	2,609706E+0
116,133333	3,016645E+0	2,720058E+0
116,200000	3,012115E+0	2,632278E+0
116,266667	3,015351E+0	2,659866E+0
116,333333	3,014704E+0	2,647326E+0
116,400000	3,020529E+0	2,639802E+0
116,466667	3,015998E+0	2,612214E+0
116,533333	3,018587E+0	2,634786E+0
116,600000	3,016645E+0	2,617230E+0
116,666667	3,018587E+0	2,614722E+0
116,733333	3,022470E+0	2,567070E+0
116,800000	3,023765E+0	2,629770E+0
116,866667	3,018587E+0	2,589642E+0
116,933333	3,018587E+0	2,559546E+0
117,000000	3,016645E+0	2,619738E+0
117,066667	3,014056E+0	2,582118E+0
117,133333	3,010173E+0	2,577102E+0
117,200000	3,005642E+0	2,569578E+0
117,266667	3,006937E+0	2,469258E+0
117,333333	3,005642E+0	2,506878E+0
117,400000	3,155800E+0	2,737614E+0
117,466667	3,457411E+0	3,093751E+0
117,533333	3,537667E+0	3,342043E+0
117,600000	3,524723E+0	3,344551E+0
117,666667	3,469708E+0	3,369631E+0
117,733333	3,425049E+0	3,199087E+0
117,800000	3,362915E+0	3,259279E+0
117,866667	3,209521E+0	3,128863E+0
117,933333	3,053538E+0	2,697486E+0
118,000000	2,993345E+0	2,694978E+0
118,066667	2,951922E+0	2,725074E+0
118,133333	2,953864E+0	2,780251E+0
118,200000	2,948039E+0	2,762695E+0
118,266667	2,945450E+0	2,727582E+0
118,333333	2,927974E+0	2,669898E+0
118,400000	2,917619E+0	2,677422E+0
118,466667	2,904674E+0	2,654850E+0
118,533333	2,892377E+0	2,614722E+0
118,600000	2,877490E+0	2,268618E+0
118,666667	2,872960E+0	2,409066E+0
118,733333	2,871018E+0	2,341350E+0
118,800000	2,875549E+0	2,444178E+0
118,866667	2,881374E+0	2,371446E+0
118,933333	2,891082E+0	2,368938E+0
119,000000	2,896907E+0	2,399034E+0
119,066667	2,895613E+0	2,414082E+0
119,133333	2,902085E+0	2,358906E+0
119,200000	2,900143E+0	2,474274E+0
119,266667	2,900791E+0	2,479290E+0
119,333333	2,898849E+0	2,494338E+0
119,400000	2,899496E+0	2,426622E+0
119,466667	2,899496E+0	2,436654E+0
119,533333	2,900143E+0	2,526942E+0
119,600000	2,898849E+0	2,486814E+0
119,666667	2,898202E+0	2,464242E+0
119,733333	2,898849E+0	2,444178E+0
119,800000	2,893024E+0	2,479290E+0
119,866667	2,887199E+0	2,514402E+0
119,933333	2,875549E+0	2,346366E+0
120,000000	2,871018E+0	2,288682E+0

