date/time: ,29/11/2019,02:24 p.m.
Run 1

time	(V)	(V)
0,000000	2,521512E+0	4,528246E-1
0,066667	2,523454E+0	4,503166E-1
0,133333	2,521512E+0	4,503166E-1
0,200000	2,522160E+0	4,628566E-1
0,266667	2,521512E+0	4,528246E-1
0,333333	2,522160E+0	4,628566E-1
0,400000	2,520218E+0	4,578406E-1
0,466667	2,522160E+0	4,628566E-1
0,533333	2,522160E+0	4,628566E-1
0,600000	2,520865E+0	4,553326E-1
0,666667	2,520218E+0	4,603486E-1
0,733333	2,522160E+0	4,603486E-1
0,800000	2,522160E+0	4,653646E-1
0,866667	2,522160E+0	4,628566E-1
0,933333	2,522160E+0	4,503166E-1
1,000000	2,522160E+0	4,503166E-1
1,066667	2,520865E+0	4,603486E-1
1,133333	2,521512E+0	4,628566E-1
1,200000	2,521512E+0	4,528246E-1
1,266667	2,521512E+0	4,528246E-1
1,333333	2,523454E+0	4,578406E-1
1,400000	2,523454E+0	4,528246E-1
1,466667	2,520865E+0	4,603486E-1
1,533333	2,523454E+0	4,528246E-1
1,600000	2,522160E+0	4,628566E-1
1,666667	2,523454E+0	4,578406E-1
1,733333	2,521512E+0	4,503166E-1
1,800000	2,521512E+0	4,503166E-1
1,866667	2,520218E+0	4,603486E-1
1,933333	2,524101E+0	4,553326E-1
2,000000	2,527337E+0	4,478086E-1
2,066667	2,562935E+0	6,308927E-1
2,133333	2,658078E+0	1,405865E+0
2,200000	2,784289E+0	1,513709E+0
2,266667	2,841245E+0	1,711842E+0
2,333333	2,849012E+0	2,078010E+0
2,400000	2,831537E+0	2,098074E+0
2,466667	2,827653E+0	2,311254E+0
2,533333	2,829595E+0	2,880571E+0
2,600000	2,836067E+0	2,923207E+0
2,666667	2,855484E+0	3,016003E+0
2,733333	2,875549E+0	3,063655E+0
2,800000	2,896260E+0	2,960827E+0
2,866667	2,916324E+0	2,817871E+0
2,933333	2,917619E+0	2,669898E+0
3,000000	2,935741E+0	2,524434E+0
3,066667	2,906616E+0	2,870539E+0
3,133333	2,812120E+0	2,007786E+0
3,200000	2,612125E+0	1,473581E+0
3,266667	2,521512E+0	4,628566E-1
3,333333	2,521512E+0	4,603486E-1
3,400000	2,523454E+0	4,553326E-1
3,466667	2,522160E+0	4,603486E-1
3,533333	2,523454E+0	4,553326E-1
3,600000	2,522160E+0	4,528246E-1
3,666667	2,520865E+0	4,603486E-1
3,733333	2,521512E+0	4,603486E-1
3,800000	2,520865E+0	4,553326E-1
3,866667	2,521512E+0	4,528246E-1
3,933333	2,522807E+0	4,503166E-1
4,000000	2,523454E+0	4,578406E-1
4,066667	2,520865E+0	4,603486E-1
4,133333	2,520865E+0	4,578406E-1
4,200000	2,523454E+0	4,553326E-1
4,266667	2,523454E+0	4,603486E-1
4,333333	2,523454E+0	4,528246E-1
4,400000	2,522160E+0	4,478086E-1
4,466667	2,523454E+0	4,578406E-1
4,533333	2,522160E+0	4,628566E-1
4,600000	2,521512E+0	4,503166E-1
4,666667	2,524101E+0	4,603486E-1
4,733333	2,525396E+0	4,503166E-1
4,800000	2,624422E+0	8,641369E-1
4,866667	2,746102E+0	2,195886E+0
4,933333	2,858073E+0	2,198394E+0
5,000000	2,927974E+0	2,266110E+0
5,066667	2,963572E+0	2,431638E+0
5,133333	3,015998E+0	2,629770E+0
5,200000	3,044476E+0	2,737614E+0
5,266667	3,050949E+0	2,737614E+0
5,333333	3,056126E+0	2,750154E+0
5,400000	3,036710E+0	2,762695E+0
5,466667	3,020529E+0	2,679930E+0
5,533333	2,989462E+0	2,642310E+0
5,600000	2,902085E+0	2,401542E+0
5,666667	2,740924E+0	1,754478E+0
5,733333	2,565524E+0	8,290249E-1
5,800000	2,522160E+0	4,553326E-1
5,866667	2,523454E+0	4,603486E-1
5,933333	2,522160E+0	4,603486E-1
6,000000	2,523454E+0	4,553326E-1
6,066667	2,521512E+0	4,578406E-1
6,133333	2,522160E+0	4,553326E-1
6,200000	2,522160E+0	4,578406E-1
6,266667	2,523454E+0	4,628566E-1
6,333333	2,521512E+0	4,528246E-1
6,400000	2,521512E+0	4,553326E-1
6,466667	2,520865E+0	4,628566E-1
6,533333	2,520218E+0	4,578406E-1
6,600000	2,521512E+0	4,503166E-1
6,666667	2,521512E+0	4,553326E-1
6,733333	2,522160E+0	4,503166E-1
6,800000	2,521512E+0	4,628566E-1
6,866667	2,523454E+0	4,603486E-1
6,933333	2,664551E+0	1,252877E+0
7,000000	2,716329E+0	1,576410E+0
7,066667	2,687851E+0	1,466057E+0
7,133333	2,571997E+0	8,039449E-1
7,200000	2,529926E+0	4,879366E-1
7,266667	2,520218E+0	4,603486E-1
7,333333	2,522160E+0	4,553326E-1
7,400000	2,521512E+0	4,628566E-1
7,466667	2,523454E+0	4,553326E-1
7,533333	2,522807E+0	4,578406E-1
7,600000	2,524101E+0	4,578406E-1
7,666667	2,520218E+0	4,628566E-1
7,733333	2,521512E+0	4,503166E-1
7,800000	2,520218E+0	4,553326E-1
7,866667	2,521512E+0	4,653646E-1
7,933333	2,521512E+0	4,553326E-1
8,000000	2,521512E+0	4,628566E-1
8,066667	2,523454E+0	4,628566E-1
8,133333	2,522160E+0	4,503166E-1
8,200000	2,521512E+0	4,628566E-1
8,266667	2,521512E+0	4,653646E-1
8,333333	2,522160E+0	4,503166E-1
8,400000	2,520865E+0	4,578406E-1
8,466667	2,520865E+0	4,678726E-1
8,533333	2,624422E+0	9,368690E-1
8,600000	2,730569E+0	1,837242E+0
8,666667	2,860015E+0	2,644818E+0
8,733333	3,000464E+0	2,710026E+0
8,800000	3,071013E+0	2,582118E+0
8,866667	3,113730E+0	2,762695E+0
8,933333	3,127322E+0	2,782759E+0
9,000000	3,134442E+0	2,985907E+0
9,066667	3,128617E+0	2,692470E+0
9,133333	3,129911E+0	3,061147E+0
9,200000	3,120203E+0	2,973367E+0
9,266667	3,113730E+0	2,915683E+0
9,333333	3,051596E+0	2,582118E+0
9,400000	2,825064E+0	2,017818E+0
9,466667	2,630247E+0	1,275449E+0
9,533333	2,527337E+0	4,553326E-1
9,600000	2,521512E+0	4,628566E-1
9,666667	2,522160E+0	4,628566E-1
9,733333	2,524101E+0	4,578406E-1
9,800000	2,520865E+0	4,578406E-1
9,866667	2,522807E+0	4,603486E-1
9,933333	2,522160E+0	4,503166E-1
10,000000	2,520865E+0	4,553326E-1
10,066667	2,523454E+0	4,578406E-1
10,133333	2,522807E+0	4,528246E-1
10,200000	2,523454E+0	4,553326E-1
10,266667	2,523454E+0	4,628566E-1
10,333333	2,522160E+0	4,628566E-1
10,400000	2,522807E+0	4,503166E-1
10,466667	2,521512E+0	4,528246E-1
10,533333	2,520218E+0	4,553326E-1
10,600000	2,521512E+0	4,628566E-1
10,666667	2,522160E+0	4,678726E-1
10,733333	2,521512E+0	4,503166E-1
10,800000	2,521512E+0	4,528246E-1
10,866667	2,520218E+0	4,603486E-1
10,933333	2,521512E+0	4,628566E-1
11,000000	2,520218E+0	4,578406E-1
11,066667	2,522160E+0	4,653646E-1
11,133333	2,521512E+0	4,503166E-1
11,200000	2,685909E+0	1,348181E+0
11,266667	3,013409E+0	2,531958E+0
11,333333	3,304017E+0	2,850475E+0
11,400000	3,459352E+0	3,113815E+0
11,466667	3,569382E+0	3,266803E+0
11,533333	3,642519E+0	3,352075E+0
11,600000	3,678764E+0	3,414775E+0
11,666667	3,700123E+0	3,680623E+0
11,733333	3,666467E+0	3,683131E+0
11,800000	3,623102E+0	3,733291E+0
11,866667	3,488478E+0	3,404743E+0
11,933333	3,249002E+0	3,018511E+0
12,000000	2,983636E+0	2,765203E+0
12,066667	2,690440E+0	1,606506E+0
12,133333	2,535104E+0	5,255567E-1
12,200000	2,520865E+0	4,728886E-1
12,266667	2,521512E+0	4,829206E-1
12,333333	2,521512E+0	4,804126E-1
12,400000	2,522807E+0	4,553326E-1
12,466667	2,520218E+0	4,879366E-1
12,533333	2,520218E+0	4,829206E-1
12,600000	2,522160E+0	4,728886E-1
12,666667	2,523454E+0	4,603486E-1
12,733333	2,524101E+0	4,653646E-1
12,800000	2,522807E+0	4,603486E-1
12,866667	2,521512E+0	4,678726E-1
12,933333	2,520218E+0	4,603486E-1
13,000000	2,520218E+0	4,628566E-1
13,066667	2,521512E+0	4,528246E-1
13,133333	2,520218E+0	4,553326E-1
13,200000	2,523454E+0	4,578406E-1
13,266667	2,521512E+0	4,653646E-1
13,333333	2,520865E+0	4,553326E-1
13,400000	2,522160E+0	4,628566E-1
13,466667	2,521512E+0	4,603486E-1
13,533333	2,521512E+0	4,603486E-1
13,600000	2,522160E+0	4,578406E-1
13,666667	2,524101E+0	4,653646E-1
13,733333	2,654195E+0	1,180145E+0
13,800000	3,000464E+0	2,158266E+0
13,866667	3,397218E+0	3,231691E+0
13,933333	3,604332E+0	3,168991E+0
14,000000	3,733779E+0	3,409759E+0
14,066667	3,780380E+0	3,527635E+0
14,133333	3,762257E+0	3,545191E+0
14,200000	3,665820E+0	3,512587E+0
14,266667	3,406279E+0	3,301915E+0
14,333333	2,971986E+0	2,647326E+0
14,400000	2,661962E+0	1,965150E+0
14,466667	2,522807E+0	4,703806E-1
14,533333	2,521512E+0	4,678726E-1
14,600000	2,521512E+0	4,779046E-1
14,666667	2,520865E+0	4,628566E-1
14,733333	2,521512E+0	4,753966E-1
14,800000	2,520865E+0	4,703806E-1
14,866667	2,520865E+0	4,578406E-1
14,933333	2,522160E+0	4,628566E-1
15,000000	2,521512E+0	4,703806E-1
15,066667	2,521512E+0	4,728886E-1
15,133333	2,521512E+0	4,728886E-1
15,200000	2,520865E+0	4,678726E-1
15,266667	2,522160E+0	4,728886E-1
15,333333	2,521512E+0	4,528246E-1
15,400000	2,522160E+0	4,653646E-1
15,466667	2,522160E+0	4,528246E-1
15,533333	2,520865E+0	4,528246E-1
15,600000	2,521512E+0	4,628566E-1
15,666667	2,667140E+0	1,360721E+0
15,733333	2,757105E+0	1,536281E+0
15,800000	2,676848E+0	1,385801E+0
15,866667	2,536399E+0	5,105086E-1
15,933333	2,521512E+0	4,653646E-1
16,000000	2,521512E+0	4,578406E-1
16,066667	2,521512E+0	4,603486E-1
16,133333	2,523454E+0	4,553326E-1
16,200000	2,522807E+0	4,603486E-1
16,266667	2,520218E+0	4,603486E-1
16,333333	2,522160E+0	4,603486E-1
16,400000	2,523454E+0	4,578406E-1
16,466667	2,523454E+0	4,578406E-1
16,533333	2,520865E+0	4,528246E-1
16,600000	2,522160E+0	4,628566E-1
16,666667	2,521512E+0	4,528246E-1
16,733333	2,521512E+0	4,628566E-1
16,800000	2,520865E+0	4,603486E-1
16,866667	2,521512E+0	4,628566E-1
16,933333	2,520218E+0	4,553326E-1
17,000000	2,520218E+0	4,603486E-1
17,066667	2,522160E+0	4,528246E-1
17,133333	2,525396E+0	4,703806E-1
17,200000	2,685909E+0	1,328117E+0
17,266667	2,986225E+0	2,426622E+0
17,333333	3,226996E+0	2,830411E+0
17,400000	3,272302E+0	3,163975E+0
17,466667	3,050949E+0	2,624754E+0
17,533333	2,717624E+0	1,596474E+0
17,600000	2,532515E+0	4,854286E-1
17,666667	2,521512E+0	4,528246E-1
17,733333	2,522807E+0	4,628566E-1
17,800000	2,521512E+0	4,603486E-1
17,866667	2,522160E+0	4,628566E-1
17,933333	2,524101E+0	4,628566E-1
18,000000	2,521512E+0	4,753966E-1
18,066667	2,522160E+0	4,653646E-1
18,133333	2,524101E+0	4,603486E-1
18,200000	2,520865E+0	4,678726E-1
18,266667	2,522160E+0	4,678726E-1
18,333333	2,520218E+0	4,578406E-1
18,400000	2,522160E+0	4,628566E-1
18,466667	2,523454E+0	4,578406E-1
18,533333	2,521512E+0	4,628566E-1
18,600000	2,523454E+0	4,603486E-1
18,666667	2,520218E+0	4,578406E-1
18,733333	2,521512E+0	4,503166E-1
18,800000	2,523454E+0	4,528246E-1
18,866667	2,623775E+0	1,160081E+0
18,933333	2,992698E+0	2,198394E+0
19,000000	3,322139E+0	3,071179E+0
19,066667	3,545434E+0	3,294391E+0
19,133333	3,639930E+0	3,321979E+0
19,200000	3,662583E+0	3,502555E+0
19,266667	3,628927E+0	3,585319E+0
19,333333	3,520839E+0	3,572779E+0
19,400000	3,289130E+0	3,199087E+0
19,466667	2,850307E+0	2,047914E+0
19,533333	2,549343E+0	7,211808E-1
19,600000	2,520218E+0	4,653646E-1
19,666667	2,522807E+0	4,528246E-1
19,733333	2,523454E+0	4,603486E-1
19,800000	2,521512E+0	4,703806E-1
19,866667	2,522160E+0	4,703806E-1
19,933333	2,522160E+0	4,628566E-1
20,000000	2,524101E+0	4,553326E-1
20,066667	2,523454E+0	4,653646E-1
20,133333	2,523454E+0	4,678726E-1
20,200000	2,520865E+0	4,653646E-1
20,266667	2,522807E+0	4,603486E-1
20,333333	2,522160E+0	4,578406E-1
20,400000	2,519571E+0	4,653646E-1
20,466667	2,523454E+0	4,528246E-1
20,533333	2,520865E+0	4,553326E-1
20,600000	2,520865E+0	4,603486E-1
20,666667	2,521512E+0	4,628566E-1
20,733333	2,521512E+0	4,528246E-1
20,800000	2,664551E+0	1,704318E+0
20,866667	2,612125E+0	1,353197E+0
20,933333	2,526690E+0	5,130166E-1
21,000000	2,522160E+0	4,728886E-1
21,066667	2,524101E+0	4,603486E-1
21,133333	2,521512E+0	4,703806E-1
21,200000	2,521512E+0	4,678726E-1
21,266667	2,521512E+0	4,628566E-1
21,333333	2,523454E+0	4,628566E-1
21,400000	2,520218E+0	4,628566E-1
21,466667	2,520218E+0	4,603486E-1
21,533333	2,520865E+0	4,578406E-1
21,600000	2,521512E+0	4,753966E-1
21,666667	2,521512E+0	4,628566E-1
21,733333	2,522160E+0	4,728886E-1
21,800000	2,523454E+0	4,703806E-1
21,866667	2,520218E+0	4,678726E-1
21,933333	2,521512E+0	4,703806E-1
22,000000	2,697560E+0	1,679238E+0
22,066667	2,619245E+0	1,275449E+0
22,133333	2,523454E+0	4,728886E-1
22,200000	2,522160E+0	4,678726E-1
22,266667	2,524101E+0	4,503166E-1
22,333333	2,520218E+0	4,628566E-1
22,400000	2,521512E+0	4,578406E-1
22,466667	2,520865E+0	4,653646E-1
22,533333	2,523454E+0	4,653646E-1
22,600000	2,521512E+0	4,578406E-1
22,666667	2,521512E+0	4,528246E-1
22,733333	2,523454E+0	4,628566E-1
22,800000	2,522160E+0	4,628566E-1
22,866667	2,520218E+0	4,653646E-1
22,933333	2,521512E+0	4,703806E-1
23,000000	2,521512E+0	4,678726E-1
23,066667	2,521512E+0	4,528246E-1
23,133333	2,522160E+0	4,578406E-1
23,200000	2,523454E+0	4,678726E-1
23,266667	2,565524E+0	8,315329E-1
23,333333	2,658726E+0	1,443485E+0
23,400000	2,587530E+0	1,027157E+0
23,466667	2,521512E+0	4,628566E-1
23,533333	2,520865E+0	4,603486E-1
23,600000	2,520218E+0	4,603486E-1
23,666667	2,522160E+0	4,628566E-1
23,733333	2,523454E+0	4,578406E-1
23,800000	2,521512E+0	4,503166E-1
23,866667	2,522160E+0	4,503166E-1
23,933333	2,520218E+0	4,603486E-1
24,000000	2,521512E+0	4,528246E-1
24,066667	2,522807E+0	4,578406E-1
24,133333	2,522807E+0	4,578406E-1
24,200000	2,520865E+0	4,628566E-1
24,266667	2,520218E+0	4,628566E-1
24,333333	2,523454E+0	4,703806E-1
24,400000	2,521512E+0	4,603486E-1
24,466667	2,520865E+0	4,603486E-1
24,533333	2,768108E+0	1,769526E+0
24,600000	2,871018E+0	2,404050E+0
24,666667	2,986873E+0	2,569578E+0
24,733333	3,041240E+0	2,692470E+0
24,800000	3,087841E+0	2,777743E+0
24,866667	3,107905E+0	2,805331E+0
24,933333	3,112436E+0	2,995939E+0
25,000000	3,107258E+0	2,868031E+0
25,066667	3,107905E+0	2,910667E+0
25,133333	3,109847E+0	2,875555E+0
25,200000	3,105316E+0	2,943271E+0
25,266667	3,101433E+0	2,875555E+0
25,333333	3,100138E+0	2,817871E+0
25,400000	3,085899E+0	2,908159E+0
25,466667	3,085252E+0	2,890603E+0
25,533333	3,079427E+0	2,913175E+0
25,600000	3,078780E+0	2,960827E+0
25,666667	3,080721E+0	2,943271E+0
25,733333	3,077485E+0	2,955811E+0
25,800000	3,073602E+0	2,950795E+0
25,866667	3,064541E+0	2,953303E+0
25,933333	3,049654E+0	2,913175E+0
26,000000	3,029590E+0	2,875555E+0
26,066667	3,018587E+0	2,920699E+0
26,133333	3,016645E+0	2,933239E+0
26,200000	3,015998E+0	2,963335E+0
26,266667	3,006937E+0	2,950795E+0
26,333333	3,004995E+0	2,938255E+0
26,400000	2,995934E+0	2,915683E+0
26,466667	2,989462E+0	2,812855E+0
26,533333	2,982342E+0	2,903143E+0
26,600000	2,975870E+0	2,910667E+0
26,666667	2,963572E+0	2,757678E+0
26,733333	2,961631E+0	2,559546E+0
26,800000	2,960983E+0	2,652342E+0
26,866667	2,953864E+0	2,705010E+0
26,933333	2,951922E+0	2,649834E+0
27,000000	2,949980E+0	2,750154E+0
27,066667	2,950628E+0	2,649834E+0
27,133333	2,948039E+0	2,705010E+0
27,200000	2,944155E+0	2,702502E+0
27,266667	2,938330E+0	2,639802E+0
27,333333	2,931858E+0	2,647326E+0
27,400000	2,920855E+0	2,677422E+0
27,466667	2,899496E+0	2,712534E+0
27,533333	2,899496E+0	2,857999E+0
27,600000	2,894966E+0	2,740122E+0
27,666667	2,896260E+0	2,707518E+0
27,733333	2,895613E+0	2,687454E+0
27,800000	2,894966E+0	2,710026E+0
27,866667	2,888493E+0	2,720058E+0
27,933333	2,888493E+0	2,742630E+0
28,000000	2,882021E+0	2,687454E+0
28,066667	2,871018E+0	2,634786E+0
28,133333	2,867782E+0	2,607198E+0
28,200000	2,868429E+0	2,619738E+0
28,266667	2,867782E+0	2,642310E+0
28,333333	2,870371E+0	2,629770E+0
28,400000	2,861309E+0	2,584626E+0
28,466667	2,863251E+0	2,634786E+0
28,533333	2,863898E+0	2,710026E+0
28,600000	2,864546E+0	2,697486E+0
28,666667	2,868429E+0	2,689962E+0
28,733333	2,872312E+0	2,649834E+0
28,800000	2,876196E+0	2,750154E+0
28,866667	2,879432E+0	2,740122E+0
28,933333	2,880079E+0	2,765203E+0
29,000000	2,881374E+0	2,750154E+0
29,066667	2,881374E+0	2,760187E+0
29,133333	2,885257E+0	2,747646E+0
29,200000	2,888493E+0	2,800315E+0
29,266667	2,880079E+0	2,820379E+0
29,333333	2,751927E+0	2,133186E+0
29,400000	2,551932E+0	8,139769E-1
29,466667	2,520218E+0	4,779046E-1
29,533333	2,522160E+0	4,628566E-1
29,600000	2,524101E+0	4,703806E-1
29,666667	2,521512E+0	4,678726E-1
29,733333	2,521512E+0	5,280647E-1
29,800000	2,521512E+0	5,531447E-1
29,866667	2,521512E+0	5,205407E-1
29,933333	2,521512E+0	5,330807E-1
30,000000	2,524101E+0	5,230487E-1
30,066667	2,521512E+0	5,280647E-1
30,133333	2,521512E+0	5,130166E-1
30,200000	2,522807E+0	4,553326E-1
30,266667	2,520865E+0	4,628566E-1
30,333333	2,522807E+0	4,703806E-1
30,400000	2,520218E+0	4,653646E-1
30,466667	2,523454E+0	4,678726E-1
30,533333	2,522807E+0	4,728886E-1
30,600000	2,519571E+0	4,728886E-1
30,666667	2,522807E+0	4,678726E-1
30,733333	2,522807E+0	4,829206E-1
30,800000	2,521512E+0	4,728886E-1
30,866667	2,523454E+0	4,804126E-1
30,933333	2,523454E+0	4,804126E-1
31,000000	2,524101E+0	4,829206E-1
31,066667	2,523454E+0	4,804126E-1
31,133333	2,521512E+0	4,904446E-1
31,200000	2,520218E+0	4,804126E-1
31,266667	2,523454E+0	4,879366E-1
31,333333	2,523454E+0	4,779046E-1
31,400000	2,522160E+0	4,904446E-1
31,466667	2,522160E+0	4,879366E-1
31,533333	2,521512E+0	4,879366E-1
31,600000	2,521512E+0	4,829206E-1
31,666667	2,521512E+0	4,753966E-1
31,733333	2,520218E+0	4,829206E-1
31,800000	2,520865E+0	4,779046E-1
31,866667	2,522160E+0	4,854286E-1
31,933333	2,522160E+0	4,879366E-1
32,000000	2,523454E+0	4,804126E-1
32,066667	2,524101E+0	4,979686E-1
32,133333	2,566171E+0	7,036248E-1
32,200000	2,723449E+0	1,857306E+0
32,266667	2,927974E+0	2,582118E+0
32,333333	2,885257E+0	2,491830E+0
32,400000	2,675554E+0	1,726890E+0
32,466667	2,521512E+0	5,807327E-1
32,533333	2,523454E+0	5,280647E-1
32,600000	2,522160E+0	5,606687E-1
32,666667	2,522160E+0	6,133367E-1
32,733333	2,522807E+0	5,380967E-1
32,800000	2,520865E+0	5,732087E-1
32,866667	2,521512E+0	5,205407E-1
32,933333	2,520865E+0	5,080006E-1
33,000000	2,520865E+0	4,929526E-1
33,066667	2,521512E+0	4,854286E-1
33,133333	2,520865E+0	4,954606E-1
33,200000	2,522160E+0	4,929526E-1
33,266667	2,522160E+0	5,130166E-1
33,333333	2,522160E+0	4,753966E-1
33,400000	2,520218E+0	5,406047E-1
33,466667	2,521512E+0	5,932727E-1
33,533333	2,520865E+0	6,208607E-1
33,600000	2,520218E+0	6,158447E-1
33,666667	2,520865E+0	6,183527E-1
33,733333	2,521512E+0	6,283847E-1
33,800000	2,524101E+0	6,208607E-1
33,866667	2,521512E+0	6,083207E-1
33,933333	2,574585E+0	9,544250E-1
34,000000	2,728627E+0	1,824702E+0
34,066667	3,251591E+0	3,081211E+0
34,133333	3,759021E+0	3,382171E+0
34,200000	4,073576E+0	3,605383E+0
34,266667	4,017914E+0	3,703195E+0
34,333333	3,575207E+0	3,359599E+0
34,400000	2,894966E+0	2,281158E+0
34,466667	2,537046E+0	5,080006E-1
34,533333	2,520865E+0	4,904446E-1
34,600000	2,522807E+0	4,628566E-1
34,666667	2,522807E+0	4,528246E-1
34,733333	2,522160E+0	4,653646E-1
34,800000	2,523454E+0	4,879366E-1
34,866667	2,521512E+0	4,628566E-1
34,933333	2,521512E+0	5,029846E-1
35,000000	2,523454E+0	4,929526E-1
35,066667	2,522160E+0	4,728886E-1
35,133333	2,523454E+0	4,829206E-1
35,200000	2,521512E+0	4,703806E-1
35,266667	2,523454E+0	4,753966E-1
35,333333	2,521512E+0	4,753966E-1
35,400000	2,521512E+0	4,804126E-1
35,466667	2,521512E+0	4,753966E-1
35,533333	2,525396E+0	4,703806E-1
35,600000	2,555816E+0	6,409248E-1
35,666667	2,590766E+0	8,967410E-1
35,733333	2,825712E+0	2,145726E+0
35,800000	3,343498E+0	3,211627E+0
35,866667	3,830864E+0	3,600367E+0
35,933333	3,942835E+0	3,720751E+0
36,000000	3,924065E+0	3,740815E+0
36,066667	3,644461E+0	3,442363E+0
36,133333	3,131205E+0	2,948287E+0
36,200000	2,667140E+0	1,285481E+0
36,266667	2,521512E+0	4,628566E-1
36,333333	2,522160E+0	4,854286E-1
36,400000	2,522160E+0	4,779046E-1
36,466667	2,519571E+0	5,330807E-1
36,533333	2,521512E+0	5,355887E-1
36,600000	2,521512E+0	5,531447E-1
36,666667	2,522807E+0	4,678726E-1
36,733333	2,521512E+0	4,653646E-1
36,800000	2,523454E+0	5,080006E-1
36,866667	2,522160E+0	4,854286E-1
36,933333	2,521512E+0	4,829206E-1
37,000000	2,523454E+0	4,678726E-1
37,066667	2,521512E+0	4,703806E-1
37,133333	2,523454E+0	4,804126E-1
37,200000	2,522807E+0	4,929526E-1
37,266667	2,521512E+0	5,054926E-1
37,333333	2,520218E+0	5,205407E-1
37,400000	2,519571E+0	4,954606E-1
37,466667	2,523454E+0	4,829206E-1
37,533333	2,523454E+0	4,879366E-1
37,600000	2,557757E+0	5,330807E-1
37,666667	2,751927E+0	1,922514E+0
37,733333	3,326022E+0	3,274327E+0
37,800000	3,957074E+0	3,668083E+0
37,866667	4,284574E+0	3,773419E+0
37,933333	4,512400E+0	3,918883E+0
38,000000	4,590068E+0	3,961519E+0
38,066667	4,152538E+0	3,753355E+0
38,133333	3,411457E+0	3,276835E+0
38,200000	2,819239E+0	1,937562E+0
38,266667	2,538988E+0	5,882567E-1
38,333333	2,522807E+0	4,603486E-1
38,400000	2,523454E+0	4,979686E-1
38,466667	2,522160E+0	4,954606E-1
38,533333	2,522807E+0	4,603486E-1
38,600000	2,521512E+0	4,653646E-1
38,666667	2,520218E+0	4,603486E-1
38,733333	2,523454E+0	5,932727E-1
38,800000	2,520865E+0	4,678726E-1
38,866667	2,520865E+0	4,553326E-1
38,933333	2,522160E+0	4,628566E-1
39,000000	2,521512E+0	4,703806E-1
39,066667	2,520218E+0	4,603486E-1
39,133333	2,521512E+0	4,804126E-1
39,200000	2,522160E+0	4,904446E-1
39,266667	2,522807E+0	4,678726E-1
39,333333	2,523454E+0	5,130166E-1
39,400000	2,523454E+0	4,804126E-1
39,466667	2,549343E+0	9,293450E-1
39,533333	2,720860E+0	1,716858E+0
39,600000	3,264535E+0	3,189055E+0
39,666667	3,858695E+0	3,763387E+0
39,733333	4,237973E+0	3,836119E+0
39,800000	4,472271E+0	3,976568E+0
39,866667	4,489747E+0	3,964027E+0
39,933333	3,999144E+0	3,821071E+0
40,000000	3,245766E+0	3,231691E+0
40,066667	2,801117E+0	2,100582E+0
40,133333	2,557757E+0	8,515969E-1
40,200000	2,522160E+0	6,359088E-1
40,266667	2,521512E+0	4,854286E-1
40,333333	2,524101E+0	4,703806E-1
40,400000	2,520218E+0	4,653646E-1
40,466667	2,523454E+0	4,979686E-1
40,533333	2,523454E+0	4,678726E-1
40,600000	2,521512E+0	4,703806E-1
40,666667	2,521512E+0	4,804126E-1
40,733333	2,519571E+0	4,804126E-1
40,800000	2,520865E+0	5,330807E-1
40,866667	2,520865E+0	5,355887E-1
40,933333	2,520218E+0	5,431127E-1
41,000000	2,523454E+0	5,431127E-1
41,066667	2,522807E+0	5,355887E-1
41,133333	2,522160E+0	5,080006E-1
41,200000	2,521512E+0	4,703806E-1
41,266667	2,518923E+0	4,653646E-1
41,333333	2,521512E+0	4,653646E-1
41,400000	2,521512E+0	4,678726E-1
41,466667	2,523454E+0	4,653646E-1
41,533333	2,523454E+0	4,779046E-1
41,600000	2,562935E+0	7,763569E-1
41,666667	2,827653E+0	2,020326E+0
41,733333	3,508542E+0	3,449887E+0
41,800000	4,164836E+0	3,795991E+0
41,866667	4,625665E+0	3,961519E+0
41,933333	4,688447E+0	3,999140E+0
42,000000	4,265804E+0	3,836119E+0
42,066667	3,479417E+0	3,535159E+0
42,133333	2,960336E+0	2,589642E+0
42,200000	2,570702E+0	9,193130E-1
42,266667	2,520865E+0	6,283847E-1
42,333333	2,522807E+0	6,534648E-1
42,400000	2,522160E+0	6,409248E-1
42,466667	2,520218E+0	5,631767E-1
42,533333	2,521512E+0	4,804126E-1
42,600000	2,520218E+0	5,832407E-1
42,666667	2,521512E+0	4,929526E-1
42,733333	2,523454E+0	5,656847E-1
42,800000	2,520218E+0	6,885768E-1
42,866667	2,523454E+0	4,879366E-1
42,933333	2,520218E+0	6,484488E-1
43,000000	2,521512E+0	4,929526E-1
43,066667	2,522160E+0	4,904446E-1
43,133333	2,520218E+0	4,979686E-1
43,200000	2,522807E+0	4,929526E-1
43,266667	2,522160E+0	4,929526E-1
43,333333	2,523454E+0	4,904446E-1
43,400000	2,523454E+0	4,829206E-1
43,466667	2,523454E+0	4,703806E-1
43,533333	2,523454E+0	4,703806E-1
43,600000	2,529279E+0	4,753966E-1
43,666667	2,550638E+0	6,033047E-1
43,733333	2,597886E+0	8,741689E-1
43,800000	2,854837E+0	2,396526E+0
43,866667	3,440583E+0	3,332011E+0
43,933333	3,995908E+0	3,753355E+0
44,000000	4,328586E+0	3,813547E+0
44,066667	4,257390E+0	3,828595E+0
44,133333	3,715009E+0	3,560239E+0
44,200000	3,133794E+0	3,018511E+0
44,266667	2,680732E+0	2,098074E+0
44,333333	2,524101E+0	5,054926E-1
44,400000	2,523454E+0	4,779046E-1
44,466667	2,523454E+0	5,105086E-1
44,533333	2,520865E+0	4,954606E-1
44,600000	2,520218E+0	4,929526E-1
44,666667	2,522807E+0	5,029846E-1
44,733333	2,523454E+0	5,004766E-1
44,800000	2,523454E+0	4,703806E-1
44,866667	2,522160E+0	4,678726E-1
44,933333	2,521512E+0	4,653646E-1
45,000000	2,521512E+0	4,528246E-1
45,066667	2,521512E+0	4,553326E-1
45,133333	2,522807E+0	4,703806E-1
45,200000	2,520865E+0	4,603486E-1
45,266667	2,523454E+0	4,528246E-1
45,333333	2,522160E+0	4,578406E-1
45,400000	2,523454E+0	4,678726E-1
45,466667	2,521512E+0	4,528246E-1
45,533333	2,521512E+0	4,603486E-1
45,600000	2,522160E+0	4,628566E-1
45,666667	2,525396E+0	4,929526E-1
45,733333	2,705974E+0	1,533773E+0
45,800000	3,173923E+0	2,958319E+0
45,866667	3,430227E+0	3,289375E+0
45,933333	3,386215E+0	3,291883E+0
46,000000	3,082016E+0	2,903143E+0
46,066667	2,698854E+0	1,686762E+0
46,133333	2,521512E+0	5,355887E-1
46,200000	2,520865E+0	4,829206E-1
46,266667	2,524101E+0	4,879366E-1
46,333333	2,522807E+0	4,728886E-1
46,400000	2,522160E+0	5,155247E-1
46,466667	2,522160E+0	5,004766E-1
46,533333	2,520218E+0	4,703806E-1
46,600000	2,523454E+0	4,703806E-1
46,666667	2,522160E+0	4,753966E-1
46,733333	2,521512E+0	4,753966E-1
46,800000	2,520865E+0	4,779046E-1
46,866667	2,521512E+0	4,804126E-1
46,933333	2,523454E+0	4,728886E-1
47,000000	2,522807E+0	4,728886E-1
47,066667	2,521512E+0	4,628566E-1
47,133333	2,520218E+0	4,653646E-1
47,200000	2,519571E+0	4,603486E-1
47,266667	2,521512E+0	4,653646E-1
47,333333	2,522807E+0	4,628566E-1
47,400000	2,521512E+0	4,628566E-1
47,466667	2,520865E+0	4,728886E-1
47,533333	2,520865E+0	4,804126E-1
47,600000	2,523454E+0	4,703806E-1
47,666667	2,521512E+0	4,779046E-1
47,733333	2,521512E+0	4,879366E-1
47,800000	2,671023E+0	1,290497E+0
47,866667	2,786231E+0	2,153250E+0
47,933333	2,796586E+0	1,862322E+0
48,000000	2,711799E+0	1,689270E+0
48,066667	2,582352E+0	1,012109E+0
48,133333	2,518923E+0	4,804126E-1
48,200000	2,522807E+0	4,879366E-1
48,266667	2,522160E+0	4,653646E-1
48,333333	2,520865E+0	4,753966E-1
48,400000	2,521512E+0	4,628566E-1
48,466667	2,521512E+0	4,728886E-1
48,533333	2,521512E+0	4,829206E-1
48,600000	2,521512E+0	4,728886E-1
48,666667	2,521512E+0	4,779046E-1
48,733333	2,521512E+0	4,779046E-1
48,800000	2,522160E+0	4,703806E-1
48,866667	2,520218E+0	4,728886E-1
48,933333	2,628953E+0	1,345673E+0
49,000000	2,590119E+0	9,920450E-1
49,066667	2,546107E+0	5,180327E-1
49,133333	2,521512E+0	4,578406E-1
49,200000	2,522160E+0	4,728886E-1
49,266667	2,522807E+0	4,703806E-1
49,333333	2,520218E+0	4,678726E-1
49,400000	2,522807E+0	4,628566E-1
49,466667	2,522807E+0	4,628566E-1
49,533333	2,520865E+0	4,653646E-1
49,600000	2,522160E+0	4,528246E-1
49,666667	2,520865E+0	4,578406E-1
49,733333	2,522807E+0	4,553326E-1
49,800000	2,523454E+0	4,553326E-1
49,866667	2,521512E+0	4,528246E-1
49,933333	2,522807E+0	4,603486E-1
50,000000	2,520865E+0	4,628566E-1
50,066667	2,521512E+0	4,678726E-1
50,133333	2,521512E+0	4,628566E-1
50,200000	2,522160E+0	4,653646E-1
50,266667	2,603711E+0	1,335641E+0
50,333333	2,536399E+0	4,954606E-1
50,400000	2,520865E+0	4,879366E-1
50,466667	2,523454E+0	4,728886E-1
50,533333	2,520218E+0	4,829206E-1
50,600000	2,521512E+0	4,553326E-1
50,666667	2,522160E+0	4,779046E-1
50,733333	2,521512E+0	4,728886E-1
50,800000	2,522160E+0	4,728886E-1
50,866667	2,521512E+0	4,753966E-1
50,933333	2,521512E+0	4,954606E-1
51,000000	2,519571E+0	4,879366E-1
51,066667	2,520865E+0	4,904446E-1
51,133333	2,519571E+0	4,954606E-1
51,200000	2,522160E+0	4,879366E-1
51,266667	2,521512E+0	4,929526E-1
51,333333	2,521512E+0	4,929526E-1
51,400000	2,523454E+0	4,979686E-1
51,466667	2,525396E+0	4,603486E-1
51,533333	2,560346E+0	6,760368E-1
51,600000	2,520218E+0	4,854286E-1
51,666667	2,521512E+0	4,879366E-1
51,733333	2,524101E+0	4,904446E-1
51,800000	2,521512E+0	4,854286E-1
51,866667	2,522807E+0	4,904446E-1
51,933333	2,521512E+0	4,829206E-1
52,000000	2,521512E+0	4,829206E-1
52,066667	2,523454E+0	4,879366E-1
52,133333	2,522160E+0	4,779046E-1
52,200000	2,523454E+0	4,753966E-1
52,266667	2,522160E+0	4,829206E-1
52,333333	2,520218E+0	4,854286E-1
52,400000	2,521512E+0	4,829206E-1
52,466667	2,520218E+0	4,804126E-1
52,533333	2,521512E+0	4,779046E-1
52,600000	2,520865E+0	4,829206E-1
52,666667	2,522160E+0	4,779046E-1
52,733333	2,523454E+0	4,804126E-1
52,800000	2,523454E+0	4,753966E-1
52,866667	2,520218E+0	4,804126E-1
52,933333	2,523454E+0	4,804126E-1
53,000000	2,523454E+0	4,779046E-1
53,066667	2,520218E+0	4,804126E-1
53,133333	2,520218E+0	4,829206E-1
53,200000	2,544166E+0	5,205407E-1
53,266667	2,634131E+0	1,380785E+0
53,333333	2,669729E+0	1,669206E+0
53,400000	2,685909E+0	1,684254E+0
53,466667	2,698854E+0	1,726890E+0
53,533333	2,699501E+0	1,706826E+0
53,600000	2,696265E+0	1,794606E+0
53,666667	2,691087E+0	1,877370E+0
53,733333	2,688498E+0	1,932546E+0
53,800000	2,691087E+0	1,907466E+0
53,866667	2,690440E+0	1,932546E+0
53,933333	2,694971E+0	1,925022E+0
54,000000	2,698207E+0	1,925022E+0
54,066667	2,701443E+0	1,952610E+0
54,133333	2,699501E+0	1,995246E+0
54,200000	2,702090E+0	1,987722E+0
54,266667	2,699501E+0	1,950102E+0
54,333333	2,702738E+0	1,990230E+0
54,400000	2,705974E+0	1,985214E+0
54,466667	2,705974E+0	2,005278E+0
54,533333	2,707268E+0	2,032866E+0
54,600000	2,702738E+0	1,957626E+0
54,666667	2,705326E+0	1,980198E+0
54,733333	2,703385E+0	1,985214E+0
54,800000	2,707915E+0	1,997754E+0
54,866667	2,708563E+0	1,922514E+0
54,933333	2,710504E+0	1,967658E+0
55,000000	2,712446E+0	1,967658E+0
55,066667	2,712446E+0	2,020326E+0
55,133333	2,713740E+0	2,047914E+0
55,200000	2,709857E+0	2,032866E+0
55,266667	2,708563E+0	2,105598E+0
55,333333	2,713093E+0	2,118138E+0
55,400000	2,710504E+0	2,088042E+0
55,466667	2,707915E+0	2,057946E+0
55,533333	2,711152E+0	2,093058E+0
55,600000	2,710504E+0	2,090550E+0
55,666667	2,706621E+0	2,072994E+0
55,733333	2,706621E+0	2,037882E+0
55,800000	2,706621E+0	2,050422E+0
55,866667	2,705326E+0	2,045406E+0
55,933333	2,704679E+0	2,047914E+0
56,000000	2,704032E+0	2,067978E+0
56,066667	2,701443E+0	2,005278E+0
56,133333	2,701443E+0	2,030358E+0
56,200000	2,698854E+0	2,037882E+0
56,266667	2,700796E+0	2,000262E+0
56,333333	2,699501E+0	2,025342E+0
56,400000	2,700149E+0	2,057946E+0
56,466667	2,700149E+0	2,050422E+0
56,533333	2,700796E+0	1,982706E+0
56,600000	2,699501E+0	1,945086E+0
56,666667	2,697560E+0	1,917498E+0
56,733333	2,697560E+0	1,909974E+0
56,800000	2,697560E+0	1,925022E+0
56,866667	2,696912E+0	1,917498E+0
56,933333	2,698207E+0	1,914990E+0
57,000000	2,698854E+0	1,947594E+0
57,066667	2,697560E+0	1,947594E+0
57,133333	2,699501E+0	1,947594E+0
57,200000	2,701443E+0	2,002770E+0
57,266667	2,700149E+0	2,025342E+0
57,333333	2,701443E+0	2,037882E+0
57,400000	2,702090E+0	2,113122E+0
57,466667	2,703385E+0	2,080518E+0
57,533333	2,706621E+0	2,070486E+0
57,600000	2,704032E+0	2,025342E+0
57,666667	2,702738E+0	1,985214E+0
57,733333	2,703385E+0	2,017818E+0
57,800000	2,705326E+0	2,055438E+0
57,866667	2,702738E+0	2,072994E+0
57,933333	2,702738E+0	2,040390E+0
58,000000	2,705326E+0	2,017818E+0
58,066667	2,702738E+0	1,912482E+0
58,133333	2,702090E+0	1,955118E+0
58,200000	2,705326E+0	1,940070E+0
58,266667	2,700796E+0	1,917498E+0
58,333333	2,702090E+0	1,997754E+0
58,400000	2,703385E+0	1,967658E+0
58,466667	2,704679E+0	2,010294E+0
58,533333	2,704032E+0	1,997754E+0
58,600000	2,704032E+0	1,987722E+0
58,666667	2,703385E+0	2,037882E+0
58,733333	2,702738E+0	2,032866E+0
58,800000	2,702090E+0	2,178330E+0
58,866667	2,704679E+0	2,178330E+0
58,933333	2,702738E+0	2,183346E+0
59,000000	2,700796E+0	2,135694E+0
59,066667	2,702090E+0	2,145726E+0
59,133333	2,704679E+0	2,195886E+0
59,200000	2,703385E+0	2,145726E+0
59,266667	2,705326E+0	2,062962E+0
59,333333	2,704032E+0	2,012802E+0
59,400000	2,705326E+0	1,970166E+0
59,466667	2,702738E+0	1,995246E+0
59,533333	2,705974E+0	2,062962E+0
59,600000	2,706621E+0	2,067978E+0
59,666667	2,708563E+0	2,075502E+0
59,733333	2,706621E+0	2,135694E+0
59,800000	2,709210E+0	2,193378E+0
59,866667	2,712446E+0	2,057946E+0
59,933333	2,715035E+0	2,215950E+0
60,000000	2,711799E+0	2,236014E+0
60,066667	2,711799E+0	2,248554E+0
60,133333	2,709857E+0	2,251062E+0
60,200000	2,711799E+0	2,258586E+0
60,266667	2,712446E+0	2,276142E+0
60,333333	2,710504E+0	2,286174E+0
60,400000	2,708563E+0	2,338842E+0
60,466667	2,707268E+0	2,321286E+0
60,533333	2,708563E+0	2,331318E+0
60,600000	2,709857E+0	2,225982E+0
60,666667	2,710504E+0	2,195886E+0
60,733333	2,709857E+0	2,213442E+0
60,800000	2,710504E+0	2,195886E+0
60,866667	2,708563E+0	2,246046E+0
60,933333	2,710504E+0	2,246046E+0
61,000000	2,708563E+0	2,276142E+0
61,066667	2,707915E+0	2,273634E+0
61,133333	2,709210E+0	2,261094E+0
61,200000	2,710504E+0	2,236014E+0
61,266667	2,711799E+0	2,281158E+0
61,333333	2,709857E+0	2,313762E+0
61,400000	2,710504E+0	2,301222E+0
61,466667	2,711799E+0	2,263602E+0
61,533333	2,713093E+0	2,251062E+0
61,600000	2,712446E+0	2,251062E+0
61,666667	2,711152E+0	2,188362E+0
61,733333	2,712446E+0	2,223474E+0
61,800000	2,713093E+0	2,236014E+0
61,866667	2,712446E+0	2,173314E+0
61,933333	2,713093E+0	2,185854E+0
62,000000	2,715682E+0	2,193378E+0
62,066667	2,713740E+0	2,148234E+0
62,133333	2,716329E+0	2,145726E+0
62,200000	2,715682E+0	2,148234E+0
62,266667	2,716977E+0	2,168298E+0
62,333333	2,720860E+0	2,123154E+0
62,400000	2,726038E+0	2,052930E+0
62,466667	2,728627E+0	2,140710E+0
62,533333	2,740924E+0	2,153250E+0
62,600000	2,968750E+0	2,594658E+0
62,666667	3,255474E+0	2,930731E+0
62,733333	3,284600E+0	2,960827E+0
62,800000	3,259358E+0	3,209119E+0
62,866667	3,173923E+0	3,000955E+0
62,933333	3,052243E+0	2,760187E+0
63,000000	2,940919E+0	2,752662E+0
63,066667	2,852895E+0	2,306238E+0
63,133333	2,808236E+0	2,246046E+0
63,200000	2,781053E+0	2,195886E+0
63,266667	2,769402E+0	2,135694E+0
63,333333	2,754516E+0	2,115630E+0
63,400000	2,735099E+0	2,017818E+0
63,466667	2,711799E+0	1,937562E+0
63,533333	2,700149E+0	1,817178E+0
63,600000	2,692382E+0	1,882386E+0
63,666667	2,689793E+0	1,970166E+0
63,733333	2,683968E+0	1,784574E+0
63,800000	2,678143E+0	1,797114E+0
63,866667	2,667140E+0	1,751970E+0
63,933333	2,667787E+0	1,864830E+0
64,000000	2,667140E+0	1,779558E+0
64,066667	2,666492E+0	1,731906E+0
64,133333	2,661315E+0	1,834734E+0
64,200000	2,664551E+0	1,849782E+0
64,266667	2,661315E+0	1,746954E+0
64,333333	2,663904E+0	1,756986E+0
64,400000	2,665198E+0	1,802130E+0
64,466667	2,665845E+0	1,777050E+0
64,533333	2,666492E+0	1,804638E+0
64,600000	2,676848E+0	1,844766E+0
64,666667	2,909852E+0	2,444178E+0
64,733333	3,377801E+0	3,249247E+0
64,800000	3,484594E+0	3,264295E+0
64,866667	3,494950E+0	3,552715E+0
64,933333	3,309842E+0	3,399727E+0
65,000000	2,961631E+0	2,627262E+0
65,066667	2,663256E+0	1,636602E+0
65,133333	2,527337E+0	6,083207E-1
65,200000	2,521512E+0	5,506367E-1
65,266667	2,520218E+0	4,628566E-1
65,333333	2,523454E+0	4,804126E-1
65,400000	2,521512E+0	4,779046E-1
65,466667	2,521512E+0	4,753966E-1
65,533333	2,519571E+0	4,904446E-1
65,600000	2,520218E+0	4,929526E-1
65,666667	2,520865E+0	4,753966E-1
65,733333	2,522160E+0	4,779046E-1
65,800000	2,521512E+0	4,703806E-1
65,866667	2,520218E+0	4,678726E-1
65,933333	2,520218E+0	4,728886E-1
66,000000	2,521512E+0	4,753966E-1
66,066667	2,522807E+0	4,804126E-1
66,133333	2,522807E+0	4,728886E-1
66,200000	2,521512E+0	5,180327E-1
66,266667	2,522807E+0	5,080006E-1
66,333333	2,521512E+0	5,029846E-1
66,400000	2,523454E+0	4,753966E-1
66,466667	2,659373E+0	1,355705E+0
66,533333	2,791408E+0	2,248554E+0
66,600000	2,897555E+0	2,737614E+0
66,666667	2,958394E+0	2,529450E+0
66,733333	2,964867E+0	2,607198E+0
66,800000	2,951922E+0	2,594658E+0
66,866667	2,881374E+0	2,348874E+0
66,933333	2,751280E+0	1,914990E+0
67,000000	2,601769E+0	9,694730E-1
67,066667	2,526690E+0	4,879366E-1
67,133333	2,521512E+0	4,879366E-1
67,200000	2,521512E+0	5,431127E-1
67,266667	2,522160E+0	4,603486E-1
67,333333	2,521512E+0	4,728886E-1
67,400000	2,520218E+0	4,804126E-1
67,466667	2,520218E+0	4,829206E-1
67,533333	2,523454E+0	4,829206E-1
67,600000	2,522160E+0	4,904446E-1
67,666667	2,522160E+0	4,728886E-1
67,733333	2,521512E+0	4,703806E-1
67,800000	2,523454E+0	4,728886E-1
67,866667	2,522160E+0	4,678726E-1
67,933333	2,521512E+0	4,678726E-1
68,000000	2,520218E+0	4,728886E-1
68,066667	2,522807E+0	4,678726E-1
68,133333	2,522160E+0	4,603486E-1
68,200000	2,521512E+0	4,628566E-1
68,266667	2,521512E+0	4,779046E-1
68,333333	2,521512E+0	4,728886E-1
68,400000	2,521512E+0	4,703806E-1
68,466667	2,522160E+0	4,728886E-1
68,533333	2,520218E+0	4,628566E-1
68,600000	2,522160E+0	4,678726E-1
68,666667	2,526043E+0	5,355887E-1
68,733333	2,781700E+0	2,098074E+0
68,800000	2,905969E+0	2,557038E+0
68,866667	2,990109E+0	2,797807E+0
68,933333	3,032826E+0	2,800315E+0
69,000000	3,025707E+0	2,830411E+0
69,066667	3,004995E+0	2,840443E+0
69,133333	2,971986E+0	2,868031E+0
69,200000	2,907910E+0	2,735106E+0
69,266667	2,779111E+0	1,992738E+0
69,333333	2,591414E+0	1,210241E+0
69,400000	2,521512E+0	5,631767E-1
69,466667	2,522160E+0	4,728886E-1
69,533333	2,523454E+0	4,628566E-1
69,600000	2,522160E+0	4,653646E-1
69,666667	2,522160E+0	5,305727E-1
69,733333	2,522160E+0	4,578406E-1
69,800000	2,521512E+0	4,678726E-1
69,866667	2,520218E+0	4,578406E-1
69,933333	2,521512E+0	4,628566E-1
70,000000	2,520218E+0	4,753966E-1
70,066667	2,522160E+0	4,954606E-1
70,133333	2,520865E+0	5,105086E-1
70,200000	2,521512E+0	5,280647E-1
70,266667	2,523454E+0	5,330807E-1
70,333333	2,520218E+0	5,355887E-1
70,400000	2,521512E+0	5,330807E-1
70,466667	2,522807E+0	5,205407E-1
70,533333	2,524101E+0	5,130166E-1
70,600000	2,520218E+0	5,180327E-1
70,666667	2,522807E+0	5,130166E-1
70,733333	2,522160E+0	5,080006E-1
70,800000	2,520218E+0	5,029846E-1
70,866667	2,522160E+0	4,753966E-1
70,933333	2,520218E+0	4,728886E-1
71,000000	2,522160E+0	4,703806E-1
71,066667	2,520865E+0	4,678726E-1
71,133333	2,523454E+0	4,603486E-1
71,200000	2,523454E+0	4,703806E-1
71,266667	2,523454E+0	4,603486E-1
71,333333	2,523454E+0	4,628566E-1
71,400000	2,521512E+0	4,603486E-1
71,466667	2,521512E+0	4,703806E-1
71,533333	2,523454E+0	4,678726E-1
71,600000	2,523454E+0	4,703806E-1
71,666667	2,519571E+0	4,678726E-1
71,733333	2,522160E+0	4,603486E-1
71,800000	2,522807E+0	4,628566E-1
71,866667	2,522807E+0	4,553326E-1
71,933333	2,522807E+0	4,653646E-1
72,000000	2,521512E+0	4,653646E-1
72,066667	2,523454E+0	4,503166E-1
72,133333	2,521512E+0	4,503166E-1
72,200000	2,524749E+0	4,603486E-1
72,266667	2,522160E+0	4,628566E-1
72,333333	2,523454E+0	4,578406E-1
72,400000	2,520218E+0	4,678726E-1
72,466667	2,521512E+0	4,628566E-1
72,533333	2,521512E+0	4,603486E-1
72,600000	2,522807E+0	4,603486E-1
72,666667	2,521512E+0	4,503166E-1
72,733333	2,520218E+0	4,603486E-1
72,800000	2,524101E+0	4,603486E-1
72,866667	2,521512E+0	4,728886E-1
72,933333	2,521512E+0	4,578406E-1
73,000000	2,522807E+0	4,653646E-1
73,066667	2,523454E+0	4,653646E-1
73,133333	2,521512E+0	4,678726E-1
73,200000	2,522807E+0	4,779046E-1
73,266667	2,520218E+0	4,753966E-1
73,333333	2,522160E+0	4,678726E-1
73,400000	2,523454E+0	4,753966E-1
73,466667	2,520218E+0	4,779046E-1
73,533333	2,521512E+0	4,804126E-1
73,600000	2,521512E+0	4,703806E-1
73,666667	2,522160E+0	4,753966E-1
73,733333	2,520218E+0	4,678726E-1
73,800000	2,520865E+0	4,779046E-1
73,866667	2,521512E+0	4,728886E-1
73,933333	2,521512E+0	4,779046E-1
74,000000	2,519571E+0	4,753966E-1
74,066667	2,521512E+0	4,678726E-1
74,133333	2,521512E+0	4,653646E-1
74,200000	2,523454E+0	4,728886E-1
74,266667	2,521512E+0	4,829206E-1
74,333333	2,523454E+0	4,678726E-1
74,400000	2,521512E+0	4,854286E-1
74,466667	2,522160E+0	4,804126E-1
74,533333	2,522160E+0	4,553326E-1
74,600000	2,526690E+0	4,628566E-1
74,666667	2,529279E+0	5,029846E-1
74,733333	2,542224E+0	6,007967E-1
74,800000	2,628953E+0	1,089857E+0
74,866667	3,012762E+0	2,318778E+0
74,933333	3,287836E+0	3,316963E+0
75,000000	3,409515E+0	3,211627E+0
75,066667	3,393335E+0	3,219151E+0
75,133333	3,252238E+0	3,163975E+0
75,200000	2,882668E+0	2,404050E+0
75,266667	2,537693E+0	5,606687E-1
75,333333	2,521512E+0	4,779046E-1
75,400000	2,521512E+0	4,553326E-1
75,466667	2,523454E+0	4,728886E-1
75,533333	2,521512E+0	4,728886E-1
75,600000	2,522160E+0	4,678726E-1
75,666667	2,520218E+0	4,653646E-1
75,733333	2,524101E+0	4,628566E-1
75,800000	2,520865E+0	4,603486E-1
75,866667	2,522160E+0	4,503166E-1
75,933333	2,522807E+0	4,528246E-1
76,000000	2,522160E+0	4,678726E-1
76,066667	2,521512E+0	4,603486E-1
76,133333	2,521512E+0	4,703806E-1
76,200000	2,522160E+0	4,753966E-1
76,266667	2,523454E+0	4,678726E-1
76,333333	2,520218E+0	4,528246E-1
76,400000	2,520218E+0	4,678726E-1
76,466667	2,522807E+0	4,653646E-1
76,533333	2,521512E+0	4,703806E-1
76,600000	2,520218E+0	4,678726E-1
76,666667	2,526043E+0	4,578406E-1
76,733333	2,549991E+0	6,233687E-1
76,800000	2,676848E+0	1,716858E+0
76,866667	3,054832E+0	2,787775E+0
76,933333	3,370034E+0	3,412267E+0
77,000000	3,487183E+0	3,542683E+0
77,066667	3,413399E+0	3,535159E+0
77,133333	3,237999E+0	3,347059E+0
77,200000	2,907263E+0	2,579610E+0
77,266667	2,601769E+0	9,218210E-1
77,333333	2,519571E+0	4,728886E-1
77,400000	2,522160E+0	4,628566E-1
77,466667	2,521512E+0	4,653646E-1
77,533333	2,522807E+0	4,603486E-1
77,600000	2,522160E+0	4,578406E-1
77,666667	2,520218E+0	4,578406E-1
77,733333	2,520218E+0	4,628566E-1
77,800000	2,522160E+0	4,653646E-1
77,866667	2,520218E+0	4,553326E-1
77,933333	2,521512E+0	4,628566E-1
78,000000	2,521512E+0	4,678726E-1
78,066667	2,521512E+0	4,503166E-1
78,133333	2,519571E+0	4,553326E-1
78,200000	2,522160E+0	4,653646E-1
78,266667	2,521512E+0	4,628566E-1
78,333333	2,522807E+0	4,553326E-1
78,400000	2,522807E+0	4,603486E-1
78,466667	2,523454E+0	4,578406E-1
78,533333	2,523454E+0	4,553326E-1
78,600000	2,522160E+0	4,678726E-1
78,666667	2,521512E+0	4,578406E-1
78,733333	2,521512E+0	4,703806E-1
78,800000	2,519571E+0	4,753966E-1
78,866667	2,521512E+0	4,653646E-1
78,933333	2,520218E+0	4,753966E-1
79,000000	2,523454E+0	4,804126E-1
79,066667	2,521512E+0	4,703806E-1
79,133333	2,585588E+0	7,036248E-1
79,200000	2,828301E+0	2,100582E+0
79,266667	3,107258E+0	2,649834E+0
79,333333	3,054185E+0	2,898127E+0
79,400000	2,762930E+0	2,060454E+0
79,466667	2,546754E+0	5,982887E-1
79,533333	2,521512E+0	4,829206E-1
79,600000	2,524101E+0	4,603486E-1
79,666667	2,522160E+0	4,678726E-1
79,733333	2,519571E+0	4,779046E-1
79,800000	2,522807E+0	5,054926E-1
79,866667	2,521512E+0	4,528246E-1
79,933333	2,523454E+0	4,528246E-1
80,000000	2,523454E+0	4,603486E-1
80,066667	2,522160E+0	4,703806E-1
80,133333	2,520218E+0	4,628566E-1
80,200000	2,521512E+0	4,929526E-1
80,266667	2,520218E+0	4,829206E-1
80,333333	2,521512E+0	4,904446E-1
80,400000	2,520218E+0	4,904446E-1
80,466667	2,521512E+0	4,929526E-1
80,533333	2,521512E+0	4,929526E-1
80,600000	2,522160E+0	4,929526E-1
80,666667	2,521512E+0	4,804126E-1
80,733333	2,697560E+0	1,466057E+0
80,800000	2,677495E+0	1,852290E+0
80,866667	2,545460E+0	6,334007E-1
80,933333	2,521512E+0	4,528246E-1
81,000000	2,522807E+0	4,628566E-1
81,066667	2,522160E+0	4,553326E-1
81,133333	2,520865E+0	4,553326E-1
81,200000	2,521512E+0	4,528246E-1
81,266667	2,520218E+0	4,553326E-1
81,333333	2,521512E+0	4,628566E-1
81,400000	2,522160E+0	4,628566E-1
81,466667	2,520865E+0	4,628566E-1
81,533333	2,521512E+0	4,503166E-1
81,600000	2,522160E+0	4,628566E-1
81,666667	2,520218E+0	4,603486E-1
81,733333	2,521512E+0	4,503166E-1
81,800000	2,519571E+0	4,603486E-1
81,866667	2,522160E+0	4,553326E-1
81,933333	2,521512E+0	4,503166E-1
82,000000	2,522807E+0	4,603486E-1
82,066667	2,520865E+0	4,603486E-1
82,133333	2,521512E+0	4,503166E-1
82,200000	2,521512E+0	4,528246E-1
82,266667	2,521512E+0	4,678726E-1
82,333333	2,523454E+0	4,553326E-1
82,400000	2,520865E+0	4,628566E-1
82,466667	2,523454E+0	4,578406E-1
82,533333	2,520218E+0	4,553326E-1
82,600000	2,520218E+0	4,603486E-1
82,666667	2,521512E+0	4,653646E-1
82,733333	2,520218E+0	4,578406E-1
82,800000	2,522160E+0	4,528246E-1
82,866667	2,522160E+0	4,528246E-1
82,933333	2,700149E+0	1,546314E+0
83,000000	2,823770E+0	2,120646E+0
83,066667	2,871018E+0	2,200902E+0
83,133333	2,891729E+0	1,977690E+0
83,200000	2,880726E+0	2,303730E+0
83,266667	2,777816E+0	1,827210E+0
83,333333	2,575880E+0	6,860688E-1
83,400000	2,519571E+0	5,205407E-1
83,466667	2,524101E+0	4,929526E-1
83,533333	2,520865E+0	4,578406E-1
83,600000	2,521512E+0	4,879366E-1
83,666667	2,521512E+0	5,280647E-1
83,733333	2,520865E+0	4,804126E-1
83,800000	2,521512E+0	4,628566E-1
83,866667	2,523454E+0	4,779046E-1
83,933333	2,522807E+0	4,728886E-1
84,000000	2,521512E+0	4,628566E-1
84,066667	2,522160E+0	4,553326E-1
84,133333	2,521512E+0	4,653646E-1
84,200000	2,523454E+0	4,628566E-1
84,266667	2,523454E+0	4,528246E-1
84,333333	2,523454E+0	4,603486E-1
84,400000	2,520865E+0	4,728886E-1
84,466667	2,520218E+0	4,753966E-1
84,533333	2,521512E+0	4,929526E-1
84,600000	2,521512E+0	5,004766E-1
84,666667	2,520865E+0	4,728886E-1
84,733333	2,519571E+0	4,628566E-1
84,800000	2,521512E+0	4,728886E-1
84,866667	2,522160E+0	4,829206E-1
84,933333	2,521512E+0	4,829206E-1
85,000000	2,520865E+0	4,728886E-1
85,066667	2,521512E+0	4,854286E-1
85,133333	2,520865E+0	4,854286E-1
85,200000	2,521512E+0	4,503166E-1
85,266667	2,570702E+0	6,559728E-1
85,333333	2,579763E+0	8,641369E-1
85,400000	2,522160E+0	4,528246E-1
85,466667	2,523454E+0	4,603486E-1
85,533333	2,523454E+0	4,603486E-1
85,600000	2,523454E+0	4,578406E-1
85,666667	2,520218E+0	4,603486E-1
85,733333	2,521512E+0	4,628566E-1
85,800000	2,521512E+0	4,528246E-1
85,866667	2,520865E+0	4,628566E-1
85,933333	2,520218E+0	4,553326E-1
86,000000	2,521512E+0	4,628566E-1
86,066667	2,523454E+0	4,678726E-1
86,133333	2,521512E+0	4,628566E-1
86,200000	2,523454E+0	4,603486E-1
86,266667	2,676848E+0	1,280465E+0
86,333333	2,854837E+0	2,336334E+0
86,400000	2,971986E+0	2,511894E+0
86,466667	2,988167E+0	2,574594E+0
86,533333	2,966161E+0	2,368938E+0
86,600000	2,915030E+0	2,246046E+0
86,666667	2,878785E+0	2,090550E+0
86,733333	2,860662E+0	2,338842E+0
86,800000	2,851601E+0	2,000262E+0
86,866667	2,852248E+0	2,135694E+0
86,933333	2,859368E+0	2,326302E+0
87,000000	2,859368E+0	2,481798E+0
87,066667	2,848365E+0	2,426622E+0
87,133333	2,836067E+0	2,509386E+0
87,200000	2,822476E+0	2,439162E+0
87,266667	2,816003E+0	2,303730E+0
87,333333	2,809531E+0	2,271126E+0
87,400000	2,803059E+0	2,358906E+0
87,466667	2,799822E+0	2,311254E+0
87,533333	2,795292E+0	2,456718E+0
87,600000	2,803706E+0	2,298714E+0
87,666667	2,816650E+0	2,536974E+0
87,733333	2,832831E+0	2,717550E+0
87,800000	2,904027E+0	2,599674E+0
87,866667	2,945450E+0	2,534466E+0
87,933333	2,938977E+0	2,627262E+0
88,000000	2,922797E+0	2,677422E+0
88,066667	2,909205E+0	2,669898E+0
88,133333	2,911146E+0	2,710026E+0
88,200000	2,914383E+0	2,715042E+0
88,266667	2,934447E+0	2,657358E+0
88,333333	2,949333E+0	2,710026E+0
88,400000	2,950628E+0	2,740122E+0
88,466667	2,943508E+0	2,679930E+0
88,533333	2,923444E+0	2,677422E+0
88,600000	2,918266E+0	2,647326E+0
88,666667	2,915030E+0	2,647326E+0
88,733333	2,912441E+0	2,647326E+0
88,800000	2,909852E+0	2,677422E+0
88,866667	2,908557E+0	2,672406E+0
88,933333	2,904027E+0	2,662374E+0
89,000000	2,899496E+0	2,659866E+0
89,066667	2,899496E+0	2,692470E+0
89,133333	2,898849E+0	2,697486E+0
89,200000	2,899496E+0	2,679930E+0
89,266667	2,899496E+0	2,697486E+0
89,333333	2,894966E+0	2,687454E+0
89,400000	2,894966E+0	2,699994E+0
89,466667	2,891729E+0	2,702502E+0
89,533333	2,889140E+0	2,712534E+0
89,600000	2,888493E+0	2,717550E+0
89,666667	2,889140E+0	2,717550E+0
89,733333	2,887846E+0	2,710026E+0
89,800000	2,882668E+0	2,689962E+0
89,866667	2,873607E+0	2,569578E+0
89,933333	2,869076E+0	2,589642E+0
90,000000	2,872312E+0	2,649834E+0
90,066667	2,872312E+0	2,634786E+0
90,133333	2,873607E+0	2,622246E+0
90,200000	2,878138E+0	2,664882E+0
90,266667	2,884610E+0	2,657358E+0
90,333333	2,898202E+0	2,659866E+0
90,400000	2,932505E+0	2,692470E+0
90,466667	3,010173E+0	2,735106E+0
90,533333	3,113730E+0	2,955811E+0
90,600000	3,204343E+0	3,191563E+0
90,666667	3,254180E+0	3,101275E+0
90,733333	3,285894E+0	3,236707E+0
90,800000	3,290425E+0	3,299407E+0
90,866667	3,295603E+0	3,289375E+0
90,933333	3,293014E+0	3,196579E+0
91,000000	3,282658E+0	3,103783E+0
91,066667	3,282011E+0	3,126355E+0
91,133333	3,272302E+0	3,146419E+0
91,200000	3,261299E+0	3,138895E+0
91,266667	3,256769E+0	3,141403E+0
91,333333	3,251591E+0	3,031051E+0
91,400000	3,237352E+0	3,118831E+0
91,466667	3,229585E+0	3,048607E+0
91,533333	3,225054E+0	3,093751E+0
91,600000	3,225054E+0	3,088735E+0
91,666667	3,223112E+0	3,033559E+0
91,733333	3,223112E+0	3,063655E+0
91,800000	3,223112E+0	3,076195E+0
91,866667	3,223112E+0	3,048607E+0
91,933333	3,221171E+0	3,058639E+0
92,000000	3,222465E+0	3,031051E+0
92,066667	3,222465E+0	3,023527E+0
92,133333	3,219229E+0	3,071179E+0
92,200000	3,212110E+0	3,066163E+0
92,266667	3,208873E+0	3,033559E+0
92,333333	3,209521E+0	2,988415E+0
92,400000	3,211462E+0	3,101275E+0
92,466667	3,207579E+0	3,061147E+0
92,533333	3,203696E+0	3,008479E+0
92,600000	3,198518E+0	3,098767E+0
92,666667	3,197223E+0	3,101275E+0
92,733333	3,199812E+0	3,046099E+0
92,800000	3,193987E+0	3,103783E+0
92,866667	3,190104E+0	3,098767E+0
92,933333	3,184926E+0	3,056131E+0
93,000000	3,180395E+0	2,998447E+0
93,066667	3,178453E+0	2,953303E+0
93,133333	3,175865E+0	2,930731E+0
93,200000	3,176512E+0	2,975875E+0
93,266667	3,173923E+0	2,978383E+0
93,333333	3,173276E+0	3,010987E+0
93,400000	3,168745E+0	3,031051E+0
93,466667	3,164214E+0	3,048607E+0
93,533333	3,164214E+0	3,071179E+0
93,600000	3,162920E+0	3,081211E+0
93,666667	3,162920E+0	3,066163E+0
93,733333	3,159036E+0	3,018511E+0
93,800000	3,158389E+0	2,913175E+0
93,866667	3,152564E+0	3,098767E+0
93,933333	3,149328E+0	3,098767E+0
94,000000	3,157095E+0	3,081211E+0
94,066667	3,152564E+0	3,071179E+0
94,133333	3,142856E+0	3,088735E+0
94,200000	3,138972E+0	3,153943E+0
94,266667	3,135089E+0	3,168991E+0
94,333333	3,138972E+0	3,158959E+0
94,400000	3,139619E+0	3,078703E+0
94,466667	3,142856E+0	3,083719E+0
94,533333	3,141561E+0	3,086227E+0
94,600000	3,134442E+0	3,209119E+0
94,666667	3,131205E+0	3,141403E+0
94,733333	3,122791E+0	3,201595E+0
94,800000	3,120203E+0	3,199087E+0
94,866667	3,115672E+0	3,191563E+0
94,933333	3,109847E+0	3,231691E+0
95,000000	3,141561E+0	3,216643E+0
95,066667	3,523428E+0	3,437347E+0
95,133333	3,755138E+0	3,595351E+0
95,200000	3,738310E+0	3,484999E+0
95,266667	3,720187E+0	3,587827E+0
95,333333	3,691709E+0	3,592843E+0
95,400000	3,621160E+0	3,605383E+0
95,466667	3,567440E+0	3,592843E+0
95,533333	3,516956E+0	3,562747E+0
95,600000	3,496892E+0	3,655543E+0
95,666667	3,486536E+0	3,572779E+0
95,733333	3,476828E+0	3,552715E+0
95,800000	3,474886E+0	3,497539E+0
95,866667	3,467119E+0	3,547699E+0
95,933333	3,447702E+0	3,497539E+0
96,000000	3,410810E+0	3,555223E+0
96,066667	3,333142E+0	3,560239E+0
96,133333	3,115672E+0	3,387187E+0
96,200000	2,704679E+0	1,882386E+0
96,266667	2,521512E+0	4,929526E-1
96,333333	2,520865E+0	5,155247E-1
96,400000	2,524101E+0	5,882567E-1
96,466667	2,523454E+0	5,029846E-1
96,533333	2,521512E+0	5,757167E-1
96,600000	2,523454E+0	5,932727E-1
96,666667	2,521512E+0	6,108287E-1
96,733333	2,521512E+0	5,130166E-1
96,800000	2,520218E+0	4,628566E-1
96,866667	2,523454E+0	4,653646E-1
96,933333	2,520218E+0	4,954606E-1
97,000000	2,522160E+0	5,054926E-1
97,066667	2,522807E+0	5,255567E-1
97,133333	2,522807E+0	5,105086E-1
97,200000	2,520865E+0	5,230487E-1
97,266667	2,522160E+0	5,280647E-1
97,333333	2,521512E+0	5,105086E-1
97,400000	2,521512E+0	5,406047E-1
97,466667	2,521512E+0	5,757167E-1
97,533333	2,520218E+0	6,559728E-1
97,600000	2,521512E+0	6,208607E-1
97,666667	2,521512E+0	6,133367E-1
97,733333	2,522160E+0	5,556527E-1
97,800000	2,523454E+0	5,431127E-1
97,866667	2,521512E+0	6,208607E-1
97,933333	2,522160E+0	6,033047E-1
98,000000	2,522160E+0	6,083207E-1
98,066667	2,523454E+0	6,334007E-1
98,133333	2,522160E+0	6,233687E-1
98,200000	2,521512E+0	6,409248E-1
98,266667	2,522160E+0	6,409248E-1
98,333333	2,522160E+0	6,007967E-1
98,400000	2,521512E+0	6,083207E-1
98,466667	2,524101E+0	5,230487E-1
98,533333	2,520865E+0	4,678726E-1
98,600000	2,521512E+0	4,628566E-1
98,666667	2,520865E+0	4,753966E-1
98,733333	2,520218E+0	4,753966E-1
98,800000	2,520865E+0	4,703806E-1
98,866667	2,523454E+0	4,703806E-1
98,933333	2,521512E+0	4,678726E-1
99,000000	2,522160E+0	4,728886E-1
99,066667	2,521512E+0	4,628566E-1
99,133333	2,522807E+0	4,603486E-1
99,200000	2,521512E+0	4,603486E-1
99,266667	2,521512E+0	4,678726E-1
99,333333	2,522807E+0	4,653646E-1
99,400000	2,522807E+0	4,703806E-1
99,466667	2,744160E+0	1,568886E+0
99,533333	3,105963E+0	3,096259E+0
99,600000	3,196576E+0	3,191563E+0
99,666667	3,038004E+0	2,697486E+0
99,733333	2,711152E+0	1,686762E+0
99,800000	2,520218E+0	5,130166E-1
99,866667	2,522160E+0	4,954606E-1
99,933333	2,524749E+0	5,230487E-1
100,000000	2,523454E+0	5,029846E-1
100,066667	2,521512E+0	5,004766E-1
100,133333	2,520218E+0	4,804126E-1
100,200000	2,520865E+0	4,703806E-1
100,266667	2,520218E+0	4,804126E-1
100,333333	2,520865E+0	4,628566E-1
100,400000	2,522807E+0	4,628566E-1
100,466667	2,521512E+0	4,628566E-1
100,533333	2,521512E+0	4,603486E-1
100,600000	2,523454E+0	4,703806E-1
100,666667	2,520218E+0	4,728886E-1
100,733333	2,519571E+0	4,728886E-1
100,800000	2,521512E+0	4,804126E-1
100,866667	2,521512E+0	4,779046E-1
100,933333	2,520865E+0	4,779046E-1
101,000000	2,521512E+0	4,678726E-1
101,066667	2,520865E+0	4,753966E-1
101,133333	2,520218E+0	4,753966E-1
101,200000	2,521512E+0	4,703806E-1
101,266667	2,522160E+0	4,703806E-1
101,333333	2,520865E+0	4,779046E-1
101,400000	2,523454E+0	4,753966E-1
101,466667	2,579116E+0	9,368690E-1
101,533333	2,904027E+0	2,208426E+0
101,600000	3,425696E+0	3,211627E+0
101,666667	3,445760E+0	3,332011E+0
101,733333	3,065188E+0	2,740122E+0
101,800000	2,596591E+0	1,177637E+0
101,866667	2,521512E+0	7,211808E-1
101,933333	2,521512E+0	4,929526E-1
102,000000	2,522807E+0	4,979686E-1
102,066667	2,521512E+0	5,029846E-1
102,133333	2,521512E+0	5,080006E-1
102,200000	2,522160E+0	4,904446E-1
102,266667	2,524101E+0	4,879366E-1
102,333333	2,521512E+0	4,804126E-1
102,400000	2,522160E+0	4,779046E-1
102,466667	2,521512E+0	4,804126E-1
102,533333	2,520218E+0	4,929526E-1
102,600000	2,522160E+0	4,954606E-1
102,666667	2,523454E+0	4,904446E-1
102,733333	2,522160E+0	4,979686E-1
102,800000	2,520218E+0	4,954606E-1
102,866667	2,520218E+0	4,904446E-1
102,933333	2,521512E+0	4,929526E-1
103,000000	2,521512E+0	4,904446E-1
103,066667	2,520865E+0	5,130166E-1
103,133333	2,531221E+0	4,728886E-1
103,200000	2,896907E+0	2,351382E+0
103,266667	3,269066E+0	3,201595E+0
103,333333	3,381037E+0	3,256771E+0
103,400000	3,210815E+0	3,051115E+0
103,466667	2,803706E+0	2,007786E+0
103,533333	2,536399E+0	5,456207E-1
103,600000	2,520218E+0	4,703806E-1
103,666667	2,522807E+0	4,653646E-1
103,733333	2,522160E+0	4,804126E-1
103,800000	2,520865E+0	4,703806E-1
103,866667	2,521512E+0	4,703806E-1
103,933333	2,522160E+0	4,703806E-1
104,000000	2,521512E+0	4,804126E-1
104,066667	2,519571E+0	4,703806E-1
104,133333	2,520218E+0	4,678726E-1
104,200000	2,523454E+0	4,678726E-1
104,266667	2,520218E+0	4,804126E-1
104,333333	2,521512E+0	4,753966E-1
104,400000	2,521512E+0	4,804126E-1
104,466667	2,523454E+0	4,879366E-1
104,533333	2,521512E+0	4,753966E-1
104,600000	2,520865E+0	4,779046E-1
104,666667	2,522160E+0	4,904446E-1
104,733333	2,521512E+0	4,854286E-1
104,800000	2,521512E+0	4,728886E-1
104,866667	2,522807E+0	4,804126E-1
104,933333	2,519571E+0	4,753966E-1
105,000000	2,522160E+0	4,703806E-1
105,066667	2,520218E+0	4,703806E-1
105,133333	2,522807E+0	4,703806E-1
105,200000	2,520865E+0	4,553326E-1
105,266667	2,522160E+0	4,503166E-1
105,333333	2,978459E+0	2,682438E+0
105,400000	3,196576E+0	3,076195E+0
105,466667	3,114377E+0	2,842951E+0
105,533333	2,872960E+0	2,479290E+0
105,600000	2,551932E+0	7,813729E-1
105,666667	2,521512E+0	4,678726E-1
105,733333	2,520218E+0	4,854286E-1
105,800000	2,522160E+0	4,678726E-1
105,866667	2,521512E+0	4,653646E-1
105,933333	2,520218E+0	4,728886E-1
106,000000	2,523454E+0	4,703806E-1
106,066667	2,520865E+0	4,728886E-1
106,133333	2,521512E+0	4,779046E-1
106,200000	2,522160E+0	4,678726E-1
106,266667	2,520865E+0	4,578406E-1
106,333333	2,521512E+0	4,528246E-1
106,400000	2,522160E+0	4,753966E-1
106,466667	2,522160E+0	4,879366E-1
106,533333	2,521512E+0	4,929526E-1
106,600000	2,519571E+0	4,829206E-1
106,666667	2,520218E+0	4,954606E-1
106,733333	2,523454E+0	4,929526E-1
106,800000	2,522807E+0	4,703806E-1
106,866667	2,523454E+0	4,728886E-1
106,933333	2,827006E+0	2,148234E+0
107,000000	3,256769E+0	3,036067E+0
107,066667	3,283952E+0	3,151435E+0
107,133333	3,011467E+0	2,810347E+0
107,200000	2,628953E+0	1,250369E+0
107,266667	2,520218E+0	4,804126E-1
107,333333	2,522160E+0	4,728886E-1
107,400000	2,521512E+0	4,829206E-1
107,466667	2,520218E+0	4,678726E-1
107,533333	2,522807E+0	4,703806E-1
107,600000	2,523454E+0	4,578406E-1
107,666667	2,522160E+0	5,080006E-1
107,733333	2,520865E+0	4,753966E-1
107,800000	2,520865E+0	4,628566E-1
107,866667	2,521512E+0	4,703806E-1
107,933333	2,521512E+0	4,653646E-1
108,000000	2,522160E+0	4,653646E-1
108,066667	2,522160E+0	4,553326E-1
108,133333	2,521512E+0	4,678726E-1
108,200000	2,518923E+0	4,854286E-1
108,266667	2,520218E+0	4,603486E-1
108,333333	2,522807E+0	4,628566E-1
108,400000	2,522807E+0	4,628566E-1
108,466667	2,520865E+0	4,603486E-1
108,533333	2,520218E+0	4,603486E-1
108,600000	2,521512E+0	4,503166E-1
108,666667	2,519571E+0	4,628566E-1
108,733333	2,521512E+0	4,603486E-1
108,800000	2,523454E+0	4,578406E-1
108,866667	2,521512E+0	4,578406E-1
108,933333	2,521512E+0	4,678726E-1
109,000000	2,523454E+0	4,528246E-1
109,066667	2,522160E+0	4,553326E-1
109,133333	2,950628E+0	2,276142E+0
109,200000	3,140267E+0	2,830411E+0
109,266667	3,274891E+0	3,111307E+0
109,333333	3,357737E+0	3,151435E+0
109,400000	3,383626E+0	3,259279E+0
109,466667	3,397865E+0	3,101275E+0
109,533333	3,415988E+0	3,352075E+0
109,600000	3,440583E+0	3,464935E+0
109,666667	3,458058E+0	3,512587E+0
109,733333	3,474239E+0	3,545191E+0
109,800000	3,476180E+0	3,597859E+0
109,866667	3,485889E+0	3,522619E+0
109,933333	3,487183E+0	3,537667E+0
110,000000	3,482653E+0	3,527635E+0
110,066667	3,476828E+0	3,565255E+0
110,133333	3,479417E+0	3,587827E+0
110,200000	3,479417E+0	3,602875E+0
110,266667	3,483300E+0	3,602875E+0
110,333333	3,478122E+0	3,565255E+0
110,400000	3,466472E+0	3,580303E+0
110,466667	3,461294E+0	3,620431E+0
110,533333	3,454174E+0	3,592843E+0
110,600000	3,449644E+0	3,587827E+0
110,666667	3,450291E+0	3,595351E+0
110,733333	3,445113E+0	3,587827E+0
110,800000	3,436699E+0	3,590335E+0
110,866667	3,432169E+0	3,577795E+0
110,933333	3,422460E+0	3,617923E+0
111,000000	3,417929E+0	3,525127E+0
111,066667	3,406927E+0	3,527635E+0
111,133333	3,397218E+0	3,517603E+0
111,200000	3,384273E+0	3,520111E+0
111,266667	3,377801E+0	3,525127E+0
111,333333	3,387510E+0	3,525127E+0
111,400000	3,401101E+0	3,530143E+0
111,466667	3,393335E+0	3,570271E+0
111,533333	3,375212E+0	3,585319E+0
111,600000	3,365504E+0	3,585319E+0
111,666667	3,381037E+0	3,469951E+0
111,733333	3,393982E+0	3,469951E+0
111,800000	3,397865E+0	3,484999E+0
111,866667	3,394629E+0	3,490015E+0
111,933333	3,400454E+0	3,512587E+0
112,000000	3,414046E+0	3,469951E+0
112,066667	3,411457E+0	3,479983E+0
112,133333	3,400454E+0	3,487507E+0
112,200000	3,401749E+0	3,459919E+0
112,266667	3,403690E+0	3,482491E+0
112,333333	3,406279E+0	3,464935E+0
112,400000	3,401749E+0	3,472459E+0
112,466667	3,396571E+0	3,397219E+0
112,533333	3,384921E+0	3,402235E+0
112,600000	3,372623E+0	3,419791E+0
112,666667	3,362267E+0	3,484999E+0
112,733333	3,356442E+0	3,510079E+0
112,800000	3,357090E+0	3,482491E+0
112,866667	3,357737E+0	3,452395E+0
112,933333	3,357090E+0	3,379663E+0
113,000000	3,361620E+0	3,402235E+0
113,066667	3,344792E+0	3,261787E+0
113,133333	3,318903E+0	3,439855E+0
113,200000	3,267772E+0	3,296899E+0
113,266667	3,152564E+0	3,156451E+0
113,333333	2,728627E+0	1,889910E+0
113,400000	2,520218E+0	7,236888E-1
113,466667	2,522807E+0	5,155247E-1
113,533333	2,522807E+0	5,130166E-1
113,600000	2,521512E+0	4,603486E-1
113,666667	2,522807E+0	4,753966E-1
113,733333	2,521512E+0	4,829206E-1
113,800000	2,522160E+0	5,531447E-1
113,866667	2,521512E+0	4,904446E-1
113,933333	2,520865E+0	4,829206E-1
114,000000	2,523454E+0	4,678726E-1
114,066667	2,521512E+0	4,779046E-1
114,133333	2,521512E+0	4,929526E-1
114,200000	2,520218E+0	4,929526E-1
114,266667	2,523454E+0	4,703806E-1
114,333333	2,521512E+0	4,779046E-1
114,400000	2,523454E+0	4,678726E-1
114,466667	2,782994E+0	1,842258E+0
114,533333	2,856132E+0	2,356398E+0
114,600000	2,671670E+0	1,513709E+0
114,666667	2,522160E+0	5,230487E-1
114,733333	2,522807E+0	4,829206E-1
114,800000	2,520218E+0	4,904446E-1
114,866667	2,521512E+0	5,707007E-1
114,933333	2,521512E+0	4,804126E-1
115,000000	2,524101E+0	4,728886E-1
115,066667	2,522807E+0	5,882567E-1
115,133333	2,521512E+0	6,058127E-1
115,200000	2,522807E+0	4,929526E-1
115,266667	2,525396E+0	4,728886E-1
115,333333	2,784936E+0	2,115630E+0
115,400000	2,686557E+0	1,596474E+0
115,466667	2,526690E+0	7,663249E-1
115,533333	2,523454E+0	4,628566E-1
115,600000	2,523454E+0	5,029846E-1
115,666667	2,521512E+0	4,879366E-1
115,733333	2,520218E+0	4,753966E-1
115,800000	2,521512E+0	4,728886E-1
115,866667	2,521512E+0	4,728886E-1
115,933333	2,523454E+0	4,804126E-1
116,000000	2,520218E+0	5,054926E-1
116,066667	2,522807E+0	5,305727E-1
116,133333	2,520865E+0	5,380967E-1
116,200000	2,525396E+0	5,105086E-1
116,266667	2,750633E+0	1,952610E+0
116,333333	2,606300E+0	1,049729E+0
116,400000	2,521512E+0	6,007967E-1
116,466667	2,522807E+0	4,954606E-1
116,533333	2,520218E+0	5,230487E-1
116,600000	2,523454E+0	5,155247E-1
116,666667	2,521512E+0	4,804126E-1
116,733333	2,522807E+0	4,804126E-1
116,800000	2,520218E+0	4,678726E-1
116,866667	2,521512E+0	4,728886E-1
116,933333	2,522807E+0	4,703806E-1
117,000000	2,522807E+0	4,678726E-1
117,066667	2,521512E+0	4,804126E-1
117,133333	2,521512E+0	4,829206E-1
117,200000	2,521512E+0	4,804126E-1
117,266667	2,521512E+0	4,703806E-1
117,333333	2,522807E+0	4,829206E-1
117,400000	2,521512E+0	4,879366E-1
117,466667	2,523454E+0	4,879366E-1
117,533333	2,520218E+0	4,954606E-1
117,600000	2,630895E+0	1,165097E+0
117,666667	2,531868E+0	4,603486E-1
117,733333	2,523454E+0	4,628566E-1
117,800000	2,520218E+0	4,829206E-1
117,866667	2,520865E+0	4,804126E-1
117,933333	2,522160E+0	4,904446E-1
118,000000	2,522807E+0	4,879366E-1
118,066667	2,521512E+0	4,804126E-1
118,133333	2,522807E+0	4,804126E-1
118,200000	2,522160E+0	4,829206E-1
118,266667	2,521512E+0	4,779046E-1
118,333333	2,521512E+0	4,753966E-1
118,400000	2,521512E+0	4,779046E-1
118,466667	2,522807E+0	4,829206E-1
118,533333	2,521512E+0	4,804126E-1
118,600000	2,521512E+0	4,829206E-1
118,666667	2,521512E+0	4,728886E-1
118,733333	2,521512E+0	4,728886E-1
118,800000	2,521512E+0	4,703806E-1
118,866667	2,523454E+0	4,728886E-1
118,933333	2,523454E+0	4,753966E-1
119,000000	2,521512E+0	4,728886E-1
119,066667	2,523454E+0	4,753966E-1
119,133333	2,521512E+0	4,728886E-1
119,200000	2,676848E+0	1,503677E+0
119,266667	2,698207E+0	1,724382E+0
119,333333	2,711799E+0	1,824702E+0
119,400000	2,738983E+0	1,904958E+0
119,466667	2,749338E+0	2,027850E+0
119,533333	2,756458E+0	1,842258E+0
119,600000	2,754516E+0	2,027850E+0
119,666667	2,751927E+0	2,105598E+0
119,733333	2,750633E+0	2,133186E+0
119,800000	2,748691E+0	2,032866E+0
119,866667	2,746749E+0	2,037882E+0
119,933333	2,746749E+0	2,100582E+0
120,000000	2,747397E+0	2,067978E+0

