date/time: ,29/11/2019,02:29 p.m.
Run 1

time	(V)	(V)
0,000000	2,520865E+0	4,478086E-1
0,066667	2,521512E+0	4,603486E-1
0,133333	2,522160E+0	4,503166E-1
0,200000	2,521512E+0	4,478086E-1
0,266667	2,521512E+0	4,528246E-1
0,333333	2,523454E+0	4,578406E-1
0,400000	2,524749E+0	4,553326E-1
0,466667	2,522160E+0	4,503166E-1
0,533333	2,521512E+0	4,628566E-1
0,600000	2,523454E+0	4,553326E-1
0,666667	2,522160E+0	4,503166E-1
0,733333	2,549991E+0	1,114937E+0
0,800000	2,557110E+0	8,340409E-1
0,866667	2,580411E+0	1,669206E+0
0,933333	2,604358E+0	1,295513E+0
1,000000	2,650312E+0	1,578918E+0
1,066667	2,693676E+0	1,804638E+0
1,133333	2,738335E+0	2,140710E+0
1,200000	2,770697E+0	2,215950E+0
1,266667	2,789467E+0	1,952610E+0
1,333333	2,808236E+0	2,215950E+0
1,400000	2,824417E+0	2,150742E+0
1,466667	2,836715E+0	2,421606E+0
1,533333	2,839304E+0	2,424114E+0
1,600000	2,841245E+0	2,629770E+0
1,666667	2,843187E+0	2,702502E+0
1,733333	2,843834E+0	2,567070E+0
1,800000	2,858073E+0	2,286174E+0
1,866667	2,867135E+0	2,394018E+0
1,933333	2,877490E+0	2,459226E+0
2,000000	2,877490E+0	2,589642E+0
2,066667	2,878785E+0	2,687454E+0
2,133333	2,874901E+0	2,767711E+0
2,200000	2,866487E+0	2,679930E+0
2,266667	2,852895E+0	2,574594E+0
2,333333	2,832831E+0	2,406558E+0
2,400000	2,811473E+0	2,416590E+0
2,466667	2,784289E+0	2,311254E+0
2,533333	2,745455E+0	1,970166E+0
2,600000	2,715035E+0	1,990230E+0
2,666667	2,667787E+0	1,674222E+0
2,733333	2,616008E+0	1,478597E+0
2,800000	2,566171E+0	1,067285E+0
2,866667	2,534457E+0	8,114689E-1
2,933333	2,521512E+0	4,503166E-1
3,000000	2,522160E+0	4,553326E-1
3,066667	2,523454E+0	4,503166E-1
3,133333	2,522160E+0	4,653646E-1
3,200000	2,522807E+0	4,553326E-1
3,266667	2,522160E+0	4,628566E-1
3,333333	2,520218E+0	4,578406E-1
3,400000	2,522807E+0	4,528246E-1
3,466667	2,521512E+0	4,528246E-1
3,533333	2,520218E+0	4,578406E-1
3,600000	2,523454E+0	4,528246E-1
3,666667	2,522160E+0	4,503166E-1
3,733333	2,536399E+0	4,979686E-1
3,800000	2,536399E+0	5,832407E-1
3,866667	2,556463E+0	8,641369E-1
3,933333	2,609536E+0	1,323101E+0
4,000000	2,648370E+0	1,430945E+0
4,066667	2,666492E+0	1,837242E+0
4,133333	2,677495E+0	1,874862E+0
4,200000	2,684615E+0	1,945086E+0
4,266667	2,688498E+0	1,706826E+0
4,333333	2,702090E+0	1,746954E+0
4,400000	2,711152E+0	1,568886E+0
4,466667	2,713093E+0	1,731906E+0
4,533333	2,724096E+0	1,997754E+0
4,600000	2,733157E+0	2,190870E+0
4,666667	2,738335E+0	2,040390E+0
4,733333	2,748691E+0	2,050422E+0
4,800000	2,754516E+0	2,434146E+0
4,866667	2,759047E+0	2,163282E+0
4,933333	2,762283E+0	2,220966E+0
5,000000	2,763577E+0	2,246046E+0
5,066667	2,764872E+0	2,338842E+0
5,133333	2,761636E+0	2,268618E+0
5,200000	2,755163E+0	2,057946E+0
5,266667	2,754516E+0	2,125662E+0
5,333333	2,760341E+0	2,027850E+0
5,400000	2,757752E+0	2,200902E+0
5,466667	2,759694E+0	2,205918E+0
5,533333	2,746102E+0	2,138202E+0
5,600000	2,704679E+0	1,912482E+0
5,666667	2,604358E+0	1,129985E+0
5,733333	2,547402E+0	8,064529E-1
5,800000	2,522160E+0	4,578406E-1
5,866667	2,520218E+0	4,553326E-1
5,933333	2,521512E+0	4,653646E-1
6,000000	2,521512E+0	4,628566E-1
6,066667	2,521512E+0	4,628566E-1
6,133333	2,522160E+0	4,553326E-1
6,200000	2,521512E+0	4,478086E-1
6,266667	2,523454E+0	4,603486E-1
6,333333	2,522807E+0	4,603486E-1
6,400000	2,520865E+0	4,553326E-1
6,466667	2,521512E+0	4,628566E-1
6,533333	2,521512E+0	4,528246E-1
6,600000	2,522160E+0	4,503166E-1
6,666667	2,520865E+0	4,628566E-1
6,733333	2,520218E+0	4,603486E-1
6,800000	2,522160E+0	4,503166E-1
6,866667	2,521512E+0	4,628566E-1
6,933333	2,523454E+0	4,603486E-1
7,000000	2,522160E+0	4,503166E-1
7,066667	2,526690E+0	4,578406E-1
7,133333	2,527985E+0	5,230487E-1
7,200000	2,540282E+0	5,732087E-1
7,266667	2,561641E+0	8,591209E-1
7,333333	2,612772E+0	1,325609E+0
7,400000	2,653548E+0	1,894926E+0
7,466667	2,689146E+0	1,882386E+0
7,533333	2,719566E+0	2,351382E+0
7,600000	2,734452E+0	1,927530E+0
7,666667	2,740924E+0	2,378970E+0
7,733333	2,749985E+0	2,446686E+0
7,800000	2,761636E+0	2,684946E+0
7,866667	2,771991E+0	2,218458E+0
7,933333	2,787525E+0	2,298714E+0
8,000000	2,803706E+0	2,238522E+0
8,066667	2,809531E+0	2,238522E+0
8,133333	2,808884E+0	2,278650E+0
8,200000	2,797881E+0	2,298714E+0
8,266667	2,761636E+0	2,248554E+0
8,333333	2,713740E+0	1,917498E+0
8,400000	2,640603E+0	1,619046E+0
8,466667	2,573291E+0	1,152557E+0
8,533333	2,524101E+0	4,528246E-1
8,600000	2,523454E+0	4,553326E-1
8,666667	2,523454E+0	4,553326E-1
8,733333	2,520218E+0	4,603486E-1
8,800000	2,523454E+0	4,603486E-1
8,866667	2,524101E+0	4,528246E-1
8,933333	2,522807E+0	4,578406E-1
9,000000	2,520865E+0	4,603486E-1
9,066667	2,522807E+0	4,528246E-1
9,133333	2,523454E+0	4,628566E-1
9,200000	2,521512E+0	4,628566E-1
9,266667	2,520218E+0	4,553326E-1
9,333333	2,521512E+0	4,653646E-1
9,400000	2,521512E+0	4,528246E-1
9,466667	2,520218E+0	4,528246E-1
9,533333	2,521512E+0	4,603486E-1
9,600000	2,521512E+0	4,628566E-1
9,666667	2,524101E+0	4,603486E-1
9,733333	2,523454E+0	4,603486E-1
9,800000	2,526043E+0	5,807327E-1
9,866667	2,534457E+0	5,832407E-1
9,933333	2,544813E+0	7,261968E-1
10,000000	2,573938E+0	1,177637E+0
10,066667	2,634131E+0	1,578918E+0
10,133333	2,703385E+0	1,837242E+0
10,200000	2,775228E+0	2,381478E+0
10,266667	2,852895E+0	2,368938E+0
10,333333	2,931211E+0	2,715042E+0
10,400000	3,011467E+0	3,098767E+0
10,466667	3,071013E+0	3,098767E+0
10,533333	3,101433E+0	3,244231E+0
10,600000	3,102080E+0	3,138895E+0
10,666667	3,124086E+0	3,437347E+0
10,733333	3,142208E+0	3,424807E+0
10,800000	3,115025E+0	3,176515E+0
10,866667	3,054185E+0	3,301915E+0
10,933333	2,955805E+0	2,940763E+0
11,000000	2,857426E+0	2,727582E+0
11,066667	2,722154E+0	2,208426E+0
11,133333	2,608242E+0	1,355705E+0
11,200000	2,523454E+0	4,553326E-1
11,266667	2,521512E+0	4,603486E-1
11,333333	2,523454E+0	4,603486E-1
11,400000	2,522160E+0	4,553326E-1
11,466667	2,520218E+0	4,578406E-1
11,533333	2,522807E+0	4,603486E-1
11,600000	2,521512E+0	4,628566E-1
11,666667	2,523454E+0	4,553326E-1
11,733333	2,521512E+0	4,553326E-1
11,800000	2,520218E+0	4,628566E-1
11,866667	2,521512E+0	4,603486E-1
11,933333	2,521512E+0	4,628566E-1
12,000000	2,522807E+0	4,553326E-1
12,066667	2,522160E+0	4,478086E-1
12,133333	2,522160E+0	4,503166E-1
12,200000	2,521512E+0	4,628566E-1
12,266667	2,523454E+0	4,528246E-1
12,333333	2,520865E+0	4,603486E-1
12,400000	2,521512E+0	4,578406E-1
12,466667	2,522160E+0	4,503166E-1
12,533333	2,523454E+0	4,528246E-1
12,600000	2,523454E+0	4,528246E-1
12,666667	2,522160E+0	4,603486E-1
12,733333	2,522160E+0	4,653646E-1
12,800000	2,533163E+0	4,954606E-1
12,866667	2,524101E+0	5,932727E-1
12,933333	2,535104E+0	7,111488E-1
13,000000	2,601769E+0	1,247861E+0
13,066667	2,764225E+0	1,997754E+0
13,133333	3,007584E+0	3,068671E+0
13,200000	3,161625E+0	3,284359E+0
13,266667	3,184926E+0	3,417283E+0
13,333333	3,203696E+0	3,324487E+0
13,400000	3,119555E+0	3,098767E+0
13,466667	2,925386E+0	2,865523E+0
13,533333	2,689146E+0	2,105598E+0
13,600000	2,568760E+0	1,037189E+0
13,666667	2,522807E+0	4,503166E-1
13,733333	2,521512E+0	4,528246E-1
13,800000	2,520865E+0	4,528246E-1
13,866667	2,524101E+0	4,528246E-1
13,933333	2,521512E+0	4,653646E-1
14,000000	2,520218E+0	4,578406E-1
14,066667	2,520218E+0	4,528246E-1
14,133333	2,518923E+0	4,603486E-1
14,200000	2,523454E+0	4,503166E-1
14,266667	2,520865E+0	4,553326E-1
14,333333	2,522160E+0	4,528246E-1
14,400000	2,520218E+0	4,553326E-1
14,466667	2,523454E+0	4,553326E-1
14,533333	2,522807E+0	4,603486E-1
14,600000	2,521512E+0	4,503166E-1
14,666667	2,521512E+0	4,478086E-1
14,733333	2,521512E+0	4,528246E-1
14,800000	2,521512E+0	4,553326E-1
14,866667	2,555168E+0	9,694730E-1
14,933333	2,594002E+0	1,145033E+0
15,000000	2,705326E+0	1,889910E+0
15,066667	2,958394E+0	2,569578E+0
15,133333	3,159684E+0	3,041083E+0
15,200000	3,214698E+0	3,321979E+0
15,266667	3,277480E+0	3,469951E+0
15,333333	3,322139E+0	3,683131E+0
15,400000	3,348676E+0	3,630463E+0
15,466667	3,282658E+0	3,580303E+0
15,533333	3,035415E+0	3,081211E+0
15,600000	2,705326E+0	2,100582E+0
15,666667	2,553874E+0	1,064777E+0
15,733333	2,522807E+0	4,578406E-1
15,800000	2,515687E+0	4,553326E-1
15,866667	2,522160E+0	4,478086E-1
15,933333	2,523454E+0	4,578406E-1
16,000000	2,523454E+0	4,578406E-1
16,066667	2,520865E+0	4,528246E-1
16,133333	2,521512E+0	4,528246E-1
16,200000	2,520865E+0	4,603486E-1
16,266667	2,521512E+0	4,603486E-1
16,333333	2,521512E+0	4,628566E-1
16,400000	2,522160E+0	4,628566E-1
16,466667	2,522160E+0	4,503166E-1
16,533333	2,521512E+0	4,553326E-1
16,600000	2,523454E+0	4,578406E-1
16,666667	2,522160E+0	4,628566E-1
16,733333	2,523454E+0	4,603486E-1
16,800000	2,522160E+0	4,553326E-1
16,866667	2,524101E+0	4,528246E-1
16,933333	2,553227E+0	1,598982E+0
17,000000	2,606300E+0	1,333133E+0
17,066667	2,694971E+0	1,925022E+0
17,133333	2,874901E+0	2,451702E+0
17,200000	3,093666E+0	3,176515E+0
17,266667	3,261299E+0	3,422299E+0
17,333333	3,278127E+0	3,409759E+0
17,400000	3,280069E+0	3,595351E+0
17,466667	3,293014E+0	3,562747E+0
17,533333	3,233468E+0	3,399727E+0
17,600000	3,079427E+0	3,266803E+0
17,666667	2,797881E+0	2,612214E+0
17,733333	2,598533E+0	1,298021E+0
17,800000	2,523454E+0	4,503166E-1
17,866667	2,520865E+0	4,528246E-1
17,933333	2,521512E+0	4,603486E-1
18,000000	2,520865E+0	4,603486E-1
18,066667	2,521512E+0	4,503166E-1
18,133333	2,520218E+0	4,603486E-1
18,200000	2,520865E+0	4,578406E-1
18,266667	2,521512E+0	4,603486E-1
18,333333	2,521512E+0	4,578406E-1
18,400000	2,521512E+0	4,628566E-1
18,466667	2,521512E+0	4,478086E-1
18,533333	2,523454E+0	4,528246E-1
18,600000	2,522807E+0	4,553326E-1
18,666667	2,521512E+0	4,603486E-1
18,733333	2,520218E+0	4,628566E-1
18,800000	2,521512E+0	4,578406E-1
18,866667	2,521512E+0	4,503166E-1
18,933333	2,526043E+0	4,628566E-1
19,000000	2,547402E+0	5,982887E-1
19,066667	2,598533E+0	1,990230E+0
19,133333	2,808884E+0	2,238522E+0
19,200000	3,098197E+0	3,196579E+0
19,266667	3,233468E+0	3,422299E+0
19,333333	3,310489E+0	3,552715E+0
19,400000	3,359031E+0	3,522619E+0
19,466667	3,255474E+0	3,434839E+0
19,533333	3,043829E+0	3,201595E+0
19,600000	2,682673E+0	1,596474E+0
19,666667	2,522160E+0	4,528246E-1
19,733333	2,520218E+0	4,603486E-1
19,800000	2,521512E+0	4,553326E-1
19,866667	2,520865E+0	4,553326E-1
19,933333	2,520865E+0	4,578406E-1
20,000000	2,523454E+0	4,553326E-1
20,066667	2,519571E+0	4,528246E-1
20,133333	2,522160E+0	4,528246E-1
20,200000	2,521512E+0	4,528246E-1
20,266667	2,523454E+0	4,553326E-1
20,333333	2,520218E+0	4,603486E-1
20,400000	2,521512E+0	4,628566E-1
20,466667	2,522807E+0	4,528246E-1
20,533333	2,522807E+0	4,628566E-1
20,600000	2,523454E+0	4,553326E-1
20,666667	2,522160E+0	4,603486E-1
20,733333	2,520865E+0	4,628566E-1
20,800000	2,523454E+0	4,553326E-1
20,866667	2,522807E+0	4,503166E-1
20,933333	2,536399E+0	5,656847E-1
21,000000	2,567466E+0	1,014617E+0
21,066667	2,647723E+0	1,937562E+0
21,133333	2,839951E+0	2,466750E+0
21,200000	3,186220E+0	3,226675E+0
21,266667	3,388157E+0	3,577795E+0
21,333333	3,476180E+0	3,527635E+0
21,400000	3,292366E+0	3,407251E+0
21,466667	2,975870E+0	2,722566E+0
21,533333	2,634778E+0	1,355705E+0
21,600000	2,526043E+0	4,603486E-1
21,666667	2,522160E+0	4,528246E-1
21,733333	2,521512E+0	4,603486E-1
21,800000	2,521512E+0	4,553326E-1
21,866667	2,521512E+0	4,603486E-1
21,933333	2,522160E+0	4,678726E-1
22,000000	2,520865E+0	4,553326E-1
22,066667	2,521512E+0	4,628566E-1
22,133333	2,520218E+0	4,628566E-1
22,200000	2,520218E+0	4,553326E-1
22,266667	2,521512E+0	4,503166E-1
22,333333	2,521512E+0	4,528246E-1
22,400000	2,522160E+0	4,503166E-1
22,466667	2,520218E+0	4,553326E-1
22,533333	2,521512E+0	4,528246E-1
22,600000	2,521512E+0	4,503166E-1
22,666667	2,521512E+0	4,503166E-1
22,733333	2,518923E+0	4,603486E-1
22,800000	2,522807E+0	4,503166E-1
22,866667	2,521512E+0	4,603486E-1
22,933333	2,601122E+0	1,611522E+0
23,000000	2,658726E+0	1,696794E+0
23,066667	2,613419E+0	1,456025E+0
23,133333	2,520865E+0	4,553326E-1
23,200000	2,522160E+0	4,603486E-1
23,266667	2,522160E+0	4,503166E-1
23,333333	2,520865E+0	4,603486E-1
23,400000	2,521512E+0	4,553326E-1
23,466667	2,522807E+0	4,503166E-1
23,533333	2,521512E+0	4,678726E-1
23,600000	2,521512E+0	4,603486E-1
23,666667	2,521512E+0	4,528246E-1
23,733333	2,520865E+0	4,553326E-1
23,800000	2,521512E+0	4,628566E-1
23,866667	2,521512E+0	4,503166E-1
23,933333	2,522160E+0	4,653646E-1
24,000000	2,528632E+0	4,904446E-1
24,066667	2,555816E+0	1,069793E+0
24,133333	2,650312E+0	1,676730E+0
24,200000	2,905969E+0	2,750154E+0
24,266667	3,122144E+0	3,349567E+0
24,333333	3,272302E+0	3,550207E+0
24,400000	3,406927E+0	3,354583E+0
24,466667	3,420518E+0	3,590335E+0
24,533333	3,223112E+0	3,399727E+0
24,600000	2,850307E+0	2,707518E+0
24,666667	2,536399E+0	8,114689E-1
24,733333	2,521512E+0	4,553326E-1
24,800000	2,521512E+0	4,528246E-1
24,866667	2,520218E+0	4,578406E-1
24,933333	2,523454E+0	4,603486E-1
25,000000	2,521512E+0	4,478086E-1
25,066667	2,520218E+0	4,653646E-1
25,133333	2,521512E+0	4,528246E-1
25,200000	2,521512E+0	4,553326E-1
25,266667	2,520865E+0	4,553326E-1
25,333333	2,521512E+0	4,628566E-1
25,400000	2,522807E+0	4,528246E-1
25,466667	2,520865E+0	4,553326E-1
25,533333	2,522160E+0	4,628566E-1
25,600000	2,521512E+0	4,553326E-1
25,666667	2,520865E+0	4,553326E-1
25,733333	2,521512E+0	4,553326E-1
25,800000	2,521512E+0	4,628566E-1
25,866667	2,534457E+0	6,359088E-1
25,933333	2,564877E+0	1,074809E+0
26,000000	2,732510E+0	2,251062E+0
26,066667	2,949980E+0	2,960827E+0
26,133333	3,195281E+0	3,326995E+0
26,200000	3,337673E+0	3,760879E+0
26,266667	3,364209E+0	3,668083E+0
26,333333	3,197223E+0	3,477475E+0
26,400000	3,019234E+0	3,191563E+0
26,466667	2,757105E+0	2,419098E+0
26,533333	2,547402E+0	6,860688E-1
26,600000	2,520865E+0	4,478086E-1
26,666667	2,520865E+0	4,553326E-1
26,733333	2,522160E+0	4,578406E-1
26,800000	2,522807E+0	4,603486E-1
26,866667	2,521512E+0	4,628566E-1
26,933333	2,521512E+0	4,528246E-1
27,000000	2,521512E+0	4,628566E-1
27,066667	2,520218E+0	4,578406E-1
27,133333	2,520218E+0	4,603486E-1
27,200000	2,520218E+0	4,628566E-1
27,266667	2,520865E+0	4,578406E-1
27,333333	2,521512E+0	4,528246E-1
27,400000	2,521512E+0	4,478086E-1
27,466667	2,581705E+0	2,679930E+0
27,533333	2,639956E+0	2,273634E+0
27,600000	2,583647E+0	1,980198E+0
27,666667	2,522160E+0	4,628566E-1
27,733333	2,521512E+0	4,503166E-1
27,800000	2,523454E+0	4,553326E-1
27,866667	2,521512E+0	4,603486E-1
27,933333	2,520865E+0	4,628566E-1
28,000000	2,520865E+0	4,628566E-1
28,066667	2,645781E+0	1,764510E+0
28,133333	2,671023E+0	1,914990E+0
28,200000	2,689793E+0	1,676730E+0
28,266667	2,705974E+0	2,165790E+0
28,333333	2,698207E+0	2,268618E+0
28,400000	2,630247E+0	1,629078E+0
28,466667	2,522807E+0	4,578406E-1
28,533333	2,520218E+0	4,578406E-1
28,600000	2,522160E+0	4,503166E-1
28,666667	2,521512E+0	4,553326E-1
28,733333	2,520865E+0	4,653646E-1
28,800000	2,521512E+0	4,503166E-1
28,866667	2,522160E+0	4,628566E-1
28,933333	2,522807E+0	4,603486E-1
29,000000	2,523454E+0	4,528246E-1
29,066667	2,520218E+0	4,628566E-1
29,133333	2,519571E+0	4,603486E-1
29,200000	2,522807E+0	4,528246E-1
29,266667	2,521512E+0	4,578406E-1
29,333333	2,548049E+0	7,437528E-1
29,400000	2,568113E+0	1,230305E+0
29,466667	2,702738E+0	2,115630E+0
29,533333	2,903380E+0	2,720058E+0
29,600000	3,087194E+0	3,276835E+0
29,666667	3,212110E+0	3,557731E+0
29,733333	3,332495E+0	3,678115E+0
29,800000	3,355148E+0	3,680623E+0
29,866667	3,342850E+0	3,555223E+0
29,933333	3,227643E+0	3,517603E+0
30,000000	3,057421E+0	3,319471E+0
30,066667	2,716329E+0	2,414082E+0
30,133333	2,526043E+0	4,578406E-1
30,200000	2,520865E+0	4,578406E-1
30,266667	2,524101E+0	4,553326E-1
30,333333	2,523454E+0	4,603486E-1
30,400000	2,522807E+0	4,478086E-1
30,466667	2,522160E+0	4,553326E-1
30,533333	2,521512E+0	4,528246E-1
30,600000	2,521512E+0	4,603486E-1
30,666667	2,524101E+0	4,503166E-1
30,733333	2,521512E+0	4,528246E-1
30,800000	2,520865E+0	4,528246E-1
30,866667	2,522807E+0	4,578406E-1
30,933333	2,521512E+0	4,603486E-1
31,000000	2,522160E+0	4,628566E-1
31,066667	2,522807E+0	4,553326E-1
31,133333	2,521512E+0	4,528246E-1
31,200000	2,521512E+0	4,478086E-1
31,266667	2,582352E+0	1,122461E+0
31,333333	2,675554E+0	1,714350E+0
31,400000	2,971986E+0	2,913175E+0
31,466667	3,243177E+0	3,582811E+0
31,533333	3,378448E+0	3,462427E+0
31,600000	3,370681E+0	3,550207E+0
31,666667	3,243177E+0	3,510079E+0
31,733333	3,024412E+0	3,021019E+0
31,800000	2,757752E+0	2,323794E+0
31,866667	2,549991E+0	7,613089E-1
31,933333	2,521512E+0	4,628566E-1
32,000000	2,523454E+0	4,528246E-1
32,066667	2,524101E+0	4,578406E-1
32,133333	2,522160E+0	4,628566E-1
32,200000	2,522160E+0	4,503166E-1
32,266667	2,521512E+0	4,628566E-1
32,333333	2,521512E+0	4,653646E-1
32,400000	2,521512E+0	4,478086E-1
32,466667	2,522160E+0	4,628566E-1
32,533333	2,521512E+0	4,653646E-1
32,600000	2,522807E+0	4,528246E-1
32,666667	2,521512E+0	4,503166E-1
32,733333	2,521512E+0	4,628566E-1
32,800000	2,523454E+0	4,528246E-1
32,866667	2,520218E+0	4,553326E-1
32,933333	2,521512E+0	4,628566E-1
33,000000	2,520218E+0	4,528246E-1
33,066667	2,521512E+0	4,628566E-1
33,133333	2,523454E+0	4,603486E-1
33,200000	2,573938E+0	1,393325E+0
33,266667	2,777816E+0	2,173314E+0
33,333333	3,072955E+0	3,131371E+0
33,400000	3,215993E+0	3,259279E+0
33,466667	3,255474E+0	3,560239E+0
33,533333	3,250296E+0	3,284359E+0
33,600000	3,167450E+0	3,417283E+0
33,666667	2,962278E+0	2,975875E+0
33,733333	2,744808E+0	2,381478E+0
33,800000	2,533163E+0	5,406047E-1
33,866667	2,523454E+0	4,553326E-1
33,933333	2,523454E+0	4,628566E-1
34,000000	2,524101E+0	4,528246E-1
34,066667	2,521512E+0	4,503166E-1
34,133333	2,521512E+0	4,603486E-1
34,200000	2,522160E+0	4,528246E-1
34,266667	2,521512E+0	4,653646E-1
34,333333	2,520865E+0	4,528246E-1
34,400000	2,523454E+0	4,528246E-1
34,466667	2,521512E+0	4,528246E-1
34,533333	2,521512E+0	4,578406E-1
34,600000	2,520865E+0	4,553326E-1
34,666667	2,519571E+0	4,578406E-1
34,733333	2,521512E+0	4,578406E-1
34,800000	2,528632E+0	4,603486E-1
34,866667	2,523454E+0	4,578406E-1
34,933333	2,522160E+0	4,628566E-1
35,000000	2,544813E+0	7,939129E-1
35,066667	2,556463E+0	9,318530E-1
35,133333	2,667140E+0	2,220966E+0
35,200000	2,855484E+0	2,908159E+0
35,266667	3,050301E+0	3,239215E+0
35,333333	3,261946E+0	3,291883E+0
35,400000	3,447702E+0	3,600367E+0
35,466667	3,418577E+0	3,570271E+0
35,533333	3,180395E+0	3,582811E+0
35,600000	2,830890E+0	2,860507E+0
35,666667	2,577174E+0	1,212749E+0
35,733333	2,518923E+0	4,603486E-1
35,800000	2,520218E+0	4,528246E-1
35,866667	2,522807E+0	4,653646E-1
35,933333	2,521512E+0	4,628566E-1
36,000000	2,523454E+0	4,553326E-1
36,066667	2,523454E+0	4,553326E-1
36,133333	2,523454E+0	4,603486E-1
36,200000	2,522807E+0	4,553326E-1
36,266667	2,520865E+0	4,603486E-1
36,333333	2,521512E+0	4,653646E-1
36,400000	2,521512E+0	4,603486E-1
36,466667	2,522160E+0	4,578406E-1
36,533333	2,522160E+0	4,528246E-1
36,600000	2,522160E+0	4,628566E-1
36,666667	2,521512E+0	4,478086E-1
36,733333	2,523454E+0	4,578406E-1
36,800000	2,520865E+0	4,603486E-1
36,866667	2,521512E+0	4,553326E-1
36,933333	2,597886E+0	1,245353E+0
37,000000	2,838009E+0	2,602182E+0
37,066667	3,137678E+0	3,214135E+0
37,133333	3,357090E+0	3,527635E+0
37,200000	3,395276E+0	3,658051E+0
37,266667	3,261299E+0	3,522619E+0
37,333333	3,015998E+0	3,146419E+0
37,400000	2,685909E+0	2,150742E+0
37,466667	2,532515E+0	5,531447E-1
37,533333	2,521512E+0	4,603486E-1
37,600000	2,522160E+0	4,578406E-1
37,666667	2,523454E+0	4,553326E-1
37,733333	2,522160E+0	4,603486E-1
37,800000	2,523454E+0	4,528246E-1
37,866667	2,522160E+0	4,628566E-1
37,933333	2,521512E+0	4,528246E-1
38,000000	2,521512E+0	4,503166E-1
38,066667	2,522160E+0	4,628566E-1
38,133333	2,521512E+0	4,478086E-1
38,200000	2,524101E+0	4,478086E-1
38,266667	2,522807E+0	4,578406E-1
38,333333	2,521512E+0	4,628566E-1
38,400000	2,520865E+0	4,528246E-1
38,466667	2,521512E+0	4,528246E-1
38,533333	2,524101E+0	4,578406E-1
38,600000	2,562935E+0	1,393325E+0
38,666667	2,603711E+0	1,503677E+0
38,733333	2,816003E+0	2,622246E+0
38,800000	3,164214E+0	3,201595E+0
38,866667	3,387510E+0	3,542683E+0
38,933333	3,426343E+0	3,703195E+0
39,000000	3,339614E+0	3,595351E+0
39,066667	3,060657E+0	3,284359E+0
39,133333	2,719566E+0	2,308746E+0
39,200000	2,522160E+0	4,528246E-1
39,266667	2,521512E+0	4,528246E-1
39,333333	2,522807E+0	4,653646E-1
39,400000	2,524749E+0	4,528246E-1
39,466667	2,523454E+0	4,603486E-1
39,533333	2,519571E+0	4,603486E-1
39,600000	2,523454E+0	4,528246E-1
39,666667	2,521512E+0	4,628566E-1
39,733333	2,519571E+0	4,578406E-1
39,800000	2,521512E+0	4,603486E-1
39,866667	2,522160E+0	4,678726E-1
39,933333	2,523454E+0	4,528246E-1
40,000000	2,520865E+0	4,553326E-1
40,066667	2,522160E+0	4,503166E-1
40,133333	2,520865E+0	4,578406E-1
40,200000	2,522160E+0	4,478086E-1
40,266667	2,578469E+0	1,142525E+0
40,333333	2,642545E+0	1,874862E+0
40,400000	3,019234E+0	3,171499E+0
40,466667	3,308547E+0	3,512587E+0
40,533333	3,379096E+0	3,637987E+0
40,600000	3,452233E+0	3,683131E+0
40,666667	3,474239E+0	3,685639E+0
40,733333	3,409515E+0	3,660559E+0
40,800000	3,067129E+0	3,249247E+0
40,866667	2,689793E+0	1,957626E+0
40,933333	2,520218E+0	4,553326E-1
41,000000	2,521512E+0	4,603486E-1
41,066667	2,520865E+0	4,603486E-1
41,133333	2,521512E+0	4,503166E-1
41,200000	2,520218E+0	4,528246E-1
41,266667	2,520218E+0	4,578406E-1
41,333333	2,521512E+0	4,553326E-1
41,400000	2,521512E+0	4,603486E-1
41,466667	2,521512E+0	4,578406E-1
41,533333	2,521512E+0	4,628566E-1
41,600000	2,521512E+0	4,553326E-1
41,666667	2,521512E+0	4,528246E-1
41,733333	2,521512E+0	4,503166E-1
41,800000	2,523454E+0	4,528246E-1
41,866667	2,521512E+0	4,628566E-1
41,933333	2,521512E+0	4,628566E-1
42,000000	2,521512E+0	4,478086E-1
42,066667	2,521512E+0	4,528246E-1
42,133333	2,521512E+0	4,503166E-1
42,200000	2,520865E+0	4,553326E-1
42,266667	2,521512E+0	4,528246E-1
42,333333	2,521512E+0	4,528246E-1
42,400000	2,522807E+0	4,528246E-1
42,466667	2,521512E+0	4,678726E-1
42,533333	2,645781E+0	2,113122E+0
42,600000	2,536399E+0	5,556527E-1
42,666667	2,522160E+0	4,603486E-1
42,733333	2,522160E+0	4,578406E-1
42,800000	2,522160E+0	4,603486E-1
42,866667	2,520865E+0	4,653646E-1
42,933333	2,521512E+0	4,528246E-1
43,000000	2,522807E+0	4,528246E-1
43,066667	2,521512E+0	4,528246E-1
43,133333	2,520865E+0	4,553326E-1
43,200000	2,522160E+0	4,553326E-1
43,266667	2,522807E+0	4,603486E-1
43,333333	2,520218E+0	4,553326E-1
43,400000	2,520218E+0	4,553326E-1
43,466667	2,520865E+0	4,603486E-1
43,533333	2,521512E+0	4,528246E-1
43,600000	2,599180E+0	1,516217E+0
43,666667	2,523454E+0	4,578406E-1
43,733333	2,521512E+0	4,528246E-1
43,800000	2,521512E+0	4,553326E-1
43,866667	2,522160E+0	4,653646E-1
43,933333	2,522160E+0	4,653646E-1
44,000000	2,522807E+0	4,478086E-1
44,066667	2,520865E+0	4,628566E-1
44,133333	2,520218E+0	4,578406E-1
44,200000	2,523454E+0	4,553326E-1
44,266667	2,522160E+0	4,528246E-1
44,333333	2,521512E+0	4,503166E-1
44,400000	2,521512E+0	4,628566E-1
44,466667	2,523454E+0	4,628566E-1
44,533333	2,523454E+0	4,553326E-1
44,600000	2,520218E+0	4,553326E-1
44,666667	2,522160E+0	4,678726E-1
44,733333	2,523454E+0	4,553326E-1
44,800000	2,520865E+0	4,553326E-1
44,866667	2,587530E+0	1,222781E+0
44,933333	2,523454E+0	4,528246E-1
45,000000	2,520218E+0	4,553326E-1
45,066667	2,521512E+0	4,528246E-1
45,133333	2,521512E+0	4,628566E-1
45,200000	2,522807E+0	4,528246E-1
45,266667	2,523454E+0	4,603486E-1
45,333333	2,521512E+0	4,503166E-1
45,400000	2,520218E+0	4,553326E-1
45,466667	2,523454E+0	4,628566E-1
45,533333	2,523454E+0	4,553326E-1
45,600000	2,521512E+0	4,503166E-1
45,666667	2,520218E+0	4,603486E-1
45,733333	2,522807E+0	4,528246E-1
45,800000	2,521512E+0	4,628566E-1
45,866667	2,663256E+0	2,238522E+0
45,933333	2,702738E+0	2,343858E+0
46,000000	2,753222E+0	2,509386E+0
46,066667	2,770050E+0	2,529450E+0
46,133333	2,781053E+0	2,529450E+0
46,200000	2,790114E+0	2,657358E+0
46,266667	2,779758E+0	2,308746E+0
46,333333	2,762283E+0	2,399034E+0
46,400000	2,750633E+0	2,506878E+0
46,466667	2,753222E+0	2,541990E+0
46,533333	2,757752E+0	2,547006E+0
46,600000	2,764225E+0	2,469258E+0
46,666667	2,771991E+0	2,419098E+0
46,733333	2,779111E+0	2,511894E+0
46,800000	2,779758E+0	2,471766E+0
46,866667	2,787525E+0	2,574594E+0
46,933333	2,784936E+0	2,674914E+0
47,000000	2,788172E+0	2,559546E+0
47,066667	2,795939E+0	2,699994E+0
47,133333	2,801764E+0	3,098767E+0
47,200000	2,806295E+0	2,970859E+0
47,266667	2,813414E+0	3,093751E+0
47,333333	2,820534E+0	2,973367E+0
47,400000	2,823123E+0	2,642310E+0
47,466667	2,825064E+0	2,727582E+0
47,533333	2,827006E+0	2,705010E+0
47,600000	2,832831E+0	2,827903E+0
47,666667	2,830242E+0	2,835427E+0
47,733333	2,827006E+0	2,747646E+0
47,800000	2,828948E+0	2,820379E+0
47,866667	2,829595E+0	2,792791E+0
47,933333	2,836067E+0	2,662374E+0
48,000000	2,830890E+0	2,792791E+0
48,066667	2,826359E+0	2,845459E+0
48,133333	2,811473E+0	2,870539E+0
48,200000	2,816650E+0	2,908159E+0
48,266667	2,825712E+0	2,958319E+0
48,333333	2,823770E+0	2,960827E+0
48,400000	2,817945E+0	2,825395E+0
48,466667	2,814709E+0	2,757678E+0
48,533333	2,821828E+0	2,765203E+0
48,600000	2,820534E+0	2,644818E+0
48,666667	2,814062E+0	2,750154E+0
48,733333	2,809531E+0	2,847967E+0
48,800000	2,816650E+0	2,870539E+0
48,866667	2,811473E+0	2,903143E+0
48,933333	2,806295E+0	2,880571E+0
49,000000	2,811473E+0	2,990923E+0
49,066667	2,821181E+0	2,935747E+0
49,133333	2,817298E+0	2,900635E+0
49,200000	2,815356E+0	2,975875E+0
49,266667	2,815356E+0	2,692470E+0
49,333333	2,816003E+0	2,938255E+0
49,400000	2,819239E+0	2,963335E+0
49,466667	2,817298E+0	2,893111E+0
49,533333	2,814062E+0	3,068671E+0
49,600000	2,814709E+0	2,915683E+0
49,666667	2,814709E+0	2,694978E+0
49,733333	2,815356E+0	2,775235E+0
49,800000	2,812120E+0	2,812855E+0
49,866667	2,805647E+0	2,750154E+0
49,933333	2,796586E+0	2,822887E+0
50,000000	2,795292E+0	2,905651E+0
50,066667	2,789467E+0	2,830411E+0
50,133333	2,788819E+0	2,782759E+0
50,200000	2,795939E+0	2,827903E+0
50,266667	2,792703E+0	2,777743E+0
50,333333	2,792056E+0	2,832919E+0
50,400000	2,790761E+0	2,878063E+0
50,466667	2,790114E+0	2,868031E+0
50,533333	2,774580E+0	2,815363E+0
50,600000	2,697560E+0	2,424114E+0
50,666667	2,589472E+0	1,435961E+0
50,733333	2,525396E+0	4,603486E-1
50,800000	2,523454E+0	4,578406E-1
50,866667	2,519571E+0	4,578406E-1
50,933333	2,522160E+0	4,603486E-1
51,000000	2,522160E+0	4,503166E-1
51,066667	2,520865E+0	4,528246E-1
51,133333	2,524101E+0	4,528246E-1
51,200000	2,522160E+0	4,503166E-1
51,266667	2,522160E+0	4,603486E-1
51,333333	2,520218E+0	4,528246E-1
51,400000	2,521512E+0	4,503166E-1
51,466667	2,521512E+0	4,503166E-1
51,533333	2,522807E+0	4,528246E-1
51,600000	2,521512E+0	4,528246E-1
51,666667	2,522160E+0	4,628566E-1
51,733333	2,520218E+0	4,528246E-1
51,800000	2,520218E+0	4,578406E-1
51,866667	2,521512E+0	4,528246E-1
51,933333	2,524101E+0	4,503166E-1
52,000000	2,520218E+0	4,603486E-1
52,066667	2,623128E+0	1,598982E+0
52,133333	2,652253E+0	2,246046E+0
52,200000	2,681379E+0	1,940070E+0
52,266667	2,717624E+0	2,346366E+0
52,333333	2,741571E+0	2,248554E+0
52,400000	2,762283E+0	2,526942E+0
52,466667	2,766814E+0	2,597166E+0
52,533333	2,766166E+0	2,995939E+0
52,600000	2,763577E+0	2,534466E+0
52,666667	2,764872E+0	2,609706E+0
52,733333	2,764225E+0	2,732598E+0
52,800000	2,763577E+0	2,740122E+0
52,866667	2,760341E+0	2,619738E+0
52,933333	2,762283E+0	2,669898E+0
53,000000	2,768755E+0	2,574594E+0
53,066667	2,764872E+0	2,454210E+0
53,133333	2,767461E+0	2,694978E+0
53,200000	2,771991E+0	2,679930E+0
53,266667	2,771344E+0	2,516910E+0
53,333333	2,768108E+0	2,494338E+0
53,400000	2,772639E+0	2,647326E+0
53,466667	2,775228E+0	2,800315E+0
53,533333	2,772639E+0	2,720058E+0
53,600000	2,780405E+0	2,883079E+0
53,666667	2,788172E+0	2,865523E+0
53,733333	2,790761E+0	2,760187E+0
53,800000	2,803706E+0	2,978383E+0
53,866667	2,816003E+0	2,810347E+0
53,933333	2,844481E+0	2,928223E+0
54,000000	2,888493E+0	2,827903E+0
54,066667	2,961631E+0	2,928223E+0
54,133333	3,031532E+0	3,076195E+0
54,200000	3,041240E+0	3,392203E+0
54,266667	3,057421E+0	3,179023E+0
54,333333	3,047065E+0	3,063655E+0
54,400000	3,025059E+0	3,131371E+0
54,466667	3,011467E+0	3,108799E+0
54,533333	3,006937E+0	3,101275E+0
54,600000	3,000464E+0	3,216643E+0
54,666667	3,014704E+0	3,221659E+0
54,733333	3,031532E+0	3,179023E+0
54,800000	3,036710E+0	3,048607E+0
54,866667	2,890435E+0	2,644818E+0
54,933333	2,546754E+0	6,484488E-1
55,000000	2,520218E+0	4,578406E-1
55,066667	2,521512E+0	4,628566E-1
55,133333	2,520865E+0	4,553326E-1
55,200000	2,521512E+0	4,603486E-1
55,266667	2,522807E+0	4,578406E-1
55,333333	2,521512E+0	4,603486E-1
55,400000	2,522160E+0	4,628566E-1
55,466667	2,519571E+0	4,578406E-1
55,533333	2,522160E+0	4,478086E-1
55,600000	2,523454E+0	4,578406E-1
55,666667	2,520218E+0	4,553326E-1
55,733333	2,520865E+0	4,603486E-1
55,800000	2,523454E+0	4,528246E-1
55,866667	2,522807E+0	4,628566E-1
55,933333	2,520218E+0	4,603486E-1
56,000000	2,520218E+0	4,578406E-1
56,066667	2,521512E+0	4,578406E-1
56,133333	2,521512E+0	4,603486E-1
56,200000	2,523454E+0	4,578406E-1
56,266667	2,521512E+0	4,503166E-1
56,333333	2,524101E+0	4,528246E-1
56,400000	2,522807E+0	4,578406E-1
56,466667	2,522807E+0	4,628566E-1
56,533333	2,522160E+0	4,478086E-1
56,600000	2,523454E+0	4,553326E-1
56,666667	2,522807E+0	4,503166E-1
56,733333	2,521512E+0	4,478086E-1
56,800000	2,522160E+0	4,528246E-1
56,866667	2,520865E+0	4,553326E-1
56,933333	2,586236E+0	1,135001E+0
57,000000	2,758400E+0	2,396526E+0
57,066667	2,929916E+0	3,918883E+0
57,133333	3,023118E+0	3,048607E+0
57,200000	3,070366E+0	2,785267E+0
57,266667	3,088488E+0	2,973367E+0
57,333333	3,080721E+0	2,915683E+0
57,400000	3,052243E+0	3,091243E+0
57,466667	3,043182E+0	3,236707E+0
57,533333	3,032826E+0	3,026035E+0
57,600000	3,017293E+0	3,221659E+0
57,666667	3,013409E+0	3,289375E+0
57,733333	3,006937E+0	2,970859E+0
57,800000	3,003053E+0	3,306931E+0
57,866667	3,001759E+0	3,324487E+0
57,933333	3,003053E+0	2,820379E+0
58,000000	3,012115E+0	3,036067E+0
58,066667	3,019881E+0	3,018511E+0
58,133333	3,038004E+0	3,143911E+0
58,200000	3,051596E+0	3,148927E+0
58,266667	3,072307E+0	3,071179E+0
58,333333	3,085252E+0	3,156451E+0
58,400000	3,093666E+0	3,249247E+0
58,466667	3,080721E+0	3,133879E+0
58,533333	3,031532E+0	3,174007E+0
58,600000	2,803706E+0	2,178330E+0
58,666667	2,522807E+0	4,603486E-1
58,733333	2,522160E+0	4,553326E-1
58,800000	2,521512E+0	4,578406E-1
58,866667	2,523454E+0	4,628566E-1
58,933333	2,521512E+0	4,503166E-1
59,000000	2,522160E+0	4,578406E-1
59,066667	2,521512E+0	4,503166E-1
59,133333	2,522807E+0	4,528246E-1
59,200000	2,522807E+0	4,603486E-1
59,266667	2,521512E+0	4,503166E-1
59,333333	2,522807E+0	4,553326E-1
59,400000	2,523454E+0	4,603486E-1
59,466667	2,520865E+0	4,553326E-1
59,533333	2,520865E+0	4,528246E-1
59,600000	2,519571E+0	4,603486E-1
59,666667	2,520218E+0	4,553326E-1
59,733333	2,523454E+0	4,553326E-1
59,800000	2,520218E+0	4,603486E-1
59,866667	2,522160E+0	4,553326E-1
59,933333	2,521512E+0	4,503166E-1
60,000000	2,558405E+0	8,290249E-1
60,066667	2,564877E+0	9,870290E-1
60,133333	2,590766E+0	1,235321E+0
60,200000	2,615361E+0	1,528757E+0
60,266667	2,612125E+0	1,965150E+0
60,333333	2,613419E+0	1,894926E+0
60,400000	2,605005E+0	1,739430E+0
60,466667	2,603711E+0	1,774542E+0
60,533333	2,600475E+0	2,032866E+0
60,600000	2,597886E+0	1,792098E+0
60,666667	2,592708E+0	1,586442E+0
60,733333	2,591414E+0	1,674222E+0
60,800000	2,591414E+0	1,358213E+0
60,866667	2,592708E+0	1,531265E+0
60,933333	2,591414E+0	1,746954E+0
61,000000	2,592708E+0	1,699302E+0
61,066667	2,594650E+0	1,701810E+0
61,133333	2,596591E+0	1,744446E+0
61,200000	2,598533E+0	1,724382E+0
61,266667	2,599828E+0	1,696794E+0
61,333333	2,599180E+0	1,852290E+0
61,400000	2,605653E+0	1,932546E+0
61,466667	2,605005E+0	1,696794E+0
61,533333	2,605653E+0	1,603998E+0
61,600000	2,608242E+0	1,626570E+0
61,666667	2,608242E+0	1,614030E+0
61,733333	2,610830E+0	1,736922E+0
61,800000	2,616008E+0	1,960134E+0
61,866667	2,619892E+0	1,746954E+0
61,933333	2,621186E+0	1,568886E+0
62,000000	2,624422E+0	1,736922E+0
62,066667	2,632836E+0	1,814670E+0
62,133333	2,640603E+0	1,852290E+0
62,200000	2,642545E+0	1,894926E+0
62,266667	2,645134E+0	1,917498E+0
62,333333	2,645781E+0	2,017818E+0
62,400000	2,646428E+0	2,108106E+0
62,466667	2,643192E+0	2,153250E+0
62,533333	2,644487E+0	2,055438E+0
62,600000	2,643192E+0	2,088042E+0
62,666667	2,644487E+0	2,103090E+0
62,733333	2,647076E+0	2,088042E+0
62,800000	2,647076E+0	1,947594E+0
62,866667	2,652901E+0	1,932546E+0
62,933333	2,656137E+0	1,965150E+0
63,000000	2,657431E+0	2,007786E+0
63,066667	2,666492E+0	2,005278E+0
63,133333	2,664551E+0	2,138202E+0
63,200000	2,667140E+0	2,266110E+0
63,266667	2,669081E+0	2,153250E+0
63,333333	2,676848E+0	2,215950E+0
63,400000	2,696265E+0	2,173314E+0
63,466667	2,718271E+0	2,378970E+0
63,533333	2,742866E+0	2,213442E+0
63,600000	2,716329E+0	2,238522E+0
63,666667	2,542871E+0	6,810528E-1
63,733333	2,520218E+0	4,553326E-1
63,800000	2,522160E+0	4,578406E-1
63,866667	2,523454E+0	4,578406E-1
63,933333	2,524101E+0	4,553326E-1
64,000000	2,519571E+0	4,653646E-1
64,066667	2,520865E+0	4,553326E-1
64,133333	2,521512E+0	4,553326E-1
64,200000	2,523454E+0	4,628566E-1
64,266667	2,522160E+0	4,503166E-1
64,333333	2,523454E+0	4,578406E-1
64,400000	2,521512E+0	4,528246E-1
64,466667	2,521512E+0	4,628566E-1
64,533333	2,520865E+0	4,628566E-1
64,600000	2,519571E+0	4,603486E-1
64,666667	2,520218E+0	4,553326E-1
64,733333	2,525396E+0	4,478086E-1
64,800000	2,822476E+0	2,266110E+0
64,866667	2,953864E+0	2,842951E+0
64,933333	3,028943E+0	3,068671E+0
65,000000	3,069718E+0	3,021019E+0
65,066667	3,111141E+0	3,179023E+0
65,133333	3,146739E+0	3,296899E+0
65,200000	3,186220E+0	3,206611E+0
65,266667	3,215993E+0	3,271819E+0
65,333333	3,229585E+0	3,362107E+0
65,400000	3,235410E+0	3,577795E+0
65,466667	3,268419E+0	3,477475E+0
65,533333	3,282011E+0	3,610399E+0
65,600000	3,282011E+0	3,565255E+0
65,666667	3,266477E+0	3,582811E+0
65,733333	3,243824E+0	3,517603E+0
65,800000	3,227643E+0	3,537667E+0
65,866667	3,243177E+0	3,625447E+0
65,933333	3,250296E+0	3,557731E+0
66,000000	3,227643E+0	3,562747E+0
66,066667	3,212110E+0	3,602875E+0
66,133333	3,170687E+0	3,449887E+0
66,200000	3,173276E+0	3,404743E+0
66,266667	3,203696E+0	3,392203E+0
66,333333	3,219876E+0	3,505063E+0
66,400000	3,192045E+0	3,364615E+0
66,466667	3,179101E+0	3,399727E+0
66,533333	3,173923E+0	3,402235E+0
66,600000	3,245766E+0	3,595351E+0
66,666667	3,256769E+0	3,525127E+0
66,733333	3,240588E+0	3,562747E+0
66,800000	3,164214E+0	3,464935E+0
66,866667	2,958394E+0	3,153943E+0
66,933333	2,654842E+0	1,867338E+0
67,000000	2,522807E+0	4,603486E-1
67,066667	2,522807E+0	4,628566E-1
67,133333	2,521512E+0	4,503166E-1
67,200000	2,522807E+0	4,603486E-1
67,266667	2,519571E+0	4,528246E-1
67,333333	2,522807E+0	4,503166E-1
67,400000	2,522807E+0	4,528246E-1
67,466667	2,520865E+0	4,528246E-1
67,533333	2,522160E+0	4,528246E-1
67,600000	2,523454E+0	4,628566E-1
67,666667	2,522160E+0	4,603486E-1
67,733333	2,521512E+0	4,628566E-1
67,800000	2,521512E+0	4,653646E-1
67,866667	2,524101E+0	4,478086E-1
67,933333	2,523454E+0	4,578406E-1
68,000000	2,519571E+0	4,603486E-1
68,066667	2,521512E+0	4,503166E-1
68,133333	2,521512E+0	4,503166E-1
68,200000	2,522160E+0	4,653646E-1
68,266667	2,522160E+0	4,503166E-1
68,333333	2,522160E+0	4,528246E-1
68,400000	2,523454E+0	4,603486E-1
68,466667	2,520865E+0	4,528246E-1
68,533333	2,520865E+0	4,503166E-1
68,600000	2,523454E+0	4,578406E-1
68,666667	2,520218E+0	4,528246E-1
68,733333	2,522160E+0	4,628566E-1
68,800000	2,520865E+0	4,603486E-1
68,866667	2,522160E+0	4,603486E-1
68,933333	2,522807E+0	4,553326E-1
69,000000	2,523454E+0	4,603486E-1
69,066667	2,538988E+0	7,588009E-1
69,133333	2,577174E+0	1,145033E+0
69,200000	2,690440E+0	2,268618E+0
69,266667	2,841245E+0	2,710026E+0
69,333333	2,956453E+0	3,031051E+0
69,400000	3,020529E+0	3,176515E+0
69,466667	3,087841E+0	3,316963E+0
69,533333	3,141561E+0	3,148927E+0
69,600000	3,221818E+0	3,530143E+0
69,666667	3,251591E+0	3,387187E+0
69,733333	3,269713E+0	3,530143E+0
69,800000	3,264535E+0	3,522619E+0
69,866667	3,272302E+0	3,520111E+0
69,933333	3,270360E+0	3,547699E+0
70,000000	3,263888E+0	3,592843E+0
70,066667	3,253532E+0	3,557731E+0
70,133333	3,258063E+0	3,653035E+0
70,200000	3,267772E+0	3,627955E+0
70,266667	3,282011E+0	3,577795E+0
70,333333	3,288483E+0	3,675607E+0
70,400000	3,285894E+0	3,718243E+0
70,466667	3,282658E+0	3,597859E+0
70,533333	3,286541E+0	3,625447E+0
70,600000	3,300780E+0	3,632971E+0
70,666667	3,297544E+0	3,585319E+0
70,733333	3,283305E+0	3,665575E+0
70,800000	3,261946E+0	3,620431E+0
70,866667	3,339614E+0	3,658051E+0
70,933333	3,574560E+0	3,733291E+0
71,000000	3,746076E+0	3,861199E+0
71,066667	3,781674E+0	3,871231E+0
71,133333	3,712420E+0	3,896311E+0
71,200000	3,491067E+0	3,665575E+0
71,266667	3,111141E+0	3,362107E+0
71,333333	2,801764E+0	2,429130E+0
71,400000	2,554521E+0	8,139769E-1
71,466667	2,521512E+0	4,603486E-1
71,533333	2,521512E+0	4,628566E-1
71,600000	2,521512E+0	4,553326E-1
71,666667	2,520218E+0	4,553326E-1
71,733333	2,521512E+0	4,553326E-1
71,800000	2,520865E+0	4,553326E-1
71,866667	2,521512E+0	4,603486E-1
71,933333	2,521512E+0	4,528246E-1
72,000000	2,523454E+0	4,553326E-1
72,066667	2,521512E+0	4,603486E-1
72,133333	2,521512E+0	4,653646E-1
72,200000	2,520865E+0	4,578406E-1
72,266667	2,522160E+0	4,528246E-1
72,333333	2,520218E+0	4,603486E-1
72,400000	2,520218E+0	4,578406E-1
72,466667	2,521512E+0	4,628566E-1
72,533333	2,520865E+0	4,628566E-1
72,600000	2,552580E+0	9,569330E-1
72,666667	2,644487E+0	2,035374E+0
72,733333	2,893024E+0	2,652342E+0
72,800000	3,313725E+0	3,673099E+0
72,866667	3,731190E+0	3,856183E+0
72,933333	3,913710E+0	3,760879E+0
73,000000	3,880054E+0	3,602875E+0
73,066667	3,677470E+0	3,612907E+0
73,133333	3,306605E+0	3,412267E+0
73,200000	2,939625E+0	2,835427E+0
73,266667	2,624422E+0	1,034681E+0
73,333333	2,518923E+0	4,578406E-1
73,400000	2,521512E+0	4,603486E-1
73,466667	2,524749E+0	4,553326E-1
73,533333	2,523454E+0	4,628566E-1
73,600000	2,521512E+0	4,528246E-1
73,666667	2,523454E+0	4,553326E-1
73,733333	2,523454E+0	4,528246E-1
73,800000	2,521512E+0	4,553326E-1
73,866667	2,522160E+0	4,553326E-1
73,933333	2,520865E+0	4,528246E-1
74,000000	2,521512E+0	4,628566E-1
74,066667	2,521512E+0	4,628566E-1
74,133333	2,521512E+0	4,528246E-1
74,200000	2,520218E+0	4,553326E-1
74,266667	2,520865E+0	4,553326E-1
74,333333	2,521512E+0	4,528246E-1
74,400000	2,522160E+0	4,603486E-1
74,466667	2,521512E+0	4,628566E-1
74,533333	2,541577E+0	5,330807E-1
74,600000	2,558405E+0	8,064529E-1
74,666667	2,656137E+0	1,724382E+0
74,733333	2,984284E+0	2,978383E+0
74,800000	3,489125E+0	3,454903E+0
74,866667	3,867109E+0	3,923899E+0
74,933333	3,947366E+0	3,946471E+0
75,000000	3,552554E+0	4,122032E+0
75,066667	3,012115E+0	3,306931E+0
75,133333	2,540282E+0	5,681927E-1
75,200000	2,520865E+0	4,628566E-1
75,266667	2,521512E+0	4,503166E-1
75,333333	2,520865E+0	4,653646E-1
75,400000	2,524101E+0	4,528246E-1
75,466667	2,522160E+0	4,503166E-1
75,533333	2,520865E+0	4,603486E-1
75,600000	2,520865E+0	4,528246E-1
75,666667	2,521512E+0	4,628566E-1
75,733333	2,521512E+0	4,528246E-1
75,800000	2,519571E+0	4,528246E-1
75,866667	2,520218E+0	4,553326E-1
75,933333	2,521512E+0	4,653646E-1
76,000000	2,521512E+0	4,553326E-1
76,066667	2,520218E+0	4,553326E-1
76,133333	2,523454E+0	4,553326E-1
76,200000	2,523454E+0	4,553326E-1
76,266667	2,522807E+0	4,553326E-1
76,333333	2,521512E+0	4,628566E-1
76,400000	2,521512E+0	4,503166E-1
76,466667	2,521512E+0	4,503166E-1
76,533333	2,523454E+0	4,603486E-1
76,600000	2,521512E+0	4,503166E-1
76,666667	2,520865E+0	4,578406E-1
76,733333	2,520865E+0	4,578406E-1
76,800000	2,522160E+0	4,503166E-1
76,866667	2,521512E+0	4,503166E-1
76,933333	2,523454E+0	4,628566E-1
77,000000	2,539635E+0	5,506367E-1
77,066667	2,545460E+0	6,033047E-1
77,133333	2,597239E+0	1,378277E+0
77,200000	2,796586E+0	2,358906E+0
77,266667	2,988814E+0	2,805331E+0
77,333333	3,015998E+0	3,000955E+0
77,400000	2,894966E+0	2,767711E+0
77,466667	2,660020E+0	1,513709E+0
77,533333	2,521512E+0	4,578406E-1
77,600000	2,521512E+0	4,578406E-1
77,666667	2,521512E+0	4,628566E-1
77,733333	2,520865E+0	4,553326E-1
77,800000	2,522160E+0	4,603486E-1
77,866667	2,521512E+0	4,578406E-1
77,933333	2,523454E+0	4,578406E-1
78,000000	2,521512E+0	4,603486E-1
78,066667	2,523454E+0	4,553326E-1
78,133333	2,522160E+0	4,578406E-1
78,200000	2,521512E+0	4,628566E-1
78,266667	2,521512E+0	4,528246E-1
78,333333	2,521512E+0	4,528246E-1
78,400000	2,523454E+0	4,478086E-1
78,466667	2,520865E+0	4,603486E-1
78,533333	2,521512E+0	4,503166E-1
78,600000	2,519571E+0	4,528246E-1
78,666667	2,521512E+0	4,528246E-1
78,733333	2,526690E+0	4,678726E-1
78,800000	2,557757E+0	6,910848E-1
78,866667	2,671670E+0	1,741938E+0
78,933333	2,893024E+0	2,800315E+0
79,000000	3,181690E+0	3,161467E+0
79,066667	3,387510E+0	3,580303E+0
79,133333	3,560321E+0	3,778435E+0
79,200000	3,711126E+0	3,863707E+0
79,266667	3,729248E+0	3,918883E+0
79,333333	3,514367E+0	3,627955E+0
79,400000	3,072307E+0	3,274327E+0
79,466667	2,674907E+0	1,779558E+0
79,533333	2,521512E+0	4,628566E-1
79,600000	2,521512E+0	4,603486E-1
79,666667	2,520218E+0	4,578406E-1
79,733333	2,521512E+0	4,528246E-1
79,800000	2,523454E+0	4,553326E-1
79,866667	2,521512E+0	4,628566E-1
79,933333	2,521512E+0	4,628566E-1
80,000000	2,521512E+0	4,603486E-1
80,066667	2,522160E+0	4,578406E-1
80,133333	2,521512E+0	4,578406E-1
80,200000	2,523454E+0	4,528246E-1
80,266667	2,522160E+0	4,653646E-1
80,333333	2,521512E+0	4,628566E-1
80,400000	2,520865E+0	4,603486E-1
80,466667	2,526043E+0	4,603486E-1
80,533333	2,523454E+0	4,628566E-1
80,600000	2,523454E+0	4,528246E-1
80,666667	2,521512E+0	4,603486E-1
80,733333	2,582352E+0	1,197701E+0
80,800000	2,606300E+0	1,691778E+0
80,866667	2,721507E+0	1,970166E+0
80,933333	2,977164E+0	2,787775E+0
81,000000	3,124733E+0	3,108799E+0
81,066667	3,006290E+0	3,083719E+0
81,133333	2,659373E+0	1,626570E+0
81,200000	2,520218E+0	4,503166E-1
81,266667	2,522807E+0	4,528246E-1
81,333333	2,522807E+0	4,528246E-1
81,400000	2,523454E+0	4,528246E-1
81,466667	2,520218E+0	4,603486E-1
81,533333	2,522160E+0	4,628566E-1
81,600000	2,521512E+0	4,578406E-1
81,666667	2,520865E+0	4,603486E-1
81,733333	2,523454E+0	4,578406E-1
81,800000	2,521512E+0	4,528246E-1
81,866667	2,522160E+0	4,628566E-1
81,933333	2,520865E+0	4,528246E-1
82,000000	2,520865E+0	4,528246E-1
82,066667	2,521512E+0	4,528246E-1
82,133333	2,521512E+0	4,528246E-1
82,200000	2,520218E+0	4,603486E-1
82,266667	2,522160E+0	4,578406E-1
82,333333	2,522160E+0	4,503166E-1
82,400000	2,521512E+0	4,503166E-1
82,466667	2,523454E+0	4,578406E-1
82,533333	2,522807E+0	4,578406E-1
82,600000	2,523454E+0	4,503166E-1
82,666667	2,523454E+0	4,528246E-1
82,733333	2,522160E+0	4,553326E-1
82,800000	2,523454E+0	4,478086E-1
82,866667	2,520218E+0	4,603486E-1
82,933333	2,523454E+0	4,578406E-1
83,000000	2,522160E+0	4,603486E-1
83,066667	2,553227E+0	8,541049E-1
83,133333	2,610183E+0	1,142525E+0
83,200000	2,792703E+0	2,554530E+0
83,266667	3,033473E+0	3,056131E+0
83,333333	3,173923E+0	3,161467E+0
83,400000	3,268419E+0	3,462427E+0
83,466667	3,320845E+0	3,352075E+0
83,533333	3,285247E+0	3,572779E+0
83,600000	3,072307E+0	3,141403E+0
83,666667	2,720213E+0	2,399034E+0
83,733333	2,524101E+0	4,553326E-1
83,800000	2,521512E+0	4,503166E-1
83,866667	2,522160E+0	4,528246E-1
83,933333	2,520218E+0	4,553326E-1
84,000000	2,521512E+0	4,503166E-1
84,066667	2,522160E+0	4,628566E-1
84,133333	2,520865E+0	4,553326E-1
84,200000	2,521512E+0	4,603486E-1
84,266667	2,521512E+0	4,653646E-1
84,333333	2,522807E+0	4,528246E-1
84,400000	2,523454E+0	4,553326E-1
84,466667	2,522160E+0	4,678726E-1
84,533333	2,521512E+0	4,503166E-1
84,600000	2,520865E+0	4,553326E-1
84,666667	2,521512E+0	4,678726E-1
84,733333	2,521512E+0	4,528246E-1
84,800000	2,521512E+0	4,603486E-1
84,866667	2,521512E+0	4,578406E-1
84,933333	2,523454E+0	4,528246E-1
85,000000	2,521512E+0	4,603486E-1
85,066667	2,522160E+0	4,628566E-1
85,133333	2,523454E+0	4,578406E-1
85,200000	2,520218E+0	4,603486E-1
85,266667	2,519571E+0	4,603486E-1
85,333333	2,522807E+0	4,628566E-1
85,400000	2,522160E+0	4,553326E-1
85,466667	2,521512E+0	4,653646E-1
85,533333	2,520218E+0	4,578406E-1
85,600000	2,522807E+0	4,528246E-1
85,666667	2,521512E+0	4,528246E-1
85,733333	2,522807E+0	4,578406E-1
85,800000	2,522807E+0	4,528246E-1
85,866667	2,523454E+0	4,578406E-1
85,933333	2,521512E+0	4,628566E-1
86,000000	2,521512E+0	4,478086E-1
86,066667	2,520865E+0	4,603486E-1
86,133333	2,541577E+0	5,932727E-1
86,200000	2,565524E+0	1,077317E+0
86,266667	2,764872E+0	2,609706E+0
86,333333	3,124086E+0	4,099460E+0
86,400000	3,370681E+0	3,454903E+0
86,466667	3,495597E+0	3,663067E+0
86,533333	3,605627E+0	3,735799E+0
86,600000	3,689120E+0	3,795991E+0
86,666667	3,640577E+0	3,733291E+0
86,733333	3,537667E+0	3,748339E+0
86,800000	3,450291E+0	3,765895E+0
86,866667	3,249002E+0	3,550207E+0
86,933333	2,814709E+0	2,278650E+0
87,000000	2,521512E+0	4,628566E-1
87,066667	2,520865E+0	4,603486E-1
87,133333	2,524101E+0	4,553326E-1
87,200000	2,522160E+0	4,603486E-1
87,266667	2,522807E+0	4,578406E-1
87,333333	2,521512E+0	4,628566E-1
87,400000	2,520218E+0	4,553326E-1
87,466667	2,523454E+0	4,578406E-1
87,533333	2,522807E+0	4,553326E-1
87,600000	2,521512E+0	4,578406E-1
87,666667	2,520865E+0	4,653646E-1
87,733333	2,523454E+0	4,628566E-1
87,800000	2,521512E+0	4,503166E-1
87,866667	2,521512E+0	4,528246E-1
87,933333	2,523454E+0	4,578406E-1
88,000000	2,521512E+0	4,503166E-1
88,066667	2,521512E+0	4,528246E-1
88,133333	2,521512E+0	4,528246E-1
88,200000	2,521512E+0	4,628566E-1
88,266667	2,521512E+0	4,678726E-1
88,333333	2,523454E+0	4,528246E-1
88,400000	2,637367E+0	1,576410E+0
88,466667	2,635425E+0	1,488629E+0
88,533333	2,551932E+0	1,099889E+0
88,600000	2,520218E+0	4,553326E-1
88,666667	2,520865E+0	4,603486E-1
88,733333	2,523454E+0	4,503166E-1
88,800000	2,521512E+0	4,553326E-1
88,866667	2,523454E+0	4,603486E-1
88,933333	2,521512E+0	4,628566E-1
89,000000	2,521512E+0	4,503166E-1
89,066667	2,520218E+0	4,603486E-1
89,133333	2,521512E+0	4,503166E-1
89,200000	2,521512E+0	4,628566E-1
89,266667	2,520218E+0	4,628566E-1
89,333333	2,522160E+0	4,628566E-1
89,400000	2,521512E+0	4,503166E-1
89,466667	2,521512E+0	4,528246E-1
89,533333	2,521512E+0	4,603486E-1
89,600000	2,522160E+0	4,503166E-1
89,666667	2,521512E+0	4,628566E-1
89,733333	2,520218E+0	4,553326E-1
89,800000	2,524101E+0	4,528246E-1
89,866667	2,520865E+0	4,603486E-1
89,933333	2,521512E+0	4,603486E-1
90,000000	2,579763E+0	8,691529E-1
90,066667	2,547402E+0	6,634968E-1
90,133333	2,520218E+0	4,528246E-1
90,200000	2,522160E+0	4,603486E-1
90,266667	2,523454E+0	4,578406E-1
90,333333	2,523454E+0	4,553326E-1
90,400000	2,520218E+0	4,578406E-1
90,466667	2,521512E+0	4,528246E-1
90,533333	2,522807E+0	4,553326E-1
90,600000	2,520218E+0	4,603486E-1
90,666667	2,521512E+0	4,528246E-1
90,733333	2,522807E+0	4,553326E-1
90,800000	2,524101E+0	4,528246E-1
90,866667	2,521512E+0	4,528246E-1
90,933333	2,520218E+0	4,553326E-1
91,000000	2,520218E+0	4,628566E-1
91,066667	2,521512E+0	4,628566E-1
91,133333	2,521512E+0	4,478086E-1
91,200000	2,520865E+0	4,578406E-1
91,266667	2,521512E+0	4,528246E-1
91,333333	2,522160E+0	4,478086E-1
91,400000	2,521512E+0	4,628566E-1
91,466667	2,519571E+0	4,628566E-1
91,533333	2,522160E+0	4,503166E-1
91,600000	2,724743E+0	2,268618E+0
91,666667	2,986225E+0	2,990923E+0
91,733333	3,131205E+0	3,066163E+0
91,800000	3,261299E+0	3,404743E+0
91,866667	3,324728E+0	3,402235E+0
91,933333	3,334436E+0	3,339535E+0
92,000000	3,293661E+0	3,264295E+0
92,066667	3,286541E+0	3,412267E+0
92,133333	3,262594E+0	3,527635E+0
92,200000	3,237999E+0	3,449887E+0
92,266667	3,180395E+0	3,329503E+0
92,333333	3,122144E+0	3,306931E+0
92,400000	2,999817E+0	3,076195E+0
92,466667	2,842540E+0	2,965843E+0
92,533333	2,726038E+0	2,368938E+0
92,600000	2,689793E+0	2,085534E+0
92,666667	2,635425E+0	1,784574E+0
92,733333	2,568113E+0	1,205225E+0
92,800000	2,521512E+0	4,628566E-1
92,866667	2,521512E+0	4,628566E-1
92,933333	2,523454E+0	4,528246E-1
93,000000	2,522160E+0	4,503166E-1
93,066667	2,521512E+0	4,628566E-1
93,133333	2,521512E+0	4,503166E-1
93,200000	2,523454E+0	4,478086E-1
93,266667	2,521512E+0	4,528246E-1
93,333333	2,522160E+0	4,603486E-1
93,400000	2,520865E+0	4,528246E-1
93,466667	2,520218E+0	4,603486E-1
93,533333	2,521512E+0	4,603486E-1
93,600000	2,520218E+0	4,628566E-1
93,666667	2,522807E+0	4,578406E-1
93,733333	2,521512E+0	4,503166E-1
93,800000	2,521512E+0	4,678726E-1
93,866667	2,520865E+0	4,603486E-1
93,933333	2,522160E+0	4,628566E-1
94,000000	2,520865E+0	4,603486E-1
94,066667	2,521512E+0	4,628566E-1
94,133333	2,521512E+0	4,528246E-1
94,200000	2,628306E+0	1,646634E+0
94,266667	2,882668E+0	3,091243E+0
94,333333	3,199812E+0	3,442363E+0
94,400000	3,447055E+0	3,572779E+0
94,466667	3,600449E+0	3,798499E+0
94,533333	3,705301E+0	3,838627E+0
94,600000	3,750607E+0	3,903835E+0
94,666667	3,724070E+0	3,873739E+0
94,733333	3,725365E+0	3,888787E+0
94,800000	3,774555E+0	3,898819E+0
94,866667	3,753196E+0	3,961519E+0
94,933333	3,670997E+0	3,901327E+0
95,000000	3,450291E+0	3,665575E+0
95,066667	2,959042E+0	2,968351E+0
95,133333	2,533163E+0	5,757167E-1
95,200000	2,519571E+0	4,603486E-1
95,266667	2,522807E+0	4,528246E-1
95,333333	2,523454E+0	4,478086E-1
95,400000	2,522807E+0	4,503166E-1
95,466667	2,523454E+0	4,553326E-1
95,533333	2,520865E+0	4,528246E-1
95,600000	2,522160E+0	4,628566E-1
95,666667	2,522160E+0	4,503166E-1
95,733333	2,521512E+0	4,628566E-1
95,800000	2,520865E+0	4,653646E-1
95,866667	2,521512E+0	4,653646E-1
95,933333	2,523454E+0	4,528246E-1
96,000000	2,521512E+0	4,528246E-1
96,066667	2,520218E+0	4,553326E-1
96,133333	2,522160E+0	4,503166E-1
96,200000	2,521512E+0	4,603486E-1
96,266667	2,521512E+0	4,553326E-1
96,333333	2,521512E+0	4,603486E-1
96,400000	2,523454E+0	4,628566E-1
96,466667	2,523454E+0	4,578406E-1
96,533333	2,522160E+0	4,603486E-1
96,600000	2,522160E+0	4,603486E-1
96,666667	2,601122E+0	1,358213E+0
96,733333	2,888493E+0	2,940763E+0
96,800000	3,205637E+0	3,179023E+0
96,866667	3,333789E+0	3,627955E+0
96,933333	3,453527E+0	3,602875E+0
97,000000	3,584915E+0	3,808531E+0
97,066667	3,613394E+0	3,841135E+0
97,133333	3,335084E+0	3,495031E+0
97,200000	2,805647E+0	2,579610E+0
97,266667	2,523454E+0	4,528246E-1
97,333333	2,522160E+0	4,578406E-1
97,400000	2,521512E+0	4,678726E-1
97,466667	2,522160E+0	4,553326E-1
97,533333	2,521512E+0	4,503166E-1
97,600000	2,521512E+0	4,628566E-1
97,666667	2,522807E+0	4,528246E-1
97,733333	2,522160E+0	4,503166E-1
97,800000	2,521512E+0	4,678726E-1
97,866667	2,523454E+0	4,528246E-1
97,933333	2,522160E+0	4,503166E-1
98,000000	2,519571E+0	4,678726E-1
98,066667	2,520218E+0	4,553326E-1
98,133333	2,521512E+0	4,503166E-1
98,200000	2,522160E+0	4,653646E-1
98,266667	2,521512E+0	4,528246E-1
98,333333	2,522160E+0	4,628566E-1
98,400000	2,521512E+0	4,628566E-1
98,466667	2,524749E+0	4,553326E-1
98,533333	2,782994E+0	3,873739E+0
98,600000	2,824417E+0	4,011680E+0
98,666667	2,624422E+0	1,573902E+0
98,733333	2,520865E+0	4,528246E-1
98,800000	2,522807E+0	4,528246E-1
98,866667	2,522807E+0	4,478086E-1
98,933333	2,521512E+0	4,503166E-1
99,000000	2,522807E+0	4,578406E-1
99,066667	2,523454E+0	4,528246E-1
99,133333	2,520218E+0	4,578406E-1
99,200000	2,521512E+0	4,528246E-1
99,266667	2,519571E+0	4,528246E-1
99,333333	2,520218E+0	4,553326E-1
99,400000	2,523454E+0	4,603486E-1
99,466667	2,521512E+0	4,503166E-1
99,533333	2,520865E+0	4,628566E-1
99,600000	2,521512E+0	4,528246E-1
99,666667	2,521512E+0	4,603486E-1
99,733333	2,520218E+0	4,553326E-1
99,800000	2,521512E+0	4,528246E-1
99,866667	2,519571E+0	4,528246E-1
99,933333	2,520865E+0	4,553326E-1
100,000000	2,529926E+0	4,954606E-1
100,066667	2,609536E+0	1,215257E+0
100,133333	2,830890E+0	2,755170E+0
100,200000	3,272949E+0	3,304423E+0
100,266667	3,786852E+0	3,868723E+0
100,333333	4,038625E+0	4,001648E+0
100,400000	4,129238E+0	4,046792E+0
100,466667	3,912415E+0	4,004156E+0
100,533333	3,575207E+0	3,798499E+0
100,600000	3,040593E+0	2,878063E+0
100,666667	2,568113E+0	7,863889E-1
100,733333	2,521512E+0	4,879366E-1
100,800000	2,523454E+0	4,578406E-1
100,866667	2,520218E+0	4,528246E-1
100,933333	2,519571E+0	4,628566E-1
101,000000	2,521512E+0	4,528246E-1
101,066667	2,520865E+0	4,553326E-1
101,133333	2,520218E+0	4,578406E-1
101,200000	2,523454E+0	4,603486E-1
101,266667	2,520218E+0	4,528246E-1
101,333333	2,521512E+0	4,628566E-1
101,400000	2,521512E+0	4,503166E-1
101,466667	2,521512E+0	4,603486E-1
101,533333	2,521512E+0	4,628566E-1
101,600000	2,521512E+0	4,628566E-1
101,666667	2,520865E+0	4,528246E-1
101,733333	2,522160E+0	4,628566E-1
101,800000	2,521512E+0	4,653646E-1
101,866667	2,520218E+0	4,528246E-1
101,933333	2,519571E+0	4,578406E-1
102,000000	2,521512E+0	4,528246E-1
102,066667	2,519571E+0	4,553326E-1
102,133333	2,520865E+0	4,603486E-1
102,200000	2,522807E+0	4,603486E-1
102,266667	2,522160E+0	4,603486E-1
102,333333	2,523454E+0	4,528246E-1
102,400000	2,523454E+0	4,603486E-1
102,466667	2,523454E+0	4,528246E-1
102,533333	2,521512E+0	4,528246E-1
102,600000	2,520218E+0	4,678726E-1
102,666667	2,521512E+0	4,478086E-1
102,733333	2,520218E+0	4,603486E-1
102,800000	2,519571E+0	4,553326E-1
102,866667	2,521512E+0	4,578406E-1
102,933333	2,521512E+0	4,678726E-1
103,000000	2,521512E+0	4,528246E-1
103,066667	2,572644E+0	8,164849E-1
103,133333	2,634131E+0	1,333133E+0
103,200000	2,813414E+0	2,368938E+0
103,266667	2,981695E+0	3,038575E+0
103,333333	3,049007E+0	3,118831E+0
103,400000	3,010820E+0	3,103783E+0
103,466667	2,977164E+0	3,151435E+0
103,533333	2,977164E+0	3,088735E+0
103,600000	2,987520E+0	3,078703E+0
103,666667	2,991403E+0	3,116323E+0
103,733333	2,999817E+0	3,156451E+0
103,800000	3,013409E+0	3,131371E+0
103,866667	3,012115E+0	3,123847E+0
103,933333	3,015998E+0	3,138895E+0
104,000000	3,032826E+0	3,126355E+0
104,066667	3,045124E+0	3,194071E+0
104,133333	3,054832E+0	3,066163E+0
104,200000	3,054185E+0	3,201595E+0
104,266667	3,050949E+0	3,382171E+0
104,333333	3,043182E+0	3,249247E+0
104,400000	3,041887E+0	3,276835E+0
104,466667	3,038651E+0	3,311947E+0
104,533333	3,044476E+0	3,168991E+0
104,600000	3,040593E+0	3,174007E+0
104,666667	3,031532E+0	3,274327E+0
104,733333	3,026354E+0	3,339535E+0
104,800000	3,028295E+0	3,209119E+0
104,866667	3,036710E+0	3,437347E+0
104,933333	3,030237E+0	3,384679E+0
105,000000	3,029590E+0	3,196579E+0
105,066667	3,025707E+0	3,214135E+0
105,133333	3,019881E+0	3,266803E+0
105,200000	3,017293E+0	3,264295E+0
105,266667	3,008231E+0	3,241723E+0
105,333333	2,984284E+0	3,276835E+0
105,400000	2,981695E+0	3,191563E+0
105,466667	2,984931E+0	3,058639E+0
105,533333	2,991403E+0	3,031051E+0
105,600000	2,990109E+0	3,073687E+0
105,666667	2,986225E+0	3,081211E+0
105,733333	2,973928E+0	3,036067E+0
105,800000	2,969397E+0	3,018511E+0
105,866667	2,970692E+0	3,008479E+0
105,933333	2,971339E+0	3,041083E+0
106,000000	2,973928E+0	3,081211E+0
106,066667	2,971986E+0	3,184039E+0
106,133333	2,971986E+0	3,106291E+0
106,200000	2,967456E+0	3,133879E+0
106,266667	2,968750E+0	3,168991E+0
106,333333	2,966808E+0	3,048607E+0
106,400000	2,956453E+0	3,061147E+0
106,466667	2,938330E+0	3,101275E+0
106,533333	2,925386E+0	2,985907E+0
106,600000	2,929269E+0	3,071179E+0
106,666667	2,912441E+0	3,128863E+0
106,733333	2,898849E+0	2,955811E+0
106,800000	2,880079E+0	3,063655E+0
106,866667	2,875549E+0	2,960827E+0
106,933333	2,882021E+0	3,437347E+0
107,000000	2,883963E+0	2,559546E+0
107,066667	2,876843E+0	2,817871E+0
107,133333	2,887846E+0	2,850475E+0
107,200000	2,884610E+0	2,950795E+0
107,266667	2,891729E+0	2,878063E+0
107,333333	2,955805E+0	2,755170E+0
107,400000	3,447702E+0	3,525127E+0
107,466667	3,662583E+0	3,733291E+0
107,533333	3,619219E+0	3,640495E+0
107,600000	3,511131E+0	3,745831E+0
107,666667	3,401749E+0	3,693163E+0
107,733333	3,337673E+0	3,469951E+0
107,800000	3,295603E+0	3,442363E+0
107,866667	3,256121E+0	3,522619E+0
107,933333	3,181690E+0	3,369631E+0
108,000000	3,068424E+0	2,993431E+0
108,066667	2,908557E+0	2,622246E+0
108,133333	2,795292E+0	2,223474E+0
108,200000	2,748691E+0	2,348874E+0
108,266667	2,721507E+0	2,158266E+0
108,333333	2,722154E+0	2,396526E+0
108,400000	2,714388E+0	1,965150E+0
108,466667	2,698207E+0	1,917498E+0
108,533333	2,694971E+0	1,975182E+0
108,600000	2,681379E+0	2,526942E+0
108,666667	2,675554E+0	1,912482E+0
108,733333	2,672965E+0	1,762002E+0
108,800000	2,685262E+0	1,912482E+0
108,866667	2,693029E+0	1,822194E+0
108,933333	2,700796E+0	2,313762E+0
109,000000	2,692382E+0	1,782066E+0
109,066667	2,684615E+0	1,754478E+0
109,133333	2,680732E+0	1,764510E+0
109,200000	2,691087E+0	1,920006E+0
109,266667	2,744160E+0	2,095566E+0
109,333333	3,102727E+0	2,980891E+0
109,400000	3,584915E+0	3,500047E+0
109,466667	3,745429E+0	3,630463E+0
109,533333	3,758374E+0	3,891295E+0
109,600000	3,736368E+0	3,851167E+0
109,666667	3,682000E+0	3,763387E+0
109,733333	3,548670E+0	3,680623E+0
109,800000	3,450938E+0	3,520111E+0
109,866667	3,324081E+0	3,422299E+0
109,933333	3,071660E+0	3,098767E+0
110,000000	2,779111E+0	2,444178E+0
110,066667	2,553227E+0	9,218210E-1
110,133333	2,520218E+0	4,653646E-1
110,200000	2,521512E+0	4,478086E-1
110,266667	2,520865E+0	4,553326E-1
110,333333	2,521512E+0	4,528246E-1
110,400000	2,523454E+0	4,553326E-1
110,466667	2,523454E+0	4,578406E-1
110,533333	2,521512E+0	4,653646E-1
110,600000	2,521512E+0	4,478086E-1
110,666667	2,520865E+0	4,553326E-1
110,733333	2,520218E+0	4,628566E-1
110,800000	2,521512E+0	4,528246E-1
110,866667	2,521512E+0	4,628566E-1
110,933333	2,521512E+0	4,653646E-1
111,000000	2,521512E+0	4,603486E-1
111,066667	2,523454E+0	4,553326E-1
111,133333	2,520865E+0	4,578406E-1
111,200000	2,609536E+0	1,390817E+0
111,266667	2,727980E+0	2,185854E+0
111,333333	2,764872E+0	2,419098E+0
111,400000	2,758400E+0	2,205918E+0
111,466667	2,732510E+0	2,000262E+0
111,533333	2,735746E+0	2,218458E+0
111,600000	2,731863E+0	2,519418E+0
111,666667	2,742866E+0	2,401542E+0
111,733333	2,741571E+0	2,489322E+0
111,800000	2,744808E+0	2,318778E+0
111,866667	3,101433E+0	2,895619E+0
111,933333	3,717598E+0	3,738307E+0
112,000000	3,957074E+0	3,871231E+0
112,066667	3,718893E+0	3,811039E+0
112,133333	3,325375E+0	3,477475E+0
112,200000	2,711152E+0	1,874862E+0
112,266667	2,520865E+0	4,628566E-1
112,333333	2,523454E+0	4,578406E-1
112,400000	2,520218E+0	4,528246E-1
112,466667	2,521512E+0	4,628566E-1
112,533333	2,521512E+0	4,503166E-1
112,600000	2,522160E+0	4,603486E-1
112,666667	2,520865E+0	4,578406E-1
112,733333	2,521512E+0	4,503166E-1
112,800000	2,523454E+0	4,528246E-1
112,866667	2,520865E+0	4,653646E-1
112,933333	2,522807E+0	4,578406E-1
113,000000	2,522807E+0	4,528246E-1
113,066667	2,522160E+0	4,628566E-1
113,133333	2,520865E+0	4,603486E-1
113,200000	2,520865E+0	4,528246E-1
113,266667	2,523454E+0	4,603486E-1
113,333333	2,520218E+0	4,578406E-1
113,400000	2,523454E+0	4,553326E-1
113,466667	2,531221E+0	4,653646E-1
113,533333	2,552580E+0	9,744890E-1
113,600000	2,571997E+0	7,914049E-1
113,666667	2,656784E+0	1,859814E+0
113,733333	2,871018E+0	2,815363E+0
113,800000	2,946097E+0	2,893111E+0
113,866667	2,616656E+0	1,676730E+0
113,933333	2,521512E+0	4,528246E-1
114,000000	2,520865E+0	4,528246E-1
114,066667	2,523454E+0	4,528246E-1
114,133333	2,522160E+0	4,528246E-1
114,200000	2,523454E+0	4,553326E-1
114,266667	2,519571E+0	4,653646E-1
114,333333	2,519571E+0	4,578406E-1
114,400000	2,523454E+0	4,528246E-1
114,466667	2,522807E+0	4,603486E-1
114,533333	2,521512E+0	4,578406E-1
114,600000	2,521512E+0	4,578406E-1
114,666667	2,521512E+0	4,528246E-1
114,733333	2,520218E+0	4,578406E-1
114,800000	2,522807E+0	4,528246E-1
114,866667	2,522160E+0	4,678726E-1
114,933333	2,522807E+0	4,553326E-1
115,000000	2,521512E+0	4,503166E-1
115,066667	2,518923E+0	4,578406E-1
115,133333	2,520865E+0	4,578406E-1
115,200000	2,522160E+0	4,628566E-1
115,266667	2,521512E+0	4,528246E-1
115,333333	2,521512E+0	4,628566E-1
115,400000	2,564877E+0	8,240089E-1
115,466667	2,665198E+0	2,832919E+0
115,533333	2,941566E+0	2,474274E+0
115,600000	3,215346E+0	3,131371E+0
115,666667	3,518251E+0	3,562747E+0
115,733333	3,674234E+0	3,590335E+0
115,800000	3,606274E+0	3,685639E+0
115,866667	3,329906E+0	3,271819E+0
115,933333	2,825064E+0	2,579610E+0
116,000000	2,522807E+0	4,503166E-1
116,066667	2,522160E+0	4,603486E-1
116,133333	2,521512E+0	4,603486E-1
116,200000	2,521512E+0	4,503166E-1
116,266667	2,520865E+0	4,503166E-1
116,333333	2,523454E+0	4,528246E-1
116,400000	2,522160E+0	4,603486E-1
116,466667	2,520865E+0	4,603486E-1
116,533333	2,521512E+0	4,503166E-1
116,600000	2,523454E+0	4,578406E-1
116,666667	2,523454E+0	4,578406E-1
116,733333	2,519571E+0	4,528246E-1
116,800000	2,521512E+0	4,628566E-1
116,866667	2,521512E+0	4,603486E-1
116,933333	2,522160E+0	4,553326E-1
117,000000	2,520218E+0	4,553326E-1
117,066667	2,559052E+0	6,735288E-1
117,133333	2,610830E+0	1,393325E+0
117,200000	2,806942E+0	2,318778E+0
117,266667	3,111141E+0	3,236707E+0
117,333333	3,043829E+0	3,116323E+0
117,400000	2,658726E+0	1,972674E+0
117,466667	2,521512E+0	4,603486E-1
117,533333	2,520865E+0	4,528246E-1
117,600000	2,522160E+0	4,528246E-1
117,666667	2,521512E+0	4,528246E-1
117,733333	2,520865E+0	4,528246E-1
117,800000	2,521512E+0	4,503166E-1
117,866667	2,519571E+0	4,628566E-1
117,933333	2,520218E+0	4,528246E-1
118,000000	2,522160E+0	4,628566E-1
118,066667	2,523454E+0	4,578406E-1
118,133333	2,521512E+0	4,603486E-1
118,200000	2,523454E+0	4,578406E-1
118,266667	2,523454E+0	4,603486E-1
118,333333	2,553227E+0	6,233687E-1
118,400000	2,546754E+0	6,133367E-1
118,466667	2,561641E+0	8,816930E-1
118,533333	2,577174E+0	9,719810E-1
118,600000	2,639956E+0	1,899942E+0
118,666667	3,144797E+0	3,279343E+0
118,733333	3,377154E+0	3,392203E+0
118,800000	3,107258E+0	2,960827E+0
118,866667	2,652901E+0	1,523741E+0
118,933333	2,520865E+0	4,578406E-1
119,000000	2,522807E+0	4,553326E-1
119,066667	2,520865E+0	4,578406E-1
119,133333	2,522807E+0	4,528246E-1
119,200000	2,521512E+0	4,628566E-1
119,266667	2,524101E+0	4,603486E-1
119,333333	2,521512E+0	4,478086E-1
119,400000	2,521512E+0	4,653646E-1
119,466667	2,521512E+0	4,628566E-1
119,533333	2,520865E+0	4,478086E-1
119,600000	2,521512E+0	4,653646E-1
119,666667	2,520218E+0	4,603486E-1
119,733333	2,521512E+0	4,578406E-1
119,800000	2,521512E+0	4,628566E-1
119,866667	2,521512E+0	4,628566E-1
119,933333	2,521512E+0	4,603486E-1
120,000000	2,520218E+0	4,603486E-1

