0.000000	2.522807E+0	1.869764E-1
0.066667	2.523454E+0	1.919924E-1
0.133333	2.526690E+0	1.869764E-1
0.200000	2.524101E+0	1.995164E-1
0.266667	2.524101E+0	1.894844E-1
0.333333	2.523454E+0	1.919924E-1
0.400000	2.524101E+0	1.869764E-1
0.466667	2.526690E+0	1.919924E-1
0.533333	2.524749E+0	1.919924E-1
0.600000	2.524101E+0	1.894844E-1
0.666667	2.526690E+0	1.945004E-1
0.733333	2.525396E+0	1.894844E-1
0.800000	2.524749E+0	1.995164E-1
0.866667	2.523454E+0	1.819604E-1
0.933333	2.526043E+0	1.844684E-1
1.000000	2.524101E+0	1.894844E-1
1.066667	2.522807E+0	1.970084E-1
1.133333	2.524101E+0	1.945004E-1
1.200000	2.526690E+0	1.844684E-1
1.266667	2.525396E+0	1.869764E-1
1.333333	2.523454E+0	1.794524E-1
1.400000	2.523454E+0	1.894844E-1
1.466667	2.524749E+0	1.744364E-1
1.533333	2.524101E+0	1.769444E-1
1.600000	2.523454E+0	1.869764E-1
1.666667	2.525396E+0	1.819604E-1
1.733333	2.523454E+0	1.844684E-1
1.800000	2.524101E+0	1.869764E-1
1.866667	2.522807E+0	1.919924E-1
1.933333	2.524101E+0	1.819604E-1
2.000000	2.524101E+0	1.794524E-1
2.066667	2.524749E+0	1.794524E-1
2.133333	2.524101E+0	1.819604E-1
2.200000	2.522807E+0	1.844684E-1
2.266667	2.524101E+0	1.819604E-1
2.333333	2.523454E+0	1.869764E-1
2.400000	2.525396E+0	1.794524E-1
2.466667	2.524749E+0	1.844684E-1
2.533333	2.522807E+0	1.744364E-1
2.600000	2.524749E+0	1.794524E-1
2.666667	2.523454E+0	1.744364E-1
2.733333	2.525396E+0	1.719284E-1
2.800000	2.523454E+0	1.894844E-1
2.866667	2.524749E+0	1.769444E-1
2.933333	2.522160E+0	1.869764E-1
3.000000	2.525396E+0	1.919924E-1
3.066667	2.524749E+0	1.744364E-1
3.133333	2.526690E+0	1.819604E-1
3.200000	2.523454E+0	1.819604E-1
3.266667	2.524101E+0	1.769444E-1
3.333333	2.524749E+0	1.819604E-1
3.400000	2.526043E+0	1.819604E-1
3.466667	2.526043E+0	1.819604E-1
3.533333	2.523454E+0	1.919924E-1
3.600000	2.526043E+0	1.819604E-1
3.666667	2.524749E+0	1.919924E-1
3.733333	2.526043E+0	1.844684E-1
3.800000	2.524101E+0	1.919924E-1
3.866667	2.526690E+0	1.919924E-1
3.933333	2.524101E+0	1.844684E-1
4.000000	2.523454E+0	1.945004E-1
4.066667	2.524749E+0	1.919924E-1
4.133333	2.524749E+0	1.919924E-1
4.200000	2.526690E+0	1.819604E-1
4.266667	2.524749E+0	1.919924E-1
4.333333	2.526043E+0	1.894844E-1
4.400000	2.523454E+0	1.894844E-1
4.466667	2.524749E+0	1.844684E-1
4.533333	2.525396E+0	1.844684E-1
4.600000	2.526690E+0	1.869764E-1
4.666667	2.526690E+0	1.869764E-1
4.733333	2.523454E+0	1.919924E-1
4.800000	2.526043E+0	1.869764E-1
4.866667	2.523454E+0	1.869764E-1
4.933333	2.526043E+0	1.318003E-1
5.000000	2.524101E+0	1.618964E-1
5.066667	2.523454E+0	2.120564E-1
5.133333	2.523454E+0	3.499965E-1
5.200000	2.524101E+0	4.528246E-1
5.266667	2.524749E+0	3.901245E-1
5.333333	2.523454E+0	2.747565E-1
5.400000	2.522807E+0	3.625365E-1
5.466667	2.523454E+0	6.810528E-1
5.533333	2.524749E+0	7.512768E-1
5.600000	2.526043E+0	7.537848E-1
5.666667	2.526690E+0	7.086408E-1
5.733333	2.524749E+0	6.434328E-1
5.800000	2.523454E+0	6.910848E-1
5.866667	2.526690E+0	7.011168E-1
5.933333	2.522807E+0	7.236888E-1
6.000000	2.522807E+0	7.362288E-1
6.066667	2.524101E+0	7.713409E-1
6.133333	2.525396E+0	7.788649E-1
6.200000	2.522807E+0	7.964209E-1
6.266667	2.526043E+0	8.240089E-1
6.333333	2.523454E+0	8.265169E-1
6.400000	2.524101E+0	8.465809E-1
6.466667	2.522807E+0	8.240089E-1
6.533333	2.526043E+0	8.240089E-1
6.600000	2.524101E+0	8.390569E-1
6.666667	2.523454E+0	8.215009E-1
6.733333	2.524749E+0	8.290249E-1
6.800000	2.524749E+0	8.240089E-1
6.866667	2.523454E+0	8.290249E-1
6.933333	2.524101E+0	8.064529E-1
7.000000	2.526690E+0	8.039449E-1
7.066667	2.522807E+0	8.164849E-1
7.133333	2.526690E+0	8.039449E-1
7.200000	2.526043E+0	7.888969E-1
7.266667	2.526690E+0	7.939129E-1
7.333333	2.523454E+0	8.139769E-1
7.400000	2.524749E+0	7.914049E-1
7.466667	2.523454E+0	8.039449E-1
7.533333	2.526690E+0	8.089609E-1
7.600000	2.526043E+0	8.164849E-1
7.666667	2.526690E+0	8.064529E-1
7.733333	2.523454E+0	7.964209E-1
7.800000	2.524101E+0	8.014369E-1
7.866667	2.522807E+0	8.164849E-1
7.933333	2.524749E+0	8.240089E-1
8.000000	2.524101E+0	8.265169E-1
8.066667	2.523454E+0	8.139769E-1
8.133333	2.523454E+0	8.215009E-1
8.200000	2.523454E+0	8.139769E-1
8.266667	2.526043E+0	8.064529E-1
8.333333	2.525396E+0	8.014369E-1
8.400000	2.524101E+0	7.939129E-1
8.466667	2.524749E+0	7.914049E-1
8.533333	2.526690E+0	8.014369E-1
8.600000	2.523454E+0	8.014369E-1
8.666667	2.523454E+0	8.139769E-1
8.733333	2.522807E+0	7.888969E-1
8.800000	2.523454E+0	8.014369E-1
8.866667	2.524101E+0	7.939129E-1
8.933333	2.525396E+0	7.888969E-1
9.000000	2.523454E+0	8.014369E-1
9.066667	2.523454E+0	8.139769E-1
9.133333	2.526690E+0	7.939129E-1
9.200000	2.524101E+0	8.039449E-1
9.266667	2.524101E+0	7.939129E-1
9.333333	2.526043E+0	7.989289E-1
9.400000	2.524101E+0	7.914049E-1
9.466667	2.526690E+0	8.039449E-1
9.533333	2.526043E+0	8.189929E-1
9.600000	2.524749E+0	8.215009E-1
9.666667	2.523454E+0	8.340409E-1
9.733333	2.526690E+0	8.390569E-1
9.800000	2.523454E+0	8.415649E-1
9.866667	2.523454E+0	8.515969E-1
9.933333	2.523454E+0	8.541049E-1
10.000000	2.524101E+0	8.541049E-1
10.066667	2.524101E+0	8.515969E-1
10.133333	2.522807E+0	8.465809E-1
10.200000	2.526043E+0	8.490889E-1
10.266667	2.524101E+0	8.415649E-1
10.333333	2.522160E+0	8.440729E-1
10.400000	2.524101E+0	8.315329E-1
10.466667	2.524749E+0	8.340409E-1
10.533333	2.524749E+0	8.340409E-1
10.600000	2.522807E+0	8.415649E-1
10.666667	2.523454E+0	8.365489E-1
10.733333	2.524101E+0	8.390569E-1
10.800000	2.524101E+0	8.315329E-1
10.866667	2.526043E+0	8.240089E-1
10.933333	2.526690E+0	8.164849E-1
11.000000	2.524101E+0	8.014369E-1
11.066667	2.526690E+0	8.114689E-1
11.133333	2.524749E+0	8.089609E-1
11.200000	2.524101E+0	8.064529E-1
11.266667	2.526690E+0	8.114689E-1
11.333333	2.526043E+0	8.089609E-1
11.400000	2.524101E+0	8.189929E-1
11.466667	2.523454E+0	8.290249E-1
11.533333	2.522160E+0	8.315329E-1
11.600000	2.525396E+0	8.440729E-1
11.666667	2.524749E+0	8.415649E-1
11.733333	2.523454E+0	8.415649E-1
11.800000	2.524101E+0	8.415649E-1
11.866667	2.524101E+0	8.541049E-1
11.933333	2.526043E+0	8.490889E-1
12.000000	2.526043E+0	8.515969E-1
12.066667	2.526043E+0	8.541049E-1
12.133333	2.526043E+0	8.666449E-1
12.200000	2.524749E+0	8.691529E-1
12.266667	2.523454E+0	8.616289E-1
12.333333	2.523454E+0	8.716609E-1
12.400000	2.525396E+0	8.791850E-1
12.466667	2.526690E+0	8.791850E-1
12.533333	2.523454E+0	8.842010E-1
12.600000	2.525396E+0	8.741689E-1
12.666667	2.526690E+0	8.842010E-1
12.733333	2.525396E+0	8.816930E-1
12.800000	2.524101E+0	8.942330E-1
12.866667	2.525396E+0	8.892170E-1
12.933333	2.522807E+0	8.942330E-1
13.000000	2.523454E+0	9.042650E-1
13.066667	2.524749E+0	9.017570E-1
13.133333	2.524101E+0	8.942330E-1
13.200000	2.524101E+0	9.042650E-1
13.266667	2.524101E+0	9.092810E-1
13.333333	2.525396E+0	9.042650E-1
13.400000	2.524101E+0	9.142970E-1
13.466667	2.524749E+0	9.117890E-1
13.533333	2.525396E+0	8.992490E-1
13.600000	2.524749E+0	9.142970E-1
13.666667	2.524101E+0	9.218210E-1
13.733333	2.523454E+0	9.017570E-1
13.800000	2.524749E+0	9.042650E-1
13.866667	2.522807E+0	9.092810E-1
13.933333	2.523454E+0	9.017570E-1
14.000000	2.524101E+0	9.042650E-1
14.066667	2.524101E+0	9.117890E-1
14.133333	2.525396E+0	9.142970E-1
14.200000	2.524101E+0	8.992490E-1
14.266667	2.525396E+0	8.967410E-1
14.333333	2.524749E+0	9.042650E-1
14.400000	2.524749E+0	9.142970E-1
14.466667	2.523454E+0	9.092810E-1
14.533333	2.524101E+0	9.193130E-1
14.600000	2.522807E+0	9.142970E-1
14.666667	2.524749E+0	9.318530E-1
14.733333	2.524101E+0	9.243290E-1
14.800000	2.526690E+0	9.142970E-1
14.866667	2.525396E+0	9.092810E-1
14.933333	2.524101E+0	9.168050E-1
15.000000	2.522160E+0	9.142970E-1
15.066667	2.526043E+0	9.218210E-1
15.133333	2.523454E+0	9.318530E-1
15.200000	2.523454E+0	9.268370E-1
15.266667	2.524749E+0	9.469010E-1
15.333333	2.527337E+0	9.343610E-1
15.400000	2.522160E+0	9.494090E-1
15.466667	2.523454E+0	9.343610E-1
15.533333	2.522807E+0	9.418850E-1
15.600000	2.526690E+0	9.418850E-1
15.666667	2.526690E+0	9.343610E-1
15.733333	2.526043E+0	9.318530E-1
15.800000	2.526690E+0	9.268370E-1
15.866667	2.525396E+0	9.418850E-1
15.933333	2.524101E+0	9.218210E-1
16.000000	2.524749E+0	9.268370E-1
16.066667	2.522160E+0	9.243290E-1
16.133333	2.526690E+0	9.318530E-1
16.200000	2.525396E+0	9.418850E-1
16.266667	2.524749E+0	9.268370E-1
16.333333	2.524749E+0	9.218210E-1
16.400000	2.524101E+0	9.343610E-1
16.466667	2.522160E+0	9.243290E-1
16.533333	2.522807E+0	9.293450E-1
16.600000	2.524101E+0	9.218210E-1
16.666667	2.522160E+0	9.318530E-1
16.733333	2.526043E+0	9.418850E-1
16.800000	2.524749E+0	9.443930E-1
16.866667	2.526043E+0	9.293450E-1
16.933333	2.524101E+0	9.494090E-1
17.000000	2.524101E+0	9.268370E-1
17.066667	2.524101E+0	9.343610E-1
17.133333	2.524101E+0	9.343610E-1
17.200000	2.525396E+0	9.193130E-1
17.266667	2.526043E+0	9.243290E-1
17.333333	2.522807E+0	9.293450E-1
17.400000	2.522807E+0	9.268370E-1
17.466667	2.523454E+0	9.519170E-1
17.533333	2.524101E+0	9.494090E-1
17.600000	2.526043E+0	9.544250E-1
17.666667	2.526690E+0	9.519170E-1
17.733333	2.525396E+0	9.544250E-1
17.800000	2.525396E+0	9.494090E-1
17.866667	2.524749E+0	9.569330E-1
17.933333	2.524101E+0	9.594410E-1
18.000000	2.524101E+0	9.544250E-1
18.066667	2.524101E+0	9.544250E-1
18.133333	2.522160E+0	9.619490E-1
18.200000	2.524101E+0	9.519170E-1
18.266667	2.526690E+0	9.519170E-1
18.333333	2.526690E+0	9.519170E-1
18.400000	2.524101E+0	9.343610E-1
18.466667	2.524749E+0	9.469010E-1
18.533333	2.524101E+0	9.494090E-1
18.600000	2.525396E+0	9.569330E-1
18.666667	2.523454E+0	9.494090E-1
18.733333	2.524101E+0	9.418850E-1
18.800000	2.523454E+0	9.494090E-1
18.866667	2.524101E+0	9.544250E-1
18.933333	2.526690E+0	9.594410E-1
19.000000	2.524749E+0	9.544250E-1
19.066667	2.522807E+0	9.569330E-1
19.133333	2.525396E+0	9.669650E-1
19.200000	2.522807E+0	9.719810E-1
19.266667	2.524749E+0	9.644570E-1
19.333333	2.525396E+0	9.694730E-1
19.400000	2.526043E+0	9.544250E-1
19.466667	2.526043E+0	9.719810E-1
19.533333	2.526043E+0	9.744890E-1
19.600000	2.524101E+0	9.744890E-1
19.666667	2.526690E+0	9.845210E-1
19.733333	2.523454E+0	9.744890E-1
19.800000	2.524101E+0	9.744890E-1
19.866667	2.524101E+0	9.669650E-1
19.933333	2.524749E+0	9.569330E-1
20.000000	2.523454E+0	9.644570E-1
20.066667	2.524101E+0	9.694730E-1
20.133333	2.523454E+0	9.594410E-1
20.200000	2.522807E+0	9.594410E-1
20.266667	2.524101E+0	9.719810E-1
20.333333	2.526043E+0	9.719810E-1
20.400000	2.524749E+0	9.694730E-1
20.466667	2.523454E+0	9.795050E-1
20.533333	2.524101E+0	9.845210E-1
20.600000	2.526043E+0	9.719810E-1
20.666667	2.524101E+0	9.569330E-1
20.733333	2.526690E+0	9.594410E-1
20.800000	2.523454E+0	9.594410E-1
20.866667	2.524101E+0	9.544250E-1
20.933333	2.524101E+0	9.519170E-1
21.000000	2.525396E+0	9.569330E-1
21.066667	2.525396E+0	9.594410E-1
21.133333	2.526043E+0	9.744890E-1
21.200000	2.526043E+0	9.719810E-1
21.266667	2.523454E+0	9.744890E-1
21.333333	2.522160E+0	9.744890E-1
21.400000	2.526690E+0	9.744890E-1
21.466667	2.525396E+0	9.744890E-1
21.533333	2.526043E+0	9.644570E-1
21.600000	2.524749E+0	9.569330E-1
21.666667	2.522807E+0	9.744890E-1
21.733333	2.526690E+0	9.845210E-1
21.800000	2.522807E+0	9.845210E-1
21.866667	2.525396E+0	9.669650E-1
21.933333	2.524101E+0	9.744890E-1
22.000000	2.524749E+0	9.820130E-1
22.066667	2.524749E+0	9.870290E-1
22.133333	2.524101E+0	9.820130E-1
22.200000	2.525396E+0	9.820130E-1
22.266667	2.522807E+0	9.845210E-1
22.333333	2.524101E+0	9.619490E-1
22.400000	2.524749E+0	9.744890E-1
22.466667	2.524749E+0	9.820130E-1
22.533333	2.524101E+0	9.895370E-1
22.600000	2.523454E+0	9.769970E-1
22.666667	2.524749E+0	9.945530E-1
22.733333	2.526043E+0	9.945530E-1
22.800000	2.525396E+0	9.995690E-1
22.866667	2.523454E+0	1.012109E+0
22.933333	2.523454E+0	9.945530E-1
23.000000	2.525396E+0	9.895370E-1
23.066667	2.523454E+0	9.945530E-1
23.133333	2.526043E+0	9.795050E-1
23.200000	2.523454E+0	9.895370E-1
23.266667	2.525396E+0	9.820130E-1
23.333333	2.524101E+0	9.820130E-1
23.400000	2.526043E+0	9.820130E-1
23.466667	2.523454E+0	9.845210E-1
23.533333	2.524101E+0	1.002077E+0
23.600000	2.524101E+0	9.945530E-1
23.666667	2.526690E+0	9.920450E-1
23.733333	2.524749E+0	9.895370E-1
23.800000	2.522807E+0	1.004585E+0
23.866667	2.523454E+0	9.970610E-1
23.933333	2.522807E+0	1.027157E+0
24.000000	2.522807E+0	1.012109E+0
24.066667	2.523454E+0	1.009601E+0
24.133333	2.524101E+0	1.014617E+0
24.200000	2.524749E+0	1.014617E+0
24.266667	2.523454E+0	1.012109E+0
24.333333	2.526043E+0	9.895370E-1
24.400000	2.524749E+0	9.820130E-1
24.466667	2.525396E+0	9.820130E-1
24.533333	2.523454E+0	9.820130E-1
24.600000	2.524101E+0	9.744890E-1
24.666667	2.524101E+0	9.820130E-1
24.733333	2.526043E+0	9.795050E-1
24.800000	2.524101E+0	9.870290E-1
24.866667	2.524101E+0	9.845210E-1
24.933333	2.525396E+0	9.845210E-1
25.000000	2.525396E+0	9.769970E-1
25.066667	2.525396E+0	9.769970E-1
25.133333	2.522807E+0	9.669650E-1
25.200000	2.523454E+0	9.795050E-1
25.266667	2.524101E+0	9.669650E-1
25.333333	2.524749E+0	9.619490E-1
25.400000	2.522160E+0	9.769970E-1
25.466667	2.523454E+0	9.669650E-1
25.533333	2.526690E+0	9.795050E-1
25.600000	2.524101E+0	9.669650E-1
25.666667	2.526690E+0	9.619490E-1
25.733333	2.525396E+0	9.644570E-1
25.800000	2.523454E+0	9.594410E-1
25.866667	2.526690E+0	9.744890E-1
25.933333	2.523454E+0	9.795050E-1
26.000000	2.524101E+0	9.845210E-1
26.066667	2.524101E+0	9.719810E-1
26.133333	2.523454E+0	9.694730E-1
26.200000	2.526043E+0	9.669650E-1
26.266667	2.524101E+0	9.619490E-1
26.333333	2.524749E+0	9.694730E-1
26.400000	2.526690E+0	9.619490E-1
26.466667	2.526043E+0	9.644570E-1
26.533333	2.522160E+0	9.569330E-1
26.600000	2.526690E+0	9.594410E-1
26.666667	2.524101E+0	9.544250E-1
26.733333	2.525396E+0	9.619490E-1
26.800000	2.526690E+0	9.619490E-1
26.866667	2.526690E+0	9.519170E-1
26.933333	2.524749E+0	9.619490E-1
27.000000	2.526690E+0	9.569330E-1
27.066667	2.524101E+0	9.494090E-1
27.133333	2.526690E+0	9.594410E-1
27.200000	2.526690E+0	9.594410E-1
27.266667	2.523454E+0	9.594410E-1
27.333333	2.523454E+0	9.619490E-1
27.400000	2.524749E+0	9.544250E-1
27.466667	2.526043E+0	9.569330E-1
27.533333	2.524749E+0	9.519170E-1
27.600000	2.526043E+0	9.569330E-1
27.666667	2.524101E+0	9.644570E-1
27.733333	2.526043E+0	9.594410E-1
27.800000	2.522807E+0	9.644570E-1
27.866667	2.526043E+0	9.544250E-1
27.933333	2.524749E+0	9.820130E-1
28.000000	2.523454E+0	9.820130E-1
28.066667	2.525396E+0	9.845210E-1
28.133333	2.526043E+0	9.769970E-1
28.200000	2.524749E+0	9.920450E-1
28.266667	2.524101E+0	9.769970E-1
28.333333	2.523454E+0	9.845210E-1
28.400000	2.526043E+0	9.769970E-1
28.466667	2.526043E+0	9.820130E-1
28.533333	2.526043E+0	9.845210E-1
28.600000	2.525396E+0	9.820130E-1
28.666667	2.524101E+0	9.970610E-1
28.733333	2.525396E+0	9.870290E-1
28.800000	2.523454E+0	1.002077E+0
28.866667	2.526690E+0	9.920450E-1
28.933333	2.525396E+0	9.995690E-1
29.000000	2.526043E+0	9.920450E-1
29.066667	2.523454E+0	1.002077E+0
29.133333	2.525396E+0	9.895370E-1
29.200000	2.526043E+0	1.002077E+0
29.266667	2.522807E+0	1.002077E+0
29.333333	2.526043E+0	9.970610E-1
29.400000	2.523454E+0	9.945530E-1
29.466667	2.523454E+0	9.970610E-1
29.533333	2.524101E+0	1.002077E+0
29.600000	2.524101E+0	1.004585E+0
29.666667	2.522807E+0	1.002077E+0
29.733333	2.526690E+0	9.920450E-1
29.800000	2.524101E+0	9.995690E-1
29.866667	2.524101E+0	9.895370E-1
29.933333	2.522160E+0	9.945530E-1
30.000000	2.526043E+0	9.895370E-1
30.066667	2.524101E+0	9.744890E-1
30.133333	2.526690E+0	9.895370E-1
30.200000	2.524101E+0	9.769970E-1
30.266667	2.524101E+0	9.870290E-1
30.333333	2.523454E+0	9.870290E-1
30.400000	2.524101E+0	9.845210E-1
30.466667	2.524749E+0	9.744890E-1
30.533333	2.526690E+0	9.744890E-1
30.600000	2.526690E+0	9.820130E-1
30.666667	2.526690E+0	9.820130E-1
30.733333	2.526690E+0	9.845210E-1
30.800000	2.524101E+0	9.920450E-1
30.866667	2.522807E+0	9.920450E-1
30.933333	2.522807E+0	9.920450E-1
31.000000	2.522807E+0	9.970610E-1
31.066667	2.522807E+0	9.920450E-1
31.133333	2.526043E+0	9.820130E-1
31.200000	2.524749E+0	9.870290E-1
31.266667	2.522160E+0	9.920450E-1
31.333333	2.524749E+0	9.895370E-1
31.400000	2.525396E+0	9.845210E-1
31.466667	2.526043E+0	9.870290E-1
31.533333	2.526043E+0	9.895370E-1
31.600000	2.525396E+0	9.895370E-1
31.666667	2.525396E+0	9.970610E-1
31.733333	2.525396E+0	9.920450E-1
31.800000	2.525396E+0	9.945530E-1
31.866667	2.524101E+0	9.920450E-1
31.933333	2.523454E+0	9.970610E-1
32.000000	2.523454E+0	9.995690E-1
32.066667	2.524749E+0	1.002077E+0
32.133333	2.524749E+0	9.845210E-1
32.200000	2.526690E+0	9.845210E-1
32.266667	2.526043E+0	9.945530E-1
32.333333	2.524101E+0	9.920450E-1
32.400000	2.526043E+0	9.945530E-1
32.466667	2.526043E+0	9.970610E-1
32.533333	2.524101E+0	1.009601E+0
32.600000	2.524749E+0	1.004585E+0
32.666667	2.522807E+0	1.002077E+0
32.733333	2.526043E+0	9.945530E-1
32.800000	2.525396E+0	1.002077E+0
32.866667	2.524101E+0	1.004585E+0
32.933333	2.526043E+0	1.007093E+0
33.000000	2.524749E+0	9.995690E-1
33.066667	2.522160E+0	9.995690E-1
33.133333	2.524101E+0	9.945530E-1
33.200000	2.525396E+0	1.007093E+0
33.266667	2.523454E+0	9.895370E-1
33.333333	2.526043E+0	9.945530E-1
33.400000	2.524749E+0	9.895370E-1
33.466667	2.524101E+0	9.970610E-1
33.533333	2.526690E+0	1.004585E+0
33.600000	2.522807E+0	9.995690E-1
33.666667	2.526043E+0	1.007093E+0
33.733333	2.523454E+0	1.007093E+0
33.800000	2.524749E+0	9.995690E-1
33.866667	2.523454E+0	9.845210E-1
33.933333	2.525396E+0	9.970610E-1
34.000000	2.524749E+0	9.895370E-1
34.066667	2.523454E+0	9.920450E-1
34.133333	2.524749E+0	9.845210E-1
34.200000	2.524101E+0	1.002077E+0
34.266667	2.524101E+0	9.895370E-1
34.333333	2.524749E+0	9.920450E-1
34.400000	2.526690E+0	9.845210E-1
34.466667	2.526043E+0	9.895370E-1
34.533333	2.526043E+0	9.970610E-1
34.600000	2.526043E+0	9.845210E-1
34.666667	2.526690E+0	9.870290E-1
34.733333	2.523454E+0	9.920450E-1
34.800000	2.521512E+0	9.845210E-1
34.866667	2.523454E+0	9.895370E-1
34.933333	2.526043E+0	9.870290E-1
35.000000	2.523454E+0	9.870290E-1
35.066667	2.524101E+0	9.870290E-1
35.133333	2.524749E+0	9.970610E-1
35.200000	2.524101E+0	9.769970E-1
35.266667	2.524101E+0	9.744890E-1
35.333333	2.526690E+0	9.920450E-1
35.400000	2.525396E+0	9.870290E-1
35.466667	2.524749E+0	9.895370E-1
35.533333	2.524749E+0	9.920450E-1
35.600000	2.524101E+0	9.795050E-1
35.666667	2.523454E+0	9.870290E-1
35.733333	2.526043E+0	9.845210E-1
35.800000	2.524101E+0	9.795050E-1
35.866667	2.524749E+0	9.744890E-1
35.933333	2.526690E+0	9.845210E-1
36.000000	2.524749E+0	9.719810E-1
36.066667	2.522160E+0	9.845210E-1
36.133333	2.523454E+0	9.769970E-1
36.200000	2.524749E+0	9.895370E-1
36.266667	2.526043E+0	9.870290E-1
36.333333	2.526690E+0	9.895370E-1
36.400000	2.523454E+0	9.870290E-1
36.466667	2.523454E+0	9.945530E-1
36.533333	2.526690E+0	1.002077E+0
36.600000	2.524101E+0	1.004585E+0
36.666667	2.522807E+0	1.004585E+0
36.733333	2.526690E+0	9.995690E-1
36.800000	2.524749E+0	1.007093E+0
36.866667	2.522160E+0	1.002077E+0
36.933333	2.526043E+0	9.970610E-1
37.000000	2.524101E+0	9.970610E-1
37.066667	2.524749E+0	9.970610E-1
37.133333	2.526043E+0	8.215009E-1
37.200000	2.522807E+0	2.622164E-1
37.266667	2.523454E+0	2.722485E-1
37.333333	2.524101E+0	1.669124E-1
37.400000	2.524101E+0	1.292923E-1
37.466667	2.525396E+0	1.919924E-1
37.533333	2.525396E+0	1.869764E-1
37.600000	2.526690E+0	1.719284E-1
37.666667	2.522160E+0	1.192603E-1
37.733333	2.524101E+0	1.117363E-1
37.800000	2.522807E+0	1.267843E-1
37.866667	2.526043E+0	1.092283E-1
37.933333	2.526690E+0	1.067203E-1
38.000000	2.526043E+0	1.067203E-1
38.066667	2.522807E+0	1.092283E-1
38.133333	2.523454E+0	9.668831E-2
38.200000	2.524749E+0	1.017043E-1
38.266667	2.525396E+0	1.192603E-1
38.333333	2.526690E+0	1.017043E-1
38.400000	2.524749E+0	1.017043E-1
38.466667	2.522160E+0	1.092283E-1
38.533333	2.522807E+0	1.117363E-1
38.600000	2.524101E+0	1.042123E-1
38.666667	2.522807E+0	1.267843E-1
38.733333	2.524749E+0	1.368163E-1
38.800000	2.525396E+0	1.418323E-1
38.866667	2.524101E+0	1.443403E-1
38.933333	2.524749E+0	1.418323E-1
39.000000	2.523454E+0	1.343083E-1
39.066667	2.523454E+0	1.418323E-1
39.133333	2.522807E+0	1.443403E-1
39.200000	2.526043E+0	1.418323E-1
39.266667	2.525396E+0	1.468483E-1
39.333333	2.524749E+0	1.318003E-1
39.400000	2.524101E+0	1.418323E-1
39.466667	2.522807E+0	1.568804E-1
39.533333	2.524749E+0	1.593884E-1
39.600000	2.526043E+0	1.593884E-1
39.666667	2.526043E+0	1.618964E-1
39.733333	2.526043E+0	1.618964E-1
39.800000	2.523454E+0	1.719284E-1
39.866667	2.525396E+0	1.593884E-1
39.933333	2.522807E+0	1.543724E-1
40.000000	2.524749E+0	1.593884E-1
40.066667	2.524101E+0	1.694204E-1
40.133333	2.523454E+0	1.593884E-1
40.200000	2.524749E+0	1.493563E-1
40.266667	2.526043E+0	1.593884E-1
40.333333	2.526690E+0	1.318003E-1
40.400000	2.525396E+0	1.418323E-1
40.466667	2.524749E+0	1.343083E-1
40.533333	2.523454E+0	1.393243E-1
40.600000	2.524101E+0	1.719284E-1
40.666667	2.526043E+0	1.618964E-1
40.733333	2.524749E+0	1.769444E-1
40.800000	2.523454E+0	1.618964E-1
40.866667	2.524749E+0	1.543724E-1
40.933333	2.523454E+0	1.719284E-1
41.000000	2.525396E+0	1.719284E-1
41.066667	2.524101E+0	1.719284E-1
41.133333	2.526690E+0	1.719284E-1
41.200000	2.521512E+0	1.719284E-1
41.266667	2.522160E+0	1.819604E-1
41.333333	2.524101E+0	1.644044E-1
41.400000	2.525396E+0	2.070404E-1
41.466667	2.526043E+0	2.170724E-1
41.533333	2.524101E+0	2.070404E-1
41.600000	2.523454E+0	2.220884E-1
41.666667	2.522807E+0	1.945004E-1
41.733333	2.524101E+0	2.220884E-1
41.800000	2.523454E+0	2.120564E-1
41.866667	2.524101E+0	2.020244E-1
41.933333	2.526690E+0	2.120564E-1
42.000000	2.526043E+0	1.945004E-1
42.066667	2.524101E+0	2.195804E-1
42.133333	2.524101E+0	2.120564E-1
42.200000	2.524101E+0	2.070404E-1
42.266667	2.524749E+0	2.095484E-1
42.333333	2.526043E+0	1.970084E-1
42.400000	2.524101E+0	2.145644E-1
42.466667	2.522160E+0	2.070404E-1
42.533333	2.526690E+0	1.919924E-1
42.600000	2.524101E+0	1.995164E-1
42.666667	2.526043E+0	1.819604E-1
42.733333	2.524101E+0	1.919924E-1
42.800000	2.526043E+0	1.919924E-1
42.866667	2.522807E+0	1.819604E-1
42.933333	2.526690E+0	1.719284E-1
43.000000	2.526690E+0	1.794524E-1
43.066667	2.520218E+0	1.869764E-1
43.133333	2.526690E+0	1.844684E-1
43.200000	2.524101E+0	1.945004E-1
43.266667	2.522160E+0	1.719284E-1
43.333333	2.524101E+0	2.195804E-1
43.400000	2.526043E+0	2.195804E-1
43.466667	2.523454E+0	2.271044E-1
43.533333	2.524101E+0	2.296124E-1
43.600000	2.524749E+0	2.020244E-1
43.666667	2.523454E+0	2.220884E-1
43.733333	2.525396E+0	2.145644E-1
43.800000	2.525396E+0	2.271044E-1
43.866667	2.523454E+0	2.220884E-1
43.933333	2.524101E+0	2.271044E-1
44.000000	2.523454E+0	2.220884E-1
44.066667	2.523454E+0	2.120564E-1
44.133333	2.524101E+0	2.195804E-1
44.200000	2.524101E+0	2.120564E-1
44.266667	2.525396E+0	2.271044E-1
44.333333	2.526043E+0	2.195804E-1
44.400000	2.524101E+0	2.195804E-1
44.466667	2.526043E+0	1.819604E-1
44.533333	2.524749E+0	1.919924E-1
44.600000	2.524101E+0	1.995164E-1
44.666667	2.524749E+0	1.945004E-1
44.733333	2.526043E+0	1.995164E-1
44.800000	2.524101E+0	1.970084E-1
44.866667	2.523454E+0	1.919924E-1
44.933333	2.524101E+0	1.794524E-1
45.000000	2.526043E+0	1.694204E-1
45.066667	2.526690E+0	1.493563E-1
45.133333	2.523454E+0	1.493563E-1
45.200000	2.524749E+0	1.568804E-1
45.266667	2.525396E+0	1.568804E-1
45.333333	2.522160E+0	1.568804E-1
45.400000	2.526043E+0	1.593884E-1
45.466667	2.526043E+0	1.493563E-1
45.533333	2.526043E+0	1.543724E-1
45.600000	2.524101E+0	1.418323E-1
45.666667	2.524749E+0	1.393243E-1
45.733333	2.524101E+0	1.418323E-1
45.800000	2.524749E+0	1.518644E-1
45.866667	2.526690E+0	1.418323E-1
45.933333	2.524101E+0	1.593884E-1
46.000000	2.524101E+0	1.518644E-1
46.066667	2.524749E+0	1.418323E-1
46.133333	2.525396E+0	1.493563E-1
46.200000	2.525396E+0	1.468483E-1
46.266667	2.523454E+0	1.443403E-1
46.333333	2.525396E+0	1.343083E-1
46.400000	2.523454E+0	1.468483E-1
46.466667	2.522160E+0	1.493563E-1
46.533333	2.526690E+0	1.418323E-1
46.600000	2.526043E+0	1.418323E-1
46.666667	2.523454E+0	1.443403E-1
46.733333	2.523454E+0	1.418323E-1
46.800000	2.524101E+0	1.568804E-1
46.866667	2.526043E+0	1.468483E-1
46.933333	2.524749E+0	1.393243E-1
47.000000	2.524101E+0	1.644044E-1
47.066667	2.522807E+0	1.217683E-1
47.133333	2.523454E+0	1.217683E-1
47.200000	2.526043E+0	1.292923E-1
47.266667	2.523454E+0	1.217683E-1
47.333333	2.524101E+0	1.192603E-1
47.400000	2.523454E+0	1.318003E-1
47.466667	2.523454E+0	1.292923E-1
47.533333	2.525396E+0	1.292923E-1
47.600000	2.523454E+0	1.292923E-1
47.666667	2.524101E+0	1.192603E-1
47.733333	2.524101E+0	1.267843E-1
47.800000	2.526043E+0	1.242763E-1
47.866667	2.524749E+0	1.217683E-1
47.933333	2.524101E+0	1.368163E-1
48.000000	2.525396E+0	1.292923E-1
48.066667	2.524101E+0	1.368163E-1
48.133333	2.523454E+0	1.343083E-1
48.200000	2.524101E+0	1.443403E-1
48.266667	2.524101E+0	1.418323E-1
48.333333	2.526043E+0	1.393243E-1
48.400000	2.524749E+0	1.343083E-1
48.466667	2.523454E+0	1.393243E-1
48.533333	2.524101E+0	1.393243E-1
48.600000	2.525396E+0	1.468483E-1
48.666667	2.524101E+0	1.418323E-1
48.733333	2.523454E+0	1.493563E-1
48.800000	2.525396E+0	1.518644E-1
48.866667	2.526690E+0	1.543724E-1
48.933333	2.523454E+0	1.593884E-1
49.000000	2.524101E+0	1.669124E-1
49.066667	2.525396E+0	1.518644E-1
49.133333	2.524749E+0	1.518644E-1
49.200000	2.524749E+0	1.518644E-1
49.266667	2.524101E+0	1.493563E-1
49.333333	2.526690E+0	1.518644E-1
49.400000	2.524101E+0	1.543724E-1
49.466667	2.524101E+0	1.518644E-1
49.533333	2.524101E+0	1.669124E-1
49.600000	2.525396E+0	1.543724E-1
49.666667	2.523454E+0	1.669124E-1
49.733333	2.523454E+0	1.593884E-1
49.800000	2.524101E+0	1.493563E-1
49.866667	2.524101E+0	1.418323E-1
49.933333	2.524101E+0	1.618964E-1
50.000000	2.524101E+0	1.468483E-1
50.066667	2.522807E+0	1.418323E-1
50.133333	2.523454E+0	1.443403E-1
50.200000	2.524101E+0	1.493563E-1
50.266667	2.526690E+0	1.493563E-1
50.333333	2.526690E+0	1.518644E-1
50.400000	2.522807E+0	1.543724E-1
50.466667	2.523454E+0	1.493563E-1
50.533333	2.522807E+0	1.393243E-1
50.600000	2.523454E+0	1.368163E-1
50.666667	2.522160E+0	1.493563E-1
50.733333	2.523454E+0	1.493563E-1
50.800000	2.526690E+0	1.418323E-1
50.866667	2.526690E+0	1.468483E-1
50.933333	2.522807E+0	1.418323E-1
51.000000	2.524101E+0	1.468483E-1
51.066667	2.522807E+0	1.418323E-1
51.133333	2.526043E+0	1.368163E-1
51.200000	2.525396E+0	1.343083E-1
51.266667	2.523454E+0	1.343083E-1
51.333333	2.524101E+0	1.318003E-1
51.400000	2.525396E+0	1.468483E-1
51.466667	2.524101E+0	1.318003E-1
51.533333	2.524101E+0	1.267843E-1
51.600000	2.522807E+0	1.318003E-1
51.666667	2.526690E+0	1.318003E-1
51.733333	2.525396E+0	1.217683E-1
51.800000	2.526043E+0	1.343083E-1
51.866667	2.526043E+0	1.418323E-1
51.933333	2.524749E+0	1.318003E-1
52.000000	2.524749E+0	1.418323E-1
52.066667	2.522807E+0	1.368163E-1
52.133333	2.526690E+0	1.343083E-1
52.200000	2.522807E+0	1.318003E-1
52.266667	2.524101E+0	1.443403E-1
52.333333	2.522807E+0	1.418323E-1
52.400000	2.522807E+0	1.443403E-1
52.466667	2.524749E+0	1.493563E-1
52.533333	2.526043E+0	1.318003E-1
52.600000	2.525396E+0	1.343083E-1
52.666667	2.524749E+0	1.393243E-1
52.733333	2.523454E+0	1.318003E-1
52.800000	2.524749E+0	1.292923E-1
52.866667	2.526043E+0	1.292923E-1
52.933333	2.524101E+0	1.267843E-1
53.000000	2.524749E+0	1.267843E-1
53.066667	2.522807E+0	1.343083E-1
53.133333	2.526043E+0	1.242763E-1
53.200000	2.523454E+0	1.217683E-1
53.266667	2.522807E+0	1.267843E-1
53.333333	2.524101E+0	1.267843E-1
53.400000	2.526690E+0	1.267843E-1
53.466667	2.523454E+0	1.192603E-1
53.533333	2.523454E+0	1.167523E-1
53.600000	2.523454E+0	1.393243E-1
53.666667	2.526043E+0	1.267843E-1
53.733333	2.523454E+0	1.242763E-1
53.800000	2.522807E+0	1.242763E-1
53.866667	2.524749E+0	1.292923E-1
53.933333	2.524101E+0	1.318003E-1
54.000000	2.524749E+0	1.318003E-1
54.066667	2.522160E+0	1.292923E-1
54.133333	2.526043E+0	1.267843E-1
54.200000	2.524101E+0	1.318003E-1
54.266667	2.524749E+0	1.468483E-1
54.333333	2.525396E+0	1.192603E-1
54.400000	2.525396E+0	1.242763E-1
54.466667	2.525396E+0	1.318003E-1
54.533333	2.524101E+0	1.318003E-1
54.600000	2.524101E+0	1.343083E-1
54.666667	2.524101E+0	1.267843E-1
54.733333	2.524749E+0	1.217683E-1
54.800000	2.524101E+0	1.292923E-1
54.866667	2.526043E+0	1.267843E-1
54.933333	2.526690E+0	1.267843E-1
55.000000	2.525396E+0	1.217683E-1
55.066667	2.524749E+0	1.267843E-1
55.133333	2.522807E+0	1.217683E-1
55.200000	2.524749E+0	1.267843E-1
55.266667	2.526690E+0	1.217683E-1
55.333333	2.525396E+0	1.192603E-1
55.400000	2.525396E+0	1.267843E-1
55.466667	2.523454E+0	1.267843E-1
55.533333	2.525396E+0	1.292923E-1
55.600000	2.523454E+0	1.267843E-1
55.666667	2.522807E+0	1.318003E-1
55.733333	2.524101E+0	1.292923E-1
55.800000	2.524101E+0	1.267843E-1
55.866667	2.525396E+0	1.343083E-1
55.933333	2.524101E+0	1.292923E-1
56.000000	2.524749E+0	1.418323E-1
56.066667	2.524101E+0	1.393243E-1
56.133333	2.526690E+0	1.368163E-1
56.200000	2.524101E+0	1.393243E-1
56.266667	2.526043E+0	1.368163E-1
56.333333	2.524101E+0	1.318003E-1
56.400000	2.524101E+0	1.343083E-1
56.466667	2.526043E+0	1.418323E-1
56.533333	2.525396E+0	1.343083E-1
56.600000	2.524101E+0	1.368163E-1
56.666667	2.524101E+0	1.292923E-1
56.733333	2.523454E+0	1.368163E-1
56.800000	2.525396E+0	1.493563E-1
56.866667	2.524101E+0	1.418323E-1
56.933333	2.523454E+0	1.393243E-1
57.000000	2.524749E+0	1.242763E-1
57.066667	2.524101E+0	1.242763E-1
57.133333	2.522807E+0	1.292923E-1
57.200000	2.526690E+0	1.318003E-1
57.266667	2.526690E+0	1.318003E-1
57.333333	2.522807E+0	1.292923E-1
57.400000	2.524101E+0	1.493563E-1
57.466667	2.525396E+0	1.318003E-1
57.533333	2.522807E+0	1.017043E-1
57.600000	2.522160E+0	1.017043E-1
57.666667	2.525396E+0	1.067203E-1
57.733333	2.523454E+0	9.919631E-2
57.800000	2.526690E+0	1.017043E-1
57.866667	2.526043E+0	1.017043E-1
57.933333	2.526043E+0	1.017043E-1
58.000000	2.524101E+0	1.117363E-1
58.066667	2.524749E+0	1.092283E-1
58.133333	2.526043E+0	1.017043E-1
58.200000	2.524101E+0	1.067203E-1
58.266667	2.523454E+0	1.092283E-1
58.333333	2.525396E+0	1.017043E-1
58.400000	2.522807E+0	1.092283E-1
58.466667	2.522807E+0	1.017043E-1
58.533333	2.524101E+0	1.092283E-1
58.600000	2.524749E+0	1.092283E-1
58.666667	2.524101E+0	1.017043E-1
58.733333	2.524749E+0	1.017043E-1
58.800000	2.526043E+0	9.418030E-2
58.866667	2.523454E+0	1.017043E-1
58.933333	2.523454E+0	1.067203E-1
59.000000	2.522807E+0	1.092283E-1
59.066667	2.525396E+0	1.167523E-1
59.133333	2.526690E+0	1.017043E-1
59.200000	2.524101E+0	1.142443E-1
59.266667	2.524101E+0	1.092283E-1
59.333333	2.526043E+0	1.017043E-1
59.400000	2.524101E+0	1.117363E-1
59.466667	2.526043E+0	1.092283E-1
59.533333	2.522807E+0	1.092283E-1
59.600000	2.522807E+0	1.092283E-1
59.666667	2.524101E+0	1.117363E-1
59.733333	2.524101E+0	1.092283E-1
59.800000	2.522807E+0	1.117363E-1
59.866667	2.525396E+0	1.092283E-1
59.933333	2.524101E+0	1.092283E-1
60.000000	2.526043E+0	1.142443E-1
60.066667	2.523454E+0	1.217683E-1
60.133333	2.526690E+0	1.217683E-1
60.200000	2.524749E+0	1.318003E-1
60.266667	2.522807E+0	1.267843E-1
60.333333	2.523454E+0	1.217683E-1
60.400000	2.526043E+0	1.192603E-1
60.466667	2.526690E+0	1.142443E-1
60.533333	2.524101E+0	1.142443E-1
60.600000	2.524101E+0	1.192603E-1
60.666667	2.523454E+0	1.292923E-1
60.733333	2.524101E+0	1.142443E-1
60.800000	2.523454E+0	1.217683E-1
60.866667	2.524749E+0	1.142443E-1
60.933333	2.524101E+0	1.142443E-1
61.000000	2.523454E+0	1.217683E-1
61.066667	2.522807E+0	1.192603E-1
61.133333	2.523454E+0	1.217683E-1
61.200000	2.524101E+0	1.217683E-1
61.266667	2.524101E+0	1.142443E-1
61.333333	2.526043E+0	1.092283E-1
61.400000	2.524749E+0	1.117363E-1
61.466667	2.525396E+0	1.242763E-1
61.533333	2.526690E+0	1.217683E-1
61.600000	2.524749E+0	1.117363E-1
61.666667	2.524101E+0	1.267843E-1
61.733333	2.525396E+0	1.267843E-1
61.800000	2.523454E+0	1.192603E-1
61.866667	2.524101E+0	1.142443E-1
61.933333	2.524749E+0	1.267843E-1
62.000000	2.524101E+0	1.242763E-1
62.066667	2.522807E+0	1.217683E-1
62.133333	2.523454E+0	1.217683E-1
62.200000	2.524101E+0	1.142443E-1
62.266667	2.526043E+0	1.217683E-1
62.333333	2.522160E+0	1.217683E-1
62.400000	2.524749E+0	1.292923E-1
62.466667	2.526690E+0	1.217683E-1
62.533333	2.525396E+0	1.192603E-1
62.600000	2.524749E+0	1.368163E-1
62.666667	2.524101E+0	1.343083E-1
62.733333	2.524749E+0	1.343083E-1
62.800000	2.524749E+0	1.318003E-1
62.866667	2.524749E+0	1.292923E-1
62.933333	2.522160E+0	1.267843E-1
63.000000	2.523454E+0	1.318003E-1
63.066667	2.523454E+0	1.267843E-1
63.133333	2.524101E+0	1.368163E-1
63.200000	2.522160E+0	1.292923E-1
63.266667	2.524749E+0	1.217683E-1
63.333333	2.526690E+0	1.267843E-1
63.400000	2.523454E+0	1.292923E-1
63.466667	2.526690E+0	1.292923E-1
63.533333	2.524101E+0	1.318003E-1
63.600000	2.523454E+0	1.318003E-1
63.666667	2.523454E+0	1.267843E-1
63.733333	2.523454E+0	1.217683E-1
63.800000	2.526043E+0	1.267843E-1
63.866667	2.522807E+0	1.343083E-1
63.933333	2.522807E+0	1.267843E-1
64.000000	2.526690E+0	1.267843E-1
64.066667	2.524749E+0	1.242763E-1
64.133333	2.526043E+0	1.217683E-1
64.200000	2.525396E+0	1.217683E-1
64.266667	2.522160E+0	1.267843E-1
64.333333	2.524101E+0	1.318003E-1
64.400000	2.526043E+0	1.267843E-1
64.466667	2.524101E+0	1.318003E-1
64.533333	2.523454E+0	1.167523E-1
64.600000	2.524101E+0	1.267843E-1
64.666667	2.526043E+0	1.267843E-1
64.733333	2.526690E+0	1.318003E-1
64.800000	2.522160E+0	1.292923E-1
64.866667	2.522807E+0	1.292923E-1
64.933333	2.525396E+0	1.318003E-1
65.000000	2.526043E+0	1.267843E-1
65.066667	2.524101E+0	1.192603E-1
65.133333	2.524749E+0	1.393243E-1
65.200000	2.524101E+0	1.292923E-1
65.266667	2.522807E+0	1.368163E-1
65.333333	2.524101E+0	1.292923E-1
65.400000	2.523454E+0	1.318003E-1
65.466667	2.524749E+0	1.393243E-1
65.533333	2.525396E+0	1.267843E-1
65.600000	2.524749E+0	1.217683E-1
65.666667	2.524749E+0	1.217683E-1
65.733333	2.522807E+0	1.292923E-1
65.800000	2.524101E+0	1.242763E-1
65.866667	2.523454E+0	1.368163E-1
65.933333	2.524101E+0	1.343083E-1
66.000000	2.524749E+0	1.267843E-1
66.066667	2.524101E+0	1.343083E-1
66.133333	2.525396E+0	1.343083E-1
66.200000	2.524749E+0	1.343083E-1
66.266667	2.523454E+0	1.292923E-1
66.333333	2.524749E+0	1.318003E-1
66.400000	2.524749E+0	1.368163E-1
66.466667	2.524101E+0	1.343083E-1
66.533333	2.523454E+0	1.292923E-1
66.600000	2.524101E+0	1.267843E-1
66.666667	2.524749E+0	1.267843E-1
66.733333	2.524101E+0	1.217683E-1
66.800000	2.522807E+0	1.292923E-1
66.866667	2.525396E+0	1.343083E-1
66.933333	2.524101E+0	1.368163E-1
67.000000	2.524101E+0	1.368163E-1
67.066667	2.525396E+0	1.292923E-1
67.133333	2.524749E+0	1.318003E-1
67.200000	2.524101E+0	1.267843E-1
67.266667	2.524101E+0	1.368163E-1
67.333333	2.523454E+0	1.318003E-1
67.400000	2.526690E+0	1.318003E-1
67.466667	2.526690E+0	1.292923E-1
67.533333	2.524749E+0	1.267843E-1
67.600000	2.525396E+0	1.267843E-1
67.666667	2.524749E+0	1.343083E-1
67.733333	2.526690E+0	1.292923E-1
67.800000	2.522807E+0	1.292923E-1
67.866667	2.523454E+0	1.343083E-1
67.933333	2.522160E+0	1.267843E-1
68.000000	2.524749E+0	1.217683E-1
68.066667	2.526043E+0	1.292923E-1
68.133333	2.525396E+0	1.217683E-1
68.200000	2.526690E+0	1.318003E-1
68.266667	2.526043E+0	1.267843E-1
68.333333	2.524101E+0	1.343083E-1
68.400000	2.525396E+0	1.267843E-1
68.466667	2.523454E+0	1.292923E-1
68.533333	2.522807E+0	1.292923E-1
68.600000	2.524101E+0	1.393243E-1
68.666667	2.526043E+0	1.217683E-1
68.733333	2.524101E+0	1.217683E-1
68.800000	2.523454E+0	1.292923E-1
68.866667	2.524101E+0	1.217683E-1
68.933333	2.523454E+0	1.267843E-1
69.000000	2.523454E+0	1.368163E-1
69.066667	2.524101E+0	1.343083E-1
69.133333	2.526043E+0	1.292923E-1
69.200000	2.526043E+0	1.292923E-1
69.266667	2.525396E+0	1.368163E-1
69.333333	2.524101E+0	1.267843E-1
69.400000	2.524749E+0	1.393243E-1
69.466667	2.522807E+0	1.292923E-1
69.533333	2.522807E+0	1.292923E-1
69.600000	2.524749E+0	1.343083E-1
69.666667	2.522807E+0	1.318003E-1
69.733333	2.524101E+0	1.242763E-1
69.800000	2.526043E+0	1.292923E-1
69.866667	2.523454E+0	1.393243E-1
69.933333	2.526690E+0	1.292923E-1
70.000000	2.526043E+0	1.318003E-1
70.066667	2.524101E+0	1.267843E-1
70.133333	2.523454E+0	1.292923E-1
70.200000	2.525396E+0	1.242763E-1
70.266667	2.524101E+0	1.267843E-1
70.333333	2.524101E+0	1.292923E-1
70.400000	2.524101E+0	1.368163E-1
70.466667	2.524749E+0	1.292923E-1
70.533333	2.524101E+0	1.217683E-1
70.600000	2.522807E+0	1.292923E-1
70.666667	2.526043E+0	1.192603E-1
70.733333	2.526043E+0	1.267843E-1
70.800000	2.524101E+0	1.217683E-1
70.866667	2.524101E+0	1.267843E-1
70.933333	2.524101E+0	1.267843E-1
71.000000	2.524749E+0	1.393243E-1
71.066667	2.523454E+0	1.292923E-1
71.133333	2.524101E+0	1.267843E-1
71.200000	2.524749E+0	1.343083E-1
71.266667	2.522807E+0	1.292923E-1
71.333333	2.524101E+0	1.192603E-1
71.400000	2.524101E+0	1.292923E-1
71.466667	2.524101E+0	1.343083E-1
71.533333	2.526043E+0	1.267843E-1
71.600000	2.524749E+0	1.267843E-1
71.666667	2.522807E+0	1.267843E-1
71.733333	2.525396E+0	1.292923E-1
71.800000	2.524101E+0	1.217683E-1
71.866667	2.526043E+0	1.318003E-1
71.933333	2.524749E+0	1.418323E-1
72.000000	2.526043E+0	1.292923E-1
72.066667	2.525396E+0	1.267843E-1
72.133333	2.525396E+0	1.318003E-1
72.200000	2.523454E+0	1.318003E-1
72.266667	2.524749E+0	1.217683E-1
72.333333	2.523454E+0	1.318003E-1
72.400000	2.523454E+0	1.343083E-1
72.466667	2.525396E+0	1.217683E-1
72.533333	2.525396E+0	1.318003E-1
72.600000	2.523454E+0	1.418323E-1
72.666667	2.524749E+0	1.318003E-1
72.733333	2.525396E+0	1.418323E-1
72.800000	2.525396E+0	1.292923E-1
72.866667	2.522160E+0	1.343083E-1
72.933333	2.524101E+0	1.217683E-1
73.000000	2.526690E+0	1.318003E-1
73.066667	2.524749E+0	1.292923E-1
73.133333	2.524101E+0	1.393243E-1
73.200000	2.524749E+0	1.318003E-1
73.266667	2.524749E+0	1.343083E-1
73.333333	2.524101E+0	1.343083E-1
73.400000	2.524101E+0	1.267843E-1
73.466667	2.524101E+0	1.318003E-1
73.533333	2.524749E+0	1.343083E-1
73.600000	2.526690E+0	1.267843E-1
73.666667	2.523454E+0	1.418323E-1
73.733333	2.526043E+0	1.368163E-1
73.800000	2.523454E+0	1.468483E-1
73.866667	2.524101E+0	1.468483E-1
73.933333	2.525396E+0	1.292923E-1
74.000000	2.524101E+0	1.343083E-1
74.066667	2.524101E+0	1.443403E-1
74.133333	2.521512E+0	1.393243E-1
74.200000	2.524101E+0	1.368163E-1
74.266667	2.523454E+0	1.393243E-1
74.333333	2.525396E+0	1.393243E-1
74.400000	2.525396E+0	1.418323E-1
74.466667	2.525396E+0	1.368163E-1
74.533333	2.524749E+0	1.418323E-1
74.600000	2.523454E+0	1.393243E-1
74.666667	2.525396E+0	1.343083E-1
74.733333	2.524749E+0	1.343083E-1
74.800000	2.523454E+0	1.343083E-1
74.866667	2.525396E+0	1.217683E-1
74.933333	2.524101E+0	1.292923E-1
75.000000	2.522807E+0	1.318003E-1
75.066667	2.524101E+0	1.292923E-1
75.133333	2.526043E+0	1.318003E-1
75.200000	2.525396E+0	1.292923E-1
75.266667	2.526043E+0	1.318003E-1
75.333333	2.526690E+0	1.318003E-1
75.400000	2.526690E+0	1.292923E-1
75.466667	2.526043E+0	1.343083E-1
75.533333	2.524749E+0	1.292923E-1
75.600000	2.524749E+0	1.343083E-1
75.666667	2.522807E+0	1.343083E-1
75.733333	2.526690E+0	1.292923E-1
75.800000	2.526690E+0	1.318003E-1
75.866667	2.524101E+0	1.292923E-1
75.933333	2.524101E+0	1.242763E-1
76.000000	2.524101E+0	1.418323E-1
76.066667	2.524101E+0	1.267843E-1
76.133333	2.523454E+0	1.318003E-1
76.200000	2.524101E+0	1.292923E-1
76.266667	2.525396E+0	1.267843E-1
76.333333	2.523454E+0	1.343083E-1
76.400000	2.523454E+0	1.267843E-1
76.466667	2.525396E+0	1.343083E-1
76.533333	2.525396E+0	1.267843E-1
76.600000	2.522807E+0	1.318003E-1
76.666667	2.526690E+0	1.267843E-1
76.733333	2.526690E+0	1.318003E-1
76.800000	2.526690E+0	1.318003E-1
76.866667	2.525396E+0	1.217683E-1
76.933333	2.524101E+0	1.343083E-1
77.000000	2.523454E+0	1.318003E-1
77.066667	2.524101E+0	1.368163E-1
77.133333	2.522807E+0	1.292923E-1
77.200000	2.526690E+0	1.292923E-1
77.266667	2.522807E+0	1.292923E-1
77.333333	2.524101E+0	1.267843E-1
77.400000	2.524101E+0	1.368163E-1
77.466667	2.524101E+0	1.267843E-1
77.533333	2.526690E+0	1.292923E-1
77.600000	2.524101E+0	1.267843E-1
77.666667	2.522160E+0	1.267843E-1
77.733333	2.523454E+0	1.292923E-1
77.800000	2.524749E+0	1.217683E-1
77.866667	2.524101E+0	1.292923E-1
77.933333	2.524101E+0	1.318003E-1
78.000000	2.522160E+0	1.292923E-1
78.066667	2.523454E+0	1.292923E-1
78.133333	2.524101E+0	1.568804E-1
78.200000	2.524749E+0	1.669124E-1
78.266667	2.522160E+0	1.719284E-1
78.333333	2.523454E+0	1.694204E-1
78.400000	2.526043E+0	1.769444E-1
78.466667	2.526043E+0	1.769444E-1
78.533333	2.522160E+0	1.744364E-1
78.600000	2.526043E+0	1.769444E-1
78.666667	2.524101E+0	1.769444E-1
78.733333	2.522807E+0	1.719284E-1
78.800000	2.526690E+0	1.669124E-1
78.866667	2.524749E+0	1.694204E-1
78.933333	2.524749E+0	1.694204E-1
79.000000	2.524749E+0	1.744364E-1
79.066667	2.524101E+0	1.719284E-1
79.133333	2.526043E+0	1.618964E-1
79.200000	2.522807E+0	1.669124E-1
79.266667	2.524749E+0	1.593884E-1
79.333333	2.522807E+0	1.694204E-1
79.400000	2.523454E+0	1.618964E-1
79.466667	2.523454E+0	1.694204E-1
79.533333	2.522807E+0	1.694204E-1
79.600000	2.524101E+0	1.669124E-1
79.666667	2.526043E+0	1.669124E-1
79.733333	2.524101E+0	1.618964E-1
79.800000	2.526043E+0	1.744364E-1
79.866667	2.526043E+0	1.794524E-1
79.933333	2.526690E+0	1.819604E-1
80.000000	2.524101E+0	1.919924E-1
80.066667	2.526690E+0	1.819604E-1
80.133333	2.525396E+0	1.794524E-1
80.200000	2.523454E+0	1.819604E-1
80.266667	2.525396E+0	1.769444E-1
80.333333	2.525396E+0	1.794524E-1
80.400000	2.526043E+0	1.819604E-1
80.466667	2.524101E+0	1.819604E-1
80.533333	2.523454E+0	1.819604E-1
80.600000	2.524101E+0	1.869764E-1
80.666667	2.523454E+0	1.819604E-1
80.733333	2.523454E+0	1.769444E-1
80.800000	2.526043E+0	1.819604E-1
80.866667	2.526043E+0	1.769444E-1
80.933333	2.524101E+0	1.894844E-1
81.000000	2.526043E+0	1.844684E-1
81.066667	2.522807E+0	1.819604E-1
81.133333	2.522807E+0	1.819604E-1
81.200000	2.522160E+0	1.794524E-1
81.266667	2.522807E+0	1.869764E-1
81.333333	2.524749E+0	1.894844E-1
81.400000	2.524749E+0	1.869764E-1
81.466667	2.524101E+0	1.869764E-1
81.533333	2.522160E+0	1.794524E-1
81.600000	2.526043E+0	1.694204E-1
81.666667	2.522807E+0	1.744364E-1
81.733333	2.525396E+0	1.694204E-1
81.800000	2.526043E+0	1.744364E-1
81.866667	2.524101E+0	1.618964E-1
81.933333	2.524749E+0	1.769444E-1
82.000000	2.524101E+0	1.794524E-1
82.066667	2.524101E+0	1.844684E-1
82.133333	2.524749E+0	1.819604E-1
82.200000	2.526043E+0	1.819604E-1
82.266667	2.525396E+0	1.919924E-1
82.333333	2.523454E+0	1.919924E-1
82.400000	2.523454E+0	1.769444E-1
82.466667	2.525396E+0	1.744364E-1
82.533333	2.523454E+0	1.769444E-1
82.600000	2.522807E+0	1.894844E-1
82.666667	2.526043E+0	1.894844E-1
82.733333	2.524101E+0	1.945004E-1
82.800000	2.522160E+0	1.919924E-1
82.866667	2.524101E+0	1.844684E-1
82.933333	2.522807E+0	1.919924E-1
83.000000	2.522807E+0	1.869764E-1
83.066667	2.524101E+0	1.945004E-1
83.133333	2.526043E+0	1.819604E-1
83.200000	2.525396E+0	1.719284E-1
83.266667	2.526690E+0	1.819604E-1
83.333333	2.526690E+0	1.819604E-1
83.400000	2.524749E+0	1.744364E-1
83.466667	2.526690E+0	1.694204E-1
83.533333	2.524101E+0	1.618964E-1
83.600000	2.523454E+0	1.819604E-1
83.666667	2.524749E+0	1.669124E-1
83.733333	2.525396E+0	1.919924E-1
83.800000	2.524101E+0	1.869764E-1
83.866667	2.525396E+0	1.694204E-1
83.933333	2.523454E+0	1.794524E-1
84.000000	2.522807E+0	1.819604E-1
84.066667	2.524101E+0	1.819604E-1
84.133333	2.524101E+0	1.719284E-1
84.200000	2.526690E+0	1.819604E-1
84.266667	2.523454E+0	1.669124E-1
84.333333	2.522807E+0	1.794524E-1
84.400000	2.524749E+0	1.844684E-1
84.466667	2.525396E+0	1.744364E-1
84.533333	2.524749E+0	1.819604E-1
84.600000	2.524101E+0	1.769444E-1
84.666667	2.524101E+0	1.769444E-1
84.733333	2.523454E+0	1.844684E-1
84.800000	2.524101E+0	1.794524E-1
84.866667	2.524749E+0	1.844684E-1
84.933333	2.522160E+0	1.819604E-1
85.000000	2.525396E+0	1.819604E-1
85.066667	2.525396E+0	1.794524E-1
85.133333	2.522807E+0	1.744364E-1
85.200000	2.522807E+0	1.669124E-1
85.266667	2.525396E+0	1.618964E-1
85.333333	2.522160E+0	1.744364E-1
85.400000	2.525396E+0	1.593884E-1
85.466667	2.522160E+0	1.593884E-1
85.533333	2.523454E+0	1.593884E-1
85.600000	2.522807E+0	1.618964E-1
85.666667	2.524101E+0	1.894844E-1
85.733333	2.524101E+0	1.719284E-1
85.800000	2.524101E+0	1.719284E-1
85.866667	2.524749E+0	1.869764E-1
85.933333	2.526690E+0	1.844684E-1
86.000000	2.524101E+0	1.794524E-1
86.066667	2.523454E+0	1.769444E-1
86.133333	2.524101E+0	1.844684E-1
86.200000	2.523454E+0	1.819604E-1
86.266667	2.524749E+0	1.669124E-1
86.333333	2.524749E+0	1.869764E-1
86.400000	2.524749E+0	1.894844E-1
86.466667	2.524749E+0	1.869764E-1
86.533333	2.523454E+0	1.894844E-1
86.600000	2.526043E+0	1.844684E-1
86.666667	2.524101E+0	1.794524E-1
86.733333	2.525396E+0	1.744364E-1
86.800000	2.524749E+0	1.744364E-1
86.866667	2.524101E+0	1.719284E-1
86.933333	2.525396E+0	1.543724E-1
87.000000	2.522160E+0	1.518644E-1
87.066667	2.526043E+0	1.644044E-1
87.133333	2.523454E+0	1.719284E-1
87.200000	2.524101E+0	1.669124E-1
87.266667	2.524749E+0	1.669124E-1
87.333333	2.523454E+0	1.719284E-1
87.400000	2.526043E+0	1.719284E-1
87.466667	2.522807E+0	1.794524E-1
87.533333	2.524101E+0	1.819604E-1
87.600000	2.522160E+0	1.744364E-1
87.666667	2.524749E+0	1.819604E-1
87.733333	2.524749E+0	1.744364E-1
87.800000	2.523454E+0	1.719284E-1
87.866667	2.523454E+0	1.593884E-1
87.933333	2.522807E+0	1.568804E-1
88.000000	2.524749E+0	1.694204E-1
88.066667	2.524101E+0	1.644044E-1
88.133333	2.526690E+0	1.694204E-1
88.200000	2.524101E+0	1.744364E-1
88.266667	2.525396E+0	1.819604E-1
88.333333	2.524101E+0	1.719284E-1
88.400000	2.524101E+0	1.794524E-1
88.466667	2.526043E+0	1.719284E-1
88.533333	2.524749E+0	1.869764E-1
88.600000	2.526690E+0	1.869764E-1
88.666667	2.524101E+0	1.844684E-1
88.733333	2.523454E+0	1.819604E-1
88.800000	2.524101E+0	1.869764E-1
88.866667	2.522160E+0	1.819604E-1
88.933333	2.524101E+0	1.669124E-1
89.000000	2.524101E+0	1.744364E-1
89.066667	2.525396E+0	1.844684E-1
89.133333	2.524101E+0	1.794524E-1
89.200000	2.525396E+0	1.769444E-1
89.266667	2.525396E+0	1.869764E-1
89.333333	2.526043E+0	1.744364E-1
89.400000	2.522807E+0	1.694204E-1
89.466667	2.524101E+0	1.593884E-1
89.533333	2.525396E+0	1.694204E-1
89.600000	2.526690E+0	1.669124E-1
89.666667	2.524101E+0	1.669124E-1
89.733333	2.525396E+0	1.644044E-1
89.800000	2.524101E+0	1.719284E-1
89.866667	2.526043E+0	1.618964E-1
89.933333	2.525396E+0	1.719284E-1
90.000000	2.526043E+0	1.769444E-1
90.066667	2.524101E+0	1.894844E-1
90.133333	2.524101E+0	1.819604E-1
90.200000	2.524101E+0	1.869764E-1
90.266667	2.522807E+0	1.819604E-1
90.333333	2.522807E+0	1.819604E-1
90.400000	2.522160E+0	1.869764E-1
90.466667	2.524101E+0	1.794524E-1
90.533333	2.526043E+0	1.794524E-1
90.600000	2.524749E+0	1.869764E-1
90.666667	2.524101E+0	1.869764E-1
90.733333	2.523454E+0	1.744364E-1
90.800000	2.523454E+0	1.869764E-1
90.866667	2.524101E+0	1.844684E-1
90.933333	2.522807E+0	1.794524E-1
91.000000	2.524101E+0	1.819604E-1
91.066667	2.523454E+0	1.719284E-1
91.133333	2.522160E+0	1.744364E-1
91.200000	2.524749E+0	1.819604E-1
91.266667	2.524101E+0	1.669124E-1
91.333333	2.524101E+0	1.618964E-1
91.400000	2.524749E+0	1.819604E-1
91.466667	2.526043E+0	1.719284E-1
91.533333	2.522807E+0	1.794524E-1
91.600000	2.523454E+0	1.719284E-1
91.666667	2.524101E+0	1.719284E-1
91.733333	2.523454E+0	1.819604E-1
91.800000	2.525396E+0	1.819604E-1
91.866667	2.524101E+0	1.819604E-1
91.933333	2.523454E+0	1.794524E-1
92.000000	2.524749E+0	1.869764E-1
92.066667	2.525396E+0	1.894844E-1
92.133333	2.523454E+0	1.819604E-1
92.200000	2.524101E+0	1.995164E-1
92.266667	2.524101E+0	1.945004E-1
92.333333	2.522160E+0	1.970084E-1
92.400000	2.523454E+0	1.995164E-1
92.466667	2.525396E+0	1.970084E-1
92.533333	2.526043E+0	1.919924E-1
92.600000	2.522807E+0	1.945004E-1
92.666667	2.524101E+0	1.919924E-1
92.733333	2.522160E+0	1.894844E-1
92.800000	2.524101E+0	1.919924E-1
92.866667	2.522807E+0	1.945004E-1

