0.000000	2.524101E+0	9.167230E-2
0.066667	2.524101E+0	9.418030E-2
0.133333	2.524101E+0	9.167230E-2
0.200000	2.524101E+0	1.017043E-1
0.266667	2.523454E+0	9.668831E-2
0.333333	2.524101E+0	9.167230E-2
0.400000	2.524101E+0	8.665630E-2
0.466667	2.526690E+0	9.418030E-2
0.533333	2.523454E+0	9.418030E-2
0.600000	2.526043E+0	9.418030E-2
0.666667	2.523454E+0	9.167230E-2
0.733333	2.524101E+0	8.916430E-2
0.800000	2.524749E+0	9.418030E-2
0.866667	2.523454E+0	9.418030E-2
0.933333	2.524749E+0	1.017043E-1
1.000000	2.525396E+0	1.017043E-1
1.066667	2.522160E+0	9.418030E-2
1.133333	2.522807E+0	9.418030E-2
1.200000	2.526043E+0	8.916430E-2
1.266667	2.524749E+0	9.167230E-2
1.333333	2.525396E+0	8.916430E-2
1.400000	2.524101E+0	1.017043E-1
1.466667	2.522160E+0	1.017043E-1
1.533333	2.524749E+0	9.167230E-2
1.600000	2.526043E+0	9.167230E-2
1.666667	2.526690E+0	9.668831E-2
1.733333	2.522160E+0	9.418030E-2
1.800000	2.524749E+0	8.665630E-2
1.866667	2.524749E+0	9.167230E-2
1.933333	2.522160E+0	9.418030E-2
2.000000	2.524101E+0	1.017043E-1
2.066667	2.526043E+0	9.668831E-2
2.133333	2.526690E+0	9.418030E-2
2.200000	2.524101E+0	9.418030E-2
2.266667	2.523454E+0	9.668831E-2
2.333333	2.524101E+0	9.167230E-2
2.400000	2.524101E+0	1.017043E-1
2.466667	2.523454E+0	9.167230E-2
2.533333	2.524101E+0	8.665630E-2
2.600000	2.523454E+0	1.017043E-1
2.666667	2.524101E+0	1.694204E-1
2.733333	2.523454E+0	9.293450E-1
2.800000	2.524101E+0	9.820130E-1
2.866667	2.522807E+0	1.293005E+0
2.933333	2.523454E+0	1.553838E+0
3.000000	2.526043E+0	1.862322E+0
3.066667	2.522807E+0	2.055438E+0
3.133333	2.523454E+0	2.256078E+0
3.200000	2.522807E+0	2.504370E+0
3.266667	2.525396E+0	2.481798E+0
3.333333	2.524101E+0	2.697486E+0
3.400000	2.523454E+0	2.730090E+0
3.466667	2.524101E+0	2.915683E+0
3.533333	2.523454E+0	2.910667E+0
3.600000	2.523454E+0	2.938255E+0
3.666667	2.525396E+0	2.993431E+0
3.733333	2.523454E+0	3.036067E+0
3.800000	2.526690E+0	3.136387E+0
3.866667	2.526690E+0	3.261787E+0
3.933333	2.523454E+0	3.484999E+0
4.000000	2.525396E+0	3.592843E+0
4.066667	2.526043E+0	3.572779E+0
4.133333	2.525396E+0	3.632971E+0
4.200000	2.522160E+0	3.635479E+0
4.266667	2.524101E+0	3.637987E+0
4.333333	2.525396E+0	3.653035E+0
4.400000	2.524749E+0	3.663067E+0
4.466667	2.525396E+0	3.705703E+0
4.533333	2.522807E+0	3.680623E+0
4.600000	2.523454E+0	3.765895E+0
4.666667	2.524101E+0	3.735799E+0
4.733333	2.526043E+0	3.663067E+0
4.800000	2.522807E+0	3.693163E+0
4.866667	2.523454E+0	3.710719E+0
4.933333	2.524749E+0	3.735799E+0
5.000000	2.525396E+0	3.738307E+0
5.066667	2.526690E+0	3.715735E+0
5.133333	2.526043E+0	3.733291E+0
5.200000	2.525396E+0	3.725767E+0
5.266667	2.524101E+0	3.710719E+0
5.333333	2.524101E+0	3.728275E+0
5.400000	2.526043E+0	3.730783E+0
5.466667	2.526043E+0	3.723259E+0
5.533333	2.526043E+0	3.720751E+0
5.600000	2.525396E+0	3.743323E+0
5.666667	2.523454E+0	3.730783E+0
5.733333	2.524101E+0	3.728275E+0
5.800000	2.524101E+0	3.755863E+0
5.866667	2.526690E+0	3.743323E+0
5.933333	2.524101E+0	3.763387E+0
6.000000	2.525396E+0	3.750847E+0
6.066667	2.524749E+0	3.760879E+0
6.133333	2.526690E+0	3.770911E+0
6.200000	2.523454E+0	3.763387E+0
6.266667	2.524101E+0	3.755863E+0
6.333333	2.523454E+0	3.775927E+0
6.400000	2.526690E+0	3.793483E+0
6.466667	2.526043E+0	3.783451E+0
6.533333	2.523454E+0	3.801007E+0
6.600000	2.524749E+0	3.785959E+0
6.666667	2.526690E+0	3.778435E+0
6.733333	2.522807E+0	3.790975E+0
6.800000	2.525396E+0	3.775927E+0
6.866667	2.524749E+0	3.768403E+0
6.933333	2.526043E+0	3.770911E+0
7.000000	2.524101E+0	3.780943E+0
7.066667	2.526043E+0	3.778435E+0
7.133333	2.524101E+0	3.788467E+0
7.200000	2.526690E+0	3.783451E+0
7.266667	2.523454E+0	3.765895E+0
7.333333	2.524749E+0	3.753355E+0
7.400000	2.523454E+0	3.720751E+0
7.466667	2.522807E+0	3.683131E+0
7.533333	2.524101E+0	3.655543E+0
7.600000	2.524749E+0	3.660559E+0
7.666667	2.526043E+0	3.685639E+0
7.733333	2.524749E+0	3.650527E+0
7.800000	2.524101E+0	3.630463E+0
7.866667	2.525396E+0	3.612907E+0
7.933333	2.524749E+0	3.635479E+0
8.000000	2.526043E+0	3.660559E+0
8.066667	2.524101E+0	3.685639E+0
8.133333	2.524101E+0	3.660559E+0
8.200000	2.524101E+0	3.635479E+0
8.266667	2.524749E+0	3.632971E+0
8.333333	2.524749E+0	3.637987E+0
8.400000	2.524101E+0	3.688147E+0
8.466667	2.524101E+0	3.718243E+0
8.533333	2.523454E+0	3.740815E+0
8.600000	2.526690E+0	3.750847E+0
8.666667	2.524101E+0	3.705703E+0
8.733333	2.525396E+0	3.713227E+0
8.800000	2.524101E+0	3.743323E+0
8.866667	2.526690E+0	3.753355E+0
8.933333	2.523454E+0	3.733291E+0
9.000000	2.522807E+0	3.798499E+0
9.066667	2.525396E+0	3.773419E+0
9.133333	2.524749E+0	3.826087E+0
9.200000	2.523454E+0	3.823579E+0
9.266667	2.522807E+0	3.823579E+0
9.333333	2.522807E+0	3.816055E+0
9.400000	2.526690E+0	3.818563E+0
9.466667	2.523454E+0	3.841135E+0
9.533333	2.524749E+0	3.838627E+0
9.600000	2.522807E+0	3.816055E+0
9.666667	2.523454E+0	3.811039E+0
9.733333	2.524101E+0	3.793483E+0
9.800000	2.525396E+0	3.793483E+0
9.866667	2.526043E+0	3.801007E+0
9.933333	2.524749E+0	3.795991E+0
10.000000	2.523454E+0	3.801007E+0
10.066667	2.524101E+0	3.798499E+0
10.133333	2.524749E+0	3.783451E+0
10.200000	2.526043E+0	3.798499E+0
10.266667	2.526690E+0	3.798499E+0
10.333333	2.524749E+0	3.795991E+0
10.400000	2.525396E+0	3.793483E+0
10.466667	2.524101E+0	3.790975E+0
10.533333	2.524749E+0	3.775927E+0
10.600000	2.524101E+0	3.780943E+0
10.666667	2.524749E+0	3.801007E+0
10.733333	2.525396E+0	3.818563E+0
10.800000	2.524749E+0	3.816055E+0
10.866667	2.524749E+0	3.803515E+0
10.933333	2.525396E+0	3.816055E+0
11.000000	2.524101E+0	3.818563E+0
11.066667	2.522160E+0	3.831103E+0
11.133333	2.525396E+0	3.833611E+0
11.200000	2.524749E+0	3.841135E+0
11.266667	2.524101E+0	3.833611E+0
11.333333	2.524749E+0	3.851167E+0
11.400000	2.524101E+0	3.851167E+0
11.466667	2.523454E+0	3.863707E+0
11.533333	2.523454E+0	3.863707E+0
11.600000	2.524749E+0	3.858691E+0
11.666667	2.526690E+0	3.851167E+0
11.733333	2.525396E+0	3.851167E+0
11.800000	2.524749E+0	3.861199E+0
11.866667	2.523454E+0	3.846151E+0
11.933333	2.526690E+0	3.851167E+0
12.000000	2.524101E+0	3.851167E+0
12.066667	2.525396E+0	3.841135E+0
12.133333	2.524101E+0	3.853675E+0
12.200000	2.525396E+0	3.846151E+0
12.266667	2.524101E+0	3.843643E+0
12.333333	2.522160E+0	3.841135E+0
12.400000	2.524101E+0	3.841135E+0
12.466667	2.523454E+0	3.821071E+0
12.533333	2.525396E+0	3.821071E+0
12.600000	2.525396E+0	3.818563E+0
12.666667	2.523454E+0	3.816055E+0
12.733333	2.525396E+0	3.811039E+0
12.800000	2.523454E+0	3.813547E+0
12.866667	2.524101E+0	3.821071E+0
12.933333	2.523454E+0	3.803515E+0
13.000000	2.525396E+0	3.803515E+0
13.066667	2.524749E+0	3.803515E+0
13.133333	2.524101E+0	3.793483E+0
13.200000	2.523454E+0	3.803515E+0
13.266667	2.525396E+0	3.801007E+0
13.333333	2.525396E+0	3.801007E+0
13.400000	2.526690E+0	3.795991E+0
13.466667	2.522807E+0	3.795991E+0
13.533333	2.523454E+0	3.803515E+0
13.600000	2.526043E+0	3.803515E+0
13.666667	2.526043E+0	3.795991E+0
13.733333	2.523454E+0	3.798499E+0
13.800000	2.526043E+0	3.803515E+0
13.866667	2.525396E+0	3.818563E+0
13.933333	2.524101E+0	3.836119E+0
14.000000	2.524101E+0	3.790975E+0
14.066667	2.526690E+0	3.673099E+0
14.133333	2.522807E+0	3.650527E+0
14.200000	2.522160E+0	3.572779E+0
14.266667	2.526690E+0	3.414775E+0
14.333333	2.523454E+0	3.096259E+0
14.400000	2.525396E+0	2.898127E+0
14.466667	2.526690E+0	2.047914E+0
14.533333	2.523454E+0	8.139769E-1
14.600000	2.522807E+0	4.352686E-1
14.666667	2.525396E+0	7.086408E-1
14.733333	2.524749E+0	5.130166E-1
14.800000	2.522807E+0	4.152046E-1
14.866667	2.523454E+0	4.402846E-1
14.933333	2.524101E+0	2.898045E-1
15.000000	2.526043E+0	2.998365E-1
15.066667	2.526043E+0	2.722485E-1
15.133333	2.525396E+0	3.023445E-1
15.200000	2.524749E+0	2.446604E-1
15.266667	2.526043E+0	2.346284E-1
15.333333	2.524749E+0	3.449805E-1
15.400000	2.524101E+0	2.722485E-1
15.466667	2.522807E+0	2.622164E-1
15.533333	2.524101E+0	2.170724E-1
15.600000	2.525396E+0	2.496764E-1
15.666667	2.522160E+0	2.521844E-1
15.733333	2.525396E+0	2.321204E-1
15.800000	2.523454E+0	2.747565E-1
15.866667	2.524101E+0	2.622164E-1
15.933333	2.524101E+0	2.797725E-1
16.000000	2.525396E+0	3.224085E-1
16.066667	2.524749E+0	3.023445E-1
16.133333	2.524749E+0	3.148845E-1
16.200000	2.524101E+0	2.898045E-1
16.266667	2.525396E+0	3.199005E-1
16.333333	2.524101E+0	2.722485E-1
16.400000	2.526043E+0	2.722485E-1
16.466667	2.524101E+0	2.948205E-1
16.533333	2.524749E+0	2.998365E-1
16.600000	2.526690E+0	2.898045E-1
16.666667	2.523454E+0	3.123765E-1
16.733333	2.524101E+0	2.847885E-1
16.800000	2.526690E+0	2.697404E-1
16.866667	2.523454E+0	3.148845E-1
16.933333	2.526690E+0	2.898045E-1
17.000000	2.524101E+0	2.647244E-1
17.066667	2.526043E+0	2.597084E-1
17.133333	2.523454E+0	2.923125E-1
17.200000	2.522807E+0	2.747565E-1
17.266667	2.524101E+0	2.521844E-1
17.333333	2.526690E+0	2.421524E-1
17.400000	2.525396E+0	2.722485E-1
17.466667	2.524101E+0	3.023445E-1
17.533333	2.525396E+0	2.747565E-1
17.600000	2.524749E+0	2.923125E-1
17.666667	2.524101E+0	2.847885E-1
17.733333	2.526043E+0	2.797725E-1
17.800000	2.523454E+0	2.872965E-1
17.866667	2.522807E+0	2.923125E-1
17.933333	2.522807E+0	3.098685E-1
18.000000	2.526690E+0	3.173925E-1
18.066667	2.522807E+0	2.872965E-1
18.133333	2.524749E+0	2.772645E-1
18.200000	2.525396E+0	2.521844E-1
18.266667	2.525396E+0	2.697404E-1
18.333333	2.522807E+0	2.672324E-1
18.400000	2.523454E+0	2.722485E-1
18.466667	2.526690E+0	2.772645E-1
18.533333	2.526690E+0	2.697404E-1
18.600000	2.524749E+0	2.572004E-1
18.666667	2.524749E+0	2.772645E-1
18.733333	2.522807E+0	2.722485E-1
18.800000	2.524749E+0	3.023445E-1
18.866667	2.523454E+0	2.872965E-1
18.933333	2.526043E+0	2.722485E-1
19.000000	2.524101E+0	2.747565E-1
19.066667	2.525396E+0	2.923125E-1
19.133333	2.525396E+0	2.923125E-1
19.200000	2.526690E+0	2.622164E-1
19.266667	2.524101E+0	2.747565E-1
19.333333	2.525396E+0	2.898045E-1
19.400000	2.524101E+0	2.747565E-1
19.466667	2.524101E+0	2.647244E-1
19.533333	2.524749E+0	2.747565E-1
19.600000	2.525396E+0	2.872965E-1
19.666667	2.526690E+0	2.822805E-1
19.733333	2.524101E+0	2.847885E-1
19.800000	2.526043E+0	2.822805E-1
19.866667	2.526690E+0	2.722485E-1
19.933333	2.524749E+0	2.722485E-1
20.000000	2.523454E+0	2.797725E-1
20.066667	2.524749E+0	2.722485E-1
20.133333	2.524101E+0	2.973285E-1
20.200000	2.526043E+0	3.249165E-1
20.266667	2.524101E+0	3.123765E-1
20.333333	2.526690E+0	2.973285E-1
20.400000	2.526690E+0	2.948205E-1
20.466667	2.524101E+0	2.998365E-1
20.533333	2.526690E+0	3.048525E-1
20.600000	2.524101E+0	3.073605E-1
20.666667	2.524749E+0	3.148845E-1
20.733333	2.525396E+0	3.098685E-1
20.800000	2.524101E+0	2.948205E-1
20.866667	2.523454E+0	3.023445E-1
20.933333	2.525396E+0	3.023445E-1
21.000000	2.525396E+0	3.023445E-1
21.066667	2.526690E+0	3.148845E-1
21.133333	2.523454E+0	3.148845E-1
21.200000	2.526690E+0	3.148845E-1
21.266667	2.524101E+0	3.173925E-1
21.333333	2.524101E+0	3.123765E-1
21.400000	2.524749E+0	3.148845E-1
21.466667	2.524101E+0	3.098685E-1
21.533333	2.526690E+0	3.098685E-1
21.600000	2.524101E+0	3.098685E-1
21.666667	2.523454E+0	3.123765E-1
21.733333	2.524749E+0	3.173925E-1
21.800000	2.524749E+0	3.224085E-1
21.866667	2.524101E+0	3.148845E-1
21.933333	2.522807E+0	3.098685E-1
22.000000	2.526043E+0	3.123765E-1
22.066667	2.524749E+0	3.148845E-1
22.133333	2.524749E+0	2.973285E-1
22.200000	2.524749E+0	2.898045E-1
22.266667	2.526043E+0	2.898045E-1
22.333333	2.524749E+0	2.872965E-1
22.400000	2.523454E+0	2.898045E-1
22.466667	2.524101E+0	3.098685E-1
22.533333	2.525396E+0	2.772645E-1
22.600000	2.522807E+0	2.697404E-1
22.666667	2.522807E+0	2.847885E-1
22.733333	2.524749E+0	2.597084E-1
22.800000	2.524101E+0	2.722485E-1
22.866667	2.526043E+0	2.722485E-1
22.933333	2.524101E+0	2.396444E-1
23.000000	2.523454E+0	2.471684E-1
23.066667	2.524101E+0	2.572004E-1
23.133333	2.526690E+0	2.446604E-1
23.200000	2.524749E+0	2.471684E-1
23.266667	2.524101E+0	2.622164E-1
23.333333	2.523454E+0	2.572004E-1
23.400000	2.526043E+0	2.672324E-1
23.466667	2.525396E+0	2.296124E-1
23.533333	2.523454E+0	2.371364E-1
23.600000	2.522807E+0	1.744364E-1
23.666667	2.524101E+0	1.744364E-1
23.733333	2.526690E+0	6.133367E-1
23.800000	2.523454E+0	1.995164E-1
23.866667	2.526690E+0	2.145644E-1
23.933333	2.523454E+0	1.995164E-1
24.000000	2.524101E+0	2.271044E-1
24.066667	2.523454E+0	2.321204E-1
24.133333	2.522807E+0	2.346284E-1
24.200000	2.526690E+0	2.496764E-1
24.266667	2.526690E+0	2.446604E-1
24.333333	2.526690E+0	2.521844E-1
24.400000	2.522807E+0	2.396444E-1
24.466667	2.525396E+0	2.471684E-1
24.533333	2.524749E+0	2.421524E-1
24.600000	2.524101E+0	2.271044E-1
24.666667	2.524749E+0	2.421524E-1
24.733333	2.524101E+0	2.521844E-1
24.800000	2.525396E+0	2.396444E-1
24.866667	2.526690E+0	2.396444E-1
24.933333	2.524749E+0	2.471684E-1
25.000000	2.524101E+0	2.471684E-1
25.066667	2.525396E+0	2.496764E-1
25.133333	2.524101E+0	2.346284E-1
25.200000	2.524749E+0	2.446604E-1
25.266667	2.525396E+0	2.396444E-1
25.333333	2.526690E+0	2.296124E-1
25.400000	2.522807E+0	2.321204E-1
25.466667	2.525396E+0	2.396444E-1
25.533333	2.525396E+0	2.321204E-1
25.600000	2.526043E+0	2.371364E-1
25.666667	2.523454E+0	2.446604E-1
25.733333	2.526043E+0	2.697404E-1
25.800000	2.526043E+0	2.471684E-1
25.866667	2.526690E+0	2.672324E-1
25.933333	2.523454E+0	2.622164E-1
26.000000	2.526690E+0	2.622164E-1
26.066667	2.524101E+0	2.597084E-1
26.133333	2.526690E+0	2.622164E-1
26.200000	2.526690E+0	2.622164E-1
26.266667	2.524749E+0	2.622164E-1
26.333333	2.526043E+0	2.622164E-1
26.400000	2.523454E+0	2.672324E-1
26.466667	2.523454E+0	2.647244E-1
26.533333	2.525396E+0	2.672324E-1
26.600000	2.524749E+0	2.597084E-1
26.666667	2.526043E+0	2.421524E-1
26.733333	2.526043E+0	2.446604E-1
26.800000	2.524749E+0	2.446604E-1
26.866667	2.524749E+0	2.471684E-1
26.933333	2.524749E+0	5.656847E-1
27.000000	2.522160E+0	3.274245E-1
27.066667	2.526690E+0	3.424725E-1
27.133333	2.524101E+0	2.622164E-1
27.200000	2.523454E+0	5.907647E-1
27.266667	2.525396E+0	2.948205E-1
27.333333	2.523454E+0	4.101886E-1
27.400000	2.522807E+0	6.108287E-1
27.466667	2.522807E+0	5.255567E-1
27.533333	2.524749E+0	7.061328E-1
27.600000	2.524101E+0	6.308927E-1
27.666667	2.524749E+0	6.459408E-1
27.733333	2.525396E+0	7.512768E-1
27.800000	2.526043E+0	7.261968E-1
27.866667	2.523454E+0	7.688329E-1
27.933333	2.524749E+0	8.942330E-1
28.000000	2.524101E+0	9.945530E-1
28.066667	2.524749E+0	1.114937E+0
28.133333	2.525396E+0	1.488629E+0
28.200000	2.523454E+0	1.235321E+0
28.266667	2.524749E+0	1.639110E+0
28.333333	2.526043E+0	1.887402E+0
28.400000	2.524101E+0	1.731906E+0
28.466667	2.525396E+0	1.787082E+0
28.533333	2.524101E+0	1.779558E+0
28.600000	2.525396E+0	1.756986E+0
28.666667	2.525396E+0	1.797114E+0
28.733333	2.523454E+0	1.824702E+0
28.800000	2.522807E+0	1.847274E+0
28.866667	2.524101E+0	1.877370E+0
28.933333	2.522807E+0	1.877370E+0
29.000000	2.524749E+0	1.889910E+0
29.066667	2.526043E+0	1.887402E+0
29.133333	2.524101E+0	1.904958E+0
29.200000	2.524749E+0	1.912482E+0
29.266667	2.526043E+0	1.947594E+0
29.333333	2.523454E+0	1.935054E+0
29.400000	2.523454E+0	1.952610E+0
29.466667	2.523454E+0	1.925022E+0
29.533333	2.524749E+0	1.937562E+0
29.600000	2.523454E+0	1.925022E+0
29.666667	2.524749E+0	1.925022E+0
29.733333	2.523454E+0	1.935054E+0
29.800000	2.524749E+0	1.922514E+0
29.866667	2.522807E+0	1.947594E+0
29.933333	2.524101E+0	1.920006E+0
30.000000	2.526043E+0	1.927530E+0
30.066667	2.525396E+0	1.947594E+0
30.133333	2.522160E+0	1.967658E+0
30.200000	2.526690E+0	1.970166E+0
30.266667	2.522160E+0	1.955118E+0
30.333333	2.526043E+0	1.955118E+0
30.400000	2.525396E+0	1.960134E+0
30.466667	2.523454E+0	1.937562E+0
30.533333	2.524749E+0	1.937562E+0
30.600000	2.524101E+0	1.925022E+0
30.666667	2.524101E+0	1.925022E+0
30.733333	2.522807E+0	1.940070E+0
30.800000	2.524101E+0	1.945086E+0
30.866667	2.524749E+0	1.942578E+0
30.933333	2.525396E+0	1.935054E+0
31.000000	2.526690E+0	1.925022E+0
31.066667	2.524101E+0	1.912482E+0
31.133333	2.524749E+0	1.925022E+0
31.200000	2.524101E+0	1.950102E+0
31.266667	2.525396E+0	1.955118E+0
31.333333	2.523454E+0	1.955118E+0
31.400000	2.524749E+0	1.955118E+0
31.466667	2.523454E+0	1.965150E+0
31.533333	2.526043E+0	1.957626E+0
31.600000	2.526043E+0	1.965150E+0
31.666667	2.523454E+0	1.962642E+0
31.733333	2.526690E+0	1.975182E+0
31.800000	2.524101E+0	1.975182E+0
31.866667	2.522160E+0	1.962642E+0
31.933333	2.522807E+0	1.977690E+0
32.000000	2.524101E+0	2.195886E+0
32.066667	2.526043E+0	2.220966E+0
32.133333	2.525396E+0	2.070486E+0
32.200000	2.526043E+0	2.123154E+0
32.266667	2.526690E+0	2.045406E+0
32.333333	2.525396E+0	1.987722E+0
32.400000	2.524101E+0	2.093058E+0
32.466667	2.522807E+0	2.115630E+0
32.533333	2.526043E+0	2.271126E+0
32.600000	2.526043E+0	2.346366E+0
32.666667	2.523454E+0	2.429130E+0
32.733333	2.524101E+0	2.238522E+0
32.800000	2.524101E+0	2.313762E+0
32.866667	2.523454E+0	2.499354E+0
32.933333	2.524749E+0	2.516910E+0
33.000000	2.524749E+0	2.504370E+0
33.066667	2.523454E+0	2.504370E+0
33.133333	2.524101E+0	2.559546E+0
33.200000	2.524749E+0	2.536974E+0
33.266667	2.525396E+0	2.582118E+0
33.333333	2.524101E+0	2.597166E+0
33.400000	2.524101E+0	2.617230E+0
33.466667	2.524101E+0	2.609706E+0
33.533333	2.522807E+0	2.617230E+0
33.600000	2.526043E+0	2.612214E+0
33.666667	2.524749E+0	2.607198E+0
33.733333	2.523454E+0	2.619738E+0
33.800000	2.526690E+0	2.614722E+0
33.866667	2.526043E+0	2.614722E+0
33.933333	2.524101E+0	2.629770E+0
34.000000	2.524101E+0	2.617230E+0
34.066667	2.524101E+0	2.639802E+0
34.133333	2.525396E+0	2.629770E+0
34.200000	2.523454E+0	2.634786E+0
34.266667	2.524749E+0	2.629770E+0
34.333333	2.526690E+0	2.637294E+0
34.400000	2.525396E+0	2.647326E+0
34.466667	2.524101E+0	2.634786E+0
34.533333	2.524101E+0	2.644818E+0
34.600000	2.525396E+0	2.652342E+0
34.666667	2.524749E+0	2.639802E+0
34.733333	2.526690E+0	2.647326E+0
34.800000	2.523454E+0	2.649834E+0
34.866667	2.522807E+0	2.657358E+0
34.933333	2.524749E+0	2.662374E+0
35.000000	2.523454E+0	2.664882E+0
35.066667	2.523454E+0	2.662374E+0
35.133333	2.524749E+0	2.662374E+0
35.200000	2.523454E+0	2.657358E+0
35.266667	2.523454E+0	2.659866E+0
35.333333	2.526690E+0	2.662374E+0
35.400000	2.524101E+0	2.652342E+0
35.466667	2.522807E+0	2.669898E+0
35.533333	2.524101E+0	2.659866E+0
35.600000	2.523454E+0	2.674914E+0
35.666667	2.526690E+0	2.677422E+0
35.733333	2.523454E+0	2.669898E+0
35.800000	2.526690E+0	2.674914E+0
35.866667	2.526690E+0	2.667390E+0
35.933333	2.524101E+0	2.674914E+0
36.000000	2.524101E+0	2.667390E+0
36.066667	2.526690E+0	2.669898E+0
36.133333	2.524101E+0	2.664882E+0
36.200000	2.523454E+0	2.667390E+0
36.266667	2.524749E+0	2.672406E+0
36.333333	2.522160E+0	2.672406E+0
36.400000	2.523454E+0	2.677422E+0
36.466667	2.524749E+0	2.667390E+0
36.533333	2.524749E+0	2.679930E+0
36.600000	2.523454E+0	2.684946E+0
36.666667	2.526690E+0	2.689962E+0
36.733333	2.522160E+0	2.689962E+0
36.800000	2.523454E+0	2.694978E+0
36.866667	2.524749E+0	2.689962E+0
36.933333	2.523454E+0	2.687454E+0
37.000000	2.524101E+0	2.687454E+0
37.066667	2.522807E+0	2.687454E+0
37.133333	2.526690E+0	2.692470E+0
37.200000	2.524749E+0	2.697486E+0
37.266667	2.524749E+0	2.694978E+0
37.333333	2.525396E+0	2.682438E+0
37.400000	2.525396E+0	2.697486E+0
37.466667	2.526043E+0	2.699994E+0
37.533333	2.526043E+0	2.694978E+0
37.600000	2.524101E+0	2.702502E+0
37.666667	2.523454E+0	2.697486E+0
37.733333	2.524749E+0	2.702502E+0
37.800000	2.523454E+0	2.702502E+0
37.866667	2.525396E+0	2.710026E+0
37.933333	2.526690E+0	2.699994E+0
38.000000	2.526043E+0	2.697486E+0
38.066667	2.526043E+0	2.697486E+0
38.133333	2.523454E+0	2.705010E+0
38.200000	2.524101E+0	2.710026E+0
38.266667	2.524101E+0	2.710026E+0
38.333333	2.524101E+0	2.710026E+0
38.400000	2.524101E+0	2.705010E+0
38.466667	2.524101E+0	2.710026E+0
38.533333	2.523454E+0	2.702502E+0
38.600000	2.523454E+0	2.710026E+0
38.666667	2.526043E+0	2.702502E+0
38.733333	2.526043E+0	2.699994E+0
38.800000	2.524101E+0	2.699994E+0
38.866667	2.524101E+0	2.697486E+0
38.933333	2.523454E+0	2.707518E+0
39.000000	2.522807E+0	2.707518E+0
39.066667	2.525396E+0	2.702502E+0
39.133333	2.523454E+0	2.707518E+0
39.200000	2.524749E+0	2.707518E+0
39.266667	2.523454E+0	2.699994E+0
39.333333	2.526043E+0	2.702502E+0
39.400000	2.525396E+0	2.699994E+0
39.466667	2.525396E+0	2.697486E+0
39.533333	2.525396E+0	2.694978E+0
39.600000	2.525396E+0	2.687454E+0
39.666667	2.523454E+0	2.694978E+0
39.733333	2.526043E+0	2.694978E+0
39.800000	2.524101E+0	2.682438E+0
39.866667	2.522160E+0	2.692470E+0
39.933333	2.522807E+0	2.694978E+0
40.000000	2.526043E+0	2.689962E+0
40.066667	2.525396E+0	2.687454E+0
40.133333	2.524749E+0	2.679930E+0
40.200000	2.524101E+0	2.684946E+0
40.266667	2.524749E+0	2.679930E+0
40.333333	2.525396E+0	2.697486E+0
40.400000	2.522807E+0	2.699994E+0
40.466667	2.522807E+0	2.699994E+0
40.533333	2.524101E+0	2.710026E+0
40.600000	2.523454E+0	2.710026E+0
40.666667	2.524101E+0	2.699994E+0
40.733333	2.525396E+0	2.705010E+0
40.800000	2.525396E+0	2.717550E+0
40.866667	2.522807E+0	2.710026E+0
40.933333	2.526690E+0	2.710026E+0
41.000000	2.524101E+0	2.715042E+0
41.066667	2.524749E+0	2.722566E+0
41.133333	2.524101E+0	2.710026E+0
41.200000	2.524101E+0	2.720058E+0
41.266667	2.526690E+0	2.720058E+0
41.333333	2.523454E+0	2.725074E+0
41.400000	2.522160E+0	2.727582E+0
41.466667	2.524749E+0	2.730090E+0
41.533333	2.526043E+0	2.740122E+0
41.600000	2.524101E+0	2.737614E+0
41.666667	2.524101E+0	2.737614E+0
41.733333	2.524749E+0	2.752662E+0
41.800000	2.523454E+0	2.752662E+0
41.866667	2.526690E+0	2.742630E+0
41.933333	2.525396E+0	2.737614E+0
42.000000	2.524101E+0	2.742630E+0
42.066667	2.523454E+0	2.740122E+0
42.133333	2.524749E+0	2.740122E+0
42.200000	2.523454E+0	2.750154E+0
42.266667	2.523454E+0	2.755170E+0
42.333333	2.524101E+0	2.767711E+0
42.400000	2.526690E+0	2.760187E+0
42.466667	2.525396E+0	2.755170E+0
42.533333	2.526690E+0	2.760187E+0
42.600000	2.526690E+0	2.752662E+0
42.666667	2.526690E+0	2.755170E+0
42.733333	2.526690E+0	2.750154E+0
42.800000	2.524101E+0	2.762695E+0
42.866667	2.522807E+0	2.755170E+0
42.933333	2.522807E+0	2.750154E+0
43.000000	2.526043E+0	2.757678E+0
43.066667	2.526690E+0	2.750154E+0
43.133333	2.524749E+0	2.740122E+0
43.200000	2.524101E+0	2.740122E+0
43.266667	2.526690E+0	2.742630E+0
43.333333	2.524101E+0	2.750154E+0
43.400000	2.522807E+0	2.752662E+0
43.466667	2.526043E+0	2.752662E+0
43.533333	2.523454E+0	2.755170E+0
43.600000	2.526690E+0	2.752662E+0
43.666667	2.525396E+0	2.747646E+0
43.733333	2.525396E+0	2.750154E+0
43.800000	2.525396E+0	2.760187E+0
43.866667	2.526043E+0	2.760187E+0
43.933333	2.526690E+0	2.757678E+0
44.000000	2.522807E+0	2.760187E+0
44.066667	2.524749E+0	2.760187E+0
44.133333	2.526690E+0	2.750154E+0
44.200000	2.523454E+0	2.755170E+0
44.266667	2.524749E+0	2.755170E+0
44.333333	2.526690E+0	2.757678E+0
44.400000	2.524101E+0	2.755170E+0
44.466667	2.524101E+0	2.757678E+0
44.533333	2.522807E+0	2.757678E+0
44.600000	2.524749E+0	2.760187E+0
44.666667	2.523454E+0	2.770219E+0
44.733333	2.524749E+0	2.770219E+0
44.800000	2.526690E+0	2.765203E+0
44.866667	2.523454E+0	2.770219E+0
44.933333	2.526043E+0	2.767711E+0
45.000000	2.524749E+0	2.770219E+0
45.066667	2.524749E+0	2.772727E+0
45.133333	2.526690E+0	2.760187E+0
45.200000	2.525396E+0	2.750154E+0
45.266667	2.526043E+0	2.755170E+0
45.333333	2.522160E+0	2.757678E+0
45.400000	2.524749E+0	2.760187E+0
45.466667	2.526043E+0	2.757678E+0
45.533333	2.526043E+0	2.760187E+0
45.600000	2.524101E+0	2.755170E+0
45.666667	2.522160E+0	2.755170E+0
45.733333	2.524749E+0	2.750154E+0
45.800000	2.523454E+0	2.767711E+0
45.866667	2.524101E+0	2.767711E+0
45.933333	2.524101E+0	2.770219E+0
46.000000	2.523454E+0	2.765203E+0
46.066667	2.526043E+0	2.770219E+0
46.133333	2.526043E+0	2.770219E+0
46.200000	2.525396E+0	2.777743E+0
46.266667	2.524101E+0	2.777743E+0
46.333333	2.524749E+0	2.777743E+0
46.400000	2.523454E+0	2.782759E+0
46.466667	2.524101E+0	2.790283E+0
46.533333	2.524101E+0	2.770219E+0
46.600000	2.524101E+0	2.770219E+0
46.666667	2.524101E+0	2.767711E+0
46.733333	2.522807E+0	2.775235E+0
46.800000	2.522807E+0	2.772727E+0
46.866667	2.523454E+0	2.770219E+0
46.933333	2.523454E+0	2.767711E+0
47.000000	2.523454E+0	2.767711E+0
47.066667	2.524749E+0	2.770219E+0
47.133333	2.524749E+0	2.777743E+0
47.200000	2.524101E+0	2.760187E+0
47.266667	2.522807E+0	2.770219E+0
47.333333	2.525396E+0	2.775235E+0
47.400000	2.522160E+0	2.770219E+0
47.466667	2.526690E+0	2.770219E+0
47.533333	2.524749E+0	2.780251E+0
47.600000	2.524749E+0	2.770219E+0
47.666667	2.522807E+0	2.780251E+0
47.733333	2.526690E+0	2.775235E+0
47.800000	2.522160E+0	2.775235E+0
47.866667	2.523454E+0	2.780251E+0
47.933333	2.524749E+0	2.772727E+0
48.000000	2.524749E+0	2.777743E+0
48.066667	2.526690E+0	2.777743E+0
48.133333	2.526043E+0	2.772727E+0
48.200000	2.525396E+0	2.790283E+0
48.266667	2.524749E+0	2.767711E+0
48.333333	2.524101E+0	2.777743E+0
48.400000	2.524101E+0	2.767711E+0
48.466667	2.524101E+0	2.777743E+0
48.533333	2.524749E+0	2.767711E+0
48.600000	2.524101E+0	2.757678E+0
48.666667	2.526043E+0	2.767711E+0
48.733333	2.526690E+0	2.767711E+0
48.800000	2.524749E+0	2.762695E+0
48.866667	2.526043E+0	2.762695E+0
48.933333	2.524101E+0	2.765203E+0
49.000000	2.524749E+0	2.757678E+0
49.066667	2.524749E+0	2.777743E+0
49.133333	2.524101E+0	2.777743E+0
49.200000	2.522807E+0	2.775235E+0
49.266667	2.524749E+0	2.770219E+0
49.333333	2.524749E+0	2.770219E+0
49.400000	2.524101E+0	2.760187E+0
49.466667	2.524749E+0	2.765203E+0
49.533333	2.524101E+0	2.760187E+0
49.600000	2.525396E+0	2.760187E+0
49.666667	2.524101E+0	2.755170E+0
49.733333	2.524749E+0	2.772727E+0
49.800000	2.524101E+0	2.777743E+0
49.866667	2.526690E+0	2.770219E+0
49.933333	2.526043E+0	2.780251E+0
50.000000	2.526690E+0	2.777743E+0
50.066667	2.522160E+0	2.780251E+0
50.133333	2.522160E+0	2.780251E+0
50.200000	2.526690E+0	2.777743E+0
50.266667	2.525396E+0	2.775235E+0
50.333333	2.524101E+0	2.770219E+0
50.400000	2.524749E+0	2.767711E+0
50.466667	2.524101E+0	2.772727E+0
50.533333	2.525396E+0	2.790283E+0
50.600000	2.526043E+0	2.772727E+0
50.666667	2.524749E+0	2.767711E+0
50.733333	2.524101E+0	2.780251E+0
50.800000	2.524101E+0	2.780251E+0
50.866667	2.524101E+0	2.790283E+0
50.933333	2.524749E+0	2.782759E+0
51.000000	2.522807E+0	2.795299E+0
51.066667	2.526690E+0	2.785267E+0
51.133333	2.522807E+0	2.780251E+0
51.200000	2.526690E+0	2.777743E+0
51.266667	2.524101E+0	2.780251E+0
51.333333	2.525396E+0	2.765203E+0
51.400000	2.526043E+0	2.775235E+0
51.466667	2.522160E+0	2.790283E+0
51.533333	2.524101E+0	2.780251E+0
51.600000	2.524749E+0	2.777743E+0
51.666667	2.522807E+0	2.777743E+0
51.733333	2.523454E+0	2.770219E+0
51.800000	2.524101E+0	2.765203E+0
51.866667	2.526690E+0	2.770219E+0
51.933333	2.525396E+0	2.767711E+0
52.000000	2.525396E+0	2.780251E+0
52.066667	2.525396E+0	2.767711E+0
52.133333	2.523454E+0	2.777743E+0
52.200000	2.523454E+0	2.777743E+0
52.266667	2.522160E+0	2.782759E+0
52.333333	2.525396E+0	2.790283E+0
52.400000	2.522807E+0	2.777743E+0
52.466667	2.525396E+0	2.777743E+0
52.533333	2.524101E+0	2.775235E+0
52.600000	2.522807E+0	2.770219E+0
52.666667	2.524101E+0	2.767711E+0
52.733333	2.522807E+0	2.775235E+0
52.800000	2.525396E+0	2.770219E+0
52.866667	2.526043E+0	2.777743E+0
52.933333	2.526043E+0	2.775235E+0
53.000000	2.525396E+0	2.772727E+0
53.066667	2.525396E+0	2.775235E+0
53.133333	2.522160E+0	2.780251E+0
53.200000	2.522807E+0	2.777743E+0
53.266667	2.526690E+0	2.780251E+0
53.333333	2.523454E+0	2.785267E+0
53.400000	2.524749E+0	2.792791E+0
53.466667	2.525396E+0	2.787775E+0
53.533333	2.524749E+0	2.780251E+0
53.600000	2.525396E+0	2.792791E+0
53.666667	2.526043E+0	2.795299E+0
53.733333	2.524749E+0	2.800315E+0
53.800000	2.522807E+0	2.800315E+0
53.866667	2.523454E+0	2.802823E+0
53.933333	2.524101E+0	2.810347E+0
54.000000	2.522807E+0	2.802823E+0
54.066667	2.524101E+0	2.807839E+0
54.133333	2.526690E+0	2.822887E+0
54.200000	2.524101E+0	2.817871E+0
54.266667	2.524101E+0	2.807839E+0
54.333333	2.524101E+0	2.800315E+0
54.400000	2.524101E+0	2.820379E+0
54.466667	2.524749E+0	2.807839E+0
54.533333	2.526043E+0	2.815363E+0
54.600000	2.526043E+0	2.822887E+0
54.666667	2.524101E+0	2.830411E+0
54.733333	2.524749E+0	2.820379E+0
54.800000	2.525396E+0	2.790283E+0
54.866667	2.526690E+0	2.805331E+0
54.933333	2.526690E+0	2.810347E+0
55.000000	2.525396E+0	2.795299E+0
55.066667	2.522160E+0	2.812855E+0
55.133333	2.523454E+0	2.820379E+0
55.200000	2.524749E+0	2.827903E+0
55.266667	2.526043E+0	2.810347E+0
55.333333	2.523454E+0	2.807839E+0
55.400000	2.522807E+0	2.800315E+0
55.466667	2.523454E+0	2.815363E+0
55.533333	2.526690E+0	2.802823E+0
55.600000	2.524101E+0	2.810347E+0
55.666667	2.525396E+0	2.807839E+0
55.733333	2.524749E+0	2.802823E+0
55.800000	2.524101E+0	2.790283E+0
55.866667	2.525396E+0	2.802823E+0
55.933333	2.524101E+0	2.807839E+0
56.000000	2.526043E+0	2.810347E+0
56.066667	2.524101E+0	2.795299E+0
56.133333	2.523454E+0	2.807839E+0
56.200000	2.526043E+0	2.800315E+0
56.266667	2.524101E+0	2.815363E+0
56.333333	2.524749E+0	2.805331E+0
56.400000	2.525396E+0	2.827903E+0
56.466667	2.524749E+0	2.830411E+0
56.533333	2.522807E+0	2.822887E+0
56.600000	2.524749E+0	2.842951E+0
56.666667	2.526043E+0	2.855491E+0
56.733333	2.524749E+0	2.842951E+0
56.800000	2.522160E+0	2.863015E+0
56.866667	2.524101E+0	2.860507E+0
56.933333	2.526043E+0	2.857999E+0
57.000000	2.524749E+0	2.850475E+0
57.066667	2.524749E+0	2.840443E+0
57.133333	2.524101E+0	2.860507E+0
57.200000	2.526690E+0	2.850475E+0
57.266667	2.526043E+0	2.852983E+0
57.333333	2.524749E+0	2.837935E+0
57.400000	2.526690E+0	2.855491E+0
57.466667	2.525396E+0	2.860507E+0
57.533333	2.522807E+0	2.835427E+0
57.600000	2.522807E+0	2.832919E+0
57.666667	2.526043E+0	2.822887E+0
57.733333	2.522807E+0	2.840443E+0
57.800000	2.524101E+0	2.842951E+0
57.866667	2.525396E+0	2.827903E+0
57.933333	2.523454E+0	2.820379E+0
58.000000	2.525396E+0	2.817871E+0
58.066667	2.524101E+0	2.800315E+0
58.133333	2.526690E+0	2.815363E+0
58.200000	2.526043E+0	2.810347E+0
58.266667	2.526043E+0	2.827903E+0
58.333333	2.524749E+0	2.837935E+0
58.400000	2.526043E+0	2.842951E+0
58.466667	2.523454E+0	2.855491E+0
58.533333	2.525396E+0	2.842951E+0
58.600000	2.524101E+0	2.837935E+0
58.666667	2.526043E+0	2.832919E+0
58.733333	2.526690E+0	2.842951E+0
58.800000	2.526690E+0	2.855491E+0
58.866667	2.525396E+0	2.880571E+0
58.933333	2.524101E+0	2.868031E+0
59.000000	2.522807E+0	2.875555E+0
59.066667	2.523454E+0	2.880571E+0
59.133333	2.524101E+0	2.870539E+0
59.200000	2.524749E+0	2.870539E+0
59.266667	2.525396E+0	2.895619E+0
59.333333	2.526690E+0	2.893111E+0
59.400000	2.524749E+0	2.895619E+0
59.466667	2.524101E+0	2.898127E+0
59.533333	2.524749E+0	2.875555E+0
59.600000	2.524101E+0	2.885587E+0
59.666667	2.526043E+0	2.890603E+0
59.733333	2.523454E+0	2.888095E+0
59.800000	2.522807E+0	2.890603E+0
59.866667	2.525396E+0	2.895619E+0
59.933333	2.523454E+0	2.893111E+0
60.000000	2.524101E+0	2.890603E+0
60.066667	2.524101E+0	2.893111E+0
60.133333	2.526690E+0	2.875555E+0
60.200000	2.526690E+0	2.880571E+0
60.266667	2.523454E+0	2.880571E+0
60.333333	2.524749E+0	2.885587E+0
60.400000	2.523454E+0	2.873047E+0
60.466667	2.522807E+0	2.875555E+0
60.533333	2.526043E+0	2.875555E+0
60.600000	2.526043E+0	2.875555E+0
60.666667	2.526043E+0	2.873047E+0
60.733333	2.525396E+0	2.883079E+0
60.800000	2.524101E+0	2.878063E+0
60.866667	2.524101E+0	2.868031E+0
60.933333	2.523454E+0	2.870539E+0
61.000000	2.526690E+0	2.870539E+0
61.066667	2.525396E+0	2.875555E+0
61.133333	2.525396E+0	2.873047E+0
61.200000	2.524101E+0	2.883079E+0
61.266667	2.524749E+0	2.880571E+0
61.333333	2.523454E+0	2.878063E+0
61.400000	2.524749E+0	2.895619E+0
61.466667	2.522807E+0	2.888095E+0
61.533333	2.524101E+0	2.885587E+0
61.600000	2.525396E+0	2.888095E+0
61.666667	2.522807E+0	2.890603E+0
61.733333	2.524101E+0	2.880571E+0
61.800000	2.523454E+0	2.880571E+0
61.866667	2.525396E+0	2.868031E+0
61.933333	2.524101E+0	2.873047E+0
62.000000	2.523454E+0	2.878063E+0
62.066667	2.526690E+0	2.875555E+0
62.133333	2.525396E+0	2.880571E+0
62.200000	2.523454E+0	2.878063E+0
62.266667	2.523454E+0	2.870539E+0
62.333333	2.524101E+0	2.850475E+0
62.400000	2.526043E+0	2.855491E+0
62.466667	2.525396E+0	2.837935E+0
62.533333	2.524749E+0	2.840443E+0
62.600000	2.523454E+0	2.827903E+0
62.666667	2.526043E+0	2.840443E+0
62.733333	2.523454E+0	2.860507E+0
62.800000	2.524749E+0	2.870539E+0
62.866667	2.525396E+0	2.870539E+0
62.933333	2.524749E+0	2.878063E+0
63.000000	2.523454E+0	2.870539E+0
63.066667	2.525396E+0	2.860507E+0
63.133333	2.525396E+0	2.860507E+0
63.200000	2.526043E+0	2.860507E+0
63.266667	2.526043E+0	2.863015E+0
63.333333	2.523454E+0	2.860507E+0
63.400000	2.523454E+0	2.857999E+0
63.466667	2.522160E+0	2.855491E+0
63.533333	2.523454E+0	2.840443E+0
63.600000	2.524101E+0	2.847967E+0
63.666667	2.524101E+0	2.860507E+0
63.733333	2.525396E+0	2.842951E+0
63.800000	2.526043E+0	2.847967E+0
63.866667	2.524749E+0	2.855491E+0
63.933333	2.524749E+0	2.842951E+0
64.000000	2.526690E+0	2.847967E+0
64.066667	2.525396E+0	2.868031E+0
64.133333	2.526043E+0	2.860507E+0
64.200000	2.524749E+0	2.865523E+0
64.266667	2.525396E+0	2.857999E+0
64.333333	2.526690E+0	2.860507E+0
64.400000	2.524101E+0	2.870539E+0
64.466667	2.523454E+0	2.855491E+0
64.533333	2.526690E+0	2.860507E+0
64.600000	2.523454E+0	2.860507E+0
64.666667	2.524101E+0	2.863015E+0
64.733333	2.525396E+0	2.875555E+0
64.800000	2.522807E+0	2.863015E+0
64.866667	2.525396E+0	2.875555E+0
64.933333	2.524101E+0	2.857999E+0
65.000000	2.525396E+0	2.850475E+0
65.066667	2.523454E+0	2.860507E+0
65.133333	2.524101E+0	2.870539E+0
65.200000	2.524749E+0	2.865523E+0
65.266667	2.526043E+0	2.868031E+0
65.333333	2.525396E+0	2.860507E+0
65.400000	2.522807E+0	2.870539E+0
65.466667	2.524749E+0	2.875555E+0
65.533333	2.524101E+0	2.857999E+0
65.600000	2.526043E+0	2.855491E+0
65.666667	2.524749E+0	2.865523E+0
65.733333	2.523454E+0	2.888095E+0
65.800000	2.523454E+0	2.880571E+0
65.866667	2.522160E+0	2.880571E+0
65.933333	2.525396E+0	2.880571E+0
66.000000	2.524101E+0	2.870539E+0
66.066667	2.526690E+0	2.870539E+0
66.133333	2.526690E+0	2.870539E+0
66.200000	2.522807E+0	2.888095E+0
66.266667	2.526043E+0	2.868031E+0
66.333333	2.524101E+0	2.852983E+0
66.400000	2.524749E+0	2.850475E+0
66.466667	2.526690E+0	2.840443E+0
66.533333	2.522807E+0	2.852983E+0
66.600000	2.526690E+0	2.847967E+0
66.666667	2.524101E+0	2.865523E+0
66.733333	2.526690E+0	2.865523E+0
66.800000	2.523454E+0	2.875555E+0
66.866667	2.524101E+0	2.873047E+0
66.933333	2.522807E+0	2.878063E+0
67.000000	2.523454E+0	2.878063E+0
67.066667	2.522807E+0	2.873047E+0
67.133333	2.524749E+0	2.870539E+0
67.200000	2.524749E+0	2.870539E+0
67.266667	2.526690E+0	2.883079E+0
67.333333	2.522807E+0	2.880571E+0
67.400000	2.524749E+0	2.863015E+0
67.466667	2.526690E+0	2.850475E+0
67.533333	2.524749E+0	2.847967E+0
67.600000	2.525396E+0	2.870539E+0
67.666667	2.526043E+0	2.868031E+0
67.733333	2.525396E+0	2.870539E+0
67.800000	2.526690E+0	2.870539E+0
67.866667	2.525396E+0	2.878063E+0
67.933333	2.524101E+0	2.873047E+0
68.000000	2.524749E+0	2.890603E+0
68.066667	2.523454E+0	2.888095E+0
68.133333	2.522807E+0	2.873047E+0
68.200000	2.524749E+0	2.868031E+0
68.266667	2.526690E+0	2.888095E+0
68.333333	2.526690E+0	2.893111E+0
68.400000	2.522807E+0	2.898127E+0
68.466667	2.523454E+0	2.883079E+0
68.533333	2.522160E+0	2.900635E+0
68.600000	2.526690E+0	2.903143E+0
68.666667	2.524101E+0	2.898127E+0
68.733333	2.523454E+0	2.905651E+0
68.800000	2.524101E+0	2.905651E+0
68.866667	2.523454E+0	2.900635E+0
68.933333	2.525396E+0	2.905651E+0
69.000000	2.524101E+0	2.900635E+0
69.066667	2.522807E+0	2.903143E+0
69.133333	2.524101E+0	2.910667E+0
69.200000	2.524749E+0	2.908159E+0
69.266667	2.526043E+0	2.905651E+0
69.333333	2.526690E+0	2.900635E+0
69.400000	2.526043E+0	2.910667E+0
69.466667	2.525396E+0	2.910667E+0
69.533333	2.524749E+0	2.915683E+0
69.600000	2.522160E+0	2.910667E+0
69.666667	2.524101E+0	2.903143E+0
69.733333	2.524101E+0	2.913175E+0
69.800000	2.526690E+0	2.898127E+0
69.866667	2.526690E+0	2.920699E+0
69.933333	2.522160E+0	2.918191E+0
70.000000	2.523454E+0	2.900635E+0
70.066667	2.524101E+0	2.890603E+0
70.133333	2.526690E+0	2.878063E+0
70.200000	2.523454E+0	2.895619E+0
70.266667	2.526690E+0	2.900635E+0
70.333333	2.522807E+0	2.903143E+0
70.400000	2.522160E+0	2.878063E+0
70.466667	2.522160E+0	2.883079E+0
70.533333	2.526690E+0	2.888095E+0
70.600000	2.522807E+0	2.883079E+0
70.666667	2.525396E+0	2.880571E+0
70.733333	2.525396E+0	2.888095E+0
70.800000	2.523454E+0	2.888095E+0
70.866667	2.522807E+0	2.885587E+0
70.933333	2.525396E+0	2.905651E+0
71.000000	2.524749E+0	2.900635E+0
71.066667	2.525396E+0	2.878063E+0
71.133333	2.522807E+0	2.870539E+0
71.200000	2.525396E+0	2.870539E+0
71.266667	2.526690E+0	2.870539E+0
71.333333	2.526043E+0	2.860507E+0
71.400000	2.524749E+0	2.860507E+0
71.466667	2.523454E+0	2.865523E+0
71.533333	2.523454E+0	2.870539E+0
71.600000	2.523454E+0	2.860507E+0
71.666667	2.525396E+0	2.855491E+0
71.733333	2.526690E+0	2.855491E+0
71.800000	2.524101E+0	2.857999E+0
71.866667	2.526690E+0	2.847967E+0
71.933333	2.524101E+0	2.847967E+0
72.000000	2.522807E+0	2.840443E+0
72.066667	2.525396E+0	2.845459E+0
72.133333	2.523454E+0	2.837935E+0
72.200000	2.525396E+0	2.845459E+0
72.266667	2.522807E+0	2.840443E+0
72.333333	2.526690E+0	2.837935E+0
72.400000	2.524749E+0	2.832919E+0
72.466667	2.523454E+0	2.840443E+0
72.533333	2.523454E+0	2.840443E+0
72.600000	2.524749E+0	2.842951E+0
72.666667	2.523454E+0	2.842951E+0
72.733333	2.523454E+0	2.842951E+0
72.800000	2.524749E+0	2.857999E+0
72.866667	2.524101E+0	2.837935E+0
72.933333	2.526043E+0	2.842951E+0
73.000000	2.524749E+0	2.837935E+0
73.066667	2.523454E+0	2.845459E+0
73.133333	2.524101E+0	2.847967E+0
73.200000	2.523454E+0	2.840443E+0
73.266667	2.526690E+0	2.842951E+0
73.333333	2.526043E+0	2.840443E+0
73.400000	2.524101E+0	2.837935E+0
73.466667	2.523454E+0	2.842951E+0
73.533333	2.525396E+0	2.847967E+0
73.600000	2.526043E+0	2.837935E+0
73.666667	2.524101E+0	2.835427E+0
73.733333	2.524101E+0	2.830411E+0
73.800000	2.522807E+0	2.840443E+0
73.866667	2.524101E+0	2.837935E+0
73.933333	2.524101E+0	2.845459E+0
74.000000	2.524101E+0	2.842951E+0
74.066667	2.524101E+0	2.832919E+0
74.133333	2.524101E+0	2.847967E+0
74.200000	2.523454E+0	2.842951E+0
74.266667	2.523454E+0	2.847967E+0
74.333333	2.524101E+0	2.835427E+0
74.400000	2.523454E+0	2.842951E+0
74.466667	2.524101E+0	2.837935E+0
74.533333	2.524101E+0	2.850475E+0
74.600000	2.524101E+0	2.847967E+0
74.666667	2.522160E+0	2.842951E+0
74.733333	2.524101E+0	2.835427E+0
74.800000	2.524749E+0	2.850475E+0
74.866667	2.524749E+0	2.847967E+0
74.933333	2.522160E+0	2.845459E+0
75.000000	2.524101E+0	2.840443E+0
75.066667	2.524101E+0	2.815363E+0
75.133333	2.524749E+0	2.812855E+0
75.200000	2.526690E+0	2.805331E+0
75.266667	2.525396E+0	2.812855E+0
75.333333	2.524749E+0	2.800315E+0
75.400000	2.526690E+0	2.800315E+0
75.466667	2.524101E+0	2.800315E+0
75.533333	2.524101E+0	2.802823E+0
75.600000	2.524101E+0	2.807839E+0
75.666667	2.524749E+0	2.805331E+0
75.733333	2.524749E+0	2.807839E+0
75.800000	2.524101E+0	2.802823E+0
75.866667	2.525396E+0	2.800315E+0
75.933333	2.524749E+0	2.802823E+0
76.000000	2.523454E+0	2.800315E+0
76.066667	2.524749E+0	2.797807E+0
76.133333	2.524749E+0	2.797807E+0
76.200000	2.522160E+0	2.800315E+0
76.266667	2.525396E+0	2.795299E+0
76.333333	2.524101E+0	2.795299E+0
76.400000	2.524749E+0	2.802823E+0
76.466667	2.526043E+0	2.795299E+0
76.533333	2.523454E+0	2.800315E+0
76.600000	2.524101E+0	2.807839E+0
76.666667	2.523454E+0	2.805331E+0
76.733333	2.524101E+0	2.797807E+0
76.800000	2.523454E+0	2.792791E+0
76.866667	2.523454E+0	2.800315E+0
76.933333	2.524749E+0	2.790283E+0
77.000000	2.524101E+0	2.797807E+0
77.066667	2.526690E+0	2.800315E+0
77.133333	2.526043E+0	2.800315E+0
77.200000	2.525396E+0	2.802823E+0
77.266667	2.524749E+0	2.800315E+0
77.333333	2.525396E+0	2.797807E+0
77.400000	2.526043E+0	2.805331E+0
77.466667	2.522807E+0	2.800315E+0
77.533333	2.526043E+0	2.810347E+0
77.600000	2.524749E+0	2.815363E+0
77.666667	2.522160E+0	2.822887E+0
77.733333	2.526690E+0	2.817871E+0
77.800000	2.526043E+0	2.817871E+0
77.866667	2.526043E+0	2.815363E+0
77.933333	2.524749E+0	2.820379E+0
78.000000	2.526690E+0	2.802823E+0
78.066667	2.524101E+0	2.797807E+0
78.133333	2.524749E+0	2.800315E+0
78.200000	2.525396E+0	2.805331E+0
78.266667	2.524101E+0	2.800315E+0
78.333333	2.525396E+0	2.790283E+0
78.400000	2.523454E+0	2.790283E+0
78.466667	2.526043E+0	2.785267E+0
78.533333	2.524749E+0	2.782759E+0
78.600000	2.525396E+0	2.787775E+0
78.666667	2.525396E+0	2.780251E+0
78.733333	2.526690E+0	2.792791E+0
78.800000	2.525396E+0	2.785267E+0
78.866667	2.524101E+0	2.790283E+0
78.933333	2.524749E+0	2.787775E+0
79.000000	2.526690E+0	2.790283E+0
79.066667	2.522807E+0	2.790283E+0
79.133333	2.524749E+0	2.797807E+0
79.200000	2.524101E+0	2.800315E+0
79.266667	2.524101E+0	2.787775E+0
79.333333	2.526043E+0	2.790283E+0
79.400000	2.523454E+0	2.800315E+0
79.466667	2.525396E+0	2.797807E+0
79.533333	2.526690E+0	2.800315E+0
79.600000	2.526043E+0	2.807839E+0
79.666667	2.524101E+0	2.800315E+0
79.733333	2.522160E+0	2.802823E+0
79.800000	2.526043E+0	2.797807E+0
79.866667	2.524749E+0	2.795299E+0
79.933333	2.524101E+0	2.797807E+0
80.000000	2.526690E+0	2.800315E+0
80.066667	2.526690E+0	2.797807E+0
80.133333	2.524749E+0	2.797807E+0
80.200000	2.524101E+0	2.807839E+0
80.266667	2.522807E+0	2.802823E+0
80.333333	2.524101E+0	2.797807E+0
80.400000	2.522807E+0	2.810347E+0
80.466667	2.523454E+0	2.815363E+0
80.533333	2.526690E+0	2.822887E+0
80.600000	2.526690E+0	2.822887E+0
80.666667	2.524101E+0	2.810347E+0
80.733333	2.525396E+0	2.810347E+0
80.800000	2.524101E+0	2.817871E+0
80.866667	2.524749E+0	2.830411E+0
80.933333	2.524749E+0	2.820379E+0
81.000000	2.523454E+0	2.822887E+0
81.066667	2.526690E+0	2.820379E+0
81.133333	2.524101E+0	2.827903E+0
81.200000	2.526690E+0	2.817871E+0
81.266667	2.524749E+0	2.832919E+0
81.333333	2.526690E+0	2.827903E+0
81.400000	2.522160E+0	2.817871E+0
81.466667	2.525396E+0	2.837935E+0
81.533333	2.525396E+0	2.822887E+0
81.600000	2.526690E+0	2.830411E+0
81.666667	2.524749E+0	2.825395E+0
81.733333	2.524101E+0	2.820379E+0
81.800000	2.524749E+0	2.820379E+0
81.866667	2.524101E+0	2.815363E+0
81.933333	2.526043E+0	2.830411E+0
82.000000	2.525396E+0	2.815363E+0
82.066667	2.526043E+0	2.812855E+0
82.133333	2.525396E+0	2.810347E+0
82.200000	2.526043E+0	2.820379E+0
82.266667	2.526690E+0	2.820379E+0
82.333333	2.525396E+0	2.820379E+0
82.400000	2.526043E+0	2.822887E+0
82.466667	2.525396E+0	2.825395E+0
82.533333	2.526043E+0	2.827903E+0
82.600000	2.524101E+0	2.835427E+0
82.666667	2.526043E+0	2.820379E+0
82.733333	2.524749E+0	2.820379E+0
82.800000	2.526043E+0	2.827903E+0
82.866667	2.526043E+0	2.830411E+0
82.933333	2.526043E+0	2.825395E+0
83.000000	2.526690E+0	2.830411E+0
83.066667	2.526043E+0	2.827903E+0
83.133333	2.524101E+0	2.830411E+0
83.200000	2.524101E+0	2.840443E+0
83.266667	2.524749E+0	2.837935E+0
83.333333	2.523454E+0	2.830411E+0
83.400000	2.523454E+0	2.830411E+0
83.466667	2.524749E+0	2.837935E+0
83.533333	2.523454E+0	2.830411E+0
83.600000	2.523454E+0	2.837935E+0
83.666667	2.524101E+0	2.837935E+0
83.733333	2.523454E+0	2.840443E+0
83.800000	2.526690E+0	2.835427E+0
83.866667	2.526690E+0	2.837935E+0
83.933333	2.525396E+0	2.835427E+0
84.000000	2.524749E+0	2.830411E+0
84.066667	2.524101E+0	2.837935E+0
84.133333	2.523454E+0	2.842951E+0
84.200000	2.526690E+0	2.830411E+0
84.266667	2.524749E+0	2.835427E+0
84.333333	2.524101E+0	2.845459E+0
84.400000	2.523454E+0	2.840443E+0
84.466667	2.526690E+0	2.840443E+0
84.533333	2.522807E+0	2.845459E+0
84.600000	2.522807E+0	2.847967E+0
84.666667	2.526043E+0	2.840443E+0
84.733333	2.522807E+0	2.845459E+0
84.800000	2.526690E+0	2.842951E+0
84.866667	2.524749E+0	2.845459E+0
84.933333	2.524749E+0	2.845459E+0
85.000000	2.525396E+0	2.837935E+0
85.066667	2.526690E+0	2.837935E+0
85.133333	2.526690E+0	2.840443E+0
85.200000	2.525396E+0	2.840443E+0
85.266667	2.524101E+0	2.845459E+0
85.333333	2.525396E+0	2.847967E+0
85.400000	2.522807E+0	2.842951E+0
85.466667	2.526043E+0	2.845459E+0
85.533333	2.524101E+0	2.837935E+0
85.600000	2.524101E+0	2.837935E+0
85.666667	2.526690E+0	2.850475E+0
85.733333	2.525396E+0	2.842951E+0
85.800000	2.526043E+0	2.845459E+0
85.866667	2.524101E+0	2.842951E+0
85.933333	2.524749E+0	2.852983E+0
86.000000	2.526690E+0	2.845459E+0
86.066667	2.524749E+0	2.842951E+0
86.133333	2.524749E+0	2.847967E+0
86.200000	2.525396E+0	2.840443E+0
86.266667	2.524101E+0	2.850475E+0
86.333333	2.522807E+0	2.845459E+0
86.400000	2.526690E+0	2.845459E+0
86.466667	2.525396E+0	2.840443E+0
86.533333	2.525396E+0	2.835427E+0
86.600000	2.525396E+0	2.837935E+0
86.666667	2.524749E+0	2.837935E+0
86.733333	2.524749E+0	2.832919E+0
86.800000	2.523454E+0	2.847967E+0
86.866667	2.526043E+0	2.842951E+0
86.933333	2.526690E+0	2.842951E+0
87.000000	2.522807E+0	2.847967E+0
87.066667	2.525396E+0	2.837935E+0
87.133333	2.525396E+0	2.835427E+0
87.200000	2.524749E+0	2.835427E+0
87.266667	2.526690E+0	2.842951E+0
87.333333	2.526690E+0	2.847967E+0
87.400000	2.525396E+0	2.840443E+0
87.466667	2.526043E+0	2.812855E+0
87.533333	2.523454E+0	2.614722E+0
87.600000	2.524101E+0	2.266110E+0
87.666667	2.524101E+0	1.563870E+0
87.733333	2.524101E+0	1.538789E+0
87.800000	2.524749E+0	1.684254E+0
87.866667	2.526043E+0	1.496153E+0
87.933333	2.524101E+0	1.616538E+0
88.000000	2.524749E+0	1.526249E+0
88.066667	2.522807E+0	1.576410E+0
88.133333	2.524749E+0	1.503677E+0
88.200000	2.525396E+0	1.385801E+0
88.266667	2.526043E+0	1.338149E+0
88.333333	2.524749E+0	1.398341E+0
88.400000	2.524749E+0	1.385801E+0
88.466667	2.526690E+0	1.323101E+0
88.533333	2.525396E+0	1.400849E+0
88.600000	2.525396E+0	1.235321E+0
88.666667	2.526043E+0	1.275449E+0
88.733333	2.526043E+0	1.323101E+0
88.800000	2.523454E+0	1.247861E+0
88.866667	2.522807E+0	1.205225E+0
88.933333	2.524749E+0	1.192685E+0
89.000000	2.524101E+0	1.140017E+0
89.066667	2.525396E+0	1.195193E+0
89.133333	2.524749E+0	1.132493E+0
89.200000	2.524101E+0	1.092365E+0
89.266667	2.524101E+0	1.072301E+0
89.333333	2.526043E+0	1.082333E+0
89.400000	2.526690E+0	1.129985E+0
89.466667	2.524101E+0	1.140017E+0
89.533333	2.523454E+0	1.117445E+0
89.600000	2.526043E+0	1.102397E+0
89.666667	2.522807E+0	1.129985E+0
89.733333	2.526690E+0	1.112429E+0
89.800000	2.525396E+0	1.099889E+0
89.866667	2.524749E+0	1.124969E+0
89.933333	2.524101E+0	1.122461E+0
90.000000	2.524101E+0	1.094873E+0
90.066667	2.524101E+0	1.032173E+0
90.133333	2.526043E+0	1.052237E+0
90.200000	2.525396E+0	1.089857E+0
90.266667	2.525396E+0	1.047221E+0
90.333333	2.524101E+0	9.995690E-1
90.400000	2.523454E+0	1.042205E+0
90.466667	2.524749E+0	1.052237E+0
90.533333	2.524101E+0	1.024649E+0
90.600000	2.526690E+0	1.014617E+0
90.666667	2.525396E+0	9.920450E-1
90.733333	2.524749E+0	9.920450E-1
90.800000	2.523454E+0	9.569330E-1
90.866667	2.526043E+0	9.519170E-1
90.933333	2.524749E+0	9.494090E-1
91.000000	2.524749E+0	9.293450E-1
91.066667	2.524749E+0	9.168050E-1
91.133333	2.526043E+0	8.816930E-1
91.200000	2.526690E+0	8.992490E-1
91.266667	2.523454E+0	8.816930E-1
91.333333	2.524101E+0	8.566129E-1
91.400000	2.524101E+0	8.616289E-1
91.466667	2.522807E+0	8.014369E-1
91.533333	2.524101E+0	7.512768E-1
91.600000	2.525396E+0	6.910848E-1
91.666667	2.522807E+0	7.011168E-1
91.733333	2.526690E+0	7.086408E-1
91.800000	2.524101E+0	7.086408E-1
91.866667	2.523454E+0	7.211808E-1
91.933333	2.526690E+0	7.186728E-1
92.000000	2.525396E+0	7.312128E-1
92.066667	2.526690E+0	7.236888E-1
92.133333	2.525396E+0	7.287048E-1
92.200000	2.524101E+0	7.086408E-1
92.266667	2.526690E+0	7.437528E-1
92.333333	2.525396E+0	7.161648E-1
92.400000	2.524101E+0	7.036248E-1
92.466667	2.526043E+0	6.835608E-1
92.533333	2.526043E+0	6.634968E-1
92.600000	2.522807E+0	6.534648E-1
92.666667	2.524101E+0	6.459408E-1
92.733333	2.526043E+0	6.359088E-1
92.800000	2.525396E+0	6.359088E-1
92.866667	2.526043E+0	6.283847E-1
92.933333	2.523454E+0	6.233687E-1
93.000000	2.525396E+0	6.233687E-1
93.066667	2.525396E+0	6.509568E-1
93.133333	2.524101E+0	6.459408E-1
93.200000	2.523454E+0	6.033047E-1
93.266667	2.522160E+0	6.334007E-1
93.333333	2.525396E+0	6.308927E-1
93.400000	2.526690E+0	6.283847E-1
93.466667	2.524749E+0	6.233687E-1
93.533333	2.524749E+0	6.509568E-1
93.600000	2.524101E+0	6.108287E-1
93.666667	2.526690E+0	5.932727E-1
93.733333	2.523454E+0	6.083207E-1
93.800000	2.524101E+0	5.932727E-1
93.866667	2.524749E+0	6.108287E-1
93.933333	2.525396E+0	6.033047E-1
94.000000	2.524101E+0	6.033047E-1
94.066667	2.523454E+0	6.158447E-1
94.133333	2.523454E+0	6.183527E-1
94.200000	2.523454E+0	6.559728E-1
94.266667	2.524749E+0	6.308927E-1
94.333333	2.523454E+0	6.334007E-1
94.400000	2.522807E+0	6.308927E-1
94.466667	2.523454E+0	6.409248E-1
94.533333	2.524749E+0	6.308927E-1
94.600000	2.526043E+0	6.283847E-1
94.666667	2.525396E+0	5.932727E-1
94.733333	2.523454E+0	5.857487E-1
94.800000	2.524749E+0	5.757167E-1
94.866667	2.524101E+0	5.807327E-1
94.933333	2.524749E+0	5.857487E-1
95.000000	2.526043E+0	5.531447E-1
95.066667	2.526690E+0	5.606687E-1
95.133333	2.526043E+0	5.782247E-1
95.200000	2.523454E+0	5.832407E-1
95.266667	2.524749E+0	5.807327E-1
95.333333	2.522807E+0	5.681927E-1
95.400000	2.526043E+0	5.707007E-1
95.466667	2.523454E+0	5.681927E-1
95.533333	2.524749E+0	5.732087E-1
95.600000	2.526043E+0	5.355887E-1
95.666667	2.524101E+0	5.481287E-1
95.733333	2.523454E+0	5.130166E-1
95.800000	2.525396E+0	5.130166E-1
95.866667	2.524749E+0	5.531447E-1
95.933333	2.523454E+0	5.355887E-1
96.000000	2.522807E+0	5.481287E-1
96.066667	2.524101E+0	5.431127E-1
96.133333	2.524101E+0	5.406047E-1
96.200000	2.524101E+0	5.330807E-1
96.266667	2.525396E+0	5.456207E-1
96.333333	2.523454E+0	5.330807E-1
96.400000	2.522807E+0	5.330807E-1
96.466667	2.524749E+0	5.406047E-1
96.533333	2.525396E+0	5.556527E-1
96.600000	2.523454E+0	5.807327E-1
96.666667	2.524101E+0	5.707007E-1
96.733333	2.522807E+0	5.857487E-1
96.800000	2.524101E+0	5.957807E-1
96.866667	2.526690E+0	5.757167E-1
96.933333	2.525396E+0	5.932727E-1
97.000000	2.525396E+0	5.832407E-1
97.066667	2.526690E+0	5.832407E-1
97.133333	2.524101E+0	5.782247E-1
97.200000	2.526690E+0	5.732087E-1
97.266667	2.524749E+0	5.732087E-1
97.333333	2.525396E+0	5.606687E-1
97.400000	2.524101E+0	5.807327E-1
97.466667	2.523454E+0	5.631767E-1
97.533333	2.524101E+0	5.531447E-1
97.600000	2.524749E+0	5.631767E-1
97.666667	2.523454E+0	5.456207E-1
97.733333	2.525396E+0	5.280647E-1
97.800000	2.522807E+0	4.954606E-1
97.866667	2.526043E+0	4.929526E-1
97.933333	2.523454E+0	4.829206E-1
98.000000	2.526690E+0	4.829206E-1
98.066667	2.524101E+0	4.804126E-1
98.133333	2.523454E+0	4.879366E-1
98.200000	2.522807E+0	4.753966E-1
98.266667	2.524101E+0	4.678726E-1
98.333333	2.523454E+0	4.703806E-1
98.400000	2.524749E+0	4.678726E-1
98.466667	2.524749E+0	4.678726E-1
98.533333	2.524749E+0	4.728886E-1
98.600000	2.523454E+0	4.678726E-1
98.666667	2.526043E+0	4.628566E-1
98.733333	2.526690E+0	4.628566E-1
98.800000	2.523454E+0	4.779046E-1
98.866667	2.522807E+0	4.728886E-1
98.933333	2.522160E+0	4.703806E-1
99.000000	2.526043E+0	4.678726E-1
99.066667	2.523454E+0	4.653646E-1
99.133333	2.524101E+0	4.628566E-1
99.200000	2.524101E+0	4.478086E-1
99.266667	2.522807E+0	4.503166E-1
99.333333	2.526690E+0	4.603486E-1
99.400000	2.524749E+0	4.628566E-1
99.466667	2.525396E+0	4.578406E-1
99.533333	2.524101E+0	4.377766E-1
99.600000	2.525396E+0	4.578406E-1
99.666667	2.525396E+0	4.728886E-1
99.733333	2.524101E+0	4.478086E-1
99.800000	2.524101E+0	4.427926E-1
99.866667	2.523454E+0	4.453006E-1
99.933333	2.522807E+0	4.402846E-1
100.000000	2.526690E+0	4.352686E-1
100.066667	2.525396E+0	4.528246E-1
100.133333	2.526043E+0	4.528246E-1
100.200000	2.524749E+0	4.528246E-1
100.266667	2.526043E+0	4.453006E-1
100.333333	2.526043E+0	4.327606E-1
100.400000	2.524101E+0	4.302526E-1
100.466667	2.522807E+0	4.528246E-1
100.533333	2.523454E+0	4.402846E-1
100.600000	2.526690E+0	4.427926E-1
100.666667	2.525396E+0	4.202206E-1
100.733333	2.526690E+0	4.126966E-1
100.800000	2.523454E+0	4.051726E-1
100.866667	2.525396E+0	4.126966E-1
100.933333	2.524101E+0	3.876165E-1
101.000000	2.524101E+0	4.152046E-1
101.066667	2.524101E+0	4.076806E-1
101.133333	2.526043E+0	4.101886E-1
101.200000	2.523454E+0	4.126966E-1
101.266667	2.523454E+0	4.202206E-1
101.333333	2.524749E+0	4.001566E-1
101.400000	2.524101E+0	3.976486E-1
101.466667	2.526043E+0	4.076806E-1
101.533333	2.524101E+0	4.177126E-1
101.600000	2.525396E+0	3.926325E-1
101.666667	2.524749E+0	3.926325E-1
101.733333	2.522807E+0	3.675525E-1
101.800000	2.523454E+0	3.675525E-1
101.866667	2.526690E+0	3.725685E-1
101.933333	2.524749E+0	3.826005E-1
102.000000	2.524749E+0	3.800925E-1
102.066667	2.525396E+0	3.725685E-1
102.133333	2.525396E+0	3.625365E-1
102.200000	2.524101E+0	3.600285E-1
102.266667	2.524749E+0	3.700605E-1
102.333333	2.524749E+0	3.575205E-1
102.400000	2.522160E+0	3.575205E-1
102.466667	2.524749E+0	3.625365E-1
102.533333	2.523454E+0	3.625365E-1
102.600000	2.523454E+0	3.525045E-1
102.666667	2.525396E+0	3.625365E-1
102.733333	2.522807E+0	3.575205E-1
102.800000	2.526690E+0	3.449805E-1
102.866667	2.526690E+0	3.650445E-1
102.933333	2.523454E+0	3.700605E-1
103.000000	2.526043E+0	3.675525E-1
103.066667	2.524101E+0	3.148845E-1
103.133333	2.525396E+0	3.324405E-1
103.200000	2.524101E+0	3.399645E-1
103.266667	2.523454E+0	3.600285E-1
103.333333	2.526043E+0	3.525045E-1
103.400000	2.526043E+0	3.499965E-1
103.466667	2.526043E+0	3.600285E-1
103.533333	2.525396E+0	3.625365E-1
103.600000	2.523454E+0	3.525045E-1
103.666667	2.525396E+0	3.550125E-1
103.733333	2.523454E+0	3.550125E-1
103.800000	2.526690E+0	3.550125E-1
103.866667	2.525396E+0	3.600285E-1
103.933333	2.526043E+0	3.650445E-1
104.000000	2.526043E+0	3.525045E-1
104.066667	2.524749E+0	3.625365E-1
104.133333	2.524749E+0	3.575205E-1
104.200000	2.522160E+0	3.499965E-1
104.266667	2.526690E+0	3.600285E-1
104.333333	2.524749E+0	3.274245E-1
104.400000	2.525396E+0	3.249165E-1
104.466667	2.524101E+0	3.299325E-1
104.533333	2.522807E+0	3.224085E-1
104.600000	2.523454E+0	3.274245E-1
104.666667	2.523454E+0	3.224085E-1
104.733333	2.524101E+0	3.173925E-1
104.800000	2.526690E+0	3.274245E-1
104.866667	2.524749E+0	3.274245E-1
104.933333	2.524749E+0	3.199005E-1
105.000000	2.525396E+0	3.349485E-1
105.066667	2.524101E+0	3.148845E-1
105.133333	2.526043E+0	3.199005E-1
105.200000	2.523454E+0	3.173925E-1
105.266667	2.525396E+0	3.173925E-1
105.333333	2.523454E+0	3.173925E-1
105.400000	2.524101E+0	3.148845E-1
105.466667	2.526690E+0	3.199005E-1
105.533333	2.524749E+0	3.199005E-1
105.600000	2.526690E+0	3.274245E-1
105.666667	2.526690E+0	3.274245E-1
105.733333	2.524101E+0	3.324405E-1
105.800000	2.526690E+0	3.199005E-1
105.866667	2.525396E+0	3.249165E-1
105.933333	2.525396E+0	3.199005E-1
106.000000	2.524101E+0	3.274245E-1
106.066667	2.523454E+0	3.199005E-1
106.133333	2.526043E+0	3.199005E-1
106.200000	2.523454E+0	3.199005E-1
106.266667	2.526043E+0	3.199005E-1
106.333333	2.525396E+0	3.274245E-1
106.400000	2.525396E+0	3.123765E-1
106.466667	2.524749E+0	3.023445E-1
106.533333	2.524101E+0	3.073605E-1
106.600000	2.524749E+0	2.998365E-1
106.666667	2.526043E+0	3.073605E-1
106.733333	2.524101E+0	3.123765E-1
106.800000	2.526043E+0	3.123765E-1
106.866667	2.526690E+0	3.098685E-1
106.933333	2.524749E+0	3.148845E-1
107.000000	2.526043E+0	3.023445E-1
107.066667	2.522807E+0	3.123765E-1
107.133333	2.526043E+0	3.048525E-1
107.200000	2.524101E+0	3.023445E-1
107.266667	2.524749E+0	2.872965E-1
107.333333	2.524101E+0	2.747565E-1
107.400000	2.525396E+0	2.923125E-1
107.466667	2.524101E+0	2.747565E-1
107.533333	2.524101E+0	2.321204E-1
107.600000	2.523454E+0	2.546924E-1
107.666667	2.525396E+0	2.898045E-1
107.733333	2.524749E+0	2.973285E-1
107.800000	2.525396E+0	2.948205E-1
107.866667	2.523454E+0	2.898045E-1
107.933333	2.522807E+0	2.872965E-1
108.000000	2.525396E+0	2.747565E-1
108.066667	2.525396E+0	2.822805E-1
108.133333	2.526690E+0	2.847885E-1
108.200000	2.526690E+0	2.797725E-1
108.266667	2.526043E+0	2.822805E-1
108.333333	2.523454E+0	2.898045E-1
108.400000	2.524749E+0	2.923125E-1
108.466667	2.526690E+0	2.898045E-1
108.533333	2.524749E+0	2.973285E-1
108.600000	2.524101E+0	2.923125E-1
108.666667	2.525396E+0	2.998365E-1
108.733333	2.524101E+0	2.847885E-1
108.800000	2.526690E+0	2.923125E-1
108.866667	2.524101E+0	2.898045E-1
108.933333	2.524749E+0	2.973285E-1
109.000000	2.524101E+0	2.923125E-1
109.066667	2.524101E+0	2.572004E-1
109.133333	2.526690E+0	2.923125E-1
109.200000	2.524101E+0	2.898045E-1
109.266667	2.524749E+0	2.998365E-1
109.333333	2.525396E+0	2.923125E-1
109.400000	2.526690E+0	2.973285E-1
109.466667	2.523454E+0	2.948205E-1
109.533333	2.522160E+0	2.948205E-1
109.600000	2.526690E+0	2.923125E-1
109.666667	2.522160E+0	3.499965E-1
109.733333	2.524101E+0	3.650445E-1
109.800000	2.524101E+0	2.872965E-1
109.866667	2.526043E+0	2.622164E-1
109.933333	2.524101E+0	2.722485E-1
110.000000	2.524749E+0	2.647244E-1
110.066667	2.524749E+0	2.797725E-1
110.133333	2.524101E+0	2.722485E-1
110.200000	2.524749E+0	2.697404E-1
110.266667	2.525396E+0	2.622164E-1
110.333333	2.524749E+0	2.496764E-1
110.400000	2.526690E+0	2.672324E-1
110.466667	2.523454E+0	2.797725E-1
110.533333	2.522807E+0	2.722485E-1
110.600000	2.525396E+0	2.722485E-1
110.666667	2.524749E+0	3.224085E-1
110.733333	2.523454E+0	3.324405E-1
110.800000	2.524101E+0	3.424725E-1
110.866667	2.524101E+0	3.199005E-1
110.933333	2.524101E+0	3.148845E-1
111.000000	2.524749E+0	3.525045E-1
111.066667	2.522807E+0	3.424725E-1
111.133333	2.524749E+0	3.349485E-1
111.200000	2.526043E+0	3.224085E-1
111.266667	2.524749E+0	3.575205E-1
111.333333	2.526690E+0	3.424725E-1
111.400000	2.524749E+0	3.399645E-1
111.466667	2.523454E+0	3.374565E-1
111.533333	2.526690E+0	3.299325E-1
111.600000	2.524749E+0	3.550125E-1
111.666667	2.525396E+0	3.199005E-1
111.733333	2.525396E+0	3.349485E-1
111.800000	2.525396E+0	3.299325E-1
111.866667	2.524749E+0	3.399645E-1
111.933333	2.526043E+0	3.550125E-1
112.000000	2.526043E+0	3.499965E-1
112.066667	2.525396E+0	3.700605E-1
112.133333	2.525396E+0	3.424725E-1
112.200000	2.525396E+0	3.424725E-1
112.266667	2.526690E+0	3.525045E-1
112.333333	2.524101E+0	3.324405E-1
112.400000	2.524101E+0	3.374565E-1
112.466667	2.524749E+0	3.525045E-1
112.533333	2.525396E+0	3.550125E-1
112.600000	2.524101E+0	3.575205E-1
112.666667	2.524101E+0	3.650445E-1
112.733333	2.523454E+0	3.650445E-1
112.800000	2.525396E+0	3.525045E-1
112.866667	2.526690E+0	3.525045E-1
112.933333	2.524101E+0	3.826005E-1
113.000000	2.524101E+0	3.600285E-1
113.066667	2.523454E+0	3.725685E-1
113.133333	2.526043E+0	3.499965E-1
113.200000	2.522807E+0	3.073605E-1
113.266667	2.524101E+0	2.973285E-1
113.333333	2.524101E+0	3.098685E-1
113.400000	2.524101E+0	3.123765E-1
113.466667	2.522807E+0	3.199005E-1
113.533333	2.523454E+0	3.123765E-1
113.600000	2.525396E+0	3.224085E-1
113.666667	2.525396E+0	3.098685E-1
113.733333	2.524749E+0	3.148845E-1
113.800000	2.522807E+0	3.123765E-1
113.866667	2.524101E+0	3.123765E-1
113.933333	2.526690E+0	3.048525E-1
114.000000	2.526690E+0	3.725685E-1
114.066667	2.524749E+0	3.700605E-1
114.133333	2.525396E+0	3.826005E-1
114.200000	2.525396E+0	3.700605E-1
114.266667	2.526043E+0	3.826005E-1
114.333333	2.526690E+0	3.926325E-1
114.400000	2.526043E+0	3.876165E-1
114.466667	2.525396E+0	3.725685E-1
114.533333	2.524749E+0	3.700605E-1
114.600000	2.525396E+0	3.851085E-1
114.666667	2.524101E+0	4.026646E-1
114.733333	2.526043E+0	3.826005E-1
114.800000	2.524101E+0	3.725685E-1
114.866667	2.526690E+0	3.951406E-1
114.933333	2.526690E+0	3.374565E-1
115.000000	2.524749E+0	3.023445E-1
115.066667	2.525396E+0	3.173925E-1
115.133333	2.526690E+0	3.199005E-1
115.200000	2.526043E+0	3.123765E-1
115.266667	2.523454E+0	3.148845E-1
115.333333	2.524749E+0	3.148845E-1
115.400000	2.524749E+0	3.023445E-1
115.466667	2.524101E+0	3.123765E-1
115.533333	2.525396E+0	3.148845E-1
115.600000	2.524101E+0	3.023445E-1
115.666667	2.522807E+0	3.148845E-1
115.733333	2.524101E+0	3.073605E-1
115.800000	2.526690E+0	3.123765E-1
115.866667	2.526043E+0	3.098685E-1
115.933333	2.523454E+0	3.098685E-1
116.000000	2.524101E+0	3.148845E-1
116.066667	2.526043E+0	3.098685E-1
116.133333	2.526690E+0	3.173925E-1
116.200000	2.523454E+0	3.173925E-1
116.266667	2.524101E+0	3.249165E-1
116.333333	2.523454E+0	3.199005E-1
116.400000	2.526690E+0	3.123765E-1
116.466667	2.526043E+0	3.148845E-1
116.533333	2.522807E+0	3.098685E-1
116.600000	2.524101E+0	3.098685E-1
116.666667	2.523454E+0	3.148845E-1
116.733333	2.524101E+0	3.199005E-1
116.800000	2.524101E+0	3.199005E-1
116.866667	2.522807E+0	3.299325E-1
116.933333	2.526690E+0	3.199005E-1
117.000000	2.524101E+0	3.249165E-1
117.066667	2.525396E+0	3.173925E-1
117.133333	2.524749E+0	3.324405E-1
117.200000	2.524101E+0	3.148845E-1
117.266667	2.524101E+0	3.199005E-1
117.333333	2.524101E+0	3.399645E-1
117.400000	2.526043E+0	3.249165E-1
117.466667	2.524101E+0	3.274245E-1
117.533333	2.525396E+0	3.249165E-1
117.600000	2.526690E+0	3.224085E-1
117.666667	2.525396E+0	3.173925E-1
117.733333	2.523454E+0	3.148845E-1
117.800000	2.525396E+0	3.199005E-1
117.866667	2.524749E+0	3.224085E-1
117.933333	2.524101E+0	3.199005E-1
118.000000	2.526043E+0	3.199005E-1
118.066667	2.522807E+0	3.224085E-1
118.133333	2.524749E+0	3.098685E-1
118.200000	2.524749E+0	3.123765E-1
118.266667	2.524749E+0	3.148845E-1
118.333333	2.524101E+0	3.299325E-1
118.400000	2.524101E+0	3.098685E-1
118.466667	2.522807E+0	3.274245E-1
118.533333	2.526043E+0	3.224085E-1
118.600000	2.526043E+0	3.274245E-1
118.666667	2.524101E+0	3.249165E-1
118.733333	2.526690E+0	3.148845E-1
118.800000	2.524101E+0	3.324405E-1
118.866667	2.524749E+0	3.324405E-1
118.933333	2.526690E+0	3.199005E-1
119.000000	2.523454E+0	3.224085E-1
119.066667	2.525396E+0	3.249165E-1
119.133333	2.525396E+0	3.173925E-1
119.200000	2.523454E+0	3.274245E-1
119.266667	2.525396E+0	3.199005E-1
119.333333	2.524101E+0	3.199005E-1
119.400000	2.525396E+0	3.324405E-1
119.466667	2.524749E+0	3.324405E-1
119.533333	2.522807E+0	3.274245E-1
119.600000	2.524749E+0	3.199005E-1
119.666667	2.526043E+0	3.324405E-1
119.733333	2.524101E+0	3.274245E-1
119.800000	2.522807E+0	3.224085E-1
119.866667	2.524101E+0	3.199005E-1
119.933333	2.524749E+0	3.374565E-1
120.000000	2.524749E+0	3.324405E-1
120.066667	2.524101E+0	3.274245E-1
120.133333	2.526043E+0	3.274245E-1
120.200000	2.526043E+0	3.199005E-1
120.266667	2.526043E+0	3.173925E-1
120.333333	2.522807E+0	3.123765E-1
120.400000	2.523454E+0	3.274245E-1
120.466667	2.524749E+0	3.123765E-1
120.533333	2.524101E+0	3.123765E-1
120.600000	2.523454E+0	3.274245E-1
120.666667	2.523454E+0	3.274245E-1
120.733333	2.524101E+0	3.374565E-1
120.800000	2.522160E+0	3.173925E-1
120.866667	2.524749E+0	3.199005E-1
120.933333	2.523454E+0	3.324405E-1
121.000000	2.523454E+0	3.274245E-1
121.066667	2.523454E+0	3.274245E-1
121.133333	2.525396E+0	3.199005E-1
121.200000	2.523454E+0	3.224085E-1
121.266667	2.526690E+0	3.199005E-1
121.333333	2.522807E+0	3.199005E-1
121.400000	2.523454E+0	3.224085E-1
121.466667	2.525396E+0	3.098685E-1
121.533333	2.526690E+0	3.199005E-1
121.600000	2.523454E+0	3.249165E-1
121.666667	2.524101E+0	3.224085E-1
121.733333	2.524101E+0	3.224085E-1
121.800000	2.524101E+0	3.324405E-1
121.866667	2.522807E+0	3.249165E-1
121.933333	2.525396E+0	3.148845E-1
122.000000	2.524101E+0	3.098685E-1
122.066667	2.524101E+0	3.173925E-1
122.133333	2.524749E+0	3.048525E-1
122.200000	2.526690E+0	3.199005E-1
122.266667	2.524101E+0	3.098685E-1
122.333333	2.523454E+0	3.173925E-1
122.400000	2.524101E+0	3.123765E-1
122.466667	2.520865E+0	3.224085E-1
122.533333	2.526043E+0	3.148845E-1
122.600000	2.525396E+0	3.173925E-1
122.666667	2.526690E+0	3.199005E-1
122.733333	2.523454E+0	3.199005E-1
122.800000	2.526043E+0	3.148845E-1
122.866667	2.523454E+0	3.098685E-1
122.933333	2.524101E+0	3.173925E-1
123.000000	2.524749E+0	3.224085E-1
123.066667	2.526043E+0	3.098685E-1
123.133333	2.524101E+0	3.199005E-1
123.200000	2.523454E+0	3.098685E-1
123.266667	2.521512E+0	3.173925E-1
123.333333	2.523454E+0	3.148845E-1
123.400000	2.524101E+0	3.023445E-1
123.466667	2.522807E+0	3.098685E-1
123.533333	2.523454E+0	3.148845E-1
123.600000	2.522807E+0	3.148845E-1
123.666667	2.524749E+0	3.199005E-1
123.733333	2.525396E+0	3.224085E-1
123.800000	2.524101E+0	3.148845E-1
123.866667	2.526043E+0	3.199005E-1
123.933333	2.526043E+0	3.199005E-1
124.000000	2.526043E+0	3.199005E-1
124.066667	2.525396E+0	3.224085E-1
124.133333	2.526690E+0	3.199005E-1
124.200000	2.522807E+0	3.224085E-1
124.266667	2.523454E+0	3.173925E-1
124.333333	2.524101E+0	3.123765E-1
124.400000	2.526043E+0	3.148845E-1
124.466667	2.522807E+0	3.148845E-1
124.533333	2.523454E+0	3.274245E-1
124.600000	2.526690E+0	3.224085E-1
124.666667	2.522160E+0	3.173925E-1
124.733333	2.524101E+0	3.148845E-1
124.800000	2.524101E+0	3.123765E-1
124.866667	2.525396E+0	3.098685E-1
124.933333	2.524101E+0	3.224085E-1
125.000000	2.526690E+0	3.123765E-1
125.066667	2.524749E+0	3.249165E-1
125.133333	2.525396E+0	3.023445E-1
125.200000	2.524101E+0	3.274245E-1
125.266667	2.526043E+0	3.199005E-1
125.333333	2.524749E+0	3.274245E-1
125.400000	2.524749E+0	3.148845E-1
125.466667	2.524101E+0	3.249165E-1
125.533333	2.526043E+0	3.199005E-1
125.600000	2.523454E+0	3.199005E-1
125.666667	2.525396E+0	3.123765E-1
125.733333	2.524101E+0	3.098685E-1
125.800000	2.526043E+0	3.148845E-1
125.866667	2.523454E+0	3.224085E-1
125.933333	2.523454E+0	3.224085E-1
126.000000	2.523454E+0	3.199005E-1
126.066667	2.523454E+0	3.199005E-1
126.133333	2.526690E+0	3.224085E-1
126.200000	2.522160E+0	3.224085E-1
126.266667	2.522160E+0	3.224085E-1
126.333333	2.525396E+0	3.199005E-1
126.400000	2.524749E+0	3.148845E-1
126.466667	2.522807E+0	3.224085E-1
126.533333	2.524101E+0	3.123765E-1
126.600000	2.523454E+0	3.098685E-1
126.666667	2.522807E+0	3.073605E-1
126.733333	2.525396E+0	3.073605E-1
126.800000	2.524101E+0	3.073605E-1
126.866667	2.523454E+0	3.048525E-1
126.933333	2.524749E+0	3.023445E-1
127.000000	2.526690E+0	3.098685E-1
127.066667	2.522807E+0	3.098685E-1
127.133333	2.523454E+0	3.098685E-1
127.200000	2.523454E+0	3.148845E-1
127.266667	2.526690E+0	3.098685E-1
127.333333	2.525396E+0	2.998365E-1
127.400000	2.525396E+0	3.073605E-1
127.466667	2.526690E+0	3.023445E-1
127.533333	2.526043E+0	3.048525E-1
127.600000	2.522807E+0	3.173925E-1
127.666667	2.523454E+0	3.324405E-1
127.733333	2.523454E+0	3.224085E-1
127.800000	2.524101E+0	3.148845E-1
127.866667	2.522160E+0	3.148845E-1
127.933333	2.525396E+0	3.098685E-1
128.000000	2.523454E+0	3.173925E-1
128.066667	2.523454E+0	3.199005E-1
128.133333	2.524749E+0	3.148845E-1
128.200000	2.522807E+0	3.148845E-1
128.266667	2.524749E+0	3.274245E-1
128.333333	2.523454E+0	3.199005E-1
128.400000	2.524749E+0	3.249165E-1
128.466667	2.523454E+0	3.274245E-1
128.533333	2.525396E+0	3.199005E-1
128.600000	2.524101E+0	3.148845E-1
128.666667	2.522807E+0	3.224085E-1
128.733333	2.524749E+0	3.274245E-1
128.800000	2.526043E+0	3.199005E-1
128.866667	2.523454E+0	3.199005E-1
128.933333	2.523454E+0	3.148845E-1
129.000000	2.524749E+0	3.224085E-1
129.066667	2.525396E+0	3.199005E-1
129.133333	2.526690E+0	3.199005E-1
129.200000	2.526043E+0	3.173925E-1
129.266667	2.525396E+0	3.123765E-1
129.333333	2.525396E+0	3.274245E-1
129.400000	2.526690E+0	3.173925E-1
129.466667	2.523454E+0	3.148845E-1
129.533333	2.523454E+0	3.098685E-1
129.600000	2.522807E+0	3.148845E-1
129.666667	2.523454E+0	3.148845E-1
129.733333	2.523454E+0	3.123765E-1
129.800000	2.524101E+0	3.098685E-1
129.866667	2.523454E+0	3.148845E-1
129.933333	2.526043E+0	3.048525E-1
130.000000	2.526043E+0	3.123765E-1
130.066667	2.524101E+0	3.199005E-1
130.133333	2.524749E+0	3.199005E-1
130.200000	2.523454E+0	3.098685E-1
130.266667	2.523454E+0	3.073605E-1
130.333333	2.522807E+0	3.073605E-1
130.400000	2.524749E+0	3.098685E-1
130.466667	2.523454E+0	3.199005E-1
130.533333	2.523454E+0	3.199005E-1
130.600000	2.526043E+0	3.173925E-1
130.666667	2.526690E+0	3.199005E-1
130.733333	2.523454E+0	3.199005E-1
130.800000	2.524101E+0	3.173925E-1
130.866667	2.524749E+0	3.199005E-1
130.933333	2.524101E+0	3.374565E-1
131.000000	2.524101E+0	3.199005E-1
131.066667	2.524749E+0	3.148845E-1
131.133333	2.523454E+0	3.274245E-1
131.200000	2.524101E+0	3.148845E-1
131.266667	2.524101E+0	3.199005E-1
131.333333	2.525396E+0	3.299325E-1
131.400000	2.526043E+0	3.199005E-1
131.466667	2.524749E+0	3.023445E-1
131.533333	2.522807E+0	3.224085E-1
131.600000	2.526690E+0	3.224085E-1
131.666667	2.526043E+0	3.199005E-1
131.733333	2.523454E+0	3.199005E-1
131.800000	2.526043E+0	3.224085E-1
131.866667	2.524101E+0	3.123765E-1
131.933333	2.526690E+0	3.199005E-1
132.000000	2.526043E+0	3.224085E-1
132.066667	2.523454E+0	3.274245E-1
132.133333	2.524749E+0	3.274245E-1
132.200000	2.522160E+0	3.249165E-1
132.266667	2.523454E+0	3.224085E-1
132.333333	2.524101E+0	3.148845E-1
132.400000	2.525396E+0	3.199005E-1
132.466667	2.526690E+0	3.199005E-1
132.533333	2.522160E+0	3.199005E-1
132.600000	2.524749E+0	3.148845E-1
132.666667	2.524749E+0	3.123765E-1
132.733333	2.522160E+0	3.173925E-1
132.800000	2.524749E+0	3.299325E-1
132.866667	2.526043E+0	3.173925E-1
132.933333	2.524101E+0	3.123765E-1
133.000000	2.524749E+0	3.199005E-1
133.066667	2.524749E+0	3.148845E-1
133.133333	2.524749E+0	3.098685E-1
133.200000	2.524749E+0	3.224085E-1
133.266667	2.526043E+0	3.173925E-1
133.333333	2.526690E+0	3.173925E-1
133.400000	2.523454E+0	3.123765E-1
133.466667	2.523454E+0	3.098685E-1
133.533333	2.523454E+0	3.148845E-1
133.600000	2.524749E+0	3.123765E-1
133.666667	2.526690E+0	3.098685E-1
133.733333	2.524101E+0	3.173925E-1
133.800000	2.524101E+0	2.998365E-1
133.866667	2.524101E+0	3.274245E-1
133.933333	2.524101E+0	3.073605E-1
134.000000	2.524101E+0	3.023445E-1
134.066667	2.523454E+0	3.123765E-1
134.133333	2.526690E+0	3.098685E-1
134.200000	2.522807E+0	3.098685E-1
134.266667	2.522807E+0	3.073605E-1
134.333333	2.524749E+0	3.199005E-1
134.400000	2.523454E+0	3.224085E-1
134.466667	2.523454E+0	3.148845E-1
134.533333	2.526690E+0	3.123765E-1
134.600000	2.526043E+0	3.148845E-1
134.666667	2.522807E+0	3.148845E-1
134.733333	2.523454E+0	3.199005E-1
134.800000	2.524101E+0	3.148845E-1
134.866667	2.525396E+0	3.274245E-1
134.933333	2.526690E+0	3.199005E-1
135.000000	2.525396E+0	3.123765E-1
135.066667	2.525396E+0	3.199005E-1
135.133333	2.523454E+0	3.324405E-1
135.200000	2.526690E+0	3.224085E-1
135.266667	2.524101E+0	3.199005E-1
135.333333	2.526043E+0	3.274245E-1
135.400000	2.524101E+0	3.274245E-1
135.466667	2.524101E+0	3.324405E-1
135.533333	2.526690E+0	3.199005E-1
135.600000	2.526043E+0	3.224085E-1
135.666667	2.524749E+0	3.148845E-1
135.733333	2.524749E+0	3.199005E-1
135.800000	2.523454E+0	3.224085E-1
135.866667	2.523454E+0	3.299325E-1
135.933333	2.526043E+0	3.148845E-1
136.000000	2.526690E+0	3.199005E-1
136.066667	2.522160E+0	3.098685E-1
136.133333	2.526690E+0	3.123765E-1
136.200000	2.524101E+0	3.073605E-1
136.266667	2.525396E+0	3.048525E-1
136.333333	2.526043E+0	3.123765E-1
136.400000	2.524101E+0	3.224085E-1
136.466667	2.524749E+0	3.274245E-1
136.533333	2.524101E+0	3.173925E-1
136.600000	2.525396E+0	3.123765E-1
136.666667	2.524101E+0	3.098685E-1
136.733333	2.522807E+0	3.123765E-1
136.800000	2.523454E+0	3.023445E-1
136.866667	2.524101E+0	3.148845E-1
136.933333	2.525396E+0	3.023445E-1
137.000000	2.524101E+0	3.173925E-1
137.066667	2.525396E+0	3.123765E-1
137.133333	2.523454E+0	3.098685E-1
137.200000	2.525396E+0	3.048525E-1
137.266667	2.523454E+0	2.973285E-1
137.333333	2.523454E+0	3.098685E-1
137.400000	2.522807E+0	3.073605E-1
137.466667	2.524749E+0	2.998365E-1
137.533333	2.525396E+0	2.998365E-1
137.600000	2.524101E+0	3.048525E-1
137.666667	2.524749E+0	2.822805E-1
137.733333	2.522807E+0	2.948205E-1
137.800000	2.523454E+0	2.898045E-1
137.866667	2.523454E+0	2.923125E-1
137.933333	2.524101E+0	2.923125E-1
138.000000	2.526043E+0	2.847885E-1
138.066667	2.524101E+0	2.923125E-1
138.133333	2.526043E+0	2.923125E-1
138.200000	2.526690E+0	2.923125E-1
138.266667	2.523454E+0	2.872965E-1
138.333333	2.523454E+0	2.948205E-1
138.400000	2.524101E+0	3.073605E-1
138.466667	2.524101E+0	3.023445E-1
138.533333	2.523454E+0	3.224085E-1
138.600000	2.524101E+0	3.073605E-1
138.666667	2.524101E+0	3.098685E-1
138.733333	2.524749E+0	3.023445E-1
138.800000	2.525396E+0	2.998365E-1
138.866667	2.524749E+0	3.048525E-1
138.933333	2.522807E+0	2.923125E-1
139.000000	2.524101E+0	2.998365E-1
139.066667	2.525396E+0	2.973285E-1
139.133333	2.524101E+0	3.098685E-1
139.200000	2.522807E+0	3.123765E-1
139.266667	2.524749E+0	3.048525E-1
139.333333	2.524101E+0	3.199005E-1
139.400000	2.524101E+0	3.098685E-1
139.466667	2.523454E+0	2.998365E-1
139.533333	2.523454E+0	2.923125E-1
139.600000	2.524101E+0	3.073605E-1
139.666667	2.524101E+0	3.148845E-1
139.733333	2.524101E+0	2.998365E-1
139.800000	2.526690E+0	2.973285E-1
139.866667	2.524749E+0	3.048525E-1
139.933333	2.522807E+0	2.923125E-1
140.000000	2.526043E+0	2.797725E-1
140.066667	2.524101E+0	3.023445E-1
140.133333	2.524101E+0	3.073605E-1
140.200000	2.526043E+0	2.898045E-1
140.266667	2.526043E+0	3.048525E-1
140.333333	2.524101E+0	3.199005E-1
140.400000	2.522807E+0	3.123765E-1
140.466667	2.526690E+0	3.098685E-1
140.533333	2.522807E+0	3.098685E-1
140.600000	2.524749E+0	3.073605E-1
140.666667	2.525396E+0	3.098685E-1
140.733333	2.525396E+0	3.048525E-1
140.800000	2.524101E+0	2.923125E-1
140.866667	2.526690E+0	2.973285E-1
140.933333	2.524101E+0	3.073605E-1
141.000000	2.525396E+0	3.023445E-1
141.066667	2.526043E+0	2.872965E-1
141.133333	2.523454E+0	3.098685E-1
141.200000	2.524749E+0	3.123765E-1
141.266667	2.526043E+0	2.898045E-1
141.333333	2.524101E+0	2.898045E-1
141.400000	2.524101E+0	3.073605E-1
141.466667	2.524749E+0	2.923125E-1
141.533333	2.524749E+0	2.797725E-1
141.600000	2.526043E+0	2.797725E-1
141.666667	2.523454E+0	3.023445E-1
141.733333	2.524749E+0	3.023445E-1
141.800000	2.524749E+0	2.872965E-1
141.866667	2.526690E+0	2.872965E-1
141.933333	2.522807E+0	2.948205E-1
142.000000	2.526043E+0	2.898045E-1
142.066667	2.524749E+0	2.822805E-1
142.133333	2.524101E+0	3.023445E-1
142.200000	2.524749E+0	2.948205E-1
142.266667	2.526690E+0	3.023445E-1
142.333333	2.524101E+0	3.148845E-1
142.400000	2.524101E+0	3.123765E-1
142.466667	2.526043E+0	3.199005E-1
142.533333	2.523454E+0	3.224085E-1
142.600000	2.523454E+0	3.299325E-1
142.666667	2.524101E+0	3.148845E-1
142.733333	2.524101E+0	3.123765E-1
142.800000	2.526043E+0	2.998365E-1
142.866667	2.524749E+0	2.998365E-1
142.933333	2.526690E+0	3.098685E-1
143.000000	2.525396E+0	3.123765E-1
143.066667	2.523454E+0	3.023445E-1
143.133333	2.523454E+0	3.098685E-1
143.200000	2.524749E+0	3.073605E-1
143.266667	2.524749E+0	3.073605E-1
143.333333	2.526690E+0	3.023445E-1
143.400000	2.524101E+0	3.098685E-1
143.466667	2.525396E+0	3.023445E-1
143.533333	2.524749E+0	2.872965E-1
143.600000	2.525396E+0	2.948205E-1
143.666667	2.522807E+0	2.923125E-1
143.733333	2.526043E+0	2.797725E-1
143.800000	2.526690E+0	2.797725E-1

