0.000000	2.524749E+0	4.478086E-1
0.066667	2.522160E+0	4.578406E-1
0.133333	2.526043E+0	4.628566E-1
0.200000	2.524101E+0	4.628566E-1
0.266667	2.525396E+0	4.553326E-1
0.333333	2.523454E+0	4.603486E-1
0.400000	2.524101E+0	4.578406E-1
0.466667	2.526690E+0	4.578406E-1
0.533333	2.526690E+0	4.628566E-1
0.600000	2.526043E+0	4.528246E-1
0.666667	2.526690E+0	4.578406E-1
0.733333	2.526690E+0	4.603486E-1
0.800000	2.524749E+0	4.453006E-1
0.866667	2.525396E+0	4.603486E-1
0.933333	2.524101E+0	4.553326E-1
1.000000	2.526690E+0	4.503166E-1
1.066667	2.524101E+0	4.553326E-1
1.133333	2.524749E+0	4.528246E-1
1.200000	2.524749E+0	4.453006E-1
1.266667	2.526690E+0	4.578406E-1
1.333333	2.524749E+0	4.553326E-1
1.400000	2.524101E+0	4.503166E-1
1.466667	2.525396E+0	4.503166E-1
1.533333	2.526690E+0	4.628566E-1
1.600000	2.526043E+0	4.553326E-1
1.666667	2.523454E+0	4.578406E-1
1.733333	2.526690E+0	4.628566E-1
1.800000	2.525396E+0	4.603486E-1
1.866667	2.521512E+0	4.653646E-1
1.933333	2.525396E+0	4.553326E-1
2.000000	2.524749E+0	4.553326E-1
2.066667	2.524749E+0	4.628566E-1
2.133333	2.524749E+0	4.703806E-1
2.200000	2.524101E+0	4.478086E-1
2.266667	2.523454E+0	4.578406E-1
2.333333	2.524101E+0	4.528246E-1
2.400000	2.523454E+0	4.503166E-1
2.466667	2.526690E+0	4.603486E-1
2.533333	2.522807E+0	4.628566E-1
2.600000	2.524749E+0	4.478086E-1
2.666667	2.523454E+0	4.553326E-1
2.733333	2.524749E+0	4.703806E-1
2.800000	2.524101E+0	4.728886E-1
2.866667	2.524749E+0	5.080006E-1
2.933333	2.525396E+0	4.603486E-1
3.000000	2.522807E+0	4.553326E-1
3.066667	2.524101E+0	4.528246E-1
3.133333	2.525396E+0	4.553326E-1
3.200000	2.524749E+0	4.578406E-1
3.266667	2.524749E+0	4.528246E-1
3.333333	2.526043E+0	4.628566E-1
3.400000	2.524749E+0	4.578406E-1
3.466667	2.524101E+0	4.628566E-1
3.533333	2.523454E+0	1.117445E+0
3.600000	2.524101E+0	1.980198E+0
3.666667	2.526043E+0	2.368938E+0
3.733333	2.525396E+0	2.908159E+0
3.800000	2.526690E+0	2.995939E+0
3.866667	2.526690E+0	3.128863E+0
3.933333	2.524101E+0	2.923207E+0
4.000000	2.522807E+0	3.128863E+0
4.066667	2.524749E+0	2.973367E+0
4.133333	2.524101E+0	3.081211E+0
4.200000	2.524749E+0	3.071179E+0
4.266667	2.524101E+0	3.061147E+0
4.333333	2.524101E+0	3.043591E+0
4.400000	2.522160E+0	3.048607E+0
4.466667	2.525396E+0	3.236707E+0
4.533333	2.526690E+0	2.925715E+0
4.600000	2.524749E+0	3.051115E+0
4.666667	2.524749E+0	2.955811E+0
4.733333	2.524101E+0	3.056131E+0
4.800000	2.526690E+0	3.121339E+0
4.866667	2.523454E+0	3.041083E+0
4.933333	2.523454E+0	3.121339E+0
5.000000	2.522160E+0	3.061147E+0
5.066667	2.522807E+0	3.113815E+0
5.133333	2.522807E+0	3.123847E+0
5.200000	2.525396E+0	3.118831E+0
5.266667	2.526043E+0	3.194071E+0
5.333333	2.526043E+0	3.214135E+0
5.400000	2.523454E+0	2.940763E+0
5.466667	2.525396E+0	3.354583E+0
5.533333	2.522807E+0	3.128863E+0
5.600000	2.523454E+0	3.291883E+0
5.666667	2.525396E+0	3.306931E+0
5.733333	2.525396E+0	3.013495E+0
5.800000	2.526690E+0	3.216643E+0
5.866667	2.524749E+0	3.186547E+0
5.933333	2.525396E+0	3.271819E+0
6.000000	2.522807E+0	3.249247E+0
6.066667	2.524101E+0	3.334519E+0
6.133333	2.524101E+0	3.286867E+0
6.200000	2.524749E+0	3.219151E+0
6.266667	2.525396E+0	3.121339E+0
6.333333	2.524101E+0	3.081211E+0
6.400000	2.526690E+0	3.056131E+0
6.466667	2.524749E+0	3.204103E+0
6.533333	2.524101E+0	3.141403E+0
6.600000	2.524101E+0	2.930731E+0
6.666667	2.524749E+0	3.156451E+0
6.733333	2.526690E+0	3.284359E+0
6.800000	2.524749E+0	3.209119E+0
6.866667	2.526690E+0	3.171499E+0
6.933333	2.526690E+0	3.337027E+0
7.000000	2.524101E+0	3.189055E+0
7.066667	2.525396E+0	3.058639E+0
7.133333	2.524749E+0	3.191563E+0
7.200000	2.526690E+0	3.176515E+0
7.266667	2.525396E+0	3.163975E+0
7.333333	2.524749E+0	3.141403E+0
7.400000	2.524101E+0	3.023527E+0
7.466667	2.524749E+0	3.063655E+0
7.533333	2.526690E+0	3.026035E+0
7.600000	2.524749E+0	3.031051E+0
7.666667	2.523454E+0	3.046099E+0
7.733333	2.525396E+0	3.101275E+0
7.800000	2.524101E+0	3.121339E+0
7.866667	2.522807E+0	3.211627E+0
7.933333	2.524101E+0	3.231691E+0
8.000000	2.524101E+0	3.314455E+0
8.066667	2.522160E+0	3.239215E+0
8.133333	2.524101E+0	3.274327E+0
8.200000	2.522807E+0	3.219151E+0
8.266667	2.523454E+0	3.126355E+0
8.333333	2.526690E+0	3.176515E+0
8.400000	2.524749E+0	3.051115E+0
8.466667	2.526043E+0	3.076195E+0
8.533333	2.522160E+0	3.211627E+0
8.600000	2.524101E+0	3.081211E+0
8.666667	2.522807E+0	3.457411E+0
8.733333	2.524101E+0	3.221659E+0
8.800000	2.524749E+0	3.196579E+0
8.866667	2.523454E+0	3.311947E+0
8.933333	2.524101E+0	3.286867E+0
9.000000	2.524101E+0	3.199087E+0
9.066667	2.523454E+0	3.199087E+0
9.133333	2.522807E+0	3.384679E+0
9.200000	2.526043E+0	3.289375E+0
9.266667	2.524749E+0	3.221659E+0
9.333333	2.523454E+0	3.221659E+0
9.400000	2.525396E+0	3.176515E+0
9.466667	2.526690E+0	3.244231E+0
9.533333	2.526043E+0	3.156451E+0
9.600000	2.526690E+0	3.141403E+0
9.666667	2.525396E+0	3.091243E+0
9.733333	2.524749E+0	3.339535E+0
9.800000	2.523454E+0	3.442363E+0
9.866667	2.523454E+0	3.392203E+0
9.933333	2.524749E+0	3.367123E+0
10.000000	2.523454E+0	3.402235E+0
10.066667	2.523454E+0	3.412267E+0
10.133333	2.526690E+0	3.407251E+0
10.200000	2.523454E+0	3.432331E+0
10.266667	2.524101E+0	3.464935E+0
10.333333	2.524749E+0	3.459919E+0
10.400000	2.525396E+0	3.427315E+0
10.466667	2.524101E+0	3.444871E+0
10.533333	2.526690E+0	3.444871E+0
10.600000	2.524749E+0	3.437347E+0
10.666667	2.523454E+0	3.447379E+0
10.733333	2.524749E+0	3.447379E+0
10.800000	2.526690E+0	3.442363E+0
10.866667	2.524101E+0	3.439855E+0
10.933333	2.524749E+0	3.449887E+0
11.000000	2.524101E+0	3.449887E+0
11.066667	2.524101E+0	3.442363E+0
11.133333	2.524101E+0	3.452395E+0
11.200000	2.525396E+0	3.442363E+0
11.266667	2.526043E+0	3.439855E+0
11.333333	2.526043E+0	3.432331E+0
11.400000	2.522807E+0	3.432331E+0
11.466667	2.525396E+0	3.429823E+0
11.533333	2.525396E+0	3.422299E+0
11.600000	2.523454E+0	3.432331E+0
11.666667	2.524749E+0	3.434839E+0
11.733333	2.524101E+0	3.427315E+0
11.800000	2.524101E+0	3.409759E+0
11.866667	2.522807E+0	3.427315E+0
11.933333	2.524749E+0	3.432331E+0
12.000000	2.524101E+0	3.469951E+0
12.066667	2.526690E+0	3.457411E+0
12.133333	2.526690E+0	3.464935E+0
12.200000	2.523454E+0	3.449887E+0
12.266667	2.526690E+0	3.449887E+0
12.333333	2.524749E+0	3.449887E+0
12.400000	2.526690E+0	3.449887E+0
12.466667	2.526690E+0	3.457411E+0
12.533333	2.526690E+0	3.457411E+0
12.600000	2.526043E+0	3.467443E+0
12.666667	2.525396E+0	3.454903E+0
12.733333	2.525396E+0	3.464935E+0
12.800000	2.524101E+0	3.442363E+0
12.866667	2.525396E+0	3.444871E+0
12.933333	2.526043E+0	3.442363E+0
13.000000	2.526690E+0	3.454903E+0
13.066667	2.525396E+0	3.419791E+0
13.133333	2.524101E+0	3.437347E+0
13.200000	2.524101E+0	3.417283E+0
13.266667	2.524749E+0	3.424807E+0
13.333333	2.525396E+0	3.424807E+0
13.400000	2.522807E+0	3.417283E+0
13.466667	2.524101E+0	3.407251E+0
13.533333	2.524101E+0	3.419791E+0
13.600000	2.523454E+0	3.422299E+0
13.666667	2.525396E+0	3.419791E+0
13.733333	2.523454E+0	3.424807E+0
13.800000	2.522807E+0	3.437347E+0
13.866667	2.522160E+0	3.469951E+0
13.933333	2.524749E+0	3.454903E+0
14.000000	2.524101E+0	3.439855E+0
14.066667	2.526043E+0	3.449887E+0
14.133333	2.525396E+0	3.479983E+0
14.200000	2.523454E+0	3.464935E+0
14.266667	2.526690E+0	3.472459E+0
14.333333	2.523454E+0	3.484999E+0
14.400000	2.522160E+0	3.497539E+0
14.466667	2.526043E+0	3.495031E+0
14.533333	2.526043E+0	3.487507E+0
14.600000	2.524749E+0	3.490015E+0
14.666667	2.524749E+0	3.459919E+0
14.733333	2.525396E+0	3.472459E+0
14.800000	2.522807E+0	3.477475E+0
14.866667	2.523454E+0	3.484999E+0
14.933333	2.524749E+0	3.482491E+0
15.000000	2.524101E+0	3.452395E+0
15.066667	2.524749E+0	3.479983E+0
15.133333	2.526043E+0	3.484999E+0
15.200000	2.524101E+0	3.510079E+0
15.266667	2.524101E+0	3.495031E+0
15.333333	2.522160E+0	3.500047E+0
15.400000	2.523454E+0	3.490015E+0
15.466667	2.526043E+0	3.500047E+0
15.533333	2.524749E+0	3.484999E+0
15.600000	2.524749E+0	3.495031E+0
15.666667	2.523454E+0	3.487507E+0
15.733333	2.523454E+0	3.449887E+0
15.800000	2.523454E+0	3.437347E+0
15.866667	2.526043E+0	3.462427E+0
15.933333	2.522807E+0	3.469951E+0
16.000000	2.525396E+0	3.452395E+0
16.066667	2.524749E+0	3.439855E+0
16.133333	2.524101E+0	3.454903E+0
16.200000	2.526690E+0	3.437347E+0
16.266667	2.522807E+0	3.429823E+0
16.333333	2.524101E+0	3.432331E+0
16.400000	2.523454E+0	3.457411E+0
16.466667	2.523454E+0	3.449887E+0
16.533333	2.526690E+0	3.449887E+0
16.600000	2.525396E+0	3.472459E+0
16.666667	2.525396E+0	3.482491E+0
16.733333	2.525396E+0	3.507571E+0
16.800000	2.522160E+0	3.482491E+0
16.866667	2.524101E+0	3.449887E+0
16.933333	2.524101E+0	3.462427E+0
17.000000	2.525396E+0	3.467443E+0
17.066667	2.526690E+0	3.464935E+0
17.133333	2.523454E+0	3.462427E+0
17.200000	2.523454E+0	3.462427E+0
17.266667	2.524101E+0	3.472459E+0
17.333333	2.524749E+0	3.464935E+0
17.400000	2.525396E+0	3.454903E+0
17.466667	2.525396E+0	3.459919E+0
17.533333	2.526690E+0	3.467443E+0
17.600000	2.523454E+0	3.462427E+0
17.666667	2.522807E+0	3.452395E+0
17.733333	2.523454E+0	3.457411E+0
17.800000	2.526690E+0	3.447379E+0
17.866667	2.523454E+0	3.449887E+0
17.933333	2.525396E+0	3.434839E+0
18.000000	2.523454E+0	3.439855E+0
18.066667	2.525396E+0	3.447379E+0
18.133333	2.526690E+0	3.404743E+0
18.200000	2.522807E+0	3.409759E+0
18.266667	2.524749E+0	3.387187E+0
18.333333	2.524749E+0	3.402235E+0
18.400000	2.523454E+0	3.409759E+0
18.466667	2.526690E+0	3.392203E+0
18.533333	2.526043E+0	3.377155E+0
18.600000	2.524749E+0	3.397219E+0
18.666667	2.524749E+0	3.389695E+0
18.733333	2.524749E+0	3.364615E+0
18.800000	2.524101E+0	3.339535E+0
18.866667	2.524101E+0	3.362107E+0
18.933333	2.526043E+0	3.387187E+0
19.000000	2.522160E+0	3.384679E+0
19.066667	2.523454E+0	3.382171E+0
19.133333	2.523454E+0	3.369631E+0
19.200000	2.524749E+0	3.364615E+0
19.266667	2.526690E+0	3.362107E+0
19.333333	2.526043E+0	3.352075E+0
19.400000	2.522807E+0	3.364615E+0
19.466667	2.524749E+0	3.369631E+0
19.533333	2.526690E+0	3.357091E+0
19.600000	2.523454E+0	3.357091E+0
19.666667	2.526690E+0	3.359599E+0
19.733333	2.526043E+0	3.362107E+0
19.800000	2.524749E+0	3.402235E+0
19.866667	2.526690E+0	3.389695E+0
19.933333	2.524749E+0	3.429823E+0
20.000000	2.524101E+0	3.419791E+0
20.066667	2.526690E+0	3.414775E+0
20.133333	2.525396E+0	3.442363E+0
20.200000	2.524101E+0	3.442363E+0
20.266667	2.526690E+0	3.414775E+0
20.333333	2.524749E+0	3.422299E+0
20.400000	2.526690E+0	3.419791E+0
20.466667	2.526043E+0	3.427315E+0
20.533333	2.525396E+0	3.419791E+0
20.600000	2.523454E+0	3.412267E+0
20.666667	2.526690E+0	3.414775E+0
20.733333	2.522807E+0	3.412267E+0
20.800000	2.526043E+0	3.407251E+0
20.866667	2.524101E+0	3.419791E+0
20.933333	2.524101E+0	3.402235E+0
21.000000	2.524101E+0	3.412267E+0
21.066667	2.525396E+0	3.392203E+0
21.133333	2.525396E+0	3.384679E+0
21.200000	2.522807E+0	3.402235E+0
21.266667	2.526690E+0	3.404743E+0
21.333333	2.524101E+0	3.407251E+0
21.400000	2.523454E+0	3.367123E+0
21.466667	2.523454E+0	3.369631E+0
21.533333	2.524101E+0	3.364615E+0
21.600000	2.522807E+0	3.347059E+0
21.666667	2.523454E+0	3.342043E+0
21.733333	2.522807E+0	3.314455E+0
21.800000	2.524101E+0	3.309439E+0
21.866667	2.524101E+0	3.309439E+0
21.933333	2.524749E+0	3.321979E+0
22.000000	2.525396E+0	3.324487E+0
22.066667	2.524749E+0	3.324487E+0
22.133333	2.524101E+0	3.329503E+0
22.200000	2.526690E+0	3.311947E+0
22.266667	2.524749E+0	3.311947E+0
22.333333	2.524101E+0	3.304423E+0
22.400000	2.524749E+0	3.319471E+0
22.466667	2.525396E+0	3.326995E+0
22.533333	2.525396E+0	3.316963E+0
22.600000	2.525396E+0	3.299407E+0
22.666667	2.523454E+0	3.304423E+0
22.733333	2.526043E+0	3.304423E+0
22.800000	2.523454E+0	3.311947E+0
22.866667	2.525396E+0	3.296899E+0
22.933333	2.524101E+0	3.332011E+0
23.000000	2.526043E+0	3.344551E+0
23.066667	2.522807E+0	3.357091E+0
23.133333	2.524749E+0	3.339535E+0
23.200000	2.524749E+0	3.362107E+0
23.266667	2.522807E+0	3.324487E+0
23.333333	2.524101E+0	3.321979E+0
23.400000	2.526690E+0	3.314455E+0
23.466667	2.525396E+0	3.321979E+0
23.533333	2.525396E+0	3.291883E+0
23.600000	2.525396E+0	3.281851E+0
23.666667	2.525396E+0	3.296899E+0
23.733333	2.524101E+0	3.281851E+0
23.800000	2.523454E+0	3.289375E+0
23.866667	2.524749E+0	3.271819E+0
23.933333	2.525396E+0	3.291883E+0
24.000000	2.525396E+0	3.289375E+0
24.066667	2.525396E+0	3.284359E+0
24.133333	2.524101E+0	3.291883E+0
24.200000	2.526043E+0	3.279343E+0
24.266667	2.526043E+0	3.281851E+0
24.333333	2.526690E+0	3.281851E+0
24.400000	2.524101E+0	3.281851E+0
24.466667	2.525396E+0	3.296899E+0
24.533333	2.525396E+0	3.274327E+0
24.600000	2.525396E+0	3.271819E+0
24.666667	2.524101E+0	3.251755E+0
24.733333	2.524101E+0	3.264295E+0
24.800000	2.523454E+0	3.266803E+0
24.866667	2.525396E+0	3.259279E+0
24.933333	2.526690E+0	3.261787E+0
25.000000	2.526690E+0	3.266803E+0
25.066667	2.525396E+0	3.281851E+0
25.133333	2.525396E+0	3.256771E+0
25.200000	2.526690E+0	3.259279E+0
25.266667	2.524101E+0	3.256771E+0
25.333333	2.524101E+0	3.281851E+0
25.400000	2.526690E+0	3.304423E+0
25.466667	2.524749E+0	3.284359E+0
25.533333	2.522807E+0	3.306931E+0
25.600000	2.526690E+0	3.316963E+0
25.666667	2.526690E+0	3.316963E+0
25.733333	2.523454E+0	3.311947E+0
25.800000	2.525396E+0	3.306931E+0
25.866667	2.526690E+0	3.324487E+0
25.933333	2.524749E+0	3.296899E+0
26.000000	2.524101E+0	3.249247E+0
26.066667	2.524101E+0	3.234199E+0
26.133333	2.524749E+0	3.246739E+0
26.200000	2.524101E+0	3.251755E+0
26.266667	2.525396E+0	3.234199E+0
26.333333	2.524101E+0	3.219151E+0
26.400000	2.525396E+0	3.219151E+0
26.466667	2.523454E+0	3.239215E+0
26.533333	2.525396E+0	3.236707E+0
26.600000	2.526043E+0	3.236707E+0
26.666667	2.523454E+0	3.251755E+0
26.733333	2.524101E+0	3.224167E+0
26.800000	2.522807E+0	3.231691E+0
26.866667	2.522807E+0	3.234199E+0
26.933333	2.526690E+0	3.231691E+0
27.000000	2.526043E+0	3.221659E+0
27.066667	2.522160E+0	3.231691E+0
27.133333	2.524101E+0	3.229183E+0
27.200000	2.523454E+0	3.226675E+0
27.266667	2.524101E+0	3.236707E+0
27.333333	2.526043E+0	3.241723E+0
27.400000	2.526043E+0	3.256771E+0
27.466667	2.524101E+0	3.266803E+0
27.533333	2.523454E+0	3.259279E+0
27.600000	2.526043E+0	3.276835E+0
27.666667	2.524101E+0	3.259279E+0
27.733333	2.524101E+0	3.266803E+0
27.800000	2.525396E+0	3.264295E+0
27.866667	2.523454E+0	3.284359E+0
27.933333	2.522807E+0	3.284359E+0
28.000000	2.523454E+0	3.286867E+0
28.066667	2.522807E+0	3.296899E+0
28.133333	2.526690E+0	3.304423E+0
28.200000	2.523454E+0	3.304423E+0
28.266667	2.526043E+0	3.299407E+0
28.333333	2.524101E+0	3.274327E+0
28.400000	2.525396E+0	3.274327E+0
28.466667	2.523454E+0	3.294391E+0
28.533333	2.522807E+0	3.299407E+0
28.600000	2.525396E+0	3.296899E+0
28.666667	2.524101E+0	3.291883E+0
28.733333	2.526690E+0	3.289375E+0
28.800000	2.525396E+0	3.311947E+0
28.866667	2.524101E+0	3.284359E+0
28.933333	2.524101E+0	3.281851E+0
29.000000	2.522807E+0	3.264295E+0
29.066667	2.524101E+0	3.281851E+0
29.133333	2.524101E+0	3.281851E+0
29.200000	2.527337E+0	3.296899E+0
29.266667	2.522807E+0	3.326995E+0
29.333333	2.524101E+0	3.321979E+0
29.400000	2.524749E+0	3.347059E+0
29.466667	2.523454E+0	3.357091E+0
29.533333	2.524749E+0	3.352075E+0
29.600000	2.524101E+0	3.357091E+0
29.666667	2.523454E+0	3.359599E+0
29.733333	2.523454E+0	3.316963E+0
29.800000	2.526690E+0	3.332011E+0
29.866667	2.523454E+0	3.344551E+0
29.933333	2.526043E+0	3.324487E+0
30.000000	2.525396E+0	3.332011E+0
30.066667	2.523454E+0	3.324487E+0
30.133333	2.525396E+0	3.337027E+0
30.200000	2.523454E+0	3.329503E+0
30.266667	2.524749E+0	3.324487E+0
30.333333	2.523454E+0	3.321979E+0
30.400000	2.524101E+0	3.321979E+0
30.466667	2.523454E+0	3.306931E+0
30.533333	2.522807E+0	3.311947E+0
30.600000	2.524101E+0	3.319471E+0
30.666667	2.526043E+0	3.299407E+0
30.733333	2.524749E+0	3.311947E+0
30.800000	2.524101E+0	3.284359E+0
30.866667	2.522807E+0	3.326995E+0
30.933333	2.524101E+0	3.329503E+0
31.000000	2.524749E+0	3.326995E+0
31.066667	2.526690E+0	3.332011E+0
31.133333	2.525396E+0	3.321979E+0
31.200000	2.523454E+0	3.337027E+0
31.266667	2.524101E+0	3.329503E+0
31.333333	2.524749E+0	3.339535E+0
31.400000	2.524749E+0	3.321979E+0
31.466667	2.524749E+0	3.334519E+0
31.533333	2.522160E+0	3.337027E+0
31.600000	2.525396E+0	3.337027E+0
31.666667	2.525396E+0	3.324487E+0
31.733333	2.523454E+0	3.339535E+0
31.800000	2.525396E+0	3.319471E+0
31.866667	2.526043E+0	3.301915E+0
31.933333	2.523454E+0	3.294391E+0
32.000000	2.524101E+0	3.296899E+0
32.066667	2.524101E+0	3.281851E+0
32.133333	2.526690E+0	3.294391E+0
32.200000	2.524101E+0	3.284359E+0
32.266667	2.524101E+0	3.294391E+0
32.333333	2.526043E+0	3.291883E+0
32.400000	2.524101E+0	3.281851E+0
32.466667	2.526043E+0	3.289375E+0
32.533333	2.524101E+0	3.274327E+0
32.600000	2.526043E+0	3.281851E+0
32.666667	2.522807E+0	3.289375E+0
32.733333	2.526690E+0	3.294391E+0
32.800000	2.526043E+0	3.294391E+0
32.866667	2.525396E+0	3.281851E+0
32.933333	2.525396E+0	3.286867E+0
33.000000	2.522160E+0	3.296899E+0
33.066667	2.524749E+0	3.301915E+0
33.133333	2.524749E+0	3.291883E+0
33.200000	2.524749E+0	3.289375E+0
33.266667	2.522807E+0	3.301915E+0
33.333333	2.522807E+0	3.311947E+0
33.400000	2.523454E+0	3.321979E+0
33.466667	2.524749E+0	3.301915E+0
33.533333	2.525396E+0	3.301915E+0
33.600000	2.524749E+0	3.314455E+0
33.666667	2.522807E+0	3.289375E+0
33.733333	2.525396E+0	3.281851E+0
33.800000	2.525396E+0	3.294391E+0
33.866667	2.525396E+0	3.291883E+0
33.933333	2.525396E+0	3.269311E+0
34.000000	2.525396E+0	3.264295E+0
34.066667	2.524101E+0	3.279343E+0
34.133333	2.522807E+0	3.281851E+0
34.200000	2.526690E+0	3.276835E+0
34.266667	2.526690E+0	3.279343E+0
34.333333	2.526690E+0	3.279343E+0
34.400000	2.526043E+0	3.304423E+0
34.466667	2.524101E+0	3.309439E+0
34.533333	2.526043E+0	3.321979E+0
34.600000	2.523454E+0	3.324487E+0
34.666667	2.526043E+0	3.337027E+0
34.733333	2.524749E+0	3.359599E+0
34.800000	2.524749E+0	3.359599E+0
34.866667	2.524749E+0	3.349567E+0
34.933333	2.523454E+0	3.354583E+0
35.000000	2.524749E+0	3.359599E+0
35.066667	2.524101E+0	3.359599E+0
35.133333	2.522807E+0	3.334519E+0
35.200000	2.523454E+0	3.342043E+0
35.266667	2.525396E+0	3.329503E+0
35.333333	2.526043E+0	3.321979E+0
35.400000	2.525396E+0	3.324487E+0
35.466667	2.522807E+0	3.352075E+0
35.533333	2.523454E+0	3.339535E+0
35.600000	2.522160E+0	3.339535E+0
35.666667	2.524749E+0	3.314455E+0
35.733333	2.523454E+0	3.309439E+0
35.800000	2.526043E+0	3.319471E+0
35.866667	2.522807E+0	3.316963E+0
35.933333	2.524749E+0	3.319471E+0
36.000000	2.524749E+0	3.316963E+0
36.066667	2.523454E+0	3.301915E+0
36.133333	2.522807E+0	3.296899E+0
36.200000	2.526043E+0	3.294391E+0
36.266667	2.526043E+0	3.289375E+0
36.333333	2.522807E+0	3.286867E+0
36.400000	2.524101E+0	3.271819E+0
36.466667	2.522160E+0	3.294391E+0
36.533333	2.525396E+0	3.281851E+0
36.600000	2.524101E+0	3.269311E+0
36.666667	2.524101E+0	3.276835E+0
36.733333	2.526690E+0	3.274327E+0
36.800000	2.524101E+0	3.286867E+0
36.866667	2.523454E+0	3.279343E+0
36.933333	2.524749E+0	3.284359E+0
37.000000	2.526690E+0	3.291883E+0
37.066667	2.526043E+0	3.296899E+0
37.133333	2.523454E+0	3.299407E+0
37.200000	2.526043E+0	3.311947E+0
37.266667	2.524749E+0	3.301915E+0
37.333333	2.526690E+0	3.311947E+0
37.400000	2.523454E+0	3.321979E+0
37.466667	2.524749E+0	3.316963E+0
37.533333	2.523454E+0	3.309439E+0
37.600000	2.522807E+0	3.311947E+0
37.666667	2.524749E+0	3.311947E+0
37.733333	2.522160E+0	3.316963E+0
37.800000	2.523454E+0	3.294391E+0
37.866667	2.526043E+0	3.299407E+0
37.933333	2.524101E+0	3.291883E+0
38.000000	2.524101E+0	3.271819E+0
38.066667	2.525396E+0	3.291883E+0
38.133333	2.524749E+0	3.286867E+0
38.200000	2.524101E+0	3.324487E+0
38.266667	2.523454E+0	3.301915E+0
38.333333	2.524101E+0	3.309439E+0
38.400000	2.524749E+0	3.311947E+0
38.466667	2.525396E+0	3.304423E+0
38.533333	2.523454E+0	3.314455E+0
38.600000	2.526043E+0	3.291883E+0
38.666667	2.523454E+0	3.271819E+0
38.733333	2.524101E+0	3.276835E+0
38.800000	2.524101E+0	3.281851E+0
38.866667	2.524749E+0	3.276835E+0
38.933333	2.525396E+0	3.299407E+0
39.000000	2.522807E+0	3.332011E+0
39.066667	2.522807E+0	3.321979E+0
39.133333	2.524749E+0	3.309439E+0
39.200000	2.526043E+0	3.332011E+0
39.266667	2.524749E+0	3.342043E+0
39.333333	2.523454E+0	3.339535E+0
39.400000	2.526690E+0	3.337027E+0
39.466667	2.525396E+0	3.332011E+0
39.533333	2.526043E+0	3.326995E+0
39.600000	2.523454E+0	3.321979E+0
39.666667	2.522807E+0	3.326995E+0
39.733333	2.524101E+0	3.337027E+0
39.800000	2.524749E+0	3.342043E+0
39.866667	2.524749E+0	3.332011E+0
39.933333	2.524101E+0	3.319471E+0
40.000000	2.526690E+0	3.339535E+0
40.066667	2.523454E+0	3.337027E+0
40.133333	2.523454E+0	3.329503E+0
40.200000	2.526043E+0	3.319471E+0
40.266667	2.526690E+0	3.309439E+0
40.333333	2.522807E+0	3.304423E+0
40.400000	2.525396E+0	3.314455E+0
40.466667	2.526690E+0	3.301915E+0
40.533333	2.524101E+0	3.294391E+0
40.600000	2.523454E+0	3.306931E+0
40.666667	2.523454E+0	3.289375E+0
40.733333	2.523454E+0	3.301915E+0
40.800000	2.526690E+0	3.294391E+0
40.866667	2.524101E+0	3.289375E+0
40.933333	2.526690E+0	3.291883E+0
41.000000	2.522160E+0	3.296899E+0
41.066667	2.526043E+0	3.291883E+0
41.133333	2.526690E+0	3.294391E+0
41.200000	2.523454E+0	3.299407E+0
41.266667	2.524749E+0	3.296899E+0
41.333333	2.525396E+0	3.304423E+0
41.400000	2.523454E+0	3.296899E+0
41.466667	2.524101E+0	3.294391E+0
41.533333	2.525396E+0	3.304423E+0
41.600000	2.525396E+0	3.291883E+0
41.666667	2.523454E+0	3.301915E+0
41.733333	2.524101E+0	3.309439E+0
41.800000	2.524101E+0	3.294391E+0
41.866667	2.524101E+0	3.296899E+0
41.933333	2.524749E+0	3.301915E+0
42.000000	2.526043E+0	3.311947E+0
42.066667	2.525396E+0	3.306931E+0
42.133333	2.524101E+0	3.301915E+0
42.200000	2.524749E+0	3.296899E+0
42.266667	2.524101E+0	3.309439E+0
42.333333	2.526690E+0	3.314455E+0
42.400000	2.523454E+0	3.316963E+0
42.466667	2.523454E+0	3.314455E+0
42.533333	2.523454E+0	3.294391E+0
42.600000	2.524749E+0	3.314455E+0
42.666667	2.523454E+0	3.309439E+0
42.733333	2.524101E+0	3.296899E+0
42.800000	2.524101E+0	3.311947E+0
42.866667	2.525396E+0	3.311947E+0
42.933333	2.526690E+0	3.304423E+0
43.000000	2.524749E+0	3.301915E+0
43.066667	2.526043E+0	3.296899E+0
43.133333	2.525396E+0	3.301915E+0
43.200000	2.525396E+0	3.311947E+0
43.266667	2.526690E+0	3.309439E+0
43.333333	2.525396E+0	3.301915E+0
43.400000	2.524749E+0	3.309439E+0
43.466667	2.525396E+0	3.301915E+0
43.533333	2.522807E+0	3.299407E+0
43.600000	2.526043E+0	3.289375E+0
43.666667	2.524749E+0	3.281851E+0
43.733333	2.523454E+0	3.291883E+0
43.800000	2.524101E+0	3.309439E+0
43.866667	2.524749E+0	3.304423E+0
43.933333	2.523454E+0	3.321979E+0
44.000000	2.523454E+0	3.334519E+0
44.066667	2.524101E+0	3.342043E+0
44.133333	2.523454E+0	3.332011E+0
44.200000	2.520218E+0	3.332011E+0
44.266667	2.526043E+0	3.324487E+0
44.333333	2.523454E+0	3.337027E+0
44.400000	2.524101E+0	3.332011E+0
44.466667	2.526690E+0	3.344551E+0
44.533333	2.524749E+0	3.352075E+0
44.600000	2.525396E+0	3.369631E+0
44.666667	2.525396E+0	3.362107E+0
44.733333	2.525396E+0	3.349567E+0
44.800000	2.524101E+0	3.349567E+0
44.866667	2.525396E+0	3.357091E+0
44.933333	2.522807E+0	3.344551E+0
45.000000	2.525396E+0	3.339535E+0
45.066667	2.524749E+0	3.352075E+0
45.133333	2.525396E+0	3.352075E+0
45.200000	2.525396E+0	3.382171E+0
45.266667	2.524101E+0	3.382171E+0
45.333333	2.524101E+0	3.372139E+0
45.400000	2.523454E+0	3.382171E+0
45.466667	2.523454E+0	3.389695E+0
45.533333	2.525396E+0	3.387187E+0
45.600000	2.524101E+0	3.389695E+0
45.666667	2.524101E+0	3.387187E+0
45.733333	2.522807E+0	3.384679E+0
45.800000	2.524749E+0	3.397219E+0
45.866667	2.526690E+0	3.399727E+0
45.933333	2.523454E+0	3.394711E+0
46.000000	2.526690E+0	3.387187E+0
46.066667	2.524749E+0	3.369631E+0
46.133333	2.522807E+0	3.382171E+0
46.200000	2.525396E+0	3.394711E+0
46.266667	2.526690E+0	3.384679E+0
46.333333	2.524749E+0	3.384679E+0
46.400000	2.524749E+0	3.382171E+0
46.466667	2.526043E+0	3.374647E+0
46.533333	2.525396E+0	3.374647E+0
46.600000	2.523454E+0	3.364615E+0
46.666667	2.524101E+0	3.384679E+0
46.733333	2.524101E+0	3.389695E+0
46.800000	2.523454E+0	3.374647E+0
46.866667	2.524101E+0	3.367123E+0
46.933333	2.523454E+0	3.362107E+0
47.000000	2.526043E+0	3.362107E+0
47.066667	2.525396E+0	3.372139E+0
47.133333	2.525396E+0	3.369631E+0
47.200000	2.524749E+0	3.377155E+0
47.266667	2.526690E+0	3.392203E+0
47.333333	2.526690E+0	3.392203E+0
47.400000	2.523454E+0	3.387187E+0
47.466667	2.526690E+0	3.382171E+0
47.533333	2.524749E+0	3.412267E+0
47.600000	2.522160E+0	3.397219E+0
47.666667	2.524101E+0	3.389695E+0
47.733333	2.524749E+0	3.362107E+0
47.800000	2.522160E+0	3.354583E+0
47.866667	2.525396E+0	3.362107E+0
47.933333	2.524101E+0	3.354583E+0
48.000000	2.522807E+0	3.352075E+0
48.066667	2.525396E+0	3.369631E+0
48.133333	2.526043E+0	3.357091E+0
48.200000	2.524749E+0	3.372139E+0
48.266667	2.525396E+0	3.352075E+0
48.333333	2.522807E+0	3.364615E+0
48.400000	2.522160E+0	3.362107E+0
48.466667	2.524749E+0	3.357091E+0
48.533333	2.524749E+0	3.359599E+0
48.600000	2.525396E+0	3.352075E+0
48.666667	2.526690E+0	3.332011E+0
48.733333	2.523454E+0	3.324487E+0
48.800000	2.524101E+0	3.311947E+0
48.866667	2.523454E+0	3.324487E+0
48.933333	2.526690E+0	3.314455E+0
49.000000	2.524101E+0	3.319471E+0
49.066667	2.524101E+0	3.296899E+0
49.133333	2.526043E+0	3.301915E+0
49.200000	2.524101E+0	3.311947E+0
49.266667	2.526690E+0	3.311947E+0
49.333333	2.526690E+0	3.311947E+0
49.400000	2.523454E+0	3.311947E+0
49.466667	2.526690E+0	3.314455E+0
49.533333	2.524101E+0	3.296899E+0
49.600000	2.524101E+0	3.311947E+0
49.666667	2.525396E+0	3.326995E+0
49.733333	2.526043E+0	3.244231E+0
49.800000	2.526043E+0	2.938255E+0
49.866667	2.524101E+0	1.563870E+0
49.933333	2.523454E+0	4.553326E-1
50.000000	2.522160E+0	4.578406E-1
50.066667	2.523454E+0	4.678726E-1
50.133333	2.522160E+0	4.528246E-1
50.200000	2.526690E+0	4.578406E-1
50.266667	2.526043E+0	4.653646E-1
50.333333	2.526690E+0	4.503166E-1
50.400000	2.526690E+0	4.503166E-1
50.466667	2.522807E+0	4.628566E-1
50.533333	2.522807E+0	4.553326E-1
50.600000	2.526043E+0	4.578406E-1
50.666667	2.525396E+0	4.578406E-1
50.733333	2.524101E+0	4.628566E-1
50.800000	2.522807E+0	4.578406E-1
50.866667	2.524749E+0	4.703806E-1
50.933333	2.526043E+0	4.553326E-1
51.000000	2.524749E+0	4.653646E-1
51.066667	2.523454E+0	4.628566E-1
51.133333	2.522807E+0	4.603486E-1
51.200000	2.524749E+0	4.628566E-1
51.266667	2.524101E+0	4.578406E-1
51.333333	2.524749E+0	4.628566E-1
51.400000	2.525396E+0	4.503166E-1
51.466667	2.526690E+0	4.578406E-1
51.533333	2.525396E+0	4.578406E-1
51.600000	2.524749E+0	4.503166E-1
51.666667	2.524101E+0	4.703806E-1
51.733333	2.523454E+0	4.553326E-1
51.800000	2.523454E+0	4.578406E-1
51.866667	2.522807E+0	4.653646E-1
51.933333	2.524101E+0	4.503166E-1
52.000000	2.523454E+0	4.578406E-1
52.066667	2.525396E+0	4.628566E-1
52.133333	2.523454E+0	4.528246E-1
52.200000	2.523454E+0	4.628566E-1
52.266667	2.524101E+0	4.553326E-1
52.333333	2.525396E+0	4.478086E-1
52.400000	2.524749E+0	4.628566E-1
52.466667	2.523454E+0	4.628566E-1
52.533333	2.524101E+0	4.478086E-1
52.600000	2.525396E+0	4.553326E-1
52.666667	2.524749E+0	4.553326E-1
52.733333	2.526043E+0	4.553326E-1
52.800000	2.526690E+0	4.553326E-1
52.866667	2.526043E+0	4.628566E-1
52.933333	2.522807E+0	4.553326E-1
53.000000	2.524101E+0	4.503166E-1
53.066667	2.525396E+0	4.578406E-1
53.133333	2.523454E+0	4.528246E-1
53.200000	2.525396E+0	4.503166E-1
53.266667	2.525396E+0	4.628566E-1
53.333333	2.527337E+0	4.478086E-1
53.400000	2.524749E+0	4.503166E-1
53.466667	2.524101E+0	4.553326E-1
53.533333	2.524749E+0	4.528246E-1
53.600000	2.523454E+0	4.578406E-1
53.666667	2.524749E+0	4.578406E-1
53.733333	2.525396E+0	4.503166E-1
53.800000	2.523454E+0	4.553326E-1
53.866667	2.524101E+0	4.628566E-1
53.933333	2.523454E+0	4.528246E-1
54.000000	2.523454E+0	4.528246E-1
54.066667	2.524749E+0	4.678726E-1
54.133333	2.524749E+0	4.478086E-1
54.200000	2.523454E+0	4.553326E-1
54.266667	2.525396E+0	4.678726E-1
54.333333	2.524749E+0	4.478086E-1
54.400000	2.524101E+0	4.578406E-1
54.466667	2.526690E+0	4.628566E-1
54.533333	2.525396E+0	4.528246E-1
54.600000	2.526690E+0	4.578406E-1
54.666667	2.524749E+0	4.553326E-1
54.733333	2.526690E+0	4.503166E-1
54.800000	2.525396E+0	4.628566E-1
54.866667	2.525396E+0	4.628566E-1
54.933333	2.523454E+0	4.528246E-1
55.000000	2.524101E+0	4.628566E-1
55.066667	2.523454E+0	4.653646E-1
55.133333	2.526043E+0	4.528246E-1
55.200000	2.524749E+0	4.653646E-1
55.266667	2.525396E+0	4.703806E-1
55.333333	2.524749E+0	4.578406E-1
55.400000	2.524101E+0	4.503166E-1
55.466667	2.524101E+0	4.653646E-1
55.533333	2.525396E+0	4.628566E-1
55.600000	2.524101E+0	4.628566E-1
55.666667	2.526690E+0	4.628566E-1
55.733333	2.525396E+0	4.528246E-1
55.800000	2.524101E+0	4.503166E-1
55.866667	2.522160E+0	4.628566E-1
55.933333	2.524101E+0	4.603486E-1
56.000000	2.524101E+0	4.503166E-1
56.066667	2.525396E+0	4.628566E-1
56.133333	2.524101E+0	4.628566E-1
56.200000	2.526690E+0	4.578406E-1
56.266667	2.526690E+0	4.628566E-1
56.333333	2.526690E+0	4.528246E-1
56.400000	2.522160E+0	4.578406E-1
56.466667	2.526690E+0	4.628566E-1
56.533333	2.523454E+0	4.553326E-1
56.600000	2.526690E+0	4.578406E-1
56.666667	2.524101E+0	4.678726E-1
56.733333	2.524749E+0	4.603486E-1
56.800000	2.524101E+0	4.503166E-1
56.866667	2.522807E+0	4.628566E-1
56.933333	2.524101E+0	4.503166E-1
57.000000	2.523454E+0	4.578406E-1
57.066667	2.522807E+0	4.628566E-1
57.133333	2.526043E+0	4.528246E-1
57.200000	2.525396E+0	4.628566E-1
57.266667	2.524101E+0	4.703806E-1
57.333333	2.522807E+0	4.528246E-1
57.400000	2.526690E+0	4.553326E-1
57.466667	2.525396E+0	4.628566E-1
57.533333	2.526043E+0	4.553326E-1
57.600000	2.524101E+0	4.503166E-1
57.666667	2.522807E+0	4.653646E-1
57.733333	2.526690E+0	4.553326E-1
57.800000	2.526690E+0	4.578406E-1
57.866667	2.523454E+0	4.653646E-1
57.933333	2.523454E+0	4.578406E-1
58.000000	2.526043E+0	4.653646E-1
58.066667	2.524749E+0	4.628566E-1
58.133333	2.524749E+0	4.603486E-1
58.200000	2.523454E+0	4.628566E-1
58.266667	2.524101E+0	4.578406E-1
58.333333	2.526690E+0	4.528246E-1
58.400000	2.526690E+0	4.553326E-1
58.466667	2.526043E+0	4.628566E-1
58.533333	2.524749E+0	4.503166E-1
58.600000	2.524749E+0	4.503166E-1
58.666667	2.526690E+0	4.553326E-1
58.733333	2.523454E+0	4.528246E-1
58.800000	2.524749E+0	4.603486E-1
58.866667	2.526043E+0	4.528246E-1
58.933333	2.525396E+0	4.603486E-1
59.000000	2.526690E+0	4.553326E-1
59.066667	2.526690E+0	4.628566E-1
59.133333	2.524749E+0	4.603486E-1
59.200000	2.526690E+0	4.578406E-1
59.266667	2.525396E+0	4.578406E-1
59.333333	2.524749E+0	4.478086E-1
59.400000	2.523454E+0	4.628566E-1
59.466667	2.526043E+0	4.628566E-1
59.533333	2.524749E+0	4.503166E-1
59.600000	2.524749E+0	4.528246E-1
59.666667	2.526043E+0	4.628566E-1
59.733333	2.524749E+0	4.628566E-1
59.800000	2.525396E+0	4.628566E-1
59.866667	2.524101E+0	4.678726E-1
59.933333	2.525396E+0	4.603486E-1
60.000000	2.526690E+0	4.578406E-1
60.066667	2.526043E+0	4.628566E-1
60.133333	2.526690E+0	4.528246E-1
60.200000	2.525396E+0	4.528246E-1
60.266667	2.524101E+0	4.628566E-1
60.333333	2.524101E+0	4.503166E-1
60.400000	2.523454E+0	4.603486E-1
60.466667	2.524749E+0	4.628566E-1
60.533333	2.524101E+0	4.628566E-1
60.600000	2.524101E+0	4.503166E-1
60.666667	2.524101E+0	4.678726E-1
60.733333	2.526690E+0	4.528246E-1
60.800000	2.526690E+0	4.603486E-1
60.866667	2.524749E+0	4.553326E-1
60.933333	2.524749E+0	4.478086E-1
61.000000	2.523454E+0	4.603486E-1
61.066667	2.522807E+0	4.628566E-1
61.133333	2.523454E+0	4.553326E-1
61.200000	2.524101E+0	4.578406E-1
61.266667	2.522807E+0	4.628566E-1
61.333333	2.523454E+0	4.528246E-1
61.400000	2.524101E+0	4.528246E-1
61.466667	2.522807E+0	4.628566E-1
61.533333	2.524101E+0	4.603486E-1
61.600000	2.524101E+0	4.528246E-1
61.666667	2.523454E+0	4.628566E-1
61.733333	2.526043E+0	4.503166E-1
61.800000	2.523454E+0	4.653646E-1
61.866667	2.524101E+0	4.553326E-1
61.933333	2.522807E+0	4.528246E-1
62.000000	2.523454E+0	4.603486E-1
62.066667	2.522807E+0	4.628566E-1
62.133333	2.524101E+0	4.478086E-1
62.200000	2.526690E+0	4.603486E-1
62.266667	2.526043E+0	4.628566E-1
62.333333	2.524101E+0	4.578406E-1
62.400000	2.526690E+0	4.528246E-1
62.466667	2.523454E+0	4.628566E-1
62.533333	2.524101E+0	4.478086E-1
62.600000	2.523454E+0	4.603486E-1
62.666667	2.523454E+0	4.628566E-1
62.733333	2.523454E+0	4.528246E-1
62.800000	2.526690E+0	4.578406E-1
62.866667	2.524101E+0	4.678726E-1
62.933333	2.523454E+0	4.553326E-1
63.000000	2.522807E+0	4.578406E-1
63.066667	2.526690E+0	4.603486E-1
63.133333	2.523454E+0	4.453006E-1
63.200000	2.523454E+0	4.578406E-1
63.266667	2.524101E+0	4.528246E-1
63.333333	2.526043E+0	4.478086E-1
63.400000	2.523454E+0	4.553326E-1
63.466667	2.524101E+0	4.703806E-1
63.533333	2.526690E+0	4.503166E-1
63.600000	2.525396E+0	4.528246E-1
63.666667	2.522160E+0	4.628566E-1
63.733333	2.525396E+0	4.528246E-1
63.800000	2.525396E+0	4.528246E-1
63.866667	2.525396E+0	4.553326E-1
63.933333	2.524749E+0	4.603486E-1
64.000000	2.523454E+0	4.553326E-1
64.066667	2.524101E+0	4.678726E-1
64.133333	2.524101E+0	4.478086E-1
64.200000	2.526043E+0	4.553326E-1
64.266667	2.525396E+0	4.703806E-1
64.333333	2.524749E+0	4.478086E-1
64.400000	2.524749E+0	4.653646E-1
64.466667	2.524101E+0	4.678726E-1
64.533333	2.523454E+0	4.578406E-1
64.600000	2.524749E+0	4.628566E-1
64.666667	2.526043E+0	4.628566E-1
64.733333	2.526690E+0	4.528246E-1
64.800000	2.525396E+0	4.528246E-1
64.866667	2.526043E+0	4.628566E-1
64.933333	2.523454E+0	4.503166E-1
65.000000	2.524749E+0	4.628566E-1
65.066667	2.523454E+0	4.628566E-1
65.133333	2.523454E+0	4.503166E-1
65.200000	2.526690E+0	4.578406E-1
65.266667	2.523454E+0	4.628566E-1
65.333333	2.526690E+0	4.478086E-1
65.400000	2.525396E+0	4.628566E-1
65.466667	2.525396E+0	4.678726E-1
65.533333	2.526690E+0	4.528246E-1
65.600000	2.525396E+0	4.653646E-1
65.666667	2.526043E+0	4.628566E-1
65.733333	2.526690E+0	4.528246E-1
65.800000	2.523454E+0	4.603486E-1
65.866667	2.524101E+0	4.703806E-1
65.933333	2.526043E+0	4.528246E-1
66.000000	2.524101E+0	4.528246E-1
66.066667	2.524101E+0	4.528246E-1
66.133333	2.524101E+0	4.553326E-1
66.200000	2.525396E+0	4.628566E-1
66.266667	2.524749E+0	4.553326E-1
66.333333	2.523454E+0	4.503166E-1
66.400000	2.522160E+0	4.578406E-1
66.466667	2.523454E+0	4.628566E-1
66.533333	2.526043E+0	4.478086E-1
66.600000	2.524749E+0	4.653646E-1
66.666667	2.524749E+0	4.603486E-1
66.733333	2.523454E+0	4.528246E-1
66.800000	2.525396E+0	4.503166E-1
66.866667	2.522160E+0	4.628566E-1
66.933333	2.524749E+0	4.503166E-1
67.000000	2.525396E+0	4.503166E-1
67.066667	2.524749E+0	4.553326E-1
67.133333	2.525396E+0	4.453006E-1
67.200000	2.524749E+0	4.678726E-1
67.266667	2.522807E+0	4.628566E-1
67.333333	2.525396E+0	4.603486E-1
67.400000	2.522807E+0	4.603486E-1
67.466667	2.523454E+0	4.628566E-1
67.533333	2.522807E+0	4.528246E-1
67.600000	2.522807E+0	4.578406E-1
67.666667	2.524749E+0	4.678726E-1
67.733333	2.524749E+0	4.578406E-1
67.800000	2.522807E+0	4.603486E-1
67.866667	2.523454E+0	4.678726E-1
67.933333	2.522807E+0	4.603486E-1
68.000000	2.524749E+0	4.628566E-1
68.066667	2.525396E+0	4.678726E-1
68.133333	2.523454E+0	4.528246E-1
68.200000	2.522807E+0	4.578406E-1
68.266667	2.523454E+0	4.528246E-1
68.333333	2.524101E+0	4.478086E-1
68.400000	2.524101E+0	4.528246E-1
68.466667	2.522807E+0	4.603486E-1
68.533333	2.524101E+0	4.478086E-1
68.600000	2.525396E+0	4.603486E-1
68.666667	2.524749E+0	4.553326E-1
68.733333	2.524749E+0	4.578406E-1
68.800000	2.524749E+0	4.628566E-1
68.866667	2.522807E+0	4.603486E-1
68.933333	2.522807E+0	4.553326E-1
69.000000	2.523454E+0	4.628566E-1
69.066667	2.524101E+0	4.603486E-1
69.133333	2.526690E+0	4.503166E-1
69.200000	2.526043E+0	4.603486E-1
69.266667	2.526690E+0	4.628566E-1
69.333333	2.524749E+0	4.453006E-1
69.400000	2.524749E+0	4.578406E-1
69.466667	2.525396E+0	4.628566E-1
69.533333	2.526043E+0	4.603486E-1
69.600000	2.526690E+0	4.628566E-1
69.666667	2.523454E+0	4.628566E-1
69.733333	2.526690E+0	4.478086E-1
69.800000	2.526690E+0	4.653646E-1
69.866667	2.524749E+0	4.678726E-1
69.933333	2.526690E+0	4.528246E-1
70.000000	2.524101E+0	4.703806E-1
70.066667	2.524749E+0	4.553326E-1
70.133333	2.526043E+0	4.528246E-1
70.200000	2.522807E+0	4.628566E-1
70.266667	2.526690E+0	4.603486E-1
70.333333	2.524749E+0	4.478086E-1
70.400000	2.525396E+0	4.703806E-1
70.466667	2.523454E+0	4.578406E-1
70.533333	2.522807E+0	4.528246E-1
70.600000	2.525396E+0	4.628566E-1
70.666667	2.524101E+0	4.628566E-1
70.733333	2.525396E+0	4.478086E-1
70.800000	2.526043E+0	4.628566E-1
70.866667	2.524101E+0	4.528246E-1
70.933333	2.522160E+0	4.528246E-1
71.000000	2.522807E+0	4.703806E-1
71.066667	2.524749E+0	4.603486E-1
71.133333	2.525396E+0	4.478086E-1
71.200000	2.525396E+0	4.578406E-1
71.266667	2.526043E+0	4.603486E-1
71.333333	2.524749E+0	4.528246E-1
71.400000	2.524101E+0	4.578406E-1
71.466667	2.526043E+0	4.578406E-1
71.533333	2.526690E+0	4.528246E-1
71.600000	2.524101E+0	4.678726E-1
71.666667	2.524749E+0	4.528246E-1
71.733333	2.522807E+0	4.528246E-1
71.800000	2.526690E+0	4.653646E-1
71.866667	2.523454E+0	4.603486E-1
71.933333	2.526690E+0	4.528246E-1
72.000000	2.524749E+0	4.678726E-1
72.066667	2.523454E+0	4.603486E-1
72.133333	2.525396E+0	4.503166E-1
72.200000	2.525396E+0	4.553326E-1
72.266667	2.524101E+0	4.528246E-1
72.333333	2.525396E+0	4.478086E-1
72.400000	2.524749E+0	4.578406E-1
72.466667	2.526043E+0	4.603486E-1
72.533333	2.526690E+0	4.528246E-1
72.600000	2.524101E+0	4.553326E-1
72.666667	2.522807E+0	4.603486E-1
72.733333	2.526043E+0	4.528246E-1
72.800000	2.526690E+0	4.628566E-1
72.866667	2.524101E+0	4.653646E-1
72.933333	2.524749E+0	4.603486E-1
73.000000	2.523454E+0	4.603486E-1
73.066667	2.524749E+0	4.603486E-1
73.133333	2.524749E+0	4.478086E-1
73.200000	2.524101E+0	4.528246E-1
73.266667	2.526690E+0	4.578406E-1
73.333333	2.524101E+0	4.453006E-1
73.400000	2.524749E+0	4.678726E-1
73.466667	2.526690E+0	4.603486E-1
73.533333	2.526690E+0	4.528246E-1
73.600000	2.526043E+0	4.603486E-1
73.666667	2.525396E+0	4.528246E-1
73.733333	2.526043E+0	4.528246E-1
73.800000	2.526690E+0	4.553326E-1
73.866667	2.525396E+0	4.603486E-1
73.933333	2.526043E+0	4.528246E-1
74.000000	2.524749E+0	4.678726E-1
74.066667	2.522807E+0	4.603486E-1
74.133333	2.522160E+0	4.528246E-1
74.200000	2.525396E+0	4.528246E-1
74.266667	2.523454E+0	4.603486E-1
74.333333	2.522807E+0	4.528246E-1
74.400000	2.524749E+0	4.678726E-1
74.466667	2.525396E+0	4.528246E-1
74.533333	2.522807E+0	4.553326E-1
74.600000	2.525396E+0	4.628566E-1
74.666667	2.524101E+0	4.503166E-1
74.733333	2.524101E+0	4.478086E-1
74.800000	2.523454E+0	4.678726E-1
74.866667	2.526043E+0	4.528246E-1
74.933333	2.524749E+0	4.453006E-1
75.000000	2.524749E+0	4.678726E-1
75.066667	2.522807E+0	4.628566E-1
75.133333	2.525396E+0	4.503166E-1
75.200000	2.524101E+0	4.678726E-1
75.266667	2.525396E+0	4.503166E-1
75.333333	2.525396E+0	4.603486E-1
75.400000	2.526690E+0	4.603486E-1
75.466667	2.524749E+0	4.528246E-1
75.533333	2.523454E+0	4.528246E-1
75.600000	2.524749E+0	4.578406E-1
75.666667	2.522807E+0	4.603486E-1
75.733333	2.524101E+0	4.528246E-1
75.800000	2.522807E+0	4.603486E-1
75.866667	2.522807E+0	4.653646E-1
75.933333	2.526690E+0	4.528246E-1
76.000000	2.525396E+0	4.678726E-1
76.066667	2.524101E+0	4.578406E-1
76.133333	2.526043E+0	4.528246E-1
76.200000	2.526043E+0	4.628566E-1
76.266667	2.526043E+0	4.553326E-1
76.333333	2.525396E+0	4.478086E-1
76.400000	2.524749E+0	4.628566E-1
76.466667	2.524749E+0	4.628566E-1
76.533333	2.526043E+0	4.528246E-1
76.600000	2.524749E+0	4.603486E-1
76.666667	2.526043E+0	4.528246E-1
76.733333	2.522807E+0	4.553326E-1
76.800000	2.522807E+0	4.678726E-1
76.866667	2.525396E+0	4.653646E-1
76.933333	2.524101E+0	4.478086E-1
77.000000	2.522807E+0	4.628566E-1
77.066667	2.525396E+0	4.653646E-1
77.133333	2.527337E+0	4.528246E-1
77.200000	2.526043E+0	4.553326E-1
77.266667	2.525396E+0	4.578406E-1
77.333333	2.525396E+0	4.528246E-1
77.400000	2.524749E+0	4.553326E-1
77.466667	2.523454E+0	4.578406E-1
77.533333	2.523454E+0	4.553326E-1
77.600000	2.525396E+0	4.628566E-1
77.666667	2.523454E+0	4.578406E-1
77.733333	2.524749E+0	4.628566E-1
77.800000	2.524749E+0	4.553326E-1
77.866667	2.524749E+0	4.603486E-1
77.933333	2.524101E+0	4.528246E-1
78.000000	2.525396E+0	4.553326E-1
78.066667	2.524101E+0	4.653646E-1
78.133333	2.524749E+0	4.503166E-1
78.200000	2.524101E+0	4.553326E-1
78.266667	2.523454E+0	4.603486E-1
78.333333	2.522160E+0	4.553326E-1
78.400000	2.526043E+0	4.628566E-1
78.466667	2.524101E+0	4.603486E-1
78.533333	2.524101E+0	4.603486E-1
78.600000	2.524749E+0	4.703806E-1
78.666667	2.525396E+0	4.653646E-1
78.733333	2.525396E+0	4.503166E-1
78.800000	2.523454E+0	4.628566E-1
78.866667	2.526690E+0	4.578406E-1
78.933333	2.523454E+0	4.528246E-1
79.000000	2.523454E+0	4.628566E-1
79.066667	2.523454E+0	4.628566E-1
79.133333	2.524101E+0	4.503166E-1
79.200000	2.524749E+0	4.578406E-1
79.266667	2.523454E+0	4.553326E-1
79.333333	2.524749E+0	4.528246E-1
79.400000	2.525396E+0	4.553326E-1
79.466667	2.526690E+0	4.603486E-1
79.533333	2.525396E+0	4.528246E-1
79.600000	2.524101E+0	4.553326E-1
79.666667	2.525396E+0	4.528246E-1
79.733333	2.522160E+0	4.528246E-1
79.800000	2.524101E+0	4.553326E-1
79.866667	2.524101E+0	4.628566E-1
79.933333	2.522160E+0	4.553326E-1
80.000000	2.526690E+0	4.653646E-1
80.066667	2.526043E+0	4.603486E-1
80.133333	2.525396E+0	4.478086E-1
80.200000	2.524101E+0	4.578406E-1
80.266667	2.524101E+0	4.603486E-1
80.333333	2.523454E+0	4.528246E-1
80.400000	2.524749E+0	4.628566E-1
80.466667	2.524749E+0	4.628566E-1
80.533333	2.523454E+0	4.528246E-1
80.600000	2.524749E+0	4.678726E-1
80.666667	2.524101E+0	4.553326E-1
80.733333	2.524101E+0	4.603486E-1
80.800000	2.524101E+0	4.678726E-1
80.866667	2.524101E+0	4.553326E-1
80.933333	2.523454E+0	4.478086E-1
81.000000	2.525396E+0	4.578406E-1
81.066667	2.524101E+0	4.628566E-1
81.133333	2.526690E+0	4.478086E-1
81.200000	2.523454E+0	4.628566E-1
81.266667	2.523454E+0	4.603486E-1
81.333333	2.526690E+0	4.528246E-1
81.400000	2.526690E+0	4.628566E-1
81.466667	2.524101E+0	4.503166E-1
81.533333	2.523454E+0	4.603486E-1
81.600000	2.523454E+0	4.678726E-1
81.666667	2.526690E+0	4.528246E-1
81.733333	2.523454E+0	4.528246E-1
81.800000	2.524101E+0	4.603486E-1
81.866667	2.523454E+0	4.528246E-1
81.933333	2.524101E+0	4.528246E-1
82.000000	2.524749E+0	4.678726E-1
82.066667	2.522807E+0	4.603486E-1
82.133333	2.523454E+0	4.553326E-1
82.200000	2.524101E+0	4.553326E-1
82.266667	2.526690E+0	4.578406E-1
82.333333	2.524749E+0	4.628566E-1
82.400000	2.524749E+0	4.553326E-1
82.466667	2.524749E+0	4.653646E-1
82.533333	2.523454E+0	4.528246E-1
82.600000	2.524749E+0	4.678726E-1
82.666667	2.526043E+0	4.578406E-1
82.733333	2.526690E+0	4.478086E-1
82.800000	2.524749E+0	4.578406E-1
82.866667	2.526690E+0	4.578406E-1
82.933333	2.525396E+0	4.603486E-1
83.000000	2.524101E+0	4.628566E-1
83.066667	2.526690E+0	4.603486E-1
83.133333	2.526690E+0	4.478086E-1
83.200000	2.523454E+0	4.628566E-1
83.266667	2.526690E+0	4.553326E-1
83.333333	2.522160E+0	4.528246E-1
83.400000	2.522807E+0	4.678726E-1
83.466667	2.523454E+0	4.628566E-1
83.533333	2.522807E+0	4.528246E-1
83.600000	2.524101E+0	4.703806E-1
83.666667	2.526690E+0	4.603486E-1
83.733333	2.523454E+0	4.553326E-1
83.800000	2.523454E+0	4.603486E-1
83.866667	2.523454E+0	4.578406E-1
83.933333	2.523454E+0	4.628566E-1
84.000000	2.524749E+0	4.678726E-1
84.066667	2.526043E+0	4.578406E-1
84.133333	2.524101E+0	4.478086E-1
84.200000	2.526043E+0	4.628566E-1
84.266667	2.525396E+0	4.578406E-1
84.333333	2.523454E+0	4.528246E-1
84.400000	2.526690E+0	4.628566E-1
84.466667	2.525396E+0	4.553326E-1
84.533333	2.523454E+0	4.528246E-1
84.600000	2.524101E+0	4.578406E-1
84.666667	2.523454E+0	4.603486E-1
84.733333	2.524101E+0	4.478086E-1
84.800000	2.524749E+0	4.703806E-1
84.866667	2.523454E+0	4.628566E-1
84.933333	2.526043E+0	4.478086E-1
85.000000	2.523454E+0	4.628566E-1
85.066667	2.522807E+0	4.553326E-1
85.133333	2.524749E+0	4.478086E-1
85.200000	2.524749E+0	4.578406E-1
85.266667	2.524749E+0	4.528246E-1
85.333333	2.526043E+0	4.503166E-1
85.400000	2.522807E+0	4.603486E-1
85.466667	2.526690E+0	4.528246E-1
85.533333	2.526043E+0	4.478086E-1
85.600000	2.525396E+0	4.528246E-1
85.666667	2.524749E+0	4.528246E-1
85.733333	2.526690E+0	4.528246E-1
85.800000	2.526690E+0	4.628566E-1
85.866667	2.524101E+0	4.528246E-1
85.933333	2.526043E+0	4.528246E-1
86.000000	2.523454E+0	4.603486E-1
86.066667	2.524749E+0	4.528246E-1
86.133333	2.524101E+0	4.478086E-1
86.200000	2.525396E+0	4.553326E-1
86.266667	2.524749E+0	4.528246E-1
86.333333	2.525396E+0	4.478086E-1
86.400000	2.524749E+0	4.703806E-1
86.466667	2.526690E+0	4.578406E-1
86.533333	2.524101E+0	4.478086E-1
86.600000	2.526690E+0	4.603486E-1
86.666667	2.523454E+0	4.578406E-1
86.733333	2.524101E+0	4.478086E-1
86.800000	2.524749E+0	4.678726E-1
86.866667	2.523454E+0	4.603486E-1
86.933333	2.523454E+0	4.528246E-1
87.000000	2.522160E+0	4.628566E-1
87.066667	2.524101E+0	4.653646E-1
87.133333	2.524749E+0	4.553326E-1
87.200000	2.526690E+0	4.628566E-1
87.266667	2.524101E+0	4.603486E-1
87.333333	2.523454E+0	4.603486E-1
87.400000	2.524749E+0	4.553326E-1
87.466667	2.523454E+0	4.603486E-1
87.533333	2.526043E+0	4.578406E-1
87.600000	2.524101E+0	4.553326E-1
87.666667	2.523454E+0	4.603486E-1
87.733333	2.525396E+0	4.478086E-1
87.800000	2.526043E+0	4.628566E-1
87.866667	2.523454E+0	4.603486E-1
87.933333	2.524101E+0	4.478086E-1
88.000000	2.525396E+0	4.678726E-1
88.066667	2.526043E+0	4.603486E-1
88.133333	2.522807E+0	4.528246E-1
88.200000	2.526690E+0	4.628566E-1
88.266667	2.524749E+0	4.528246E-1
88.333333	2.525396E+0	4.603486E-1
88.400000	2.524749E+0	4.553326E-1
88.466667	2.523454E+0	4.603486E-1
88.533333	2.525396E+0	4.478086E-1
88.600000	2.524101E+0	4.703806E-1
88.666667	2.524749E+0	4.528246E-1
88.733333	2.522807E+0	4.528246E-1
88.800000	2.525396E+0	4.553326E-1
88.866667	2.523454E+0	4.628566E-1
88.933333	2.524749E+0	4.603486E-1
89.000000	2.525396E+0	4.678726E-1
89.066667	2.522160E+0	4.603486E-1
89.133333	2.524101E+0	4.578406E-1
89.200000	2.524101E+0	4.578406E-1
89.266667	2.526690E+0	4.628566E-1
89.333333	2.523454E+0	4.528246E-1
89.400000	2.525396E+0	4.628566E-1
89.466667	2.521512E+0	4.603486E-1
89.533333	2.526690E+0	4.503166E-1
89.600000	2.523454E+0	4.603486E-1
89.666667	2.526690E+0	4.603486E-1
89.733333	2.526690E+0	4.528246E-1
89.800000	2.526690E+0	4.578406E-1
89.866667	2.526043E+0	4.553326E-1
89.933333	2.526043E+0	4.503166E-1
90.000000	2.526690E+0	4.578406E-1
90.066667	2.525396E+0	4.603486E-1
90.133333	2.524749E+0	4.453006E-1
90.200000	2.524101E+0	4.528246E-1
90.266667	2.525396E+0	4.653646E-1
90.333333	2.523454E+0	4.528246E-1
90.400000	2.523454E+0	4.628566E-1
90.466667	2.526690E+0	4.553326E-1
90.533333	2.524749E+0	4.578406E-1
90.600000	2.522807E+0	4.603486E-1
90.666667	2.524749E+0	4.528246E-1
90.733333	2.526690E+0	4.528246E-1
90.800000	2.525396E+0	4.628566E-1
90.866667	2.523454E+0	4.678726E-1
90.933333	2.523454E+0	4.528246E-1
91.000000	2.526690E+0	4.578406E-1
91.066667	2.526690E+0	4.603486E-1
91.133333	2.525396E+0	4.578406E-1
91.200000	2.522160E+0	4.653646E-1
91.266667	2.524749E+0	4.553326E-1
91.333333	2.525396E+0	4.603486E-1
91.400000	2.524101E+0	4.628566E-1
91.466667	2.524749E+0	4.528246E-1
91.533333	2.525396E+0	4.503166E-1
91.600000	2.525396E+0	4.653646E-1
91.666667	2.524749E+0	4.653646E-1
91.733333	2.526043E+0	4.528246E-1
91.800000	2.526690E+0	4.578406E-1
91.866667	2.522160E+0	4.678726E-1
91.933333	2.524749E+0	4.603486E-1
92.000000	2.524101E+0	4.528246E-1
92.066667	2.524101E+0	4.653646E-1
92.133333	2.526690E+0	4.528246E-1
92.200000	2.525396E+0	4.653646E-1
92.266667	2.523454E+0	4.603486E-1
92.333333	2.525396E+0	4.453006E-1
92.400000	2.522807E+0	4.553326E-1
92.466667	2.523454E+0	4.628566E-1
92.533333	2.525396E+0	4.528246E-1
92.600000	2.524101E+0	4.528246E-1
92.666667	2.526690E+0	4.603486E-1
92.733333	2.523454E+0	4.528246E-1
92.800000	2.524749E+0	4.503166E-1
92.866667	2.526043E+0	4.578406E-1
92.933333	2.523454E+0	4.528246E-1
93.000000	2.525396E+0	4.628566E-1
93.066667	2.524749E+0	4.553326E-1
93.133333	2.523454E+0	4.503166E-1
93.200000	2.524749E+0	4.628566E-1
93.266667	2.523454E+0	4.678726E-1
93.333333	2.524101E+0	4.528246E-1
93.400000	2.522807E+0	4.628566E-1
93.466667	2.523454E+0	4.628566E-1
93.533333	2.524101E+0	4.478086E-1
93.600000	2.526043E+0	4.553326E-1
93.666667	2.523454E+0	4.628566E-1
93.733333	2.524749E+0	4.578406E-1
93.800000	2.522807E+0	4.603486E-1
93.866667	2.524101E+0	4.578406E-1
93.933333	2.523454E+0	4.528246E-1
94.000000	2.523454E+0	4.578406E-1
94.066667	2.524749E+0	4.628566E-1
94.133333	2.525396E+0	4.503166E-1
94.200000	2.525396E+0	4.503166E-1
94.266667	2.523454E+0	4.678726E-1
94.333333	2.522807E+0	4.528246E-1
94.400000	2.525396E+0	4.503166E-1
94.466667	2.525396E+0	4.553326E-1
94.533333	2.525396E+0	4.478086E-1
94.600000	2.524101E+0	4.628566E-1
94.666667	2.522807E+0	4.628566E-1
94.733333	2.525396E+0	4.603486E-1
94.800000	2.526690E+0	4.578406E-1
94.866667	2.525396E+0	4.603486E-1
94.933333	2.526043E+0	4.528246E-1
95.000000	2.526043E+0	4.603486E-1
95.066667	2.524101E+0	4.678726E-1
95.133333	2.523454E+0	4.528246E-1
95.200000	2.523454E+0	4.653646E-1
95.266667	2.525396E+0	4.628566E-1
95.333333	2.522807E+0	4.553326E-1
95.400000	2.526690E+0	4.578406E-1
95.466667	2.523454E+0	4.703806E-1
95.533333	2.522160E+0	4.528246E-1
95.600000	2.524749E+0	4.578406E-1
95.666667	2.526043E+0	4.678726E-1
95.733333	2.523454E+0	4.553326E-1
95.800000	2.523454E+0	4.603486E-1
95.866667	2.526690E+0	4.603486E-1
95.933333	2.523454E+0	4.503166E-1
96.000000	2.526690E+0	4.578406E-1
96.066667	2.524749E+0	4.528246E-1
96.133333	2.526043E+0	4.553326E-1
96.200000	2.524749E+0	4.528246E-1
96.266667	2.524749E+0	4.628566E-1
96.333333	2.526690E+0	4.553326E-1
96.400000	2.526043E+0	4.578406E-1
96.466667	2.523454E+0	4.628566E-1
96.533333	2.526043E+0	4.553326E-1
96.600000	2.525396E+0	4.578406E-1
96.666667	2.525396E+0	4.703806E-1
96.733333	2.524749E+0	4.603486E-1
96.800000	2.523454E+0	4.553326E-1
96.866667	2.526043E+0	4.628566E-1
96.933333	2.524101E+0	4.628566E-1
97.000000	2.523454E+0	4.528246E-1
97.066667	2.523454E+0	4.628566E-1
97.133333	2.522807E+0	4.503166E-1
97.200000	2.526043E+0	4.553326E-1
97.266667	2.526043E+0	4.628566E-1
97.333333	2.524749E+0	4.453006E-1
97.400000	2.524101E+0	4.503166E-1
97.466667	2.525396E+0	4.628566E-1
97.533333	2.523454E+0	4.528246E-1
97.600000	2.526690E+0	4.528246E-1
97.666667	2.524101E+0	4.578406E-1
97.733333	2.524749E+0	4.528246E-1
97.800000	2.524101E+0	4.528246E-1
97.866667	2.522807E+0	4.628566E-1
97.933333	2.524749E+0	4.503166E-1
98.000000	2.524749E+0	4.503166E-1
98.066667	2.525396E+0	4.703806E-1
98.133333	2.524101E+0	4.628566E-1
98.200000	2.524749E+0	4.628566E-1
98.266667	2.526043E+0	4.628566E-1
98.333333	2.522807E+0	4.603486E-1
98.400000	2.523454E+0	4.553326E-1
98.466667	2.524101E+0	4.628566E-1
98.533333	2.525396E+0	4.528246E-1
98.600000	2.526043E+0	4.553326E-1
98.666667	2.524101E+0	4.678726E-1
98.733333	2.526690E+0	4.578406E-1
98.800000	2.526690E+0	4.528246E-1
98.866667	2.524749E+0	4.703806E-1
98.933333	2.525396E+0	4.628566E-1
99.000000	2.524749E+0	4.553326E-1
99.066667	2.524101E+0	4.553326E-1
99.133333	2.526043E+0	4.628566E-1
99.200000	2.522160E+0	4.528246E-1
99.266667	2.525396E+0	4.553326E-1
99.333333	2.525396E+0	4.628566E-1
99.400000	2.523454E+0	4.528246E-1
99.466667	2.524749E+0	4.703806E-1
99.533333	2.525396E+0	4.628566E-1
99.600000	2.524749E+0	4.528246E-1
99.666667	2.523454E+0	4.628566E-1
99.733333	2.525396E+0	4.578406E-1
99.800000	2.523454E+0	4.528246E-1
99.866667	2.526043E+0	4.628566E-1
99.933333	2.526690E+0	4.603486E-1
100.000000	2.523454E+0	4.578406E-1
100.066667	2.526690E+0	4.653646E-1
100.133333	2.524749E+0	4.628566E-1
100.200000	2.523454E+0	4.528246E-1
100.266667	2.525396E+0	4.703806E-1
100.333333	2.523454E+0	4.553326E-1
100.400000	2.524749E+0	4.603486E-1
100.466667	2.524749E+0	4.578406E-1
100.533333	2.524101E+0	4.503166E-1
100.600000	2.526690E+0	4.528246E-1
100.666667	2.525396E+0	4.553326E-1
100.733333	2.524101E+0	4.628566E-1
100.800000	2.524749E+0	4.478086E-1
100.866667	2.525396E+0	4.653646E-1
100.933333	2.523454E+0	4.578406E-1
101.000000	2.525396E+0	4.528246E-1
101.066667	2.525396E+0	4.603486E-1
101.133333	2.524101E+0	4.628566E-1
101.200000	2.524101E+0	4.503166E-1
101.266667	2.524749E+0	4.678726E-1
101.333333	2.526690E+0	4.553326E-1
101.400000	2.524749E+0	4.603486E-1
101.466667	2.523454E+0	4.603486E-1
101.533333	2.525396E+0	4.628566E-1
101.600000	2.525396E+0	4.528246E-1
101.666667	2.524749E+0	4.678726E-1
101.733333	2.524749E+0	4.603486E-1
101.800000	2.525396E+0	4.478086E-1
101.866667	2.524749E+0	4.553326E-1
101.933333	2.526690E+0	4.578406E-1
102.000000	2.525396E+0	4.553326E-1
102.066667	2.525396E+0	4.553326E-1
102.133333	2.524101E+0	4.528246E-1
102.200000	2.524101E+0	4.478086E-1
102.266667	2.526690E+0	4.528246E-1
102.333333	2.523454E+0	4.603486E-1
102.400000	2.526043E+0	4.528246E-1
102.466667	2.524101E+0	4.578406E-1
102.533333	2.524749E+0	4.678726E-1
102.600000	2.522160E+0	4.528246E-1
102.666667	2.526690E+0	4.628566E-1
102.733333	2.524101E+0	4.528246E-1
102.800000	2.523454E+0	4.528246E-1
102.866667	2.523454E+0	4.603486E-1
102.933333	2.523454E+0	4.603486E-1
103.000000	2.524101E+0	4.478086E-1
103.066667	2.523454E+0	4.628566E-1
103.133333	2.524749E+0	4.628566E-1
103.200000	2.524101E+0	4.503166E-1
103.266667	2.525396E+0	4.628566E-1
103.333333	2.523454E+0	4.678726E-1
103.400000	2.525396E+0	4.478086E-1
103.466667	2.522807E+0	4.603486E-1
103.533333	2.526690E+0	4.603486E-1
103.600000	2.523454E+0	4.628566E-1
103.666667	2.522807E+0	4.603486E-1
103.733333	2.524749E+0	4.603486E-1
103.800000	2.522807E+0	4.528246E-1
103.866667	2.524749E+0	4.653646E-1
103.933333	2.526043E+0	4.553326E-1
104.000000	2.522807E+0	4.528246E-1
104.066667	2.525396E+0	4.628566E-1
104.133333	2.525396E+0	4.653646E-1
104.200000	2.522160E+0	4.528246E-1
104.266667	2.524749E+0	4.628566E-1
104.333333	2.523454E+0	4.603486E-1
104.400000	2.523454E+0	4.528246E-1
104.466667	2.523454E+0	4.603486E-1
104.533333	2.524101E+0	4.553326E-1
104.600000	2.524101E+0	4.478086E-1
104.666667	2.526690E+0	4.578406E-1
104.733333	2.523454E+0	4.553326E-1
104.800000	2.526690E+0	4.528246E-1
104.866667	2.526690E+0	4.578406E-1
104.933333	2.524749E+0	4.678726E-1
105.000000	2.524101E+0	4.528246E-1
105.066667	2.524101E+0	4.528246E-1
105.133333	2.524749E+0	4.678726E-1
105.200000	2.524101E+0	4.603486E-1
105.266667	2.523454E+0	4.578406E-1
105.333333	2.527337E+0	4.628566E-1
105.400000	2.525396E+0	4.503166E-1
105.466667	2.524101E+0	4.628566E-1
105.533333	2.526043E+0	4.603486E-1
105.600000	2.524749E+0	4.478086E-1
105.666667	2.524101E+0	4.578406E-1
105.733333	2.524101E+0	4.678726E-1
105.800000	2.523454E+0	4.553326E-1
105.866667	2.524749E+0	4.628566E-1
105.933333	2.523454E+0	4.628566E-1
106.000000	2.524749E+0	4.578406E-1
106.066667	2.522807E+0	4.603486E-1
106.133333	2.524749E+0	4.678726E-1
106.200000	2.522807E+0	4.528246E-1
106.266667	2.522807E+0	4.553326E-1
106.333333	2.523454E+0	4.628566E-1
106.400000	2.522807E+0	4.603486E-1
106.466667	2.526690E+0	4.578406E-1
106.533333	2.525396E+0	4.628566E-1
106.600000	2.525396E+0	4.478086E-1
106.666667	2.524101E+0	4.603486E-1
106.733333	2.524101E+0	4.628566E-1
106.800000	2.526690E+0	4.478086E-1

