162939659  0	482
162939659  10	481
162939692  20	482
162939692  30	481
162939692  40	482
162939725  51	481
162939725  61	481
162939725  72	481
162939758  82	482
162939758  93	481
162939758  103	482
162939792  113	482
162939792  123	482
162939792  135	482
162939825  145	481
162939825  155	482
162939825  165	482
162939825  176	482
162939858  187	481
162939858  197	481
162939858  207	482
162939891  218	481
162939891  228	482
162939891  238	481
162939924  249	482
162939924  260	481
162939924  270	482
162939957  280	482
162939957  290	482
162939957  302	482
162939990  312	482
162939990  322	482
162939990  332	481
162940024  343	482
162940024  354	481
162940024  364	481
162940057  374	482
162940057  385	483
162940057  395	482
162940057  406	482
162940090  416	482
162940090  427	483
162940090  437	483
162940123  447	483
162940123  457	483
162940123  468	482
162940156  479	482
162940156  489	482
162940156  499	483
162940189  509	483
162940189  521	483
162940189  531	483
162940222  541	483
162940222  551	482
162940222  562	482
162940255  573	483
162940255  583	483
162940255  593	484
162940255  604	483
162940288  614	483
162940288  624	483
162940288  635	483
162940322  646	483
162940322  656	484
162940322  666	483
162940355  676	483
162940355  688	483
162940355  698	483
162940388  708	483
162940388  718	483
162940388  729	482
162940421  740	483
162940421  750	483
162940421  760	483
162940454  771	483
162940454  781	483
162940454  792	483
162940487  802	483
162940487  813	483
162940487  823	483
162940520  833	483
162940520  843	482
162940520  855	483
162940520  865	484
162940553  875	483
162940553  885	482
162940553  896	482
162940586  907	483
162940586  917	483
162940586  927	483
162940620  937	483
162940620  948	482
162940620  959	482
162940653  969	483
162940653  979	483
162940653  990	483
162940686  1000	482
162940686  1011	483
162940686  1021	483
162940686  1032	482
162940719  1042	482
162940719  1052	483
162940719  1063	483
162940752  1074	483
162940752  1084	483
162940752  1094	483
162940785  1105	483
162940785  1116	482
162940785  1126	483
162940818  1136	483
162940818  1147	482
162940818  1158	483
162940851  1168	483
162940851  1178	481
162940851  1188	482
162940851  1200	482
162940884  1210	483
162940884  1220	483
162940884  1230	483
162940918  1242	482
162940918  1252	483
162940918  1262	483
162940951  1272	482
162940951  1284	484
162940951  1294	483
162940984  1304	483
162940984  1314	483
162940984  1326	483
162941050  1336	483
162941050  1346	483
162941050  1356	483
162941050  1367	483
162941083  1378	483
162941083  1388	483
162941083  1398	482
162941116  1409	483
162941116  1420	482
162941116  1430	483
162941149  1440	482
162941149  1451	483
162941149  1462	482
162941182  1472	481
162941182  1482	483
162941182  1492	483
162941216  1503	483
162941216  1514	483
162941216  1524	483
162941216  1534	482
162941249  1545	483
162941249  1556	483
162941249  1566	482
162941282  1576	482
162941282  1587	482
162941282  1598	482
162941321  1608	482
162941321  1618	483
162941321  1629	482
162941473  1639	483
162941473  1650	483
162941473  1660	483
162941473  1671	482
162941473  1681	483
162941473  1692	482
162941473  1702	483
162941473  1713	482
162941473  1723	483
162941473  1734	483
162941536  1744	484
162941536  1755	482
162941536  1765	482
162941536  1775	483
162941536  1786	483
162941536  1797	483
162941596  1807	483
162941596  1817	483
162941596  1828	483
162941596  1839	484
162941596  1849	483
162941596  1859	483
162941596  1870	483
162941633  1881	483
162941633  1891	483
162941633  1901	484
162941633  1911	483
162941633  1923	483
162941633  1933	483
162941658  1943	483
162941658  1953	483
162941658  1965	483
162941669  1975	483
162941669  1985	484
162941669  1995	483
162941713  2007	483
162941713  2017	483
162941713  2027	484
162941713  2037	483
162941746  2048	483
162941746  2059	483
162941746  2069	482
162941779  2079	483
162941779  2089	484
162941779  2101	483
162941812  2111	483
162941812  2121	482
162941812  2131	484
162941846  2143	483
162941846  2153	483
162941846  2163	483
162941879  2173	483
162941879  2185	483
162941879  2195	483
162941879  2205	483
162941912  2215	483
162941912  2226	483
162941912  2237	483
162941945  2247	483
162941945  2257	484
162941945  2268	483
162941978  2279	484
162941978  2289	484
162941978  2299	483
162942014  2310	483
162942014  2321	483
162942014  2331	482
162942044  2341	482
162942044  2352	483
162942044  2362	483
162942044  2373	483
162942077  2383	483
162942077  2394	482
162942077  2404	483
162942111  2415	483
162942111  2425	484
162942111  2436	483
162942144  2446	483
162942144  2457	484
162942144  2467	483
162942177  2478	482
162942177  2488	483
162942177  2499	483
162942211  2509	482
162942211  2520	482
162942211  2530	483
162942211  2540	483
162942243  2551	483
162942243  2562	483
162942243  2572	483
162942276  2582	483
162942276  2593	483
162942276  2604	484
162942309  2614	484
162942309  2624	484
162942309  2635	484
162942343  2646	484
162942343  2656	484
162942343  2666	484
162942376  2676	484
162942376  2688	484
162942376  2698	484
162942376  2708	484
162942409  2718	483
162942409  2729	484
162942409  2740	485
162942442  2750	483
162942442  2760	484
162942442  2771	484
162942475  2782	483
162942475  2792	484
162942475  2802	483
162942508  2812	483
162942508  2824	485
162942508  2834	484
162942542  2844	484
162942542  2854	484
162942542  2866	484
162942542  2876	484
162942575  2886	484
162942575  2896	484
162942575  2908	484
162942608  2918	484
162942608  2928	483
162942608  2938	484
162942674  2950	484
162942674  2960	484
162942674  2970	485
162942707  2980	484
162942707  2991	483
162942707  3002	484
162942740  3012	483
162942740  3022	483
162942740  3033	483
162942740  3044	483
162942773  3054	484
162942773  3064	484
162942773  3075	483
162942806  3086	484
162942806  3096	483
162942806  3106	483
162942840  3117	484
162942840  3128	483
162942840  3138	483
162942873  3148	484
162942873  3159	483
162942873  3169	483
162942906  3180	483
162942906  3190	483
162942906  3201	482
162942906  3211	483
162942939  3222	483
162942939  3232	483
162942939  3243	483
162942972  3253	483
162942972  3264	484
162942972  3274	483
162943005  3284	485
162943005  3295	484
162943005  3305	484
162943038  3316	483
162943038  3326	484
162943038  3337	484
162943071  3347	484
162943071  3358	483
162943071  3368	484
162943071  3379	483
162943104  3389	483
162943104  3400	483
162943104  3410	482
162943138  3421	483
162943138  3431	483
162943138  3441	483
162943171  3452	483
162943171  3463	483
162943171  3473	483
162943204  3483	484
162943204  3494	484
162943204  3505	483
162943237  3515	483
162943237  3525	483
162943237  3536	484
162943237  3547	483
162943270  3557	483
162943270  3567	483
162943270  3578	483
162943303  3589	483
162943303  3599	484
162943303  3609	484
162943336  3619	483
162943336  3631	484
162943336  3641	484
162943369  3651	483
162943369  3661	483
162943369  3673	484
162943402  3683	484
162943402  3693	484
162943402  3703	484
162943402  3715	484
162943436  3725	483
162943436  3735	484
162943436  3745	484
162943469  3757	484
162943469  3767	484
162943469  3777	483
162943502  3787	484
162943502  3798	483
162943502  3809	484
162943535  3819	483
162943535  3829	484
162943535  3840	484
162943568  3851	483
162943568  3861	484
162943568  3871	483
162943568  3881	484
162943601  3893	483
162943601  3903	484
162943601  3913	484
162943634  3923	483
162943634  3934	484
162943634  3945	484
162943667  3955	484
162943667  3965	484
162943667  3976	483
162943700  3987	483
162943700  3997	483
162943700  4007	484
162943734  4018	483
162943734  4029	484
162943734  4039	483
162943734  4049	484
162943767  4060	484
162943767  4071	483
162943767  4081	484
162943800  4091	484
162943800  4102	483
162943800  4112	483
162943833  4123	483
162943833  4133	484
162943833  4144	483
162943866  4154	484
162943866  4165	484
162943866  4175	484
162943899  4186	483
162943899  4196	483
162943899  4207	484
162943899  4217	484
162943932  4228	484
162943932  4238	484
162943932  4248	484
162943965  4259	483
162943965  4270	484
162943965  4280	484
162943999  4290	483
162943999  4301	484
162943999  4312	484
162944032  4322	484
162944032  4332	484
162944032  4343	483
162944065  4354	484
162944065  4364	484
162944065  4374	484
162944065  4385	485
162944098  4396	483
162944098  4406	484
162944098  4416	484
162944131  4426	483
162944131  4438	484
162944131  4448	483
162944197  4458	484
162944197  4468	483
162944197  4480	484
162944230  4490	483
162944230  4500	483
162944230  4510	484
162944263  4521	483
162944263  4532	483
162944263  4542	483
162944263  4552	483
162944296  4563	484
162944296  4574	484
162944296  4584	484
162944330  4594	484
162944330  4604	484
162944330  4616	483
162944363  4626	484
162944363  4636	484
162944363  4646	484
162944396  4658	484
162944396  4668	483
162944396  4678	484
162944429  4688	483
162944429  4700	484
162944429  4710	484
162944429  4720	484
162944462  4730	483
162944462  4742	483
162944462  4752	484
162944495  4762	484
162944495  4772	484
162944495  4783	484
162944528  4794	484
162944528  4804	484
162944528  4814	483
162944561  4825	483
162944561  4836	483
162944561  4846	484
162944594  4856	483
162944594  4867	484
162944594  4878	484
162944594  4888	484
162944627  4898	483
162944627  4909	483
162944627  4919	484
162944661  4930	484
162944661  4940	483
162944661  4951	484
162944694  4961	483
162944694  4972	483
162944694  4982	484
162944727  4993	483
162944727  5003	483
162944727  5014	484
162944760  5024	483
162944760  5035	483
162944760  5045	483
162944760  5056	484
162944793  5066	484
162944793  5076	483
162944793  5087	483
162944826  5097	483
162944826  5108	483
162944826  5118	484
162944859  5129	483
162944859  5139	483
162944859  5150	484
162944892  5160	483
162944892  5171	484
162944892  5181	483
162944925  5192	483
162944925  5202	484
162944925  5213	484
162944925  5223	483
162944958  5233	484
162944958  5244	484
162944958  5255	483
162944992  5265	484
162944992  5275	483
162944992  5286	484
162945025  5297	484
162945025  5307	484
162945025  5317	483
162945059  5328	483
162945059  5339	483
162945059  5349	484
162945091  5359	483
162945091  5370	484
162945091  5381	484
162945091  5391	483
162945124  5401	484
162945124  5411	483
162945124  5423	484
162945157  5433	484
162945157  5443	483
162945157  5453	484
162945190  5465	483
162945190  5475	484
162945190  5485	483
162945223  5495	484
162945223  5507	483
162945223  5517	484
162945256  5527	484
162945256  5537	484
162945256  5549	485
162945256  5559	483
162945290  5569	484
162945290  5579	483
162945290  5590	484
162945323  5601	484
162945323  5611	484
162945323  5621	484
162945356  5632	483
162945356  5643	483
162945356  5653	484
162945389  5663	484
162945389  5673	483
162945389  5685	484
162945422  5695	483
162945422  5705	483
162945422  5715	484
162945422  5727	484
162945455  5737	483
162945455  5747	484
162945455  5757	484
162945488  5768	484
162945488  5779	484
162945488  5789	484
162945521  5799	484
162945521  5810	483
162945521  5821	484
162945554  5831	484
162945554  5841	484
162945554  5852	485
162945587  5863	484
162945587  5873	484
162945587  5883	483
162945587  5894	484
162945621  5904	484
162945621  5915	484
162945621  5925	484
162945687  5936	484
162945687  5946	483
162945687  5957	484
162945720  5967	484
162945720  5978	484
162945720  5988	484
162945753  5999	484
162945753  6009	484
162945753  6020	484
162945786  6030	484
162945786  6041	485
162945786  6051	484
162945786  6062	484
162945819  6072	484
162945819  6082	484
162945819  6093	485
162945852  6104	484
162945852  6114	485
162945852  6124	485
162945885  6135	484
162945885  6146	485
162945885  6156	483
162945918  6166	485
162945918  6177	483
162945918  6188	484
162945952  6198	483
162945952  6208	484
162945952  6219	484
162945952  6230	484
162945985  6240	484
162945985  6250	484
162945985  6260	484
162946018  6272	484
162946018  6282	484
162946018  6292	485
162946051  6302	485
162946051  6313	485
162946051  6324	484
162946084  6334	484
162946084  6344	485
162946084  6355	484
162946117  6366	484
162946117  6376	484
162946117  6386	484
162946117  6397	484
162946151  6408	484
162946151  6418	484
162946151  6428	484
162946184  6438	484
162946184  6450	484
162946184  6460	484
162946217  6470	484
162946217  6480	485
162946217  6492	485
162946250  6502	485
162946250  6512	485
162946250  6522	484
162946283  6534	484
162946283  6544	485
162946283  6554	484
162946283  6564	484
162946316  6575	484
162946316  6586	484
162946316  6596	485
162946349  6606	483
162946349  6617	484
162946349  6628	483
162946382  6638	485
162946382  6648	483
162946382  6659	484
162946415  6670	485
162946415  6680	484
162946415  6690	485
162946449  6701	484
162946449  6711	485
162946449  6722	484
162946449  6732	484
162946482  6743	484
162946482  6753	484
162946482  6764	484
162946515  6774	484
162946515  6785	484
162946515  6795	485
162946548  6806	485
162946548  6816	484
162946548  6827	483
162946581  6837	485
162946581  6848	485
162946581  6858	484
162946614  6868	485
162946614  6879	484
162946614  6889	484
162946614  6900	484
162946648  6910	485
162946648  6921	484
162946648  6931	485
162946681  6942	484
162946681  6952	484
162946681  6963	483
162946714  6973	485
162946714  6984	485
162946714  6994	484
162946747  7005	485
162946747  7015	484
162946747  7026	485
162946780  7036	484
162946780  7047	484
162946780  7057	484
162946780  7067	485
162946813  7078	485
162946813  7089	485
162946813  7099	484
162946846  7109	485
162946846  7120	485
162946846  7131	485
162946879  7141	484
162946879  7151	485
162946879  7162	485
162946913  7173	484
162946913  7183	484
162946913  7193	485
162946946  7204	484
162946946  7215	485
162946946  7225	484
162946946  7235	485
162946979  7245	485
162946979  7257	485
162946979  7267	486
162947012  7277	485
162947012  7287	486
162947012  7299	485
162947045  7309	485
162947045  7319	484
162947045  7329	485
162947078  7341	485
162947078  7351	484
162947078  7361	485
162947111  7371	484
162947111  7382	485
162947111  7393	484
162947111  7403	485
162947145  7413	485
162947145  7424	485
162947145  7435	486
162947177  7445	485
162947177  7455	485
162947177  7465	485
162947244  7477	485
162947244  7487	485
162947244  7497	485
162947277  7507	485
162947277  7519	484
162947277  7529	485
162947310  7539	485
162947310  7549	485
162947310  7560	485
162947310  7571	484
162947343  7581	485
162947343  7591	485
162947343  7602	485
162947376  7613	485
162947376  7623	485
162947376  7633	486
162947409  7644	485
162947409  7655	485
162947409  7665	485
162947442  7675	485
162947442  7686	485
162947442  7697	484
162947475  7707	484
162947475  7717	484
162947475  7728	485
162947475  7738	484
162947508  7749	484
162947508  7759	485
162947508  7770	485
162947542  7780	485
162947542  7791	485
162947542  7801	484
162947575  7812	485
162947575  7822	484
162947575  7833	485
162947608  7843	484
162947608  7854	485
162947608  7864	485
162947641  7875	484
162947641  7885	484
162947641  7896	484
162947641  7906	485
162947674  7916	484
162947674  7927	485
162947674  7938	483
162947707  7948	485
162947707  7958	485
162947707  7969	484
162947740  7980	484
162947740  7990	484
162947740  8000	484
162947773  8011	484
162947773  8022	484
162947773  8032	484
162947806  8042	484
162947806  8052	485
162947806  8064	484
162947806  8074	484
162947839  8084	485
162947839  8094	484
162947839  8105	484
162947872  8116	484
162947872  8126	485
162947872  8136	484
162947906  8147	483
162947906  8158	484
162947906  8168	483
162947939  8178	484
162947939  8189	485
162947939  8200	484
162947972  8210	485
162947972  8220	484
162947972  8230	485
162947972  8242	483
162948005  8252	484
162948005  8262	484
162948005  8272	484
162948038  8284	485
162948038  8294	484
162948038  8304	485
162948071  8314	484
162948071  8326	484
162948071  8336	484
162948104  8346	484
162948104  8356	485
162948104  8367	484
162948137  8378	485
162948137  8388	484
162948137  8398	484
162948137  8409	484
162948170  8420	484
162948170  8430	484
162948170  8440	484
162948204  8451	484
162948204  8462	484
162948204  8472	485
162948237  8482	485
162948237  8493	484
162948237  8504	484
162948270  8514	484
162948270  8524	484
162948270  8535	484
162948303  8545	484
162948303  8556	484
162948303  8566	484
162948303  8577	485
162948336  8587	485
162948336  8598	485
162948336  8608	485
162948369  8619	484
162948369  8629	484
162948369  8640	484
162948402  8650	485
162948402  8660	484
162948402  8671	485
162948435  8682	484
162948435  8692	484
162948435  8702	485
162948468  8713	484
162948468  8723	484
162948468  8734	485
162948468  8744	484
162948501  8755	485
162948501  8765	484
162948501  8776	485
162948537  8786	485
162948537  8797	485
162948537  8807	485
162948568  8818	484
162948568  8828	484
162948568  8839	485
162948601  8849	486
162948601  8860	485
162948601  8870	485
162948634  8881	485
162948634  8891	485
162948634  8901	485
162948634  8912	485
162948667  8923	485
162948667  8933	484
162948667  8943	485
162948700  8954	485
162948700  8965	485
162948700  8975	486
162948766  8985	484
162948766  8996	485
162948766  9007	485
162948799  9017	485
162948799  9027	484
162948799  9037	485
162948833  9049	485
162948833  9059	484
162948833  9069	485
162948833  9079	484
162948866  9091	485
162948866  9101	485
162948866  9111	484
162948899  9121	486
162948899  9133	485
162948899  9143	485
162948932  9153	485
162948932  9163	484
162948932  9175	485
162948965  9185	485
162948965  9195	486
162948965  9205	485
162948998  9216	485
162948998  9227	484
162948998  9237	485
162948998  9247	485
162949031  9257	485
162949031  9269	485
162949031  9279	485
162949064  9289	485
162949064  9299	484
162949064  9311	485
162949097  9321	485
162949097  9331	484
162949097  9341	485
162949131  9353	484
162949131  9363	485
162949131  9373	484
162949164  9383	484
162949164  9394	484
162949164  9405	485
162949164  9415	485
162949197  9425	485
162949197  9436	485
162949197  9447	485
162949230  9457	485
162949230  9467	485
162949230  9478	484
162949263  9489	485
162949263  9499	484
162949263  9509	485
162949296  9520	484
162949296  9531	485
162949296  9541	485
162949329  9551	484
162949329  9562	484
162949329  9572	484
162949329  9583	484
162949362  9593	485
162949362  9604	483
162949362  9614	484
162949395  9625	484
162949395  9635	484
162949395  9646	484
162949428  9656	484
162949428  9667	484
162949428  9677	485
162949462  9688	485
162949462  9698	484
162949462  9709	484
162949495  9719	485
162949495  9730	484
162949495  9740	484
162949495  9750	484
162949528  9761	485
162949528  9772	484
162949528  9782	484
162949561  9792	485
162949561  9803	484
162949561  9814	485
162949594  9824	485
162949594  9834	484
162949594  9845	485
162949627  9856	484
162949627  9866	485
162949627  9876	484
162949660  9887	485
162949660  9897	483
162949660  9908	485
162949660  9918	484
162949693  9928	484
162949693  9939	484
162949693  9950	484
162949726  9960	485
162949726  9970	484
162949726  9981	484
162949760  9992	484
162949760  10002	484
162949760  10012	484
162949793  10023	484
162949793  10034	484
162949793  10044	483
162949826  10054	484
162949826  10065	484
162949826  10076	483
162949859  10086	484
162949859  10097	484
162949859  10107	485
162949892  10118	484
162949892  10128	485
162949892  10139	484
162949925  10149	484
162949925  10160	484
162949925  10171	484
162949958  10181	485
162949958  10191	485
162949958  10202	485
162949992  10213	485
162949992  10223	484
162950025  10233	484
162950025  10245	484
162950025  10255	484
162950058  10265	484
162950058  10275	484
162950058  10287	485
162950091  10297	485
162950091  10307	484
162950091  10317	485
162950124  10329	484
162950124  10339	484
162950124  10349	484
162950157  10360	485
162950157  10371	484
162950157  10381	485
162950190  10391	484
162950190  10402	485
162950190  10413	485
162950223  10423	485

