
154226894  10	481
154226927  20	482
154226927  30	481
154226927  40	482
154226961  51	481
154226961  61	482
154226961  72	481
154226994  82	482
154226994  93	481
154226994  103	482
154227027  113	482
154227027  123	482
154227027  135	482
154227027  145	482
154227060  155	482
154227060  165	482
154227060  176	482
154227093  187	482
154227093  197	481
154227093  207	483
154227127  218	482
154227127  228	482
154227127  238	482
154227159  249	482
154227159  260	483
154227159  270	481
154227192  280	481
154227192  290	481
154227192  302	483
154227226  312	483
154227226  322	482
154227226  332	482
154227259  343	482
154227259  354	483
154227259  364	482
154227292  374	482
154227292  385	482
154227292  395	482
154227292  406	482
154227325  416	481
154227325  427	481
154227325  437	482
154227358  447	482
154227358  457	482
154227358  468	481
154227391  479	482
154227391  489	478
154227391  499	477
154227424  509	482
154227424  521	481
154227424  531	482
154227457  541	482
154227457  551	482
154227457  562	482
154227490  573	483
154227490  583	483
154227490  593	483
154227490  604	483
154227524  614	483
154227524  624	483
154227524  635	483
154227557  646	482
154227557  656	482
154227557  666	483
154227590  676	482
154227590  688	482
154227590  698	482
154227623  708	477
154227623  718	477
154227623  729	482
154227656  740	482
154227656  750	482
154227656  760	481
154227689  771	482
154227689  781	482
154227689  792	481
154227722  802	483
154227722  813	483
154227722  823	482
154227722  833	482
154227755  843	482
154227755  855	483
154227755  865	482
154227788  875	482
154227788  885	482
154227788  896	482
154227821  907	482
154227821  917	482
154227821  927	483
154227855  937	482
154227855  948	482
154227855  959	483
154227888  969	483
154227888  979	483
154227888  990	483
154227921  1000	482
154227921  1011	482
154227921  1021	483
154227921  1032	483
154227954  1042	481
154227954  1052	483
154227954  1063	482
154227987  1074	482
154227987  1084	482
154227987  1094	482
154228020  1105	482
154228020  1116	482
154228020  1126	483
154228053  1136	482
154228053  1147	481
154228053  1158	483
154228086  1168	482
154228086  1178	482
154228086  1188	482
154228086  1200	482
154228119  1210	483
154228119  1220	483
154228119  1230	482
154228152  1242	482
154228152  1252	483
154228152  1262	483
154228186  1272	482
154228186  1284	482
154228186  1294	484
154228219  1304	483
154228219  1314	482
154228219  1326	483
154228252  1336	483
154228252  1346	482
154228252  1356	484
154228252  1367	483
154228285  1378	482
154228285  1388	483
154228285  1398	483
154228351  1409	483
154228351  1420	482
154228351  1430	483
154228384  1440	483
154228384  1451	482
154228384  1462	484
154228417  1472	483
154228417  1482	483
154228417  1492	483
154228450  1503	483
154228450  1514	482
154228450  1524	483
154228450  1534	482
154228483  1545	482
154228483  1556	483
154228483  1566	483
154228516  1576	483
154228516  1587	484
154228516  1598	484
154228550  1608	483
154228550  1618	483
154228550  1629	483
154228583  1639	483
154228583  1650	483
154228583  1660	483
154228616  1671	482
154228616  1681	483
154228616  1692	483
154228616  1702	483
154228649  1713	483
154228649  1723	483
154228649  1734	483
154228682  1744	483
154228682  1755	483
154228682  1765	483
154228715  1775	483
154228715  1786	484
154228715  1797	483
154228748  1807	484
154228748  1817	483
154228748  1828	484
154228781  1839	484
154228781  1849	483
154228781  1859	484
154228781  1870	484
154228815  1881	484
154228815  1891	484
154228815  1901	483
154228848  1911	483
154228848  1923	478
154228848  1933	478
154228881  1943	479
154228881  1953	478
154228881  1965	479
154228914  1975	479
154228914  1985	479
154228914  1995	479
154228947  2007	479
154228947  2017	479
154228947  2027	478
154228947  2037	479
154228980  2049	478
154228980  2059	479
154228980  2069	478
154229013  2079	477
154229013  2089	478
154229013  2101	479
154229046  2111	478
154229046  2121	478
154229046  2131	478
154229079  2143	478
154229079  2153	478
154229079  2163	479
154229113  2173	479
154229113  2185	479
154229113  2195	478
154229113  2205	480
154229146  2215	478
154229146  2227	479
154229146  2237	479
154229179  2247	479
154229179  2257	479
154229179  2268	479
154229212  2279	479
154229212  2289	478
154229212  2299	478
154229245  2310	478
154229245  2321	478
154229245  2331	478
154229278  2341	479
154229278  2352	478
154229278  2363	477
154229278  2373	478
154229311  2383	477
154229311  2394	477
154229311  2405	476
154229344  2415	478
154229344  2425	482
154229344  2436	483
154229377  2446	483
154229377  2457	481
154229377  2467	482
154229411  2478	482
154229411  2488	477
154229411  2499	478
154229444  2509	478
154229444  2520	477
154229444  2530	477
154229444  2541	478
154229477  2551	478
154229477  2562	477
154229477  2572	478
154229510  2582	479
154229510  2593	478
154229510  2604	479
154229543  2614	478
154229543  2624	478
154229543  2635	478
154229576  2646	479
154229576  2656	478
154229576  2666	478
154229609  2677	479
154229609  2688	479
154229609  2698	479
154229609  2708	478
154229642  2719	479
154229642  2729	478
154229642  2740	478
154229676  2750	478
154229676  2760	478
154229676  2771	478
154229709  2782	479
154229709  2792	479
154229709  2802	479
154229742  2813	480
154229742  2824	480
154229742  2834	479
154229775  2844	480
154229775  2855	479
154229775  2866	478
154229775  2876	479
154229808  2886	479
154229808  2897	479
154229808  2908	479
154229874  2918	479
154229874  2928	479
154229874  2938	479
154229907  2950	480
154229907  2960	479
154229907  2970	479
154229940  2980	480
154229940  2992	480
154229940  3002	479
154229974  3012	480
154229974  3022	480
154229974  3034	479
154229974  3044	479
154230007  3054	480
154230007  3064	480
154230007  3076	480
154230040  3086	479
154230040  3096	480
154230040  3106	480
154230073  3117	480
154230073  3128	480
154230073  3138	480
154230106  3148	479
154230106  3159	479
154230106  3170	479
154230139  3180	479
154230139  3190	479
154230139  3201	480
154230139  3212	480
154230172  3222	480
154230172  3232	479
154230172  3243	480
154230205  3253	481
154230205  3264	479
154230205  3274	480
154230238  3284	481
154230238  3295	480
154230238  3306	481
154230272  3316	480
154230272  3326	480
154230272  3337	480
154230305  3348	480
154230305  3358	479
154230305  3368	480
154230305  3379	480
154230338  3390	480
154230338  3400	480
154230338  3410	480
154230371  3421	480
154230371  3431	479
154230371  3442	480
154230404  3452	480
154230404  3463	480
154230404  3473	479
154230437  3484	480
154230437  3494	480
154230437  3505	480
154230470  3515	480
154230470  3526	479
154230470  3536	480
154230470  3547	479
154230503  3557	480
154230503  3567	479
154230503  3578	480
154230536  3589	479
154230536  3599	479
154230536  3609	479
154230570  3620	479
154230570  3631	479
154230570  3641	479
154230603  3651	479
154230603  3662	479
154230603  3673	479
154230636  3683	479
154230636  3693	480
154230636  3704	479
154230636  3715	478
154230669  3725	479
154230669  3735	479
154230669  3745	479
154230702  3757	479
154230702  3767	479
154230702  3777	479
154230735  3787	479
154230735  3799	479
154230735  3809	480
154230768  3819	479
154230768  3829	480
154230768  3841	479
154230801  3851	479
154230801  3861	479
154230801  3871	478
154230801  3883	478
154230834  3893	479
154230834  3903	478
154230834  3913	479
154230868  3923	479
154230868  3935	478
154230868  3945	479
154230901  3955	479
154230901  3965	478
154230901  3977	478
154230934  3987	479
154230934  3997	480
154230934  4007	478
154230967  4019	479
154230967  4029	479
154230967  4039	479
154230967  4049	479
154231000  4061	479
154231000  4071	479
154231000  4081	478
154231033  4091	478
154231033  4102	479
154231033  4113	479
154231067  4123	479
154231067  4133	479
154231067  4144	479
154231100  4155	479
154231100  4165	480
154231100  4175	479
154231133  4186	479
154231133  4197	479
154231133  4207	479
154231133  4217	480
154231166  4228	479
154231166  4238	479
154231166  4249	479
154231199  4259	479
154231199  4270	479
154231199  4280	479
154231232  4291	479
154231232  4301	479
154231232  4312	479
154231265  4322	479
154231265  4333	480
154231265  4343	479
154231298  4354	479
154231298  4364	479
154231298  4375	478
154231298  4385	479
154231331  4396	480
154231331  4406	478
154231331  4416	480
154231398  4427	481
154231398  4438	480
154231398  4448	481
154231431  4458	482
154231431  4469	481
154231431  4480	481
154231464  4490	481
154231464  4500	481
154231464  4511	481
154231497  4521	481
154231497  4532	481
154231497  4542	481
154231497  4553	481
154231530  4563	481
154231530  4574	480
154231530  4584	480
154231563  4594	481
154231563  4605	481
154231563  4616	481
154231596  4626	480
154231596  4636	480
154231596  4647	480
154231629  4658	481
154231629  4668	480
154231629  4678	481
154231662  4689	480
154231662  4700	481
154231662  4710	480
154231662  4720	479
154231695  4731	480
154231695  4742	480
154231695  4752	481
154231729  4762	480
154231729  4772	481
154231729  4784	480
154231762  4794	480
154231762  4804	480
154231762  4814	480
154231795  4826	481
154231795  4836	480
154231795  4846	480
154231828  4856	480
154231828  4868	480
154231828  4878	480
154231828  4888	479
154231861  4898	480
154231861  4909	480
154231861  4920	479
154231894  4930	480
154231894  4940	481
154231894  4951	481
154231927  4962	481
154231927  4972	481
154231927  4982	480
154231961  4993	481
154231961  5004	481
154231961  5014	480
154231994  5024	480
154231994  5035	480
154231994  5046	481
154231994  5056	480
154232027  5066	480
154232027  5076	481
154232027  5087	480
154232060  5098	480
154232060  5108	480
154232060  5118	480
154232093  5129	480
154232093  5140	481
154232093  5150	481
154232126  5160	481
154232126  5171	481
154232126  5182	481
154232159  5192	481
154232159  5202	482
154232159  5213	480
154232159  5224	481
154232192  5234	480
154232192  5244	481
154232192  5255	480
154232225  5265	481
154232225  5276	481
154232225  5286	481
154232259  5297	481
154232259  5307	480
154232259  5318	480
154232292  5328	480
154232292  5339	480
154232292  5349	481
154232325  5360	481
154232325  5370	480
154232325  5381	479
154232325  5391	481
154232358  5401	481
154232358  5412	480
154232358  5423	481
154232391  5433	481
154232391  5443	480
154232391  5454	480
154232424  5465	480
154232424  5475	479
154232424  5485	480
154232457  5496	480
154232457  5507	480
154232457  5517	480
154232490  5527	479
154232490  5538	480
154232490  5549	480
154232490  5559	480
154232524  5569	481
154232524  5579	481
154232524  5591	480
154232557  5601	480
154232557  5611	480
154232557  5621	479
154232590  5633	480
154232590  5643	480
154232590  5653	480
154232623  5663	480
154232623  5675	480
154232623  5685	480
154232658  5695	480
154232658  5705	480
154232658  5716	480
154232658  5727	480
154232689  5737	480
154232689  5747	480
154232689  5757	480
154232722  5769	480
154232722  5779	480
154232722  5789	480
154232755  5799	480
154232755  5811	480
154232755  5821	480
154232789  5831	481
154232789  5841	480
154232789  5853	480
154232822  5863	480
154232822  5873	480
154232822  5883	480
154232822  5895	479
154232855  5905	479
154232855  5915	480
154232855  5925	480
154232921  5936	479
154232921  5947	479
154232921  5957	480
154232954  5967	479
154232954  5978	481
154232954  5989	480
154232987  5999	480
154232987  6009	481
154232987  6020	480
154233020  6031	480
154233020  6041	481
154233020  6051	480
154233020  6062	480
154233053  6073	479
154233053  6083	480
154233053  6093	480
154233087  6104	480
154233087  6114	480
154233087  6125	481
154233120  6135	480
154233120  6146	481
154233120  6156	480
154233153  6167	480
154233153  6177	480
154233153  6188	480
154233186  6198	480
154233186  6209	480
154233186  6219	480
154233186  6230	479
154233219  6240	479
154233219  6250	479
154233219  6261	480
154233252  6272	480
154233252  6282	480
154233252  6292	480
154233285  6303	480
154233285  6313	480
154233285  6324	480
154233318  6334	479
154233318  6345	480
154233318  6355	481
154233352  6366	480
154233352  6376	480
154233352  6387	480
154233352  6397	481
154233385  6408	480
154233385  6418	480
154233385  6428	480
154233418  6439	480
154233418  6450	480
154233418  6460	480
154233451  6470	480
154233451  6481	481
154233451  6492	480
154233484  6502	480
154233484  6512	480
154233484  6523	480
154233517  6534	479
154233517  6544	480
154233517  6554	480
154233517  6564	480
154233550  6576	481
154233550  6586	480
154233550  6596	480
154233583  6606	481
154233583  6618	480
154233583  6628	480
154233617  6638	480
154233617  6648	481
154233617  6660	480
154233650  6670	480
154233650  6680	481
154233650  6690	481
154233683  6702	480
154233683  6712	481
154233683  6722	480
154233683  6732	480
154233716  6743	481
154233716  6754	481
154233716  6764	480
154233749  6774	482
154233749  6785	481
154233749  6796	480
154233782  6806	481
154233782  6816	481
154233782  6827	481
154233815  6838	481
154233815  6848	481
154233815  6858	481
154233848  6868	481
154233848  6880	481
154233848  6890	480
154233848  6900	481
154233881  6910	480
154233881  6921	481
154233881  6932	482
154233914  6942	482
154233914  6952	480
154233914  6963	482
154233947  6974	482
154233947  6984	481
154233947  6994	481
154233981  7005	482
154233981  7016	482
154233981  7026	482
154234014  7036	483
154234014  7047	482
154234014  7058	481
154234014  7068	481
154234047  7078	481
154234047  7089	481
154234047  7099	480
154234080  7110	481
154234080  7120	480
154234080  7131	481
154234113  7141	480
154234113  7152	481
154234113  7162	480
154234146  7173	481
154234146  7183	481
154234146  7194	481
154234179  7204	481
154234179  7215	480
154234179  7225	482
154234179  7235	481
154234212  7246	481
154234212  7257	481
154234212  7267	481
154234245  7277	480
154234245  7288	481
154234245  7299	481
154234279  7309	480
154234279  7319	480
154234279  7330	482
154234312  7341	480
154234312  7351	480
154234312  7361	481
154234345  7372	481
154234345  7383	480
154234345  7393	481
154234345  7403	481
154234378  7413	481
154234378  7425	480
154234378  7435	481
154234455  7445	481
154234455  7455	480
154234455  7467	481
154234455  7477	481
154234455  7487	481
154234455  7497	481
154234486  7508	481
154234486  7519	480
154234486  7529	480
154234520  7539	479
154234520  7550	480
154234520  7561	481
154234520  7571	480
154234617  7581	480
154234617  7591	481
154234617  7603	481
154234617  7613	480
154234617  7623	481
154234617  7633	480
154234617  7645	482
154234617  7655	481
154234617  7665	481
154234652  7675	480
154234652  7687	481
154234652  7697	481
154234685  7707	481
154234685  7717	480
154234685  7729	482
154234685  7739	482
154234718  7749	480
154234718  7759	481
154234718  7770	481
154234751  7781	481
154234751  7791	481
154234751  7801	481
154234785  7812	481
154234785  7823	481
154234785  7833	481
154234818  7843	481
154234818  7854	481
154234818  7865	481
154234884  7875	480
154234884  7885	482
154234884  7896	481
154234884  7906	481
154234917  7917	481
154234917  7927	481
154234917  7938	482
154234950  7948	481
154234950  7959	481
154234950  7969	481
154234983  7980	479
154234983  7990	481
154234983  8001	481
154235016  8011	481
154235016  8022	481
154235016  8032	481
154235050  8043	481
154235050  8053	481
154235050  8064	481
154235050  8074	480
154235083  8084	480
154235083  8095	481
154235083  8105	481
154235116  8116	481
154235116  8126	480
154235116  8137	481
154235149  8147	481
154235149  8158	481
154235149  8168	481
154235182  8179	481
154235182  8189	481
154235182  8200	481
154235217  8210	480
154235217  8221	481
154235217  8231	481
154235217  8242	480
154235248  8252	481
154235248  8262	481
154235248  8273	481
154235281  8284	482
154235281  8294	480
154235281  8304	481
154235314  8315	481
154235314  8326	481
154235314  8336	481
154235347  8346	480
154235347  8357	481
154235347  8368	480
154235381  8378	481
154235381  8388	481
154235381  8398	481
154235381  8410	482
154235414  8420	481
154235414  8430	481
154235414  8440	481
154235447  8452	482
154235447  8462	482
154235447  8472	481
154235480  8482	481
154235480  8494	481
154235480  8504	481
154235513  8514	482
154235513  8524	481
154235513  8536	483
154235546  8546	482
154235546  8556	482
154235546  8566	482
154235546  8577	482
154235579  8588	481
154235579  8598	482
154235579  8608	482
154235612  8619	482
154235612  8630	482
154235612  8640	482
154235645  8650	482
154235645  8660	480
154235645  8672	481
154235678  8682	481
154235678  8692	482
154235678  8702	481
154235712  8714	480
154235712  8724	481
154235712  8734	482
154235712  8744	481
154235745  8755	481
154235745  8766	481
154235745  8776	481
154235778  8786	482
154235778  8797	481
154235778  8808	481
154235811  8818	481
154235811  8828	482
154235811  8839	481
154235844  8850	481
154235844  8860	481
154235844  8870	481
154235877  8881	481
154235877  8892	482
154235877  8902	481
154235877  8912	481
154235910  8923	481
154235910  8933	481
154235910  8944	481
154235943  8954	482
154235943  8965	482
154235943  8975	481
154235976  8986	482
154235976  8996	481
154235976  9007	481
154236009  9017	480
154236009  9028	483
154236009  9038	481
154236042  9049	482
154236042  9059	482
154236042  9070	481
154236042  9080	481
154236076  9091	482
154236076  9101	482
154236076  9111	481
154236110  9122	482
154236110  9133	482
154236110  9143	481
154236143  9153	480
154236143  9164	482
154236143  9175	481
154236176  9185	482
154236176  9195	482
154236176  9206	482
154236209  9217	482
154236209  9227	482
154236209  9237	482
154236209  9247	482
154236242  9259	481
154236242  9269	481
154236242  9279	481
154236275  9289	481
154236275  9300	481
154236275  9311	482
154236308  9321	481
154236308  9331	481
154236308  9342	482
154236341  9353	481
154236341  9363	481
154236341  9373	482
154236407  9384	482
154236407  9395	481
154236407  9405	481
154236407  9415	482
154236440  9425	481
154236440  9437	482
154236440  9447	482
154236474  9457	481
154236474  9467	481
154236474  9479	481
154236507  9489	481
154236507  9499	481
154236507  9509	482
154236540  9521	480
154236540  9531	481
154236540  9541	481
154236573  9551	481
154236573  9563	481
154236573  9573	481
154236573  9583	481
154236606  9593	481
154236606  9604	480
154236606  9615	480
154236639  9625	481
154236639  9635	482
154236639  9646	480
154236672  9657	481
154236672  9667	481
154236672  9677	481
154236705  9688	481
154236705  9699	481
154236705  9709	481
154236738  9719	480
154236738  9730	481
154236738  9741	480
154236738  9751	480
154236771  9761	480
154236771  9772	482
154236771  9782	480
154236805  9793	481
154236805  9803	481
154236805  9814	481
154236838  9824	481
154236838  9835	481
154236838  9845	481
154236871  9856	480
154236871  9866	481
154236871  9877	480
154236904  9887	480
154236904  9897	481
154236904  9908	480
154236904  9919	481
154236937  9929	480
154236937  9939	480
154236937  9950	480
154236971  9960	480
154236971  9971	480
154236971  9981	480
154237003  9992	480
154237003  10002	480
154237003  10013	480
154237036  10023	480
154237036  10034	480
154237036  10044	480
154237069  10055	479
154237069  10065	480
154237069  10076	480
154237102  10087	480
154237102  10097	480
154237102  10107	480
154237136  10118	480
154237136  10129	481
154237136  10139	480
154237169  10149	480
154237169  10161	479
154237169  10171	481
154237202  10181	480
154237202  10191	480
154237202  10203	480
154237235  10213	480
154237235  10223	480
154237268  10234	479
154237268  10245	479
154237268  10255	479
154237301  10265	480
154237301  10276	480
154237301  10287	480
154237334  10297	480
154237334  10308	479
154237334  10318	480
154237368  10329	480
154237368  10339	481
154237368  10350	480
154237400  10360	480
154237400  10371	481
154237400  10381	480
154237433  10392	480
154237433  10402	480
154237433  10413	480
154237467  10424	481

