163342060  0	471
163342060  10	470
163342060  20	472
163342093  30	472
163342093  40	472
163342093  51	474
163342126  61	473
163342126  72	473
163342126  82	473
163342126  93	473
163342159  103	474
163342159  113	473
163342159  123	474
163342193  135	473
163342193  145	473
163342193  155	473
163342226  165	474
163342226  176	474
163342226  187	474
163342259  197	474
163342259  207	474
163342259  218	473
163342292  228	473
163342292  238	471
163342292  249	471
163342325  260	472
163342325  270	473
163342325  280	474
163342359  290	474
163342359  302	474
163342359  312	473
163342392  322	473
163342392  332	473
163342392  343	473
163342392  354	472
163342425  364	473
163342425  374	473
163342425  385	473
163342457  395	473
163342457  406	473
163342457  416	473
163342490  427	474
163342490  437	473
163342490  447	473
163342524  457	473
163342524  468	473
163342524  479	473
163342557  489	473
163342557  499	472
163342557  509	472
163342590  521	473
163342590  531	472
163342590  541	473
163342590  551	473
163342624  562	473
163342624  573	473
163342624  583	472
163342656  593	473
163342656  604	473
163342656  614	474
163342689  624	473
163342689  635	474
163342689  646	473
163342722  656	473
163342722  666	473
163342722  676	473
163342755  688	473
163342755  698	473
163342755  708	474
163342789  718	473
163342789  729	474
163342789  740	474
163342822  750	473
163342822  760	473
163342822  771	473
163342822  781	473
163342856  792	473
163342856  802	474
163342856  813	474
163342889  823	474
163342889  833	474
163342889  843	473
163342921  855	474
163342921  865	475
163342921  875	474
163342954  885	473
163342954  896	474
163342954  907	472
163342987  917	473
163342987  927	472
163342987  937	473
163343020  948	472
163343020  959	473
163343020  969	473
163343054  979	474
163343054  990	473
163343087  1000	473
163343087  1011	473
163343087  1021	473
163343087  1032	473
163343120  1042	473
163343120  1052	473
163343120  1063	473
163343153  1074	473
163343153  1084	473
163343153  1094	473
163343187  1105	473
163343187  1116	473
163343187  1126	473
163343220  1136	473
163343220  1147	472
163343220  1158	473
163343252  1168	474
163343252  1178	473
163343252  1189	474
163343252  1200	474
163343286  1210	474
163343286  1220	472
163343286  1230	473
163343319  1242	473
163343319  1252	473
163343319  1262	473
163343351  1272	473
163343351  1284	474
163343351  1294	474
163343385  1304	472
163343385  1314	473
163343385  1326	473
163343418  1336	474
163343418  1346	473
163343418  1356	472
163343418  1368	473
163343452  1378	473
163343452  1388	474
163343452  1398	473
163343484  1409	474
163343484  1420	473
163343484  1430	473
163343517  1440	473
163343517  1451	473
163343517  1462	473
163343550  1472	472
163343550  1482	472
163343550  1492	472
163343583  1504	473
163343583  1514	473
163343583  1524	474
163343583  1534	474
163343617  1546	474
163343617  1556	474
163343617  1566	473
163343650  1576	474
163343650  1587	473
163343650  1598	473
163343683  1608	474
163343683  1618	473
163343683  1629	474
163343716  1640	474
163343716  1650	474
163343716  1660	473
163343749  1671	474
163343749  1682	473
163343749  1692	473
163343749  1702	473
163343782  1713	473
163343782  1723	473
163343782  1734	473
163343815  1744	473
163343815  1755	473
163343815  1765	474
163343848  1776	474
163343848  1786	473
163343848  1797	473
163343881  1807	474
163343881  1818	473
163343881  1828	473
163343914  1839	473
163343914  1849	473
163343914  1860	473
163343914  1870	473
163343947  1881	474
163343947  1891	473
163343947  1901	474
163343981  1912	473
163343981  1923	473
163343981  1933	473
163344047  1943	473
163344047  1954	473
163344047  1965	473
163344047  1975	473
163344047  1985	473
163344047  1996	473
163344113  2007	473
163344113  2017	474
163344113  2027	473
163344113  2038	474
163344146  2049	474
163344146  2059	474
163344146  2069	474
163344179  2079	473
163344179  2091	473
163344179  2101	474
163344213  2111	472
163344213  2121	473
163344213  2132	473
163344247  2143	473
163344247  2153	474
163344247  2163	474
163344279  2174	473
163344279  2185	474
163344279  2195	473
163344279  2205	474
163344312  2216	473
163344312  2227	474
163344312  2237	474
163344345  2247	474
163344345  2257	473
163344345  2269	473
163344378  2279	473
163344378  2289	473
163344378  2299	473
163344411  2311	473
163344411  2321	473
163344411  2331	473
163344444  2341	473
163344444  2353	474
163344444  2363	474
163344444  2373	473
163344477  2383	473
163344477  2395	474
163344477  2405	473
163344510  2415	473
163344510  2425	473
163344510  2436	474
163344543  2447	473
163344543  2457	473
163344543  2467	474
163344577  2478	474
163344577  2489	474
163344577  2499	474
163344610  2509	474
163344610  2520	474
163344610  2531	474
163344610  2541	474
163344643  2551	473
163344643  2562	474
163344643  2572	474
163344676  2583	474
163344676  2593	474
163344676  2604	474
163344709  2614	473
163344709  2625	473
163344709  2635	473
163344742  2646	473
163344742  2656	473
163344742  2667	473
163344775  2677	474
163344775  2688	473
163344775  2698	474
163344775  2709	473
163344808  2719	474
163344808  2729	474
163344808  2740	474
163344841  2750	474
163344841  2761	474
163344841  2771	474
163344874  2782	473
163344874  2792	473
163344874  2803	473
163344908  2813	474
163344908  2824	473
163344908  2834	473
163344941  2845	473
163344941  2855	473
163344941  2866	473
163344941  2876	474
163344974  2887	475
163344974  2897	474
163344974  2908	473
163345007  2918	473
163345007  2928	473
163345007  2939	472
163345040  2950	473
163345040  2960	473
163345040  2970	473
163345073  2981	473
163345073  2992	473
163345073  3002	474
163345106  3012	474
163345106  3023	474
163345106  3034	473
163345106  3044	473
163345140  3054	474
163345140  3065	474
163345140  3076	474
163345173  3086	474
163345173  3096	474
163345173  3106	474
163345206  3118	475
163345206  3128	474
163345206  3138	474
163345240  3148	474
163345240  3160	474
163345240  3170	473
163345273  3180	474
163345273  3190	474
163345273  3202	474
163345273  3212	474
163345305  3222	474
163345305  3232	474
163345305  3243	474
163345339  3254	474
163345339  3264	474
163345339  3274	474
163345371  3284	474
163345371  3296	474
163345371  3306	474
163345405  3316	474
163345405  3326	474
163345405  3338	474
163345438  3348	474
163345438  3358	473
163345438  3368	474
163345438  3380	474
163345472  3390	473
163345472  3400	474
163345472  3410	474
163345504  3421	474
163345504  3432	474
163345504  3442	474
163345537  3452	474
163345537  3463	474
163345537  3474	473
163345603  3484	475
163345603  3494	475
163345603  3505	475
163345636  3516	475
163345636  3526	475
163345636  3536	475
163345636  3547	475
163345670  3558	475
163345670  3568	474
163345670  3578	474
163345703  3589	474
163345703  3599	474
163345703  3610	474
163345736  3620	474
163345736  3631	474
163345736  3641	474
163345769  3652	474
163345769  3662	475
163345769  3673	475
163345802  3683	476
163345802  3694	476
163345802  3704	476
163345802  3715	476
163345835  3725	476
163345835  3736	476
163345835  3746	476
163345868  3757	476
163345868  3767	477
163345868  3777	476
163345901  3788	476
163345901  3799	476
163345901  3809	476
163345934  3819	475
163345934  3830	475
163345934  3841	475
163345968  3851	476
163345968  3861	475
163345968  3872	476
163345968  3883	476
163346001  3893	476
163346001  3903	476
163346001  3913	476
163346034  3924	475
163346034  3935	475
163346034  3945	476
163346067  3955	476
163346067  3966	476
163346067  3977	476
163346100  3987	477
163346100  3997	475
163346100  4008	476
163346133  4019	476
163346133  4029	476
163346133  4039	476
163346133  4050	476
163346167  4061	476
163346167  4071	476
163346167  4081	477
163346199  4091	476
163346199  4103	476
163346199  4113	475
163346232  4123	476
163346232  4133	475
163346232  4145	474
163346265  4155	476
163346265  4165	475
163346265  4175	475
163346299  4187	475
163346299  4197	476
163346299  4207	476
163346299  4217	476
163346332  4229	476
163346332  4239	475
163346332  4249	476
163346365  4259	475
163346365  4270	475
163346365  4281	475
163346398  4291	475
163346398  4301	476
163346398  4312	476
163346432  4323	475
163346432  4333	476
163346432  4343	475
163346464  4354	475
163346464  4365	475
163346464  4375	474
163346464  4385	475
163346497  4396	476
163346497  4407	476
163346497  4417	476
163346530  4427	476
163346530  4438	476
163346530  4448	475
163346563  4459	476
163346563  4469	475
163346563  4480	476
163346596  4490	476
163346596  4501	476
163346596  4511	475
163346630  4521	476
163346630  4532	476
163346630  4543	476
163346630  4553	476
163346663  4563	476
163346663  4574	477
163346663  4585	475
163346696  4595	476
163346696  4605	476
163346696  4616	476
163346729  4626	476
163346729  4637	475
163346729  4647	477
163346763  4658	476
163346763  4668	476
163346763  4679	475
163346796  4689	476
163346796  4700	475
163346796  4710	475
163346796  4721	475
163346829  4731	476
163346829  4742	475
163346829  4752	476
163346861  4762	476
163346861  4773	475
163346861  4784	476
163346894  4794	476
163346894  4804	476
163346894  4815	476
163346928  4826	476
163346928  4836	475
163346928  4846	475
163346961  4857	476
163346961  4868	476
163346961  4878	476
163346961  4888	476
163346994  4899	475
163346994  4910	475
163346994  4920	476
163347028  4930	475
163347028  4940	476
163347028  4952	476
163347061  4962	475
163347061  4972	475
163347061  4982	475
163347094  4994	476
163347094  5004	475
163347094  5014	476
163347159  5024	476
163347159  5036	476
163347159  5046	476
163347159  5056	476
163347192  5066	476
163347192  5078	476
163347192  5088	476
163347226  5098	476
163347226  5108	476
163347226  5118	477
163347259  5130	476
163347259  5140	477
163347259  5150	477
163347292  5160	475
163347292  5172	476
163347292  5182	476
163347325  5192	476
163347325  5202	476
163347325  5214	477
163347325  5224	476
163347358  5234	476
163347358  5244	476
163347358  5256	476
163347391  5266	476
163347391  5276	476
163347391  5286	477
163347424  5297	476
163347424  5308	476
163347424  5318	476
163347457  5328	476
163347457  5339	475
163347457  5350	476
163347490  5360	476
163347490  5370	476
163347490  5381	477
163347490  5392	476
163347524  5402	476
163347524  5412	476
163347524  5423	476
163347557  5434	476
163347557  5444	475
163347557  5454	476
163347590  5465	476
163347590  5475	476
163347590  5486	477
163347623  5496	476
163347623  5507	476
163347623  5517	476
163347656  5528	476
163347656  5538	476
163347656  5549	476
163347656  5559	476
163347689  5570	476
163347689  5580	476
163347689  5591	476
163347722  5601	475
163347722  5612	476
163347722  5622	476
163347755  5633	476
163347755  5643	476
163347755  5653	476
163347788  5664	476
163347788  5675	476
163347788  5685	476
163347821  5695	476
163347821  5706	476
163347821  5716	476
163347821  5727	476
163347855  5737	477
163347855  5748	477
163347855  5758	477
163347888  5769	476
163347888  5779	477
163347888  5789	475
163347921  5800	476
163347921  5811	476
163347921  5821	475
163347954  5831	476
163347954  5842	476
163347954  5853	476
163347987  5863	476
163347987  5873	476
163347987  5884	476
163347987  5895	476
163348020  5905	476
163348020  5915	475
163348020  5926	476
163348053  5937	476
163348053  5947	477
163348053  5957	476
163348086  5967	476
163348086  5979	476
163348086  5989	477
163348120  5999	477
163348120  6009	476
163348120  6021	477
163348153  6031	476
163348153  6041	476
163348153  6051	476
163348153  6063	476
163348186  6073	476
163348186  6083	476
163348186  6093	476
163348219  6105	476
163348219  6115	475
163348219  6125	477
163348252  6135	476
163348252  6146	476
163348252  6157	476
163348285  6167	477
163348285  6177	476
163348285  6188	476
163348318  6199	476
163348318  6209	476
163348318  6219	476
163348318  6230	476
163348351  6241	476
163348351  6251	475
163348351  6261	475
163348384  6272	475
163348384  6283	475
163348384  6293	475
163348417  6303	476
163348417  6313	475
163348417  6324	476
163348450  6335	475
163348450  6345	476
163348450  6355	476
163348484  6366	475
163348484  6377	476
163348484  6387	476
163348484  6397	476
163348517  6408	476
163348517  6419	477
163348517  6429	476
163348550  6439	476
163348550  6450	475
163348550  6461	476
163348616  6471	476
163348616  6481	476
163348616  6492	477
163348649  6502	476
163348649  6513	477
163348649  6523	476
163348682  6534	477
163348682  6544	476
163348682  6555	476
163348682  6565	476
163348715  6576	476
163348715  6586	476
163348715  6597	476
163348748  6607	476
163348748  6618	475
163348748  6628	475
163348781  6639	476
163348781  6649	476
163348781  6660	476
163348815  6670	476
163348815  6680	475
163348815  6691	476
163348848  6702	476
163348848  6712	475
163348848  6722	475
163348848  6733	476
163348881  6744	476
163348881  6754	476
163348881  6764	475
163348914  6775	476
163348914  6786	475
163348914  6796	476
163348947  6806	476
163348947  6817	477
163348947  6828	476
163348980  6838	476
163348980  6848	476
163348980  6858	476
163349013  6870	475
163349013  6880	476
163349013  6890	477
163349013  6900	476
163349046  6912	477
163349046  6922	476
163349046  6932	476
163349079  6942	476
163349079  6953	476
163349079  6964	476
163349113  6974	476
163349113  6984	476
163349113  6994	476
163349146  7006	475
163349146  7016	476
163349146  7026	475
163349179  7036	476
163349179  7048	476
163349179  7058	476
163349179  7068	476
163349212  7078	476
163349212  7090	476
163349212  7100	476
163349245  7110	476
163349245  7120	476
163349245  7132	477
163349278  7142	476
163349278  7152	476
163349278  7162	475
163349311  7173	476
163349311  7184	476
163349311  7194	476
163349344  7204	476
163349344  7215	477
163349344  7226	476
163349344  7236	476
163349377  7246	476
163349377  7257	476
163349377  7268	476
163349410  7278	476
163349410  7288	476
163349410  7299	476
163349444  7310	478
163349444  7320	478
163349444  7330	477
163349477  7341	476
163349477  7351	477
163349477  7362	477
163349510  7372	477
163349510  7383	477
163349510  7393	477
163349510  7404	476
163349543  7414	477
163349543  7425	477
163349543  7435	477
163349576  7446	477
163349576  7456	476
163349576  7467	477
163349609  7477	477
163349609  7488	477
163349609  7498	475
163349642  7508	477
163349642  7519	477
163349642  7529	477
163349675  7540	477
163349675  7550	477
163349675  7561	477
163349675  7571	477
163349708  7582	477
163349708  7592	478
163349708  7603	478
163349742  7613	477
163349742  7624	477
163349742  7634	477
163349775  7645	478
163349775  7655	477
163349775  7666	477
163349808  7676	477
163349808  7687	478
163349808  7697	477
163349841  7707	478
163349841  7718	477
163349841  7729	476
163349841  7739	476
163349874  7749	477
163349874  7760	476
163349874  7771	477
163349907  7781	478
163349907  7791	476
163349907  7802	477
163349940  7813	476
163349940  7823	477
163349940  7833	477
163349973  7843	477
163349973  7855	477
163349973  7865	477
163350006  7875	476
163350006  7885	477
163350006  7897	476
163350006  7907	477
163350039  7917	477
163350039  7927	476
163350039  7939	476
163350073  7949	477
163350073  7959	476
163350073  7969	477
163350139  7981	476
163350139  7991	477
163350139  8001	477
163350172  8011	477
163350172  8022	477
163350172  8033	477
163350205  8043	478
163350205  8053	477
163350205  8064	477
163350205  8075	476
163350238  8085	476
163350238  8095	477
163350238  8105	477
163350271  8117	478
163350271  8127	477
163350271  8137	477
163350304  8147	477
163350304  8159	476
163350304  8169	476
163350338  8179	477
163350338  8189	477
163350338  8200	477
163350371  8211	477
163350371  8221	477
163350371  8231	477
163350371  8242	477
163350404  8253	476
163350404  8263	476
163350404  8273	477
163350437  8284	477
163350437  8295	477
163350437  8305	476
163350470  8315	477
163350470  8326	477
163350470  8337	477
163350503  8347	477
163350503  8357	477
163350503  8368	477
163350536  8378	476
163350536  8389	476
163350536  8399	476
163350536  8410	477
163350570  8420	477
163350570  8431	477
163350570  8441	476
163350602  8452	477
163350602  8462	477
163350602  8473	476
163350635  8483	477
163350635  8494	477
163350635  8504	478
163350669  8515	476
163350669  8525	475
163350669  8536	476
163350702  8546	476
163350702  8556	476
163350702  8567	475
163350702  8578	476
163350735  8588	476
163350735  8598	475
163350735  8609	476
163350768  8620	477
163350768  8630	476
163350768  8640	476
163350801  8651	475
163350801  8662	476
163350801  8672	476
163350834  8682	477
163350834  8692	476
163350834  8704	475
163350867  8714	476
163350867  8724	476
163350867  8734	475
163350867  8745	476
163350900  8756	477
163350900  8766	476
163350900  8776	475
163350933  8787	476
163350933  8798	476
163350933  8808	476
163350966  8818	476
163350966  8829	476
163350966  8840	476
163350999  8850	476
163350999  8860	476
163350999  8870	476
163351032  8882	476
163351032  8892	476
163351032  8902	476
163351032  8912	475
163351066  8924	476
163351066  8934	475
163351066  8944	475
163351099  8954	476
163351099  8966	476
163351099  8976	476
163351132  8986	477
163351132  8996	476
163351132  9008	475
163351165  9018	476
163351165  9028	476
163351165  9038	476
163351198  9049	476
163351198  9060	476
163351198  9070	475
163351198  9080	476
163351231  9091	475
163351231  9102	476
163351231  9112	475
163351264  9122	476
163351264  9133	476
163351264  9144	476
163351297  9154	475
163351297  9164	475
163351297  9175	475
163351330  9186	475
163351330  9196	476
163351330  9206	476
163351363  9217	476
163351363  9227	475
163351363  9238	476
163351363  9248	475
163351397  9259	475
163351397  9269	476
163351397  9280	476
163351430  9290	476
163351430  9300	476
163351430  9311	475
163351463  9322	475
163351463  9332	475
163351463  9342	475
163351496  9353	476
163351496  9364	476
163351496  9374	476
163351529  9384	475
163351529  9395	475
163351529  9405	476
163351529  9416	476
163351562  9426	477
163351562  9437	476
163351562  9447	477
163351595  9458	476
163351595  9468	476
163351595  9479	477
163351661  9489	476
163351661  9500	477
163351661  9510	476
163351694  9521	478
163351694  9531	475
163351694  9542	475
163351727  9552	475
163351727  9563	475
163351727  9573	476
163351727  9583	476
163351761  9594	476
163351761  9605	475
163351761  9615	476
163351794  9625	475
163351794  9636	476
163351794  9647	476
163351827  9657	476
163351827  9667	475
163351827  9678	476
163351860  9689	475
163351860  9699	475
163351860  9709	475
163351893  9720	475
163351893  9731	475
163351893  9741	475
163351893  9751	475
163351926  9761	476
163351926  9773	476
163351926  9783	475
163351959  9793	475
163351959  9803	475
163351959  9815	476
163351992  9825	476
163351992  9835	476
163351992  9845	476
163352025  9857	475
163352025  9867	476
163352025  9877	476
163352058  9887	476
163352058  9897	475
163352058  9909	475
163352058  9919	476
163352092  9929	476
163352092  9939	476
163352092  9951	476
163352125  9961	476
163352125  9971	476
163352125  9981	475
163352158  9993	477
163352158  10003	476
163352158  10013	475
163352191  10023	475
163352191  10035	476
163352191  10045	476
163352224  10055	476
163352224  10066	476
163352224  10077	475
163352257  10087	475
163352257  10097	475
163352257  10108	475
163352290  10119	476
163352290  10129	475
163352290  10139	476
163352323  10150	475
163352323  10161	476
163352323  10171	476
163352356  10182	476
163352356  10192	475
163352356  10203	476
163352390  10213	475
163352390  10224	476
163352423  10234	475
163352423  10245	476
163352423  10256	476
163352456  10266	476
163352456  10276	476
163352456  10287	475
163352489  10298	476
163352489  10308	476
163352489  10318	475
163352522  10330	476
163352522  10340	476
163352522  10350	476
163352555  10360	475
163352555  10372	475
163352555  10382	476
163352588  10392	475
163352588  10403	476
163352588  10414	475
163352621  10424	476

