154512295  0	371
154512295  10	370
154512295  20	371
154512295  30	370
154512295  40	370
154513165  0	372
154513165  10	372
154513165  20	373
154513165  30	373
154513198  40	373
154513198  51	372
154513198  61	372
154513231  72	372
154513231  82	371
154513231  93	371
154513264  103	371
154513264  113	371
154513264  123	372
154513297  135	371
154513297  145	372
154513297  155	373
154513330  165	371
154513330  176	372
154513330  187	371
154513363  197	371
154513363  207	371
154513363  218	371
154513396  228	372
154513396  238	372
154513396  249	371
154513430  260	372
154513430  270	372
154513430  280	370
154513430  290	373
154513463  302	372
154513463  312	371
154513463  322	372
154513496  332	372
154513496  343	372
154513496  354	372
154513529  364	373
154513529  374	372
154513529  385	372
154513562  395	371
154513562  406	373
154513562  416	373
154513595  427	373
154513595  437	372
154513595  447	372
154513628  457	371
154513628  468	373
154513628  479	372
154513661  489	372
154513661  499	371
154513661  509	371
154513661  521	372
154513694  531	373
154513694  541	371
154513694  551	371
154513727  562	372
154513727  573	371
154513727  583	372
154513761  593	371
154513761  604	371
154513761  614	372
154513794  624	371
154513794  635	371
154513794  646	372
154513827  656	372
154513827  666	371
154513827  676	371
154513860  688	371
154513860  698	371
154513860  708	371
154513893  718	371
154513893  729	371
154513893  740	370
154513893  750	370
154513926  760	372
154513926  771	371
154513926  781	372
154513959  792	372
154513959  802	370
154513959  813	371
154513992  823	370
154513992  833	369
154513992  843	371
154514026  855	371
154514026  865	372
154514026  875	372
154514059  885	372
154514059  896	371
154514059  907	372
154514092  917	370
154514092  927	371
154514092  937	371
154514092  948	373
154514125  959	371
154514125  969	372
154514125  979	372
154514158  990	373
154514191  1000	373
154514191  1011	371
154514191  1021	371
154514191  1032	370
154514224  1042	370
154514224  1053	371
154514224  1063	369
154514257  1074	371
154514257  1084	371
154514257  1094	372
154514290  1105	372
154514290  1116	372
154514290  1126	372
154514323  1136	372
154514323  1147	372
154514323  1158	371
154514357  1168	372
154514357  1178	372
154514357  1189	371
154514357  1200	371
154514390  1210	372
154514390  1220	373
154514390  1231	371
154514423  1242	373
154514423  1252	372
154514423  1262	371
154514456  1272	371
154514456  1284	370
154514456  1294	371
154514489  1304	372
154514489  1314	371
154514489  1326	372
154514522  1336	373
154514522  1346	373
154514522  1356	373
154514522  1368	373
154514555  1378	373
154514555  1388	372
154514555  1398	372
154514588  1409	372
154514588  1420	373
154514588  1430	372
154514621  1440	373
154514621  1451	373
154514621  1462	373
154514654  1472	373
154514654  1482	373
154514654  1492	372
154514688  1504	373
154514688  1514	373
154514688  1524	372
154514688  1534	373
154514721  1546	373
154514721  1556	373
154514721  1566	373
154514754  1576	373
154514754  1587	374
154514754  1598	373
154514787  1608	373
154514787  1618	373
154514787  1629	374
154514821  1640	373
154514821  1650	374
154514821  1660	373
154514854  1671	374
154514854  1682	373
154514854  1692	374
154514854  1702	374
154514887  1713	374
154514887  1723	374
154514887  1734	374
154514920  1744	374
154514920  1755	374
154514920  1765	374
154514953  1776	375
154514953  1786	374
154514953  1797	375
154514986  1807	374
154514986  1818	374
154514986  1828	373
154515019  1839	373
154515019  1849	374
154515019  1860	373
154515019  1870	374
154515052  1881	374
154515052  1891	373
154515052  1901	373
154515086  1912	373
154515086  1923	374
154515086  1933	373
154515119  1943	374
154515119  1954	375
154515119  1965	376
154515152  1975	375
154515152  1985	374
154515152  1996	373
154515185  2007	374
154515185  2017	375
154515185  2027	374
154515185  2038	374
154515218  2049	374
154515218  2059	373
154515218  2069	374
154515251  2079	373
154515251  2091	373
154515251  2101	373
154515284  2111	374
154515284  2121	373
154515284  2132	374
154515350  2143	374
154515350  2153	374
154515350  2163	373
154515384  2174	373
154515384  2185	374
154515384  2195	373
154515384  2205	373
154515417  2216	374
154515417  2227	374
154515417  2237	374
154515450  2247	374
154515450  2257	375
154515450  2269	374
154515483  2279	372
154515483  2289	372
154515483  2299	372
154515516  2311	372
154515516  2321	373
154515516  2331	373
154515549  2341	373
154515549  2353	373
154515549  2363	374
154515549  2373	374
154515582  2383	374
154515582  2394	374
154515582  2405	373
154515615  2415	374
154515615  2425	374
154515615  2436	375
154515648  2447	376
154515648  2457	375
154515648  2467	373
154515682  2478	373
154515682  2489	373
154515682  2499	374
154515716  2509	373
154515716  2520	372
154515716  2531	373
154515716  2541	372
154515748  2551	374
154515748  2562	373
154515748  2572	373
154515781  2583	373
154515781  2593	373
154515781  2604	373
154515814  2614	373
154515814  2625	373
154515814  2635	374
154515847  2646	373
154515847  2656	374
154515847  2667	374
154515880  2677	373
154515880  2688	374
154515880  2698	374
154515880  2709	374
154515913  2719	372
154515913  2729	371
154515913  2740	372
154515946  2750	373
154515946  2761	374
154515946  2771	374
154515979  2782	374
154515979  2792	374
154515979  2803	374
154516012  2813	374
154516012  2824	374
154516012  2834	373
154516046  2845	373
154516046  2855	374
154516046  2866	375
154516046  2876	375
154516079  2887	374
154516079  2897	373
154516079  2908	374
154516112  2918	374
154516112  2928	374
154516112  2939	373
154516145  2950	372
154516145  2960	371
154516145  2970	371
154516178  2981	372
154516178  2992	373
154516178  3002	373
154516211  3012	372
154516211  3023	373
154516211  3034	372
154516211  3044	374
154516244  3054	373
154516244  3064	373
154516244  3076	373
154516277  3086	373
154516277  3096	371
154516277  3106	373
154516310  3118	373
154516310  3128	373
154516310  3138	373
154516344  3148	374
154516344  3160	374
154516344  3170	374
154516377  3180	375
154516377  3190	375
154516377  3202	375
154516377  3212	376
154516410  3222	376
154516410  3232	375
154516410  3243	375
154516443  3254	375
154516443  3264	374
154516443  3274	373
154516476  3284	373
154516476  3296	373
154516476  3306	374
154516509  3316	374
154516509  3326	373
154516509  3338	374
154516542  3348	374
154516542  3358	373
154516542  3368	374
154516542  3380	375
154516575  3390	376
154516575  3400	375
154516575  3410	375
154516608  3421	375
154516608  3432	375
154516608  3442	375
154516641  3452	374
154516641  3463	374
154516641  3474	373
154516675  3484	373
154516675  3494	373
154516675  3505	373
154516708  3516	374
154516708  3526	374
154516708  3536	373
154516708  3547	374
154516741  3557	375
154516741  3568	374
154516741  3578	375
154516774  3589	375
154516774  3599	374
154516774  3610	374
154516840  3620	375
154516840  3631	375
154516840  3641	375
154516873  3652	374
154516873  3662	373
154516873  3673	374
154516906  3683	374
154516906  3694	373
154516906  3704	373
154516906  3715	373
154516939  3725	373
154516939  3735	374
154516939  3746	375
154516973  3757	374
154516973  3767	374
154516973  3777	374
154517006  3788	375
154517006  3799	375
154517006  3809	375
154517039  3819	374
154517039  3830	375
154517039  3841	374
154517072  3851	374
154517072  3861	375
154517072  3872	374
154517072  3883	374
154517105  3893	373
154517105  3903	374
154517105  3913	375
154517138  3924	375
154517138  3935	375
154517138  3945	374
154517171  3955	374
154517171  3966	375
154517171  3977	375
154517204  3987	374
154517204  3997	374
154517204  4008	374
154517237  4019	373
154517237  4029	374
154517237  4039	375
154517237  4050	374
154517271  4061	375
154517271  4071	375
154517271  4081	374
154517304  4091	375
154517304  4103	375
154517304  4113	375
154517337  4123	375
154517337  4133	375
154517337  4145	375
154517370  4155	375
154517370  4165	375
154517370  4175	375
154517403  4187	375
154517403  4197	374
154517403  4207	374
154517403  4217	374
154517436  4229	375
154517436  4239	375
154517436  4249	375
154517469  4259	375
154517469  4270	375
154517469  4281	375
154517502  4291	374
154517502  4301	376
154517502  4312	375
154517535  4323	375
154517535  4333	375
154517535  4343	375
154517568  4354	376
154517568  4365	375
154517568  4375	373
154517568  4385	374
154517602  4396	375
154517602  4406	375
154517602  4417	375
154517635  4427	374
154517635  4438	375
154517635  4448	375
154517668  4459	376
154517668  4469	375
154517668  4480	375
154517701  4490	375
154517701  4501	375
154517701  4511	374
154517734  4521	376
154517734  4532	376
154517734  4543	374
154517734  4553	374
154517767  4563	374
154517767  4574	374
154517767  4584	374
154517800  4595	375
154517800  4605	373
154517800  4616	375
154517833  4626	374
154517833  4637	376
154517833  4647	375
154517866  4658	375
154517866  4668	376
154517866  4679	376
154517899  4689	376
154517899  4700	375
154517899  4710	375
154517899  4721	374
154517933  4731	375
154517933  4742	375
154517933  4752	375
154517966  4762	374
154517966  4773	374
154517966  4784	374
154517999  4794	374
154517999  4804	373
154517999  4815	373
154518032  4826	374
154518032  4836	374
154518032  4846	374
154518065  4857	375
154518065  4868	374
154518065  4878	375
154518065  4888	375
154518098  4899	375
154518098  4910	374
154518098  4920	375
154518131  4930	375
154518131  4940	375
154518131  4952	375
154518164  4962	374
154518164  4972	375
154518164  4982	375
154518197  4994	375
154518197  5004	375
154518197  5014	375
154518230  5024	375
154518230  5036	375
154518230  5046	375
154518230  5056	375
154518264  5066	375
154518264  5078	376
154518264  5088	376
154518330  5098	375
154518330  5108	375
154518330  5118	375
154518363  5130	375
154518363  5140	376
154518363  5150	375
154518396  5160	375
154518396  5172	375
154518396  5182	375
154518429  5192	375
154518429  5202	375
154518429  5214	375
154518429  5224	375
154518462  5234	375
154518462  5244	375
154518462  5256	375
154518495  5266	375
154518495  5276	375
154518495  5286	375
154518528  5297	375
154518528  5308	375
154518528  5318	376
154518562  5328	375
154518562  5339	375
154518562  5350	375
154518595  5360	375
154518595  5370	375
154518595  5381	375
154518595  5392	375
154518628  5402	376
154518628  5412	376
154518628  5423	376
154518661  5434	376
154518661  5444	375
154518661  5454	375
154518694  5465	375
154518694  5475	375
154518694  5486	375
154518727  5496	375
154518727  5507	374
154518727  5517	375
154518760  5528	375
154518760  5538	375
154518760  5549	375
154518760  5559	375
154518793  5570	375
154518793  5580	376
154518793  5591	375
154518826  5601	375
154518826  5611	375
154518826  5622	374
154518859  5633	375
154518859  5643	376
154518859  5653	375
154518892  5664	375
154518892  5675	375
154518892  5685	374
154518926  5695	374
154518926  5706	374
154518926  5716	374
154518926  5727	374
154518959  5737	375
154518959  5748	376
154518959  5758	375
154518992  5769	376
154518992  5779	375
154518992  5789	374
154519025  5800	375
154519025  5811	375
154519025  5821	375
154519058  5831	375
154519058  5842	374
154519058  5853	374
154519091  5863	374
154519091  5873	374
154519091  5884	373
154519091  5895	374
154519124  5905	374
154519124  5915	374
154519124  5926	374
154519157  5937	374
154519157  5947	374
154519157  5957	375
154519190  5967	375
154519190  5979	376
154519190  5989	376
154519225  5999	375
154519225  6009	375
154519225  6021	375
154519257  6031	375
154519257  6041	376
154519257  6051	376
154519257  6063	376
154519290  6073	376
154519290  6083	375
154519290  6093	376
154519323  6105	376
154519323  6115	375
154519323  6125	375
154519356  6135	376
154519356  6146	375
154519356  6157	375
154519389  6167	375
154519389  6177	375
154519389  6188	376
154519422  6199	376
154519422  6209	376
154519422  6219	376
154519422  6230	376
154519455  6241	376
154519455  6251	378
154519455  6261	377
154519489  6272	377
154519489  6282	377
154519489  6293	377
154519521  6303	376
154519521  6313	376
154519521  6324	376
154519554  6335	376
154519554  6345	376
154519554  6355	376
154519588  6366	376
154519588  6377	375
154519588  6387	376
154519588  6397	376
154519621  6408	376
154519621  6419	376
154519621  6429	376
154519654  6439	376
154519654  6450	375
154519654  6460	376
154519687  6471	377
154519687  6481	377
154519687  6492	377
154519720  6502	376
154519720  6513	376
154519720  6523	376
154519786  6534	377
154519786  6544	376
154519786  6555	375
154519786  6565	375
154519786  6576	376
154519786  6586	375
154519786  6597	375
154519852  6607	375
154519852  6618	376
154519852  6628	376
154519885  6638	376
154519885  6649	376
154519885  6660	376
154519919  6670	376
154519919  6680	376
154519919  6691	377
154519952  6702	376
154519952  6712	376
154519952  6722	376
154519952  6733	376
154519985  6744	376
154519985  6754	376
154519985  6764	376
154520018  6775	375
154520018  6786	376
154520018  6796	375
154520051  6806	374
154520051  6816	375
154520051  6828	376
154520084  6838	375
154520084  6848	375
154520084  6858	375
154520117  6870	375
154520117  6880	375
154520117  6890	375
154520117  6900	375
154520150  6912	376
154520150  6922	377
154520150  6932	376
154520183  6942	376
154520183  6953	375
154520183  6964	375
154520216  6974	375
154520216  6984	373
154520216  6994	374
154520250  7006	375
154520250  7016	374
154520250  7026	373
154520283  7036	373
154520283  7048	374
154520283  7058	374
154520283  7068	376
154520316  7078	375
154520316  7090	375
154520316  7100	375
154520349  7110	375
154520349  7120	375
154520349  7131	375
154520382  7142	377
154520382  7152	376
154520382  7162	375
154520415  7173	375
154520415  7184	375
154520415  7194	375
154520448  7204	373
154520448  7215	374
154520448  7226	374
154520448  7236	374
154520481  7246	374
154520481  7257	375
154520481  7268	374
154520514  7278	375
154520514  7288	375
154520514  7299	374
154520547  7309	375
154520547  7320	377
154520547  7330	376
154520580  7341	376
154520580  7351	376
154520580  7362	376
154520614  7372	376
154520614  7383	376
154520614  7393	375
154520614  7404	376
154520647  7414	375
154520647  7425	375
154520647  7435	373
154520680  7446	374
154520680  7456	375
154520680  7467	374
154520713  7477	374
154520713  7487	374
154520713  7498	374
154520746  7508	375
154520746  7519	376
154520746  7529	375
154520779  7540	376
154520779  7550	375
154520779  7561	376
154520779  7571	376
154520812  7582	378
154520812  7592	377
154520812  7603	376
154520845  7613	376
154520845  7624	374
154520845  7634	375
154520878  7645	374
154520878  7655	374
154520878  7665	374
154520911  7676	374
154520911  7687	375
154520911  7697	375
154520944  7707	375
154520944  7718	374
154520944  7729	374
154520944  7739	374
154520978  7749	375
154520978  7760	375
154520978  7771	376
154521011  7781	376
154521011  7791	377
154521011  7802	377
154521044  7813	377
154521044  7823	376
154521044  7833	375
154521077  7843	376
154521077  7855	372
154521077  7865	373
154521110  7875	375
154521110  7885	374
154521110  7897	376
154521110  7907	376
154521143  7917	375
154521143  7927	375
154521143  7939	375
154521176  7949	375
154521176  7959	372
154521176  7969	373
154521209  7980	374
154521209  7991	375
154521209  8001	376
154521242  8011	376
154521242  8022	376
154521242  8033	376
154521309  8043	376
154521309  8053	375
154521309  8064	373
154521309  8075	372
154521342  8085	372
154521342  8095	373
154521342  8105	373
154521375  8117	374
154521375  8127	374
154521375  8137	373
154521408  8147	374
154521408  8158	374
154521408  8169	375
154521441  8179	373
154521441  8189	374
154521441  8200	374
154521474  8211	376
154521474  8221	376
154521474  8231	376
154521474  8242	376
154521507  8253	376
154521507  8263	375
154521507  8273	374
154521540  8284	374
154521540  8295	374
154521540  8305	374
154521573  8315	375
154521573  8326	375
154521573  8336	374
154521607  8347	376
154521607  8357	377
154521607  8368	376
154521640  8378	377
154521640  8389	376
154521640  8399	375
154521640  8410	374
154521673  8420	375
154521673  8431	375
154521673  8441	376
154521706  8452	376
154521706  8462	376
154521706  8473	375
154521739  8483	375
154521739  8494	374
154521739  8504	375
154521772  8514	374
154521772  8525	374
154521772  8536	375
154521805  8546	375
154521805  8556	374
154521805  8567	375
154521805  8578	375
154521838  8588	376
154521838  8598	376
154521838  8609	375
154521872  8620	374
154521872  8630	376
154521872  8640	376
154521905  8650	376
154521905  8662	375
154521905  8672	375
154521938  8682	376
154521938  8692	375
154521938  8704	375
154521971  8714	375
154521971  8724	376
154521971  8734	375
154521971  8745	375
154522004  8756	376
154522004  8766	376
154522004  8776	376
154522037  8787	376
154522037  8798	377
154522037  8808	377
154522070  8818	377
154522070  8828	377
154522070  8840	376
154522103  8850	377
154522103  8860	377
154522103  8870	377
154522136  8882	376
154522136  8892	377
154522136  8902	377
154522136  8912	377
154522169  8924	377
154522169  8934	376
154522169  8944	376
154522203  8954	376
154522203  8966	377
154522203  8976	376
154522236  8986	378
154522236  8996	377
154522236  9007	377
154522269  9018	377
154522269  9028	377
154522269  9038	376
154522302  9049	376
154522302  9060	376
154522302  9070	377
154522302  9080	377
154522335  9091	377
154522335  9102	377
154522335  9112	375
154522368  9122	376
154522368  9133	377
154522368  9144	377
154522401  9154	377
154522401  9164	375
154522401  9175	375
154522434  9185	376
154522434  9196	377
154522434  9206	376
154522469  9217	376
154522469  9227	377
154522469  9238	377
154522469  9248	376
154522501  9259	376
154522501  9269	377
154522501  9280	376
154522534  9290	376
154522534  9300	376
154522534  9311	376
154522567  9321	377
154522567  9332	377
154522567  9342	376
154522600  9353	377
154522600  9363	377
154522600  9374	376
154522633  9384	376
154522633  9395	376
154522633  9405	376
154522633  9416	377
154522666  9426	376
154522666  9437	376
154522666  9447	376
154522700  9458	377
154522700  9468	377
154522700  9479	377
154522733  9489	377
154522733  9499	377
154522733  9510	376
154522766  9521	377
154522766  9531	376
154522766  9541	376
154522832  9552	376
154522832  9563	376
154522832  9573	376
154522832  9583	377
154522865  9594	377
154522865  9605	375
154522865  9615	376
154522898  9625	376
154522898  9636	377
154522898  9647	376
154522931  9657	376
154522931  9667	376
154522931  9677	377
154522965  9689	377
154522965  9699	376
154522965  9709	377
154522998  9719	377
154522998  9731	376
154522998  9741	376
154522998  9751	376
154523031  9761	376
154523031  9773	377
154523031  9783	376
154523064  9793	376
154523064  9803	376
154523064  9815	376
154523097  9825	377
154523097  9835	377
154523097  9845	377
154523130  9856	377
154523130  9867	377
154523130  9877	377
154523163  9887	377
154523163  9897	376
154523163  9909	377
154523163  9919	376
154523196  9929	376
154523196  9939	376
154523196  9951	376
154523229  9961	376
154523229  9971	377
154523229  9981	376
154523263  9993	377
154523263  10003	377
154523263  10013	377
154523296  10023	376
154523296  10035	377
154523296  10045	377
154523329  10055	376
154523329  10065	376
154523329  10077	376
154523362  10087	375
154523362  10097	376
154523362  10108	376
154523395  10119	377
154523395  10129	377
154523395  10139	377
154523428  10150	377
154523428  10161	377
154523428  10171	377
154523461  10182	376
154523461  10192	377
154523461  10203	377
154523494  10213	376
154523494  10224	377
154523527  10234	377
154523527  10245	377
154523527  10255	377
154523561  10266	376
154523561  10276	377
154523561  10287	377
154523594  10298	378
154523594  10308	378
154523594  10318	377
154523627  10329	377
154523627  10340	377
154523627  10350	376
154523660  10360	377
154523660  10372	377
154523660  10382	377
154523693  10392	377
154523693  10402	377
154523693  10414	377
154523726  10424	376

