155249007  10	409
155249007  20	409
155249040  30	409
155249040  40	410
155249040  51	409
155249074  61	410
155249074  72	409
155249074  82	409
155249107  93	409
155249107  103	410
155249107  113	410
155249140  123	410
155249140  135	409
155249140  145	410
155249173  155	410
155249173  165	410
155249173  176	409
155249173  187	410
155249206  197	410
155249206  207	409
155249206  218	409
155249239  228	410
155249239  238	409
155249239  249	409
155249272  260	409
155249272  270	409
155249272  280	409
155249306  290	408
155249306  302	410
155249306  312	409
155249339  322	409
155249339  332	409
155249339  343	410
155249372  354	409
155249372  364	410
155249372  374	409
155249372  385	409
155249405  395	409
155249405  406	409
155249405  416	409
155249438  427	410
155249438  437	409
155249438  447	410
155249471  457	409
155249471  468	410
155249471  479	410
155249504  489	410
155249504  499	410
155249504  509	410
155249537  521	410
155249537  531	410
155249537  541	411
155249570  551	410
155249570  562	411
155249570  573	410
155249604  583	410
155249604  593	411
155249604  604	411
155249637  614	411
155249637  624	411
155249637  635	412
155249637  646	411
155249670  656	410
155249670  666	410
155249670  676	410
155249703  688	410
155249703  698	411
155249703  708	410
155249736  718	411
155249736  729	411
155249736  740	411
155249769  750	410
155249769  760	411
155249769  771	410
155249802  781	411
155249802  792	410
155249802  802	410
155249836  813	410
155249836  823	410
155249836  833	410
155249869  843	410
155249869  855	411
155249869  865	410
155249869  875	411
155249902  885	410
155249902  896	410
155249902  907	410
155249935  917	410
155249935  927	410
155249935  937	410
155249968  948	411
155249968  959	410
155249968  969	410
155250001  979	409
155250001  990	410
155250034  1000	410
155250034  1011	409
155250034  1021	410
155250034  1032	410
155250067  1042	410
155250067  1052	410
155250067  1063	409
155250101  1074	409
155250101  1084	410
155250101  1094	408
155250134  1105	409
155250134  1116	409
155250134  1126	409
155250167  1136	409
155250167  1147	410
155250167  1158	410
155250200  1168	409
155250200  1178	410
155250200  1189	409
155250200  1200	410
155250233  1210	409
155250233  1220	409
155250233  1230	410
155250266  1242	410
155250266  1252	410
155250266  1262	410
155250299  1272	410
155250299  1284	409
155250299  1294	409
155250332  1304	409
155250332  1314	409
155250332  1326	409
155250365  1336	409
155250365  1346	409
155250365  1356	409
155250365  1367	409
155250399  1378	409
155250399  1388	409
155250399  1398	410
155250432  1409	410
155250432  1420	410
155250432  1430	410
155250465  1440	409
155250465  1451	410
155250465  1462	410
155250498  1472	410
155250498  1482	411
155250498  1492	410
155250531  1503	410
155250531  1514	409
155250531  1524	410
155250531  1534	410
155250564  1545	410
155250564  1556	410
155250564  1566	410
155250597  1576	411
155250597  1587	412
155250597  1598	412
155250630  1608	413
155250630  1618	412
155250630  1629	412
155250663  1640	411
155250663  1650	410
155250663  1660	411
155250697  1671	411
155250697  1681	410
155250697  1692	411
155250697  1702	411
155250730  1713	412
155250730  1723	411
155250730  1734	411
155250763  1744	411
155250763  1755	411
155250763  1765	412
155250796  1776	411
155250796  1786	412
155250796  1797	411
155250829  1807	412
155250829  1817	412
155250829  1828	412
155250862  1839	412
155250862  1849	411
155250862  1859	411
155250862  1870	411
155250895  1881	412
155250895  1891	412
155250895  1901	412
155250961  1912	411
155250961  1923	412
155250961  1933	412
155250995  1943	412
155250995  1953	411
155250995  1965	411
155251028  1975	411
155251028  1985	411
155251028  1995	410
155251061  2007	411
155251061  2017	411
155251061  2027	411
155251061  2037	411
155251094  2049	411
155251094  2059	411
155251094  2069	411
155251127  2079	411
155251127  2091	411
155251127  2101	411
155251160  2111	411
155251160  2121	411
155251160  2131	411
155251193  2143	410
155251193  2153	411
155251193  2163	410
155251226  2173	410
155251226  2185	411
155251226  2195	411
155251226  2205	411
155251260  2215	411
155251260  2227	411
155251260  2237	411
155251293  2247	411
155251293  2257	411
155251293  2269	410
155251326  2279	411
155251326  2289	410
155251326  2299	411
155251359  2310	411
155251359  2321	411
155251359  2331	411
155251392  2341	411
155251392  2352	410
155251392  2363	411
155251392  2373	411
155251425  2383	411
155251425  2394	410
155251425  2405	410
155251459  2415	410
155251459  2425	411
155251459  2436	410
155251492  2446	410
155251492  2457	410
155251492  2467	410
155251525  2478	410
155251525  2488	410
155251525  2499	410
155251558  2509	410
155251558  2520	410
155251558  2530	411
155251558  2541	411
155251591  2551	411
155251591  2562	410
155251591  2572	411
155251625  2583	412
155251625  2593	411
155251625  2604	411
155251658  2614	411
155251658  2624	412
155251658  2635	410
155251691  2646	411
155251691  2656	411
155251691  2666	410
155251724  2677	411
155251724  2688	412
155251724  2698	412
155251724  2708	412
155251757  2719	412
155251757  2729	412
155251757  2740	411
155251791  2750	411
155251791  2760	411
155251791  2771	411
155251824  2782	411
155251824  2792	411
155251824  2802	410
155251857  2813	411
155251857  2824	410
155251857  2834	410
155251890  2844	410
155251890  2855	411
155251890  2866	411
155251890  2876	411
155251923  2886	411
155251923  2897	411
155251923  2908	411
155251956  2918	412
155251956  2928	411
155251956  2938	412
155251989  2950	412
155251989  2960	413
155251989  2970	412
155252022  2980	412
155252022  2992	412
155252022  3002	412
155252056  3012	411
155252056  3022	412
155252056  3034	412
155252056  3044	412
155252089  3054	411
155252089  3064	412
155252089  3076	411
155252122  3086	412
155252122  3096	412
155252122  3106	411
155252155  3117	412
155252155  3128	410
155252155  3138	411
155252188  3148	412
155252188  3159	412
155252188  3170	412
155252221  3180	412
155252221  3190	412
155252221  3201	412
155252221  3212	412
155252254  3222	412
155252254  3232	411
155252254  3243	412
155252287  3253	412
155252287  3264	412
155252287  3274	412
155252320  3284	411
155252320  3295	412
155252320  3306	411
155252354  3316	412
155252354  3326	411
155252354  3337	412
155252387  3348	412
155252387  3358	411
155252387  3368	411
155252387  3379	411
155252420  3390	412
155252420  3400	411
155252420  3410	412
155252453  3421	411
155252453  3431	411
155252453  3442	412
155252519  3452	412
155252519  3463	412
155252519  3473	412
155252552  3484	412
155252552  3494	412
155252552  3505	412
155252586  3515	412
155252586  3526	412
155252586  3536	412
155252586  3547	412
155252619  3557	411
155252619  3568	411
155252619  3578	411
155252652  3589	411
155252652  3599	411
155252652  3609	411
155252701  3620	411
155252701  3631	411
155252701  3641	411
155252701  3651	411
155252701  3662	411
155252701  3673	411
155252733  3683	412
155252733  3693	411
155252733  3704	411
155252733  3715	411
155252766  3725	412
155252766  3735	411
155252766  3745	410
155252799  3757	411
155252799  3767	411
155252799  3777	411
155252832  3787	412
155252832  3799	412
155252832  3809	412
155252866  3819	412
155252866  3829	411
155252866  3841	411
155252899  3851	411
155252899  3861	411
155252899  3871	411
155252899  3883	412
155252931  3893	411
155252931  3903	411
155252931  3913	412
155252965  3923	411
155252965  3935	411
155252965  3945	411
155252998  3955	411
155252998  3965	411
155252998  3977	411
155253031  3987	411
155253031  3997	410
155253031  4007	412
155253064  4019	411
155253064  4029	411
155253064  4039	411
155253064  4049	410
155253097  4061	410
155253097  4071	409
155253097  4081	411
155253131  4091	410
155253131  4102	410
155253131  4113	410
155253197  4123	411
155253197  4133	411
155253197  4144	411
155253230  4155	411
155253230  4165	411
155253230  4175	412
155253263  4186	411
155253263  4197	411
155253263  4207	411
155253263  4217	411
155253296  4228	411
155253296  4239	410
155253296  4249	411
155253329  4259	411
155253329  4270	410
155253329  4280	410
155253363  4291	411
155253363  4301	411
155253363  4312	411
155253395  4322	410
155253395  4333	410
155253395  4343	410
155253428  4354	411
155253428  4364	410
155253428  4375	411
155253428  4385	411
155253461  4396	411
155253461  4406	410
155253461  4417	411
155253494  4427	410
155253494  4438	410
155253494  4448	410
155253528  4458	411
155253528  4469	411
155253528  4480	410
155253561  4490	411
155253561  4500	411
155253561  4511	411
155253594  4521	411
155253594  4532	411
155253594  4542	411
155253594  4553	411
155253627  4563	411
155253627  4574	411
155253627  4584	411
155253660  4594	411
155253660  4605	411
155253660  4616	411
155253693  4626	411
155253693  4636	412
155253693  4647	411
155253726  4658	411
155253726  4668	412
155253726  4678	411
155253760  4689	411
155253760  4700	411
155253760  4710	412
155253760  4720	411
155253793  4731	411
155253793  4742	410
155253793  4752	411
155253826  4762	410
155253826  4772	410
155253826  4784	411
155253859  4794	411
155253859  4804	411
155253859  4814	411
155253892  4826	412
155253892  4836	412
155253892  4846	411
155253925  4856	410
155253925  4868	412
155253925  4878	411
155253925  4888	411
155253959  4898	411
155253959  4910	411
155253959  4920	410
155253992  4930	411
155253992  4940	411
155253992  4951	412
155254025  4962	411
155254025  4972	412
155254025  4982	412
155254058  4993	411
155254058  5004	411
155254058  5014	411
155254091  5024	411
155254091  5035	412
155254091  5046	411
155254091  5056	411
155254124  5066	412
155254124  5076	411
155254124  5088	411
155254157  5098	412
155254157  5108	411
155254157  5118	411
155254191  5129	412
155254191  5140	412
155254191  5150	411
155254224  5160	412
155254224  5171	412
155254224  5182	412
155254257  5192	411
155254257  5202	412
155254257  5213	412
155254257  5224	412
155254290  5234	412
155254290  5244	412
155254290  5255	412
155254323  5266	412
155254323  5276	411
155254323  5286	411
155254356  5297	411
155254356  5307	410
155254356  5318	410
155254389  5328	411
155254389  5339	410
155254389  5349	412
155254422  5360	412
155254422  5370	411
155254422  5381	410
155254422  5391	411
155254455  5402	411
155254455  5412	411
155254455  5423	412
155254488  5433	411
155254488  5443	411
155254488  5454	411
155254521  5465	412
155254521  5475	411
155254521  5485	412
155254554  5496	412
155254554  5507	412
155254554  5517	410
155254588  5527	411
155254588  5538	411
155254588  5549	410
155254588  5559	410
155254621  5569	411
155254621  5580	410
155254621  5591	409
155254654  5601	409
155254654  5611	411
155254654  5621	411
155254687  5633	411
155254687  5643	411
155254687  5653	411
155254724  5663	411
155254724  5675	411
155254724  5685	411
155254787  5695	411
155254787  5705	411
155254787  5716	412
155254787  5727	412
155254820  5737	413
155254820  5747	413
155254820  5758	412
155254853  5769	413
155254853  5779	412
155254853  5789	413
155254886  5799	413
155254886  5811	413
155254886  5821	411
155254919  5831	411
155254919  5841	411
155254919  5853	412
155254952  5863	411
155254952  5873	411
155254952  5883	413
155254952  5895	413
155254985  5905	412
155254985  5915	414
155254985  5925	413
155255018  5937	413
155255018  5947	413
155255018  5957	413
155255051  5967	412
155255051  5978	411
155255051  5989	412
155255084  5999	412
155255084  6009	412
155255084  6020	412
155255118  6031	411
155255118  6041	411
155255118  6051	411
155255118  6062	409
155255151  6073	410
155255151  6083	410
155255151  6093	411
155255185  6104	411
155255185  6114	412
155255185  6125	412
155255217  6135	412
155255217  6146	411
155255217  6156	410
155255250  6167	413
155255250  6177	412
155255250  6188	411
155255283  6198	411
155255283  6209	409
155255283  6219	411
155255283  6230	411
155255316  6240	410
155255316  6251	411
155255316  6261	411
155255349  6272	412
155255349  6282	412
155255349  6292	410
155255383  6303	411
155255383  6313	411
155255383  6324	411
155255416  6334	411
155255416  6345	412
155255416  6355	411
155255449  6366	412
155255449  6376	412
155255449  6387	412
155255449  6397	412
155255482  6408	410
155255482  6418	411
155255482  6429	410
155255515  6439	411
155255515  6450	412
155255515  6460	413
155255549  6470	412
155255549  6481	410
155255549  6492	412
155255582  6502	411
155255582  6512	412
155255582  6523	412
155255614  6534	412
155255614  6544	413
155255614  6554	413
155255614  6565	412
155255647  6576	410
155255647  6586	411
155255647  6596	410
155255681  6606	410
155255681  6618	410
155255681  6628	411
155255714  6638	410
155255714  6648	410
155255714  6660	410
155255747  6670	411
155255747  6680	412
155255747  6690	410
155255780  6702	411
155255780  6712	409
155255780  6722	409
155255780  6732	411
155255813  6744	410
155255813  6754	413
155255813  6764	410
155255846  6774	409
155255846  6785	409
155255846  6796	409
155255879  6806	412
155255879  6816	412
155255879  6827	412
155255912  6838	411
155255912  6848	411
155255912  6858	411
155255946  6868	412
155255946  6880	412
155255946  6890	412
155255946  6900	412
155255979  6910	412
155255979  6922	412
155255979  6932	412
155256012  6942	412
155256012  6952	413
155256012  6963	412
155256045  6974	412
155256045  6984	412
155256045  6994	412
155256078  7005	413
155256078  7016	412
155256078  7026	412
155256111  7036	412
155256111  7047	411
155256111  7058	411
155256111  7068	412
155256145  7078	411
155256145  7089	412
155256145  7100	412
155256178  7110	412
155256178  7120	411
155256178  7131	411
155256211  7141	412
155256211  7152	412
155256211  7162	411
155256277  7173	411
155256277  7183	411
155256277  7194	412
155256310  7204	412
155256310  7215	412
155256310  7225	412
155256310  7236	413
155256343  7246	414
155256343  7257	412
155256343  7267	413
155256376  7277	413
155256376  7288	413
155256376  7299	413
155256410  7309	411
155256410  7319	413
155256410  7330	414
155256442  7341	413
155256442  7351	412
155256442  7361	413
155256475  7372	413
155256475  7383	412
155256475  7393	413
155256475  7403	413
155256508  7414	413
155256508  7425	413
155256508  7435	412
155256541  7445	412
155256541  7455	412
155256541  7467	413
155256574  7477	413
155256574  7487	412
155256574  7497	412
155256608  7508	411
155256608  7519	412
155256608  7529	412
155256641  7539	413
155256641  7550	413
155256641  7561	413
155256641  7571	412
155256674  7581	412
155256674  7592	412
155256674  7603	412
155256707  7613	413
155256707  7623	414
155256707  7633	413
155256740  7645	413
155256740  7655	413
155256740  7665	413
155256773  7675	412
155256773  7687	412
155256773  7697	412
155256806  7707	412
155256806  7717	413
155256806  7729	412
155256806  7739	412
155256839  7749	412
155256839  7759	413
155256839  7771	413
155256873  7781	413
155256873  7791	412
155256873  7801	412
155256906  7812	412
155256906  7823	413
155256906  7833	413
155256939  7843	412
155256939  7854	413
155256939  7865	412
155256972  7875	412
155256972  7885	412
155256972  7896	413
155256972  7907	412
155257005  7917	412
155257005  7927	412
155257005  7938	411
155257038  7949	414
155257038  7959	414
155257038  7969	415
155257071  7980	414
155257071  7990	415
155257071  8001	414
155257104  8011	413
155257104  8022	414
155257104  8032	413
155257137  8043	413
155257137  8053	414
155257137  8064	415
155257137  8074	415
155257171  8085	414
155257171  8095	413
155257171  8105	415
155257204  8116	415
155257204  8127	415
155257204  8137	415
155257237  8147	415
155257237  8158	414
155257237  8168	415
155257270  8179	414
155257270  8189	415
155257270  8200	414
155257303  8210	414
155257303  8221	414
155257303  8231	414
155257303  8242	415
155257336  8252	414
155257336  8263	414
155257336  8273	415
155257369  8284	415
155257369  8294	415
155257369  8304	414
155257402  8315	416
155257402  8326	416
155257402  8336	416
155257435  8346	415
155257435  8357	415
155257435  8368	415
155257469  8378	415
155257469  8388	416
155257469  8399	415
155257469  8410	415
155257502  8420	415
155257502  8430	415
155257502  8441	416
155257535  8452	415
155257535  8462	414
155257535  8472	415
155257568  8482	414
155257568  8494	415
155257568  8504	414
155257601  8514	413
155257601  8524	412
155257601  8536	412
155257634  8546	413
155257634  8556	413
155257634  8566	412
155257634  8578	413
155257667  8588	412
155257667  8598	412
155257667  8608	412
155257700  8620	412
155257700  8630	412
155257700  8640	412
155257767  8650	412
155257767  8660	411
155257767  8672	412
155257800  8682	412
155257800  8692	412
155257800  8702	411
155257833  8714	412
155257833  8724	412
155257833  8734	413
155257833  8744	413
155257866  8756	413
155257866  8766	413
155257866  8776	412
155257899  8786	413
155257899  8798	412
155257899  8808	413
155257932  8818	412
155257932  8828	412
155257932  8839	413
155257965  8850	412
155257965  8860	412
155257965  8870	412
155257998  8881	411
155257998  8892	412
155257998  8902	412
155257998  8912	411
155258031  8923	412
155258031  8934	412
155258031  8944	412
155258065  8954	411
155258065  8965	412
155258065  8976	412
155258098  8986	411
155258098  8996	410
155258098  9007	411
155258131  9017	411
155258131  9028	411
155258131  9038	411
155258164  9049	411
155258164  9059	411
155258164  9070	411
155258164  9080	411
155258197  9091	412
155258197  9101	411
155258197  9112	412
155258230  9122	411
155258230  9133	412
155258230  9143	410
155258263  9153	410
155258263  9164	412
155258263  9175	411
155258297  9185	412
155258297  9195	411
155258297  9206	412
155258330  9217	412
155258330  9227	412
155258330  9237	411
155258330  9248	411
155258363  9259	412
155258363  9269	412
155258363  9279	412
155258396  9290	411
155258396  9300	412
155258396  9311	412
155258429  9321	412
155258429  9331	412
155258429  9342	412
155258462  9353	411
155258462  9363	410
155258462  9373	410
155258495  9384	411
155258495  9395	411
155258495  9405	412
155258495  9415	411
155258528  9426	412
155258528  9437	412
155258528  9447	411
155258562  9457	409
155258562  9468	409
155258562  9479	410
155258595  9489	409
155258595  9499	409
155258595  9509	408
155258628  9521	409
155258628  9531	408
155258628  9541	408
155258661  9551	408
155258661  9563	408
155258661  9573	408
155258661  9583	408
155258694  9593	408
155258694  9605	408
155258694  9615	409
155258727  9625	408
155258727  9635	408
155258727  9647	408
155258760  9657	408
155258760  9667	409
155258760  9677	410
155258793  9688	409
155258793  9699	410
155258793  9709	409
155258826  9719	410
155258826  9730	408
155258826  9741	409
155258826  9751	409
155258860  9761	410
155258860  9772	408
155258860  9783	409
155258893  9793	408
155258893  9803	409
155258893  9814	409
155258926  9825	409
155258926  9835	410
155258926  9845	409
155258959  9856	409
155258959  9866	408
155258959  9877	408
155258992  9887	410
155258992  9897	412
155258992  9908	410
155258992  9919	410
155259025  9929	410
155259025  9939	411
155259025  9950	410
155259058  9961	412
155259058  9971	412
155259058  9981	412
155259091  9992	412
155259091  10002	409
155259091  10013	413
155259125  10023	412
155259125  10034	413
155259125  10045	412
155259158  10055	413
155259158  10065	412
155259158  10076	411
155259191  10087	412
155259191  10097	411
155259191  10107	411
155259224  10119	411
155259224  10129	411
155259224  10139	411
155259257  10149	411
155259257  10161	411
155259257  10171	410
155259290  10181	410
155259290  10192	411
155259290  10203	409
155259323  10213	410
155259323  10223	409
155259356  10234	410
155259356  10245	409
155259356  10255	410
155259390  10265	410
155259390  10276	411
155259390  10287	411
155259456  10297	411
155259456  10308	411
155259456  10318	411
155259489  10329	411
155259489  10339	411
155259489  10350	412
155259522  10360	412
155259522  10371	411
155259522  10382	411
155259555  10392	412
155259555  10402	412
155259555  10413	412
155259555  10424	410

