154604975  10	344
154604975  20	344
154605008  30	344
154605008  40	344
154605008  51	344
154605045  61	343
154605045  72	344
154605045  82	344
154605074  93	344
154605074  103	345
154605074  113	343
154605108  123	343
154605108  135	344
154605108  145	344
154605141  155	344
154605141  165	344
154605141  176	345
154605174  187	345
154605174  197	345
154605174  207	344
154605207  218	344
154605207  228	345
154605207  238	344
154605207  249	345
154605240  260	344
154605240  270	344
154605240  280	344
154605273  290	344
154605273  302	344
154605273  312	345
154605306  322	345
154605306  332	343
154605306  343	345
154605339  354	344
154605339  364	344
154605339  374	344
154605373  385	344
154605373  395	344
154605373  406	344
154605406  416	344
154605406  427	344
154605406  437	343
154605439  447	344
154605439  457	345
154605439  468	344
154605439  479	344
154605472  489	344
154605472  499	345
154605472  509	345
154605505  521	346
154605505  531	344
154605505  541	345
154605538  551	345
154605538  562	345
154605538  573	344
154605572  583	345
154605572  593	345
154605572  604	345
154605604  614	346
154605604  624	345
154605604  635	345
154605638  646	344
154605638  656	345
154605638  666	345
154605672  676	346
154605672  688	345
154605672  698	344
154605672  708	345
154605704  718	344
154605704  729	344
154605704  740	345
154605737  750	345
154605737  760	345
154605737  771	345
154605770  781	345
154605770  792	345
154605770  802	346
154605804  813	345
154605804  823	346
154605804  833	344
154605837  843	345
154605837  855	345
154605837  865	344
154605870  875	344
154605870  885	345
154605870  896	343
154605903  907	344
154605903  917	344
154605903  927	344
154605903  937	343
154605936  948	343
154605936  959	343
154605936  969	344
154605969  979	344
154605969  990	343
154606002  1000	344
154606002  1011	343
154606002  1021	343
154606002  1032	343
154606035  1042	344
154606035  1052	345
154606035  1063	344
154606068  1074	345
154606068  1084	343
154606068  1094	344
154606102  1105	344
154606102  1116	344
154606102  1126	344
154606135  1136	344
154606135  1147	344
154606135  1158	342
154606168  1168	343
154606168  1178	343
154606168  1189	343
154606168  1200	342
154606201  1210	343
154606201  1220	343
154606201  1230	344
154606234  1242	343
154606234  1252	343
154606234  1262	344
154606267  1272	344
154606267  1284	344
154606267  1294	344
154606300  1304	343
154606300  1314	344
154606300  1326	343
154606333  1336	344
154606333  1346	344
154606333  1356	345
154606333  1367	343
154606366  1378	343
154606366  1388	343
154606366  1398	343
154606399  1409	344
154606399  1420	344
154606399  1430	345
154606432  1440	345
154606432  1451	344
154606432  1462	344
154606466  1472	345
154606466  1482	345
154606466  1492	345
154606499  1503	345
154606499  1514	344
154606499  1524	344
154606499  1534	344
154606532  1545	345
154606532  1556	345
154606532  1566	345
154606565  1576	345
154606565  1587	345
154606565  1598	344
154606598  1608	344
154606598  1618	345
154606598  1629	345
154606631  1640	346
154606631  1650	345
154606631  1660	345
154606664  1671	345
154606664  1681	345
154606664  1692	346
154606664  1702	345
154606697  1713	345
154606697  1723	345
154606697  1734	343
154606764  1744	343
154606764  1755	344
154606764  1765	345
154606797  1776	344
154606797  1786	344
154606797  1797	345
154606830  1807	344
154606830  1817	345
154606830  1828	344
154606864  1839	344
154606864  1849	344
154606864  1859	344
154606864  1870	345
154606896  1881	344
154606896  1891	344
154606896  1901	344
154606929  1912	343
154606929  1923	344
154606929  1933	344
154606962  1943	344
154606962  1953	344
154606962  1965	345
154606995  1975	345
154606995  1985	344
154606995  1995	344
154607029  2007	344
154607029  2017	344
154607029  2027	343
154607029  2037	344
154607062  2049	344
154607062  2059	345
154607062  2069	344
154607095  2079	344
154607095  2091	345
154607095  2101	344
154607128  2111	344
154607128  2121	344
154607128  2131	344
154607161  2143	345
154607161  2153	344
154607161  2163	344
154607194  2173	344
154607194  2185	344
154607194  2195	344
154607194  2205	343
154607227  2215	342
154607227  2227	345
154607227  2237	344
154607260  2247	345
154607260  2257	344
154607260  2269	343
154607293  2279	343
154607293  2289	344
154607293  2299	343
154607326  2310	345
154607326  2321	344
154607326  2331	343
154607360  2341	344
154607360  2352	345
154607360  2363	344
154607360  2373	344
154607393  2383	344
154607393  2394	344
154607393  2405	344
154607426  2415	344
154607426  2425	344
154607426  2436	343
154607459  2446	344
154607459  2457	343
154607459  2467	343
154607492  2478	343
154607492  2488	343
154607492  2499	344
154607525  2509	344
154607525  2520	344
154607525  2530	344
154607525  2541	344
154607558  2551	344
154607558  2562	345
154607558  2572	345
154607591  2583	345
154607591  2593	344
154607591  2604	345
154607625  2614	345
154607625  2624	345
154607625  2635	344
154607658  2646	344
154607658  2656	345
154607658  2666	344
154607691  2677	344
154607691  2688	344
154607691  2698	344
154607691  2708	343
154607724  2719	344
154607724  2729	345
154607724  2740	345
154607757  2750	344
154607757  2760	344
154607757  2771	345
154607792  2782	345
154607792  2792	344
154607792  2802	344
154607824  2813	345
154607824  2824	344
154607824  2834	345
154607857  2844	345
154607857  2855	344
154607857  2866	344
154607857  2876	345
154607889  2886	344
154607889  2897	345
154607889  2908	345
154607923  2918	345
154607923  2928	344
154607923  2938	345
154607956  2950	345
154607956  2960	345
154607956  2970	345
154607991  2980	344
154607991  2992	344
154607991  3002	344
154608022  3012	345
154608022  3022	345
154608022  3034	344
154608022  3044	345
154608055  3054	344
154608055  3064	345
154608055  3076	345
154608088  3086	345
154608088  3096	345
154608088  3106	344
154608121  3117	345
154608121  3128	344
154608121  3138	345
154608154  3148	344
154608154  3159	345
154608154  3170	345
154608188  3180	344
154608188  3190	344
154608188  3201	345
154608188  3212	345
154608254  3222	344
154608254  3232	344
154608254  3243	344
154608287  3253	344
154608287  3264	345
154608287  3274	345
154608320  3284	344
154608320  3295	344
154608320  3306	344
154608354  3316	342
154608354  3326	344
154608354  3337	343
154608386  3348	344
154608386  3358	343
154608386  3368	345
154608386  3379	345
154608419  3390	345
154608419  3400	345
154608419  3410	344
154608453  3421	344
154608453  3431	344
154608453  3442	343
154608486  3452	343
154608486  3463	344
154608486  3473	345
154608519  3484	345
154608519  3494	345
154608519  3505	346
154608552  3515	345
154608552  3526	345
154608552  3536	345
154608552  3547	344
154608585  3557	344
154608585  3568	344
154608585  3578	345
154608618  3589	344
154608618  3599	345
154608618  3609	345
154608651  3620	344
154608651  3631	345
154608651  3641	345
154608685  3651	344
154608685  3662	344
154608685  3673	344
154608718  3683	344
154608718  3693	343
154608718  3704	344
154608718  3715	344
154608751  3725	344
154608751  3735	344
154608751  3745	344
154608784  3757	344
154608784  3767	344
154608784  3777	345
154608817  3787	345
154608817  3799	345
154608817  3809	344
154608850  3819	345
154608850  3829	345
154608850  3841	345
154608883  3851	344
154608883  3861	345
154608883  3871	345
154608883  3883	345
154608916  3893	345
154608916  3903	344
154608916  3913	345
154608949  3923	343
154608949  3935	344
154608949  3945	344
154608983  3955	343
154608983  3965	345
154608983  3977	345
154609016  3987	345
154609016  3997	345
154609016  4007	345
154609049  4019	345
154609049  4029	345
154609049  4039	343
154609049  4049	344
154609082  4061	344
154609082  4071	344
154609082  4081	345
154609115  4091	345
154609115  4102	343
154609115  4113	344
154609148  4123	344
154609148  4133	344
154609148  4144	344
154609181  4155	344
154609181  4165	345
154609181  4175	345
154609214  4186	344
154609214  4197	345
154609214  4207	344
154609214  4217	344
154609247  4228	344
154609247  4239	345
154609247  4249	344
154609281  4259	345
154609281  4270	344
154609281  4280	344
154609314  4291	345
154609314  4301	343
154609314  4312	343
154609347  4322	344
154609347  4333	343
154609347  4343	344
154609380  4354	344
154609380  4364	344
154609380  4375	344
154609380  4385	344
154609413  4396	344
154609413  4406	344
154609413  4417	345
154609446  4427	344
154609446  4438	344
154609446  4448	344
154609479  4458	344
154609479  4469	344
154609479  4480	345
154609512  4490	344
154609512  4500	344
154609512  4511	345
154609545  4521	344
154609545  4532	343
154609545  4542	345
154609545  4553	345
154609579  4563	345
154609579  4574	346
154609579  4584	345
154609612  4594	345
154609612  4605	345
154609612  4616	344
154609645  4626	345
154609645  4636	344
154609645  4647	345
154609678  4658	345
154609678  4668	345
154609678  4678	346
154609711  4689	346
154609711  4700	345
154609711  4710	345
154609711  4720	344
154609744  4731	344
154609744  4742	345
154609744  4752	345
154609777  4762	344
154609777  4772	345
154609777  4784	345
154609844  4794	345
154609844  4804	344
154609844  4814	345
154609877  4826	346
154609877  4836	346
154609877  4846	345
154609910  4856	345
154609910  4868	346
154609910  4878	345
154609910  4888	345
154609943  4898	345
154609943  4910	344
154609943  4920	344
154609976  4930	344
154609976  4940	345
154609976  4951	345
154610009  4962	345
154610009  4972	344
154610009  4982	344
154610042  4993	344
154610042  5004	345
154610042  5014	345
154610075  5024	345
154610075  5035	345
154610075  5046	344
154610075  5056	345
154610109  5066	344
154610109  5076	345
154610109  5088	345
154610142  5098	344
154610142  5108	344
154610142  5118	345
154610175  5129	344
154610175  5140	344
154610175  5150	344
154610208  5160	344
154610208  5171	344
154610208  5182	344
154610241  5192	344
154610241  5202	344
154610241  5213	343
154610241  5224	345
154610274  5234	344
154610274  5244	343
154610274  5255	344
154610307  5266	344
154610307  5276	344
154610307  5286	343
154610340  5297	344
154610340  5307	343
154610340  5318	342
154610373  5328	343
154610373  5339	344
154610373  5349	344
154610407  5360	344
154610407  5370	344
154610407  5381	344
154610407  5391	344
154610440  5402	344
154610440  5412	344
154610440  5423	343
154610473  5433	344
154610473  5443	345
154610473  5454	344
154610506  5465	343
154610506  5475	345
154610506  5485	343
154610539  5496	344
154610539  5507	344
154610539  5517	343
154610572  5527	345
154610572  5538	345
154610572  5549	344
154610572  5559	345
154610605  5569	344
154610605  5580	345
154610605  5591	345
154610638  5601	344
154610638  5611	345
154610638  5621	345
154610671  5633	345
154610671  5643	344
154610671  5653	345
154610705  5663	345
154610705  5675	344
154610705  5685	343
154610738  5695	344
154610738  5705	344
154610738  5716	345
154610738  5727	344
154610771  5737	345
154610771  5747	345
154610771  5758	346
154610804  5769	345
154610804  5779	344
154610804  5789	345
154610837  5799	345
154610837  5811	345
154610837  5821	346
154610870  5831	345
154610870  5841	345
154610870  5853	344
154610903  5863	344
154610903  5873	344
154610903  5883	344
154610903  5895	344
154610936  5905	344
154610936  5915	344
154610936  5925	343
154610969  5937	343
154610969  5947	344
154610969  5957	344
154611003  5967	345
154611003  5978	344
154611003  5989	344
154611036  5999	344
154611036  6009	345
154611036  6020	344
154611069  6031	344
154611069  6041	344
154611069  6051	346
154611069  6062	345
154611102  6073	344
154611102  6083	343
154611102  6093	344
154611135  6104	344
154611135  6115	344
154611135  6125	344
154611168  6135	343
154611168  6146	343
154611168  6156	344
154611201  6167	345
154611201  6177	345
154611201  6188	345
154611234  6198	345
154611234  6209	345
154611234  6219	344
154611234  6230	345
154611301  6240	344
154611301  6251	345
154611301  6261	345
154611334  6272	344
154611334  6282	344
154611334  6292	344
154611367  6303	343
154611367  6313	344
154611367  6324	344
154611400  6334	345
154611400  6345	345
154611400  6355	344
154611433  6366	343
154611433  6376	343
154611433  6387	344
154611433  6397	344
154611466  6408	345
154611466  6418	345
154611466  6429	346
154611499  6439	345
154611499  6450	345
154611499  6460	346
154611532  6470	345
154611532  6481	345
154611532  6492	345
154611565  6502	346
154611565  6512	344
154611565  6523	345
154611599  6534	343
154611599  6544	343
154611599  6554	343
154611599  6565	342
154611632  6576	342
154611632  6586	342
154611632  6596	344
154611665  6607	344
154611665  6618	345
154611665  6628	346
154611698  6638	345
154611698  6648	344
154611698  6660	345
154611731  6670	346
154611731  6680	344
154611731  6690	346
154611764  6702	345
154611764  6712	345
154611764  6722	345
154611764  6732	345
154611797  6744	344
154611797  6754	344
154611797  6764	344
154611830  6774	344
154611830  6786	343
154611830  6796	343
154611863  6806	344
154611863  6816	346
154611863  6827	344
154611897  6838	345
154611897  6848	345
154611897  6858	345
154611930  6868	344
154611930  6880	345
154611930  6890	345
154611930  6900	346
154611963  6910	345
154611963  6922	345
154611963  6932	344
154611996  6942	345
154611996  6952	344
154611996  6963	345
154612029  6974	344
154612029  6984	344
154612029  6994	344
154612062  7005	343
154612062  7016	344
154612062  7026	344
154612096  7036	344
154612096  7047	343
154612096  7058	343
154612096  7068	343
154612129  7078	344
154612129  7089	344
154612129  7100	343
154612162  7110	345
154612162  7120	345
154612162  7131	345
154612195  7141	345
154612195  7152	344
154612195  7162	345
154612228  7173	345
154612228  7183	343
154612228  7194	343
154612261  7204	343
154612261  7215	342
154612261  7225	343
154612261  7236	342
154612294  7246	344
154612294  7257	343
154612294  7267	344
154612327  7278	344
154612327  7288	344
154612327  7299	344
154612360  7309	346
154612360  7319	344
154612360  7330	346
154612393  7341	345
154612393  7351	345
154612393  7361	345
154612427  7372	345
154612427  7383	345
154612427  7393	345
154612427  7403	345
154612460  7414	345
154612460  7425	345
154612460  7435	344
154612493  7445	343
154612493  7456	345
154612493  7467	345
154612526  7477	346
154612526  7487	345
154612526  7497	346
154612559  7508	347
154612559  7519	346
154612559  7529	346
154612592  7539	345
154612592  7550	345
154612592  7561	345
154612592  7571	346
154612625  7581	345
154612625  7592	346
154612625  7603	345
154612658  7613	345
154612658  7623	345
154612658  7634	345
154612692  7645	345
154612692  7655	345
154612692  7665	345
154612725  7675	345
154612725  7687	344
154612725  7697	345
154612758  7707	344
154612758  7717	345
154612758  7729	344
154612758  7739	344
154612791  7749	345
154612791  7759	345
154612791  7771	346
154612857  7781	345
154612857  7791	344
154612857  7801	345
154612890  7813	345
154612890  7823	345
154612890  7833	345
154612923  7843	344
154612923  7854	344
154612923  7865	344
154612957  7875	345
154612957  7885	344
154612957  7896	345
154612957  7907	344
154612990  7917	345
154612990  7927	345
154612990  7938	344
154613023  7949	345
154613023  7959	344
154613023  7969	345
154613056  7980	344
154613056  7990	344
154613056  8001	345
154613089  8011	344
154613089  8022	345
154613089  8032	344
154613122  8043	344
154613122  8053	344
154613122  8064	344
154613122  8074	344
154613155  8085	344
154613155  8095	345
154613155  8105	344
154613189  8116	344
154613189  8127	346
154613189  8137	344
154613224  8147	345
154613224  8158	344
154613224  8168	345
154613255  8179	345
154613255  8189	345
154613255  8200	345
154613288  8210	345
154613288  8221	344
154613288  8231	345
154613288  8242	343
154613321  8252	343
154613321  8263	344
154613321  8273	344
154613354  8284	344
154613354  8294	344
154613354  8305	343
154613387  8315	343
154613387  8326	343
154613387  8336	343
154613420  8346	344
154613420  8357	345
154613420  8368	344
154613453  8378	345
154613453  8388	344
154613453  8399	343
154613453  8410	344
154613486  8420	344
154613486  8430	344
154613486  8441	344
154613520  8452	344
154613520  8462	344
154613520  8472	343
154613553  8483	344
154613553  8494	343
154613553  8504	344
154613586  8514	344
154613586  8524	344
154613586  8536	344
154613619  8546	344
154613619  8556	345
154613619  8566	344
154613619  8578	345
154613652  8588	345
154613652  8598	344
154613652  8608	343
154613685  8620	345
154613685  8630	345
154613685  8640	345
154613718  8650	346
154613718  8660	344
154613718  8672	345
154613751  8682	343
154613751  8692	343
154613751  8702	344
154613785  8714	344
154613785  8724	344
154613785  8734	344
154613785  8744	345
154613818  8756	344
154613818  8766	345
154613818  8776	345
154613851  8786	344
154613851  8798	344
154613851  8808	345
154613884  8818	344
154613884  8828	343
154613884  8839	344
154613917  8850	344
154613917  8860	343
154613917  8870	343
154613950  8881	343
154613950  8892	343
154613950  8902	342
154613950  8912	344
154613983  8923	344
154613983  8934	343
154613983  8944	343
154614016  8954	343
154614016  8965	343
154614016  8976	344
154614049  8986	345
154614049  8996	345
154614049  9007	345
154614083  9017	344
154614083  9028	344
154614083  9038	344
154614116  9049	344
154614116  9059	343
154614116  9070	344
154614116  9080	344
154614149  9091	344
154614149  9101	343
154614149  9112	343
154614182  9122	344
154614182  9133	344
154614182  9143	343
154614215  9154	344
154614215  9164	344
154614215  9175	345
154614248  9185	344
154614248  9195	345
154614248  9206	345
154614281  9217	345
154614281  9227	346
154614281  9237	344
154614281  9248	344
154614314  9259	344
154614314  9269	344
154614314  9279	345
154614381  9290	343
154614381  9300	345
154614381  9311	345
154614414  9321	344
154614414  9332	344
154614414  9342	344
154614447  9353	345
154614447  9363	344
154614447  9373	345
154614480  9384	345
154614480  9395	345
154614480  9405	344
154614480  9415	345
154614513  9426	345
154614513  9437	344
154614513  9447	345
154614546  9457	345
154614546  9468	345
154614546  9479	344
154614579  9489	344
154614579  9499	344
154614579  9509	345
154614612  9521	344
154614612  9531	345
154614612  9541	345
154614645  9551	343
154614645  9563	344
154614645  9573	344
154614645  9583	344
154614679  9593	344
154614679  9605	344
154614679  9615	344
154614712  9625	344
154614712  9635	345
154614712  9647	344
154614745  9657	345
154614745  9667	345
154614745  9677	345
154614778  9688	345
154614778  9699	344
154614778  9709	344
154614811  9719	343
154614811  9730	344
154614811  9741	343
154614811  9751	343
154614844  9761	344
154614844  9772	344
154614844  9783	343
154614878  9793	343
154614878  9803	345
154614878  9814	344
154614911  9825	344
154614911  9835	344
154614911  9845	344
154614944  9856	344
154614944  9866	344
154614944  9877	345
154614977  9887	344
154614977  9897	346
154614977  9908	345
154614977  9919	345
154615010  9929	345
154615010  9939	343
154615010  9950	344
154615043  9961	344
154615043  9971	343
154615043  9981	344
154615076  9992	344
154615076  10003	344
154615076  10013	343
154615109  10023	344
154615109  10034	344
154615109  10045	342
154615142  10055	343
154615142  10065	344
154615142  10076	342
154615175  10087	343
154615175  10097	343
154615175  10107	344
154615209  10119	344
154615209  10129	344
154615209  10139	344
154615242  10149	344
154615242  10161	344
154615242  10171	343
154615275  10181	343
154615275  10192	342
154615275  10203	343
154615308  10213	343
154615308  10223	344
154615341  10234	343
154615341  10245	344
154615341  10255	345
154615374  10266	345
154615374  10276	343
154615374  10287	344
154615407  10297	343
154615407  10308	345
154615407  10318	343
154615440  10329	344
154615440  10339	343
154615440  10350	343
154615473  10360	343
154615473  10371	344
154615473  10382	343
154615507  10392	343
154615507  10402	343
154615507  10413	343
154615540  10424	344

