154740647  0	531
154740647  10	531
154740647  20	531
154740647  30	531
154740647  40	531
154741519  0	531
154741519  10	531
154741519  20	531
154741552  30	531
154741552  40	531
154741552  51	532
154741585  61	531
154741585  72	532
154741585  82	532
154741585  93	532
154741618  103	531
154741618  113	531
154741618  123	531
154741652  135	531
154741652  145	531
154741652  155	531
154741685  165	531
154741685  176	532
154741685  187	532
154741718  197	531
154741718  207	532
154741718  218	531
154741751  228	532
154741751  238	532
154741751  249	531
154741784  260	531
154741784  270	531
154741784  280	532
154741817  290	532
154741817  302	532
154741817  312	531
154741817  322	531
154741850  332	532
154741850  343	531
154741850  354	531
154741883  364	532
154741883  374	530
154741883  385	531
154741917  395	532
154741917  406	532
154741917  416	532
154741950  427	532
154741950  437	532
154741950  447	530
154741983  457	532
154741983  468	532
154741983  479	531
154742016  489	532
154742016  499	532
154742016  509	532
154742049  521	532
154742049  531	532
154742049  541	532
154742082  551	532
154742082  562	532
154742082  573	531
154742082  583	532
154742116  593	531
154742116  604	531
154742116  614	532
154742149  624	532
154742149  635	532
154742149  646	532
154742182  656	531
154742182  666	531
154742182  676	532
154742215  688	532
154742215  698	531
154742215  708	532
154742248  718	532
154742248  729	532
154742248  740	532
154742281  750	532
154742281  760	532
154742281  771	532
154742281  781	532
154742314  792	532
154742314  802	532
154742314  813	533
154742347  823	532
154742347  833	532
154742347  843	532
154742380  855	532
154742380  865	532
154742380  875	532
154742414  885	532
154742414  896	532
154742414  907	532
154742447  917	532
154742447  927	533
154742447  937	532
154742480  948	532
154742480  959	533
154742480  969	532
154742513  979	532
154742513  990	532
154742546  1000	532
154742546  1011	531
154742546  1021	532
154742546  1032	532
154742579  1042	532
154742579  1052	532
154742579  1063	532
154742612  1074	533
154742612  1084	533
154742612  1094	532
154742646  1105	532
154742646  1116	532
154742646  1126	532
154742679  1136	532
154742679  1147	531
154742679  1158	533
154742712  1168	532
154742712  1178	532
154742712  1189	532
154742712  1200	532
154742745  1210	533
154742745  1220	532
154742745  1230	532
154742778  1242	532
154742778  1252	531
154742778  1262	532
154742811  1272	532
154742811  1284	532
154742811  1294	532
154742844  1304	532
154742844  1314	532
154742844  1326	532
154742877  1336	532
154742877  1346	532
154742877  1356	532
154742877  1368	532
154742910  1378	532
154742910  1388	532
154742910  1398	531
154742943  1409	533
154742943  1420	533
154742943  1430	533
154742977  1440	532
154742977  1451	533
154742977  1462	532
154743010  1472	532
154743010  1482	532
154743010  1492	532
154743043  1504	532
154743043  1514	532
154743043  1524	532
154743043  1534	532
154743076  1546	532
154743076  1556	532
154743076  1566	532
154743109  1576	533
154743109  1587	533
154743109  1598	533
154743142  1608	532
154743142  1618	532
154743142  1629	532
154743175  1640	532
154743175  1650	533
154743175  1660	533
154743208  1671	533
154743208  1682	532
154743208  1692	532
154743208  1702	533
154743241  1713	533
154743241  1723	533
154743241  1734	533
154743275  1744	533
154743275  1755	532
154743275  1765	532
154743308  1776	532
154743308  1786	532
154743308  1797	532
154743341  1807	533
154743341  1818	533
154743341  1828	533
154743374  1839	532
154743374  1849	532
154743374  1860	533
154743374  1870	533
154743407  1881	533
154743407  1891	532
154743407  1901	532
154743440  1912	532
154743440  1923	531
154743440  1933	532
154743473  1943	533
154743473  1954	532
154743473  1965	533
154743507  1975	532
154743507  1985	533
154743507  1996	532
154743540  2007	532
154743540  2017	532
154743540  2027	532
154743540  2038	532
154743606  2049	532
154743606  2059	532
154743606  2069	533
154743639  2079	532
154743639  2091	532
154743639  2101	532
154743672  2111	532
154743672  2121	532
154743672  2132	532
154743705  2143	532
154743705  2153	533
154743705  2163	533
154743738  2174	532
154743738  2185	532
154743738  2195	532
154743738  2205	533
154743773  2216	532
154743773  2227	532
154743773  2237	532
154743805  2247	533
154743805  2257	532
154743805  2269	532
154743838  2279	532
154743838  2289	532
154743838  2299	532
154743871  2311	532
154743871  2321	532
154743871  2331	532
154743905  2341	532
154743905  2353	532
154743905  2363	532
154743905  2373	532
154743938  2383	533
154743938  2395	533
154743938  2405	534
154743971  2415	533
154743971  2425	534
154743971  2436	533
154744004  2447	533
154744004  2457	533
154744004  2467	533
154744037  2478	532
154744037  2489	532
154744037  2499	532
154744070  2509	532
154744070  2520	532
154744070  2531	532
154744070  2541	532
154744103  2551	532
154744103  2562	532
154744103  2572	532
154744136  2583	532
154744136  2593	532
154744136  2604	532
154744169  2614	533
154744169  2625	533
154744169  2635	533
154744203  2646	532
154744203  2656	532
154744203  2667	532
154744236  2677	532
154744236  2688	532
154744236  2698	533
154744236  2709	532
154744269  2719	532
154744269  2729	532
154744269  2740	532
154744302  2750	532
154744302  2761	532
154744302  2771	533
154744335  2782	532
154744335  2792	532
154744335  2803	532
154744368  2813	532
154744368  2824	532
154744368  2834	532
154744401  2845	532
154744401  2855	532
154744401  2866	531
154744401  2876	532
154744434  2887	532
154744434  2897	531
154744434  2908	531
154744467  2918	532
154744467  2928	532
154744467  2939	532
154744500  2950	532
154744500  2960	532
154744500  2970	532
154744534  2981	532
154744534  2992	532
154744534  3002	532
154744567  3012	532
154744567  3023	532
154744567  3034	532
154744567  3044	532
154744600  3054	532
154744600  3065	531
154744600  3076	531
154744633  3086	532
154744633  3096	532
154744633  3106	532
154744666  3118	532
154744666  3128	533
154744666  3138	532
154744699  3148	532
154744699  3160	532
154744699  3170	533
154744732  3180	533
154744732  3190	533
154744732  3202	533
154744732  3212	532
154744765  3222	532
154744765  3232	532
154744765  3243	532
154744798  3254	532
154744798  3264	532
154744798  3274	532
154744832  3284	532
154744832  3296	532
154744832  3306	532
154744865  3316	533
154744865  3326	533
154744865  3338	533
154744898  3348	533
154744898  3358	533
154744898  3368	533
154744898  3380	532
154744931  3390	533
154744931  3400	532
154744931  3410	532
154744964  3421	532
154744964  3432	532
154744964  3442	533
154744997  3452	532
154744997  3463	532
154744997  3474	533
154745030  3484	533
154745030  3494	533
154745030  3505	533
154745063  3516	533
154745063  3526	533
154745063  3536	532
154745063  3547	533
154745130  3558	533
154745130  3568	533
154745130  3578	532
154745163  3589	533
154745163  3599	532
154745163  3610	532
154745196  3620	532
154745196  3631	532
154745196  3641	532
154745229  3652	532
154745229  3662	532
154745229  3673	532
154745262  3683	533
154745262  3694	532
154745262  3704	532
154745262  3715	532
154745295  3725	532
154745295  3736	532
154745295  3746	531
154745328  3757	531
154745328  3767	532
154745328  3777	532
154745361  3788	532
154745361  3799	532
154745361  3809	532
154745394  3819	532
154745394  3830	533
154745394  3841	532
154745428  3851	533
154745428  3861	532
154745428  3872	532
154745428  3883	531
154745461  3893	532
154745461  3903	532
154745461  3913	532
154745494  3924	532
154745494  3935	532
154745494  3945	532
154745527  3955	532
154745527  3966	532
154745527  3977	532
154745560  3987	532
154745560  3997	532
154745560  4008	533
154745593  4019	533
154745593  4029	532
154745593  4039	533
154745593  4050	532
154745626  4061	533
154745626  4071	533
154745626  4081	533
154745659  4091	533
154745659  4103	533
154745659  4113	533
154745692  4123	533
154745692  4133	532
154745692  4145	533
154745725  4155	533
154745725  4165	533
154745725  4175	532
154745759  4187	533
154745759  4197	533
154745759  4207	533
154745759  4217	533
154745792  4229	533
154745792  4239	533
154745792  4249	533
154745825  4259	533
154745825  4270	533
154745825  4281	533
154745858  4291	533
154745858  4301	533
154745858  4312	533
154745891  4323	532
154745891  4333	532
154745891  4343	533
154745924  4354	534
154745924  4365	534
154745924  4375	533
154745924  4385	533
154745957  4396	533
154745957  4407	533
154745957  4417	534
154745990  4427	533
154745990  4438	533
154745990  4448	533
154746023  4459	533
154746023  4469	532
154746023  4480	533
154746057  4490	532
154746057  4501	533
154746057  4511	533
154746090  4521	533
154746090  4532	533
154746090  4543	533
154746090  4553	533
154746123  4563	533
154746123  4574	533
154746123  4585	533
154746156  4595	533
154746156  4605	532
154746156  4616	533
154746189  4626	532
154746189  4637	532
154746189  4647	532
154746222  4658	533
154746222  4668	533
154746222  4679	533
154746255  4689	532
154746255  4700	533
154746255  4710	532
154746255  4721	533
154746288  4731	533
154746288  4742	532
154746288  4752	533
154746321  4762	533
154746321  4773	532
154746321  4784	533
154746355  4794	533
154746355  4804	533
154746355  4815	533
154746388  4826	533
154746388  4836	533
154746388  4846	533
154746421  4857	534
154746421  4868	533
154746421  4878	533
154746421  4888	532
154746454  4899	533
154746454  4910	533
154746454  4920	533
154746487  4930	533
154746487  4940	533
154746487  4952	533
154746520  4962	533
154746520  4972	533
154746520  4982	533
154746553  4994	533
154746553  5004	533
154746553  5014	533
154746586  5024	532
154746586  5036	532
154746586  5046	533
154746586  5056	533
154746619  5066	532
154746619  5078	533
154746619  5088	533
154746686  5098	532
154746686  5108	533
154746686  5118	533
154746719  5130	533
154746719  5140	533
154746719  5150	534
154746752  5160	534
154746752  5172	534
154746752  5182	534
154746785  5192	534
154746785  5202	534
154746785  5214	534
154746785  5224	534
154746818  5234	534
154746818  5244	534
154746818  5256	533
154746851  5266	534
154746851  5276	533
154746851  5286	533
154746884  5297	533
154746884  5308	533
154746884  5318	533
154746917  5328	533
154746917  5339	533
154746917  5350	533
154746950  5360	533
154746950  5370	534
154746950  5381	533
154746950  5392	532
154746984  5402	533
154746984  5412	533
154746984  5423	533
154747017  5434	533
154747017  5444	534
154747017  5454	533
154747050  5465	533
154747050  5475	533
154747050  5486	534
154747083  5496	533
154747083  5507	534
154747083  5517	533
154747116  5528	533
154747116  5538	533
154747116  5549	533
154747116  5559	533
154747149  5570	532
154747149  5580	533
154747149  5591	533
154747182  5601	533
154747182  5612	533
154747182  5622	533
154747215  5633	533
154747215  5643	533
154747215  5653	533
154747248  5664	533
154747248  5675	533
154747248  5685	533
154747282  5695	533
154747282  5706	533
154747282  5716	533
154747282  5727	533
154747315  5737	533
154747315  5748	533
154747315  5758	533
154747348  5769	533
154747348  5779	534
154747348  5789	534
154747381  5800	534
154747381  5811	533
154747381  5821	533
154747414  5831	532
154747414  5842	533
154747414  5853	533
154747447  5863	533
154747447  5873	533
154747447  5884	533
154747447  5895	533
154747480  5905	533
154747480  5915	532
154747480  5926	533
154747513  5937	533
154747513  5947	534
154747513  5957	533
154747546  5967	534
154747546  5979	533
154747546  5989	533
154747579  5999	534
154747579  6009	533
154747579  6021	534
154747613  6031	533
154747613  6041	533
154747613  6051	534
154747613  6063	533
154747646  6073	534
154747646  6083	533
154747646  6093	533
154747679  6105	533
154747679  6115	532
154747679  6125	532
154747712  6135	533
154747712  6146	532
154747712  6157	533
154747745  6167	533
154747745  6177	533
154747745  6188	533
154747778  6199	532
154747778  6209	533
154747778  6219	533
154747778  6230	534
154747811  6241	534
154747811  6251	534
154747811  6261	534
154747844  6272	534
154747844  6283	534
154747844  6293	534
154747877  6303	534
154747877  6313	534
154747877  6324	533
154747910  6335	534
154747910  6345	533
154747910  6355	533
154747944  6366	533
154747944  6377	533
154747944  6387	533
154747944  6397	533
154747977  6408	533
154747977  6419	533
154747977  6429	533
154748010  6439	533
154748010  6450	533
154748010  6461	534
154748043  6471	533
154748043  6481	533
154748043  6492	533
154748076  6502	533
154748076  6513	533
154748076  6523	533
154748142  6534	533
154748142  6544	532
154748142  6555	533
154748142  6565	533
154748175  6576	533
154748175  6586	533
154748175  6597	533
154748208  6607	533
154748208  6618	533
154748208  6628	533
154748242  6639	532
154748242  6649	533
154748242  6660	533
154748275  6670	533
154748275  6680	533
154748275  6691	533
154748308  6702	533
154748308  6712	533
154748308  6722	534
154748308  6733	533
154748341  6744	533
154748341  6754	533
154748341  6764	532
154748374  6775	533
154748374  6786	533
154748374  6796	533
154748407  6806	533
154748407  6817	533
154748407  6828	533
154748440  6838	534
154748440  6848	533
154748440  6858	534
154748473  6870	534
154748473  6880	534
154748473  6890	533
154748473  6900	533
154748506  6912	533
154748506  6922	534
154748506  6932	534
154748539  6942	534
154748539  6953	534
154748539  6964	534
154748573  6974	534
154748573  6984	534
154748573  6994	534
154748606  7006	534
154748606  7016	533
154748606  7026	534
154748639  7036	534
154748639  7048	533
154748639  7058	534
154748639  7068	534
154748672  7078	534
154748672  7090	534
154748672  7100	534
154748705  7110	534
154748705  7120	534
154748705  7132	534
154748738  7142	534
154748738  7152	534
154748738  7162	534
154748771  7173	535
154748771  7184	534
154748771  7194	534
154748804  7204	534
154748804  7215	535
154748804  7226	534
154748804  7236	534
154748837  7246	534
154748837  7257	534
154748837  7268	533
154748871  7278	534
154748871  7288	534
154748871  7299	533
154748904  7310	534
154748904  7320	534
154748904  7330	534
154748937  7341	533
154748937  7351	534
154748937  7362	534
154748970  7372	534
154748970  7383	534
154748970  7393	534
154748970  7404	535
154749003  7414	534
154749003  7425	533
154749003  7435	534
154749036  7446	534
154749036  7456	534
154749036  7467	533
154749069  7477	534
154749069  7488	534
154749069  7498	534
154749102  7508	535
154749102  7519	534
154749102  7529	534
154749135  7540	534
154749135  7550	535
154749135  7561	533
154749135  7571	534
154749168  7582	534
154749168  7592	534
154749168  7603	533
154749201  7613	534
154749201  7624	535
154749201  7634	534
154749235  7645	535
154749235  7655	534
154749235  7666	534
154749268  7676	534
154749268  7687	534
154749268  7697	534
154749301  7707	534
154749301  7718	534
154749301  7729	534
154749301  7739	535
154749334  7749	535
154749334  7760	535
154749334  7771	535
154749368  7781	535
154749368  7791	535
154749368  7802	535
154749400  7813	535
154749400  7823	535
154749400  7833	535
154749433  7843	535
154749433  7855	535
154749433  7865	534
154749466  7875	535
154749466  7885	534
154749466  7897	534
154749466  7907	534
154749500  7917	534
154749500  7927	534
154749500  7939	535
154749533  7949	535
154749533  7959	534
154749533  7969	535
154749566  7981	535
154749566  7991	534
154749566  8001	533
154749599  8011	534
154749599  8022	534
154749599  8033	534
154749665  8043	534
154749665  8053	534
154749665  8064	534
154749665  8075	534
154749698  8085	534
154749698  8095	534
154749698  8105	534
154749731  8117	534
154749731  8127	534
154749731  8137	534
154749764  8147	534
154749764  8159	534
154749764  8169	534
154749797  8179	534
154749797  8189	533
154749797  8200	535
154749831  8211	534
154749831  8221	535
154749831  8231	535
154749831  8242	535
154749864  8253	535
154749864  8263	534
154749864  8273	535
154749897  8284	535
154749897  8295	535
154749897  8305	535
154749930  8315	535
154749930  8326	535
154749930  8337	535
154749963  8347	535
154749963  8357	534
154749963  8368	534
154749996  8378	534
154749996  8389	535
154749996  8399	535
154749996  8410	535
154750029  8420	536
154750029  8431	536
154750029  8441	535
154750062  8452	536
154750062  8462	536
154750062  8473	536
154750095  8483	535
154750095  8494	535
154750095  8504	535
154750129  8515	535
154750129  8525	535
154750129  8536	535
154750162  8546	536
154750162  8556	535
154750162  8567	535
154750162  8578	535
154750195  8588	535
154750195  8598	535
154750195  8609	535
154750228  8620	536
154750228  8630	535
154750228  8640	534
154750261  8651	535
154750261  8662	534
154750261  8672	534
154750294  8682	534
154750294  8692	534
154750294  8704	534
154750327  8714	534
154750327  8724	534
154750327  8734	535
154750327  8745	534
154750360  8756	535
154750360  8766	534
154750360  8776	534
154750393  8787	535
154750393  8798	535
154750393  8808	535
154750427  8818	535
154750427  8829	535
154750427  8840	535
154750460  8850	535
154750460  8860	535
154750460  8870	534
154750493  8882	534
154750493  8892	534
154750493  8902	534
154750493  8912	535
154750526  8924	535
154750526  8934	534
154750526  8944	534
154750559  8954	535
154750559  8966	534
154750559  8976	534
154750592  8986	534
154750592  8996	535
154750592  9008	535
154750625  9018	535
154750625  9028	534
154750625  9038	535
154750658  9049	534
154750658  9060	535
154750658  9070	534
154750658  9080	534
154750691  9091	533
154750691  9102	534
154750691  9112	533
154750724  9122	534
154750724  9133	534
154750724  9144	534
154750758  9154	534
154750758  9164	535
154750758  9175	535
154750791  9186	534
154750791  9196	534
154750791  9206	535
154750824  9217	535
154750824  9227	535
154750824  9238	535
154750824  9248	534
154750857  9259	535
154750857  9269	536
154750857  9280	535
154750890  9290	535
154750890  9300	535
154750890  9311	534
154750923  9322	535
154750923  9332	535
154750923  9342	534
154750956  9353	534
154750956  9364	534
154750956  9374	535
154750989  9384	534
154750989  9395	535
154750989  9405	534
154750989  9416	535
154751022  9426	535
154751022  9437	535
154751022  9447	535
154751055  9458	534
154751055  9468	535
154751055  9479	534
154751122  9489	535
154751122  9500	534
154751122  9510	535
154751122  9521	535
154751122  9531	534
154751122  9542	534
154751188  9552	535
154751188  9563	535
154751188  9573	535
154751188  9583	535
154751221  9594	535
154751221  9605	535
154751221  9615	535
154751254  9625	535
154751254  9636	534
154751254  9647	535
154751287  9657	534
154751287  9667	534
154751287  9678	533
154751320  9689	534
154751320  9699	535
154751320  9709	534
154751353  9720	534
154751353  9731	534
154751353  9741	534
154751353  9751	534
154751387  9761	534
154751387  9773	533
154751387  9783	534
154751420  9793	534
154751420  9803	534
154751420  9815	534
154751453  9825	534
154751453  9835	535
154751453  9845	535
154751486  9857	534
154751486  9867	534
154751486  9877	535
154751519  9887	534
154751519  9897	534
154751519  9909	535
154751519  9919	535
154751552  9929	534
154751552  9939	534
154751552  9951	534
154751585  9961	534
154751585  9971	534
154751585  9981	535
154751618  9993	534
154751618  10003	535
154751618  10013	534
154751651  10023	535
154751651  10035	535
154751651  10045	535
154751685  10055	534
154751685  10066	534
154751685  10077	535
154751718  10087	535
154751718  10097	534
154751718  10108	535
154751751  10119	535
154751751  10129	535
154751751  10139	535
154751784  10150	535
154751784  10161	534
154751784  10171	535
154751817  10182	534
154751817  10192	535
154751817  10203	535
154751850  10213	534
154751850  10224	534
154751883  10234	534
154751883  10245	534
154751883  10256	535
154751916  10266	536
154751916  10276	535
154751916  10287	535
154751949  10298	535
154751949  10308	535
154751949  10318	535
154751983  10330	535
154751983  10340	535
154751983  10350	535
154752016  10360	535
154752016  10372	536
154752016  10382	535
154752049  10392	535
154752049  10403	535
154752049  10414	534
154752082  10424	534

