154700774  10	527
154700807  20	527
154700807  30	527
154700807  40	528
154700840  51	527
154700840  61	526
154700840  72	527
154700873  82	527
154700873  93	527
154700873  103	527
154700906  113	527
154700906  123	527
154700906  135	528
154700906  145	526
154700939  155	526
154700939  165	528
154700939  176	527
154700973  187	527
154700973  197	527
154700973  207	527
154701006  218	526
154701006  228	527
154701006  238	527
154701039  249	527
154701039  260	527
154701039  270	526
154701072  280	527
154701072  290	526
154701072  302	527
154701105  312	527
154701105  322	526
154701105  332	526
154701138  343	527
154701138  354	527
154701138  364	527
154701138  374	527
154701171  385	526
154701171  395	527
154701171  406	527
154701204  416	527
154701204  427	527
154701204  437	527
154701237  447	527
154701237  457	526
154701237  468	527
154701270  479	527
154701270  489	528
154701270  499	527
154701304  509	527
154701304  521	527
154701304  531	527
154701337  541	527
154701337  551	528
154701337  562	527
154701337  573	527
154701370  583	527
154701370  593	528
154701370  604	527
154701403  614	528
154701403  624	527
154701403  635	526
154701437  646	528
154701437  656	527
154701437  666	528
154701469  676	528
154701469  688	527
154701469  698	527
154701502  708	527
154701502  718	527
154701502  729	526
154701535  740	527
154701535  750	527
154701535  760	527
154701568  771	527
154701568  781	528
154701568  792	528
154701602  802	528
154701602  813	528
154701602  823	528
154701602  833	528
154701634  843	528
154701634  855	527
154701634  865	527
154701667  875	527
154701667  885	527
154701667  896	527
154701701  907	528
154701701  917	527
154701701  927	527
154701734  937	526
154701734  948	526
154701734  959	527
154701767  969	527
154701767  979	527
154701767  990	527
154701800  1000	527
154701800  1011	526
154701800  1021	527
154701800  1032	527
154701833  1042	527
154701833  1053	527
154701833  1063	527
154701867  1074	527
154701867  1084	526
154701867  1094	526
154701899  1105	527
154701899  1116	527
154701899  1126	527
154701932  1136	527
154701932  1147	527
154701932  1158	527
154701965  1168	527
154701965  1178	526
154701965  1189	526
154701965  1200	527
154701999  1210	527
154701999  1220	527
154701999  1231	527
154702032  1242	527
154702032  1252	526
154702032  1262	526
154702065  1272	526
154702065  1284	527
154702065  1294	527
154702098  1304	527
154702098  1314	527
154702098  1326	528
154702131  1336	527
154702131  1346	527
154702131  1356	527
154702131  1368	527
154702164  1378	526
154702164  1388	526
154702164  1398	527
154702230  1409	526
154702230  1420	527
154702230  1430	526
154702263  1440	527
154702263  1451	527
154702263  1462	527
154702296  1472	527
154702296  1482	526
154702296  1492	527
154702329  1504	527
154702329  1514	527
154702329  1524	526
154702329  1534	526
154702363  1546	526
154702363  1556	527
154702363  1566	527
154702396  1576	527
154702396  1587	527
154702396  1598	527
154702429  1608	527
154702429  1618	527
154702429  1629	527
154702462  1640	527
154702462  1650	527
154702462  1660	527
154702498  1671	527
154702498  1682	527
154702498  1692	528
154702498  1702	528
154702529  1713	528
154702529  1723	526
154702529  1734	527
154702561  1744	528
154702561  1755	528
154702561  1765	527
154702595  1776	527
154702595  1786	527
154702595  1797	527
154702628  1807	528
154702628  1818	528
154702628  1828	526
154702661  1839	527
154702661  1849	527
154702661  1860	528
154702661  1870	527
154702694  1881	528
154702694  1891	527
154702694  1901	527
154702727  1912	528
154702727  1923	527
154702727  1933	527
154702760  1943	527
154702760  1954	527
154702760  1965	527
154702793  1975	527
154702793  1985	526
154702793  1996	527
154702826  2007	527
154702826  2017	527
154702826  2027	527
154702826  2038	526
154702859  2049	526
154702859  2059	526
154702859  2069	527
154702892  2079	527
154702892  2091	528
154702892  2101	528
154702925  2111	527
154702925  2121	526
154702925  2132	526
154702959  2143	527
154702959  2153	527
154702959  2163	526
154702992  2174	527
154702992  2185	527
154702992  2195	526
154702992  2205	527
154703025  2216	527
154703025  2227	528
154703025  2237	527
154703058  2247	527
154703058  2257	526
154703058  2269	527
154703091  2279	526
154703091  2289	526
154703091  2299	526
154703134  2311	527
154703134  2321	527
154703134  2331	527
154703159  2341	527
154703159  2353	526
154703159  2363	526
154703159  2373	526
154703192  2383	526
154703192  2394	527
154703192  2405	527
154703225  2415	527
154703225  2425	527
154703225  2436	526
154703258  2447	527
154703258  2457	527
154703258  2467	527
154703291  2478	526
154703291  2489	527
154703291  2499	526
154703325  2509	528
154703325  2520	527
154703325  2531	527
154703325  2541	527
154703358  2551	527
154703358  2562	527
154703358  2572	526
154703391  2583	528
154703391  2593	528
154703391  2604	528
154703424  2614	528
154703424  2625	528
154703424  2635	528
154703457  2646	528
154703457  2656	528
154703457  2667	528
154703490  2677	528
154703490  2688	527
154703490  2698	527
154703490  2709	527
154703523  2719	528
154703523  2729	527
154703523  2740	528
154703556  2750	528
154703556  2761	528
154703556  2771	528
154703589  2782	528
154703589  2792	528
154703589  2803	529
154703623  2813	527
154703623  2824	527
154703623  2834	529
154703656  2845	528
154703656  2855	528
154703656  2866	527
154703656  2876	529
154703689  2887	528
154703689  2897	527
154703689  2908	528
154703722  2918	528
154703722  2928	528
154703722  2939	528
154703755  2950	527
154703755  2960	528
154703755  2970	528
154703821  2981	528
154703821  2992	527
154703821  3002	529
154703854  3012	528
154703854  3023	529
154703854  3034	528
154703854  3044	529
154703888  3054	528
154703888  3064	529
154703888  3076	529
154703921  3086	529
154703921  3096	529
154703921  3106	528
154703954  3118	528
154703954  3128	529
154703954  3138	529
154703987  3148	528
154703987  3160	529
154703987  3170	528
154704020  3180	529
154704020  3190	529
154704020  3202	529
154704020  3212	528
154704053  3222	528
154704053  3232	528
154704053  3243	529
154704087  3254	528
154704087  3264	529
154704087  3274	529
154704120  3284	529
154704120  3296	529
154704120  3306	530
154704153  3316	529
154704153  3326	530
154704153  3338	529
154704186  3348	528
154704186  3358	528
154704186  3368	529
154704186  3380	527
154704219  3390	527
154704219  3400	530
154704219  3410	528
154704252  3421	528
154704252  3432	528
154704252  3442	528
154704285  3452	528
154704285  3463	529
154704285  3474	528
154704318  3484	528
154704318  3494	528
154704318  3505	528
154704351  3516	527
154704351  3526	528
154704351  3536	528
154704351  3547	528
154704384  3557	528
154704384  3568	528
154704384  3578	528
154704418  3589	528
154704418  3599	528
154704418  3610	528
154704451  3620	528
154704451  3631	529
154704451  3641	528
154704484  3652	528
154704484  3662	529
154704484  3673	529
154704517  3683	529
154704517  3694	529
154704517  3704	529
154704517  3715	527
154704550  3725	529
154704550  3735	528
154704550  3746	528
154704583  3757	529
154704583  3767	527
154704583  3777	527
154704616  3788	527
154704616  3799	529
154704616  3809	528
154704650  3819	528
154704650  3830	528
154704650  3841	527
154704683  3851	528
154704683  3861	528
154704683  3872	528
154704683  3883	528
154704716  3893	528
154704716  3903	528
154704716  3913	527
154704749  3924	527
154704749  3935	528
154704749  3945	527
154704782  3955	528
154704782  3966	528
154704782  3977	528
154704815  3987	527
154704815  3997	529
154704815  4008	528
154704848  4019	529
154704848  4029	527
154704848  4039	529
154704848  4050	530
154704881  4061	530
154704881  4071	530
154704881  4081	529
154704914  4091	529
154704914  4103	528
154704914  4113	528
154704947  4123	527
154704947  4133	527
154704947  4145	527
154704980  4155	528
154704980  4165	527
154704980  4175	527
154705014  4187	529
154705014  4197	527
154705014  4207	528
154705014  4217	527
154705047  4229	528
154705047  4239	528
154705047  4249	527
154705080  4259	528
154705080  4270	528
154705080  4281	528
154705113  4291	528
154705113  4301	527
154705113  4312	528
154705146  4323	528
154705146  4333	528
154705146  4343	528
154705179  4354	528
154705179  4365	527
154705179  4375	529
154705179  4385	529
154705212  4396	527
154705212  4406	528
154705212  4417	528
154705245  4427	528
154705245  4438	528
154705245  4448	528
154705279  4459	528
154705279  4469	528
154705279  4480	528
154705312  4490	528
154705312  4501	528
154705312  4511	528
154705378  4521	528
154705378  4532	528
154705378  4543	528
154705378  4553	528
154705411  4563	529
154705411  4574	528
154705411  4584	528
154705444  4595	528
154705444  4605	528
154705444  4616	527
154705477  4626	527
154705477  4637	527
154705477  4647	527
154705510  4658	527
154705510  4668	528
154705510  4679	528
154705544  4689	528
154705544  4700	528
154705544  4710	528
154705544  4721	528
154705577  4731	527
154705577  4742	528
154705577  4752	528
154705610  4762	528
154705610  4773	528
154705610  4784	528
154705643  4794	526
154705643  4804	528
154705643  4815	528
154705676  4826	528
154705676  4836	527
154705676  4846	528
154705710  4857	528
154705710  4868	529
154705710  4878	528
154705710  4888	528
154705743  4899	528
154705743  4910	529
154705743  4920	529
154705776  4930	528
154705776  4940	528
154705776  4952	528
154705809  4962	528
154705809  4972	527
154705809  4982	528
154705842  4994	528
154705842  5004	528
154705842  5014	528
154705875  5024	528
154705875  5036	528
154705875  5046	529
154705875  5056	528
154705909  5066	529
154705909  5078	529
154705909  5088	529
154705941  5098	529
154705941  5108	528
154705941  5118	528
154705974  5130	528
154705974  5140	528
154705974  5150	528
154706007  5160	529
154706007  5172	529
154706007  5182	529
154706040  5192	529
154706040  5202	528
154706040  5214	528
154706040  5224	529
154706074  5234	528
154706074  5244	529
154706074  5256	528
154706108  5266	528
154706108  5276	528
154706108  5286	528
154706141  5297	528
154706141  5308	529
154706141  5318	529
154706174  5328	528
154706174  5339	528
154706174  5350	529
154706207  5360	529
154706207  5370	529
154706207  5381	528
154706207  5392	529
154706240  5402	529
154706240  5412	529
154706240  5423	528
154706274  5434	528
154706274  5444	529
154706274  5454	529
154706306  5465	528
154706306  5475	528
154706306  5486	528
154706339  5496	528
154706339  5507	528
154706339  5517	528
154706373  5528	527
154706373  5538	528
154706373  5549	528
154706373  5559	528
154706408  5570	527
154706408  5580	528
154706408  5591	529
154706439  5601	529
154706439  5611	529
154706439  5622	529
154706473  5633	529
154706473  5643	528
154706473  5653	528
154706506  5664	528
154706506  5675	528
154706506  5685	527
154706539  5695	528
154706539  5706	527
154706539  5716	527
154706539  5727	527
154706572  5737	528
154706572  5748	528
154706572  5758	528
154706605  5769	528
154706605  5779	527
154706605  5789	527
154706638  5800	528
154706638  5811	527
154706638  5821	527
154706671  5831	528
154706671  5842	528
154706671  5853	528
154706705  5863	527
154706705  5873	528
154706705  5884	528
154706705  5895	528
154706738  5905	528
154706738  5915	527
154706738  5926	528
154706771  5937	527
154706771  5947	527
154706771  5957	528
154706805  5967	529
154706805  5979	527
154706805  5989	528
154706837  5999	529
154706837  6009	528
154706837  6021	528
154706870  6031	527
154706870  6041	527
154706870  6051	528
154706870  6063	528
154706903  6073	529
154706903  6083	528
154706903  6093	529
154706937  6105	528
154706937  6115	528
154706937  6125	527
154707003  6135	528
154707003  6146	528
154707003  6157	528
154707036  6167	528
154707036  6177	528
154707036  6188	528
154707069  6199	528
154707069  6209	528
154707069  6219	528
154707069  6230	528
154707102  6241	528
154707102  6251	528
154707102  6261	528
154707135  6272	528
154707135  6282	529
154707135  6293	528
154707169  6303	528
154707169  6313	528
154707169  6324	528
154707202  6335	527
154707202  6345	527
154707202  6355	528
154707235  6366	529
154707235  6377	528
154707235  6387	528
154707235  6397	528
154707268  6408	528
154707268  6419	528
154707268  6429	528
154707301  6439	528
154707301  6450	528
154707301  6460	528
154707334  6471	527
154707334  6481	528
154707334  6492	528
154707367  6502	528
154707367  6513	527
154707367  6523	528
154707400  6534	528
154707400  6544	528
154707400  6555	528
154707400  6565	528
154707434  6576	527
154707434  6586	528
154707434  6597	528
154707467  6607	527
154707467  6618	528
154707467  6628	527
154707500  6638	527
154707500  6649	527
154707500  6660	528
154707533  6670	528
154707533  6680	528
154707533  6691	528
154707566  6702	528
154707566  6712	528
154707566  6722	528
154707566  6733	528
154707599  6744	528
154707599  6754	527
154707599  6764	527
154707632  6775	527
154707632  6786	528
154707632  6796	528
154707665  6806	527
154707665  6816	528
154707665  6828	527
154707699  6838	527
154707699  6848	527
154707699  6858	527
154707732  6870	528
154707732  6880	527
154707732  6890	528
154707732  6900	528
154707765  6912	527
154707765  6922	527
154707765  6932	528
154707798  6942	528
154707798  6953	528
154707798  6964	528
154707831  6974	527
154707831  6984	528
154707831  6994	528
154707865  7006	528
154707865  7016	528
154707865  7026	528
154707898  7036	528
154707898  7048	528
154707898  7058	528
154707898  7068	528
154707931  7078	529
154707931  7090	528
154707931  7100	527
154707964  7110	528
154707964  7120	528
154707964  7131	528
154707997  7142	527
154707997  7152	528
154707997  7162	529
154708030  7173	529
154708030  7184	529
154708030  7194	528
154708063  7204	529
154708063  7215	529
154708063  7226	529
154708063  7236	527
154708096  7246	529
154708096  7257	528
154708096  7268	529
154708130  7278	528
154708130  7288	529
154708130  7299	529
154708163  7309	528
154708163  7320	529
154708163  7330	529
154708196  7341	529
154708196  7351	529
154708196  7362	530
154708229  7372	529
154708229  7383	529
154708229  7393	528
154708229  7404	529
154708262  7414	528
154708262  7425	528
154708262  7435	529
154708295  7446	529
154708295  7456	529
154708295  7467	529
154708328  7477	529
154708328  7487	529
154708328  7498	529
154708361  7508	529
154708361  7519	529
154708361  7529	528
154708394  7540	528
154708394  7550	528
154708394  7561	529
154708394  7571	529
154708428  7582	529
154708428  7592	530
154708428  7603	529
154708461  7613	530
154708461  7624	529
154708461  7634	529
154708527  7645	529
154708527  7655	529
154708527  7665	529
154708560  7676	529
154708560  7687	529
154708560  7697	529
154708593  7707	529
154708593  7718	527
154708593  7729	528
154708593  7739	529
154708626  7749	529
154708626  7760	529
154708626  7771	529
154708659  7781	530
154708659  7791	529
154708659  7802	530
154708692  7813	529
154708692  7823	528
154708692  7833	529
154708726  7843	528
154708726  7855	527
154708726  7865	529
154708759  7875	529
154708759  7885	529
154708759  7897	530
154708759  7907	529
154708792  7917	529
154708792  7927	529
154708792  7939	528
154708825  7949	529
154708825  7959	528
154708825  7969	529
154708859  7980	528
154708859  7991	528
154708859  8001	529
154708892  8011	529
154708892  8022	529
154708892  8033	530
154708925  8043	528
154708925  8053	529
154708925  8064	529
154708925  8075	529
154708958  8085	530
154708958  8095	530
154708958  8105	530
154708991  8117	529
154708991  8127	529
154708991  8137	529
154709024  8147	528
154709024  8158	529
154709024  8169	530
154709057  8179	529
154709057  8189	529
154709057  8200	529
154709090  8211	529
154709090  8221	529
154709090  8231	529
154709090  8242	529
154709123  8253	529
154709123  8263	529
154709123  8273	530
154709156  8284	530
154709156  8295	529
154709156  8305	529
154709190  8315	529
154709190  8326	530
154709190  8336	527
154709223  8347	529
154709223  8357	528
154709223  8368	528
154709256  8378	528
154709256  8389	528
154709256  8399	528
154709256  8410	528
154709289  8420	527
154709289  8431	528
154709289  8441	529
154709322  8452	528
154709322  8462	528
154709322  8473	528
154709355  8483	528
154709355  8494	527
154709355  8504	528
154709388  8514	529
154709388  8525	527
154709388  8536	528
154709424  8546	528
154709424  8556	529
154709424  8567	528
154709424  8578	528
154709455  8588	528
154709455  8598	528
154709455  8609	528
154709488  8620	527
154709488  8630	528
154709488  8640	527
154709521  8650	528
154709521  8662	528
154709521  8672	529
154709554  8682	529
154709554  8692	528
154709554  8704	529
154709587  8714	528
154709587  8724	528
154709587  8734	527
154709587  8745	528
154709620  8756	528
154709620  8766	528
154709620  8776	529
154709653  8787	528
154709653  8798	529
154709653  8808	528
154709686  8818	529
154709686  8828	529
154709686  8840	528
154709720  8850	528
154709720  8860	529
154709720  8870	528
154709753  8882	527
154709753  8892	528
154709753  8902	528
154709753  8912	528
154709786  8924	528
154709786  8934	527
154709786  8944	528
154709819  8954	528
154709819  8966	527
154709819  8976	529
154709852  8986	528
154709852  8996	527
154709852  9007	528
154709885  9018	528
154709885  9028	529
154709885  9038	528
154709918  9049	528
154709918  9060	528
154709918  9070	529
154709918  9080	528
154709951  9091	529
154709951  9102	529
154709951  9112	529
154709985  9122	529
154709985  9133	528
154709985  9144	528
154710018  9154	528
154710018  9164	529
154710018  9175	528
154710051  9185	529
154710051  9196	529
154710051  9206	528
154710118  9217	530
154710118  9227	528
154710118  9238	529
154710118  9248	529
154710151  9259	528
154710151  9269	528
154710151  9280	529
154710184  9290	529
154710184  9300	528
154710184  9311	528
154710217  9321	528
154710217  9332	527
154710217  9342	528
154710250  9353	528
154710250  9363	528
154710250  9374	528
154710283  9384	528
154710283  9395	528
154710283  9405	528
154710283  9416	528
154710317  9426	529
154710317  9437	529
154710317  9447	528
154710350  9458	528
154710350  9468	529
154710350  9479	529
154710383  9489	529
154710383  9499	528
154710383  9510	529
154710416  9521	529
154710416  9531	528
154710416  9541	528
154710449  9552	528
154710449  9563	528
154710449  9573	528
154710449  9583	528
154710482  9594	528
154710482  9605	528
154710482  9615	528
154710515  9625	527
154710515  9636	528
154710515  9647	528
154710548  9657	528
154710548  9667	528
154710548  9677	529
154710582  9689	529
154710582  9699	529
154710582  9709	528
154710615  9719	528
154710615  9731	528
154710615  9741	528
154710615  9751	528
154710648  9761	529
154710648  9773	529
154710648  9783	528
154710688  9793	529
154710688  9803	528
154710688  9815	529
154710714  9825	528
154710714  9835	528
154710714  9845	528
154710747  9856	529
154710747  9867	528
154710747  9877	528
154710781  9887	529
154710781  9897	529
154710781  9909	529
154710781  9919	528
154710814  9929	528
154710814  9939	529
154710814  9951	528
154710847  9961	528
154710847  9971	529
154710847  9981	529
154710880  9993	529
154710880  10003	529
154710880  10013	529
154710913  10023	529
154710913  10035	528
154710913  10045	529
154710946  10055	529
154710946  10065	529
154710946  10077	529
154710979  10087	529
154710979  10097	529
154710979  10108	529
154711017  10119	529
154711017  10129	529
154711017  10139	530
154711052  10150	530
154711052  10161	530
154711052  10171	529
154711079  10182	529
154711079  10192	530
154711079  10203	529
154711112  10213	530
154711112  10224	529
154711146  10234	529
154711146  10245	529
154711146  10255	529
154711179  10266	530
154711179  10276	530
154711179  10287	530
154711212  10298	530
154711212  10308	529
154711212  10318	530
154711245  10329	529
154711245  10340	529
154711245  10350	529
154711278  10360	529
154711278  10372	529
154711278  10382	530
154711311  10392	528
154711311  10402	529
154711311  10414	529
154711344  10424	529

