
160709279  0	502
160709312  10	501
160709312  20	501
160709312  30	503
160709345  40	502
160709345  51	502
160709345  61	501
160709378  72	502
160709378  82	501
160709378  93	501
160709411  103	502
160709411  113	500
160709411  123	502
160709445  135	502
160709445  145	501
160709445  155	502
160709478  165	501
160709478  176	501
160709478  187	501
160709511  197	502
160709511  207	501
160709511  218	502
160709544  228	502
160709544  238	502
160709544  249	501
160709544  260	503
160709577  270	503
160709577  280	504
160709577  290	504
160709610  302	504
160709610  312	504
160709610  322	504
160709643  332	504
160709643  343	504
160709643  354	504
160709676  364	504
160709676  374	504
160709676  385	504
160709709  395	503
160709709  406	504
160709709  416	505
160709742  427	504
160709742  437	504
160709742  447	503
160709776  457	503
160709776  468	504
160709776  479	503
160709776  489	503
160709810  499	504
160709810  509	504
160709810  521	503
160709842  531	504
160709842  541	503
160709842  551	503
160709875  562	504
160709875  573	504
160709875  583	504
160709908  593	505
160709908  604	504
160709908  614	504
160709941  624	504
160709941  635	504
160709941  646	504
160709974  656	504
160709974  666	503
160709974  676	503
160710007  688	504
160710007  698	503
160710007  708	503
160710007  718	504
160710040  729	504
160710040  740	503
160710040  750	504
160710073  760	504
160710073  771	504
160710073  781	504
160710107  792	504
160710107  802	503
160710107  813	504
160710140  823	503
160710140  833	504
160710140  843	503
160710173  855	504
160710173  865	504
160710173  875	504
160710206  885	504
160710206  896	504
160710206  907	504
160710206  917	504
160710239  927	505
160710239  937	505
160710239  948	505
160710272  959	505
160710272  969	505
160710272  979	504
160710305  990	504
160710338  1000	505
160710338  1011	504
160710338  1021	505
160710338  1032	505
160710371  1042	505
160710371  1053	504
160710371  1063	504
160710405  1074	505
160710405  1084	505
160710405  1094	505
160710438  1105	504
160710438  1116	504
160710438  1126	505
160710471  1136	505
160710471  1147	505
160710471  1158	505
160710504  1168	504
160710504  1178	505
160710504  1189	505
160710504  1200	505
160710537  1210	504
160710537  1220	505
160710537  1231	505
160710570  1242	505
160710570  1252	504
160710570  1262	504
160710603  1272	504
160710603  1284	504
160710603  1294	504
160710636  1304	504
160710636  1314	505
160710636  1326	505
160710669  1336	505
160710669  1346	505
160710669  1356	505
160710669  1368	504
160710703  1378	505
160710703  1388	505
160710703  1398	505
160710736  1409	505
160710736  1420	504
160710736  1430	505
160710769  1440	505
160710769  1451	505
160710769  1462	505
160710802  1472	505
160710802  1482	505
160710802  1492	506
160710835  1504	506
160710835  1514	505
160710835  1524	505
160710835  1534	505
160710868  1546	505
160710868  1556	506
160710868  1566	506
160710901  1576	506
160710901  1587	506
160710901  1598	506
160710934  1608	506
160710934  1618	505
160710934  1629	506
160710967  1640	506
160710967  1650	505
160710967  1660	506
160711001  1671	506
160711001  1682	506
160711001  1692	506
160711001  1702	505
160711034  1713	506
160711034  1723	506
160711034  1734	504
160711067  1744	505
160711067  1755	505
160711067  1765	505
160711100  1776	506
160711100  1786	505
160711100  1797	506
160711133  1807	505
160711133  1818	506
160711133  1828	506
160711166  1839	505
160711166  1849	506
160711166  1860	506
160711166  1870	506
160711199  1881	506
160711199  1891	506
160711199  1901	506
160711232  1912	505
160711232  1923	506
160711232  1933	505
160711265  1943	506
160711265  1954	506
160711265  1965	505
160711298  1975	506
160711298  1985	506
160711298  1996	506
160711331  2007	506
160711331  2017	506
160711331  2027	506
160711331  2038	505
160711365  2049	505
160711365  2059	506
160711365  2069	506
160711398  2079	506
160711398  2091	506
160711398  2101	506
160711431  2111	505
160711431  2121	506
160711431  2132	506
160711497  2143	506
160711497  2153	506
160711497  2163	506
160711530  2174	506
160711530  2185	506
160711530  2195	505
160711530  2205	506
160711563  2216	506
160711563  2227	506
160711563  2237	506
160711596  2247	506
160711596  2257	506
160711596  2269	506
160711629  2279	506
160711629  2289	506
160711629  2299	507
160711663  2311	506
160711663  2321	506
160711663  2331	506
160711696  2341	506
160711696  2353	506
160711696  2363	506
160711696  2373	506
160711729  2383	506
160711729  2394	506
160711729  2405	506
160711762  2415	506
160711762  2425	506
160711762  2436	507
160711795  2447	506
160711795  2457	507
160711795  2467	507
160711828  2478	507
160711828  2489	507
160711828  2499	507
160711861  2509	506
160711861  2520	507
160711861  2531	507
160711861  2541	507
160711894  2551	507
160711894  2562	508
160711894  2572	507
160711928  2583	507
160711928  2593	507
160711928  2604	507
160711961  2614	507
160711961  2625	507
160711961  2635	507
160711994  2646	507
160711994  2656	508
160711994  2667	508
160712027  2677	507
160712027  2688	508
160712027  2698	507
160712027  2709	508
160712060  2719	507
160712060  2729	508
160712060  2740	508
160712093  2750	508
160712093  2761	508
160712093  2771	507
160712126  2782	508
160712126  2792	508
160712126  2803	507
160712159  2813	508
160712159  2824	508
160712159  2834	508
160712192  2845	507
160712192  2855	508
160712192  2866	508
160712192  2876	508
160712225  2887	509
160712225  2897	509
160712225  2908	509
160712259  2918	509
160712259  2928	509
160712259  2939	508
160712292  2950	508
160712292  2960	508
160712292  2970	508
160712325  2981	508
160712325  2992	509
160712325  3002	509
160712358  3012	510
160712358  3023	508
160712358  3034	508
160712358  3044	508
160712391  3054	508
160712391  3064	508
160712391  3076	508
160712424  3086	508
160712424  3096	509
160712424  3106	509
160712457  3118	508
160712457  3128	509
160712457  3138	508
160712490  3148	508
160712490  3160	507
160712490  3170	508
160712523  3180	508
160712523  3190	508
160712523  3202	508
160712523  3212	508
160712556  3222	508
160712556  3232	508
160712556  3243	508
160712590  3254	508
160712590  3264	508
160712590  3274	509
160712623  3284	508
160712623  3296	509
160712623  3306	509
160712656  3316	509
160712656  3326	509
160712656  3338	509
160712689  3348	508
160712689  3358	509
160712689  3368	508
160712689  3380	509
160712722  3390	509
160712722  3400	509
160712722  3410	509
160712755  3421	509
160712755  3432	509
160712755  3442	509
160712788  3452	509
160712788  3463	508
160712788  3474	510
160712821  3484	509
160712821  3494	510
160712821  3505	509
160712854  3516	509
160712854  3526	509
160712854  3536	509
160712854  3547	509
160712888  3557	507
160712888  3568	509
160712888  3578	509
160712921  3589	509
160712921  3599	509
160712921  3610	510
160712987  3620	510
160712987  3631	510
160712987  3641	509
160712987  3652	509
160712987  3662	509
160712987  3673	510
160713053  3683	510
160713053  3694	509
160713053  3704	508
160713053  3715	508
160713086  3725	509
160713086  3735	508
160713086  3746	508
160713119  3757	508
160713119  3767	509
160713119  3777	509
160713152  3788	509
160713152  3799	509
160713152  3809	508
160713186  3819	508
160713186  3830	509
160713186  3841	510
160713219  3851	510
160713219  3861	510
160713219  3872	509
160713219  3883	509
160713252  3893	510
160713252  3903	510
160713252  3913	510
160713285  3924	510
160713285  3935	510
160713285  3945	510
160713318  3955	510
160713318  3966	511
160713318  3977	511
160713351  3987	511
160713351  3997	511
160713351  4008	510
160713384  4019	510
160713384  4029	510
160713384  4039	510
160713384  4050	510
160713417  4061	510
160713417  4071	509
160713417  4081	510
160713450  4091	510
160713450  4103	510
160713450  4113	510
160713484  4123	508
160713484  4133	509
160713484  4145	508
160713517  4155	508
160713517  4165	510
160713517  4175	510
160713550  4187	510
160713550  4197	510
160713550  4207	510
160713550  4217	510
160713583  4229	509
160713583  4239	511
160713583  4249	510
160713616  4259	510
160713616  4270	509
160713616  4281	509
160713649  4291	510
160713649  4301	509
160713649  4312	509
160713682  4323	509
160713682  4333	509
160713682  4343	509
160713715  4354	510
160713715  4365	509
160713715  4375	510
160713715  4385	509
160713748  4396	509
160713748  4406	509
160713748  4417	509
160713782  4427	509
160713782  4438	510
160713782  4448	508
160713815  4459	510
160713815  4469	509
160713815  4480	509
160713848  4490	509
160713848  4501	509
160713848  4511	510
160713883  4521	509
160713883  4532	510
160713883  4543	510
160713883  4553	510
160713915  4563	510
160713915  4574	510
160713915  4584	510
160713948  4595	510
160713948  4605	511
160713948  4616	510
160713981  4626	510
160713981  4637	510
160713981  4647	510
160714014  4658	510
160714014  4668	510
160714014  4679	509
160714047  4689	511
160714047  4700	511
160714047  4710	510
160714047  4721	510
160714080  4731	511
160714080  4742	510
160714080  4752	510
160714113  4762	510
160714113  4773	510
160714113  4784	509
160714146  4794	510
160714146  4804	511
160714146  4815	510
160714179  4826	510
160714179  4836	510
160714179  4846	510
160714212  4857	510
160714212  4868	510
160714212  4878	510
160714212  4888	510
160714246  4899	511
160714246  4910	510
160714246  4920	511
160714279  4930	511
160714279  4940	511
160714279  4952	510
160714312  4962	510
160714312  4972	510
160714312  4982	510
160714345  4994	510
160714345  5004	510
160714345  5014	510
160714378  5024	510
160714378  5036	509
160714378  5046	510
160714378  5056	510
160714411  5066	511
160714411  5078	510
160714411  5088	510
160714444  5098	510
160714444  5108	510
160714444  5118	510
160714477  5130	510
160714477  5140	509
160714477  5150	511
160714510  5160	511
160714510  5172	511
160714510  5182	510
160714577  5192	510
160714577  5202	510
160714577  5214	509
160714577  5224	510
160714610  5234	510
160714610  5244	510
160714610  5256	510
160714643  5266	510
160714643  5276	510
160714643  5286	511
160714676  5297	511
160714676  5308	510
160714676  5318	510
160714709  5328	510
160714709  5339	510
160714709  5350	511
160714742  5360	510
160714742  5370	510
160714742  5381	510
160714742  5392	510
160714775  5402	510
160714775  5412	511
160714775  5423	511
160714810  5433	510
160714810  5444	511
160714810  5454	510
160714843  5465	509
160714843  5475	510
160714843  5486	510
160714876  5496	510
160714876  5507	510
160714876  5517	511
160714909  5528	510
160714909  5538	510
160714909  5549	510
160714909  5559	510
160714942  5570	510
160714942  5580	511
160714942  5591	511
160714975  5601	510
160714975  5611	510
160714975  5622	511
160715008  5633	511
160715008  5643	511
160715008  5653	510
160715042  5664	511
160715042  5675	511
160715042  5685	511
160715075  5695	511
160715075  5706	511
160715075  5716	511
160715075  5727	510
160715109  5737	512
160715109  5748	511
160715109  5758	510
160715142  5769	512
160715142  5779	511
160715142  5789	510
160715175  5800	511
160715175  5811	511
160715175  5821	511
160715208  5831	510
160715208  5842	511
160715208  5853	511
160715242  5863	511
160715242  5873	511
160715242  5884	511
160715242  5895	512
160715275  5905	512
160715275  5915	511
160715275  5926	511
160715308  5937	511
160715308  5947	512
160715308  5957	512
160715341  5967	511
160715341  5979	512
160715341  5989	511
160715374  5999	511
160715374  6009	511
160715374  6021	512
160715407  6031	512
160715407  6041	512
160715407  6051	512
160715407  6063	512
160715440  6073	512
160715440  6083	511
160715440  6093	511
160715473  6105	511
160715473  6115	511
160715473  6125	512
160715506  6135	511
160715506  6146	511
160715506  6157	510
160715539  6167	511
160715539  6177	511
160715539  6188	511
160715573  6199	511
160715573  6209	511
160715573  6219	511
160715573  6230	510
160715606  6241	509
160715606  6251	511
160715606  6261	511
160715639  6272	511
160715639  6282	511
160715639  6293	511
160715672  6303	512
160715672  6313	512
160715672  6324	512
160715705  6335	511
160715705  6345	511
160715705  6355	511
160715738  6366	511
160715738  6377	511
160715738  6387	511
160715738  6397	511
160715771  6408	511
160715771  6419	512
160715771  6429	511
160715804  6439	511
160715804  6450	511
160715804  6461	511
160715837  6471	511
160715837  6481	511
160715837  6492	512
160715871  6502	512
160715871  6513	511
160715871  6523	511
160715904  6534	511
160715904  6544	510
160715904  6555	511
160715904  6565	511
160715937  6576	512
160715937  6586	512
160715937  6597	512
160715970  6607	511
160715970  6618	512
160715970  6628	511
160716003  6638	512
160716003  6649	512
160716003  6660	512
160716036  6670	511
160716036  6680	511
160716036  6691	511
160716069  6702	511
160716069  6712	510
160716069  6722	512
160716069  6733	512
160716102  6744	512
160716102  6754	511
160716102  6764	511
160716168  6775	510
160716168  6786	511
160716168  6796	511
160716202  6806	511
160716202  6816	511
160716202  6828	511
160716235  6838	511
160716235  6848	512
160716235  6858	511
160716268  6870	511
160716268  6880	511
160716268  6890	511
160716268  6900	511
160716301  6912	511
160716301  6922	511
160716301  6932	511
160716334  6942	511
160716334  6953	511
160716334  6964	512
160716367  6974	511
160716367  6984	511
160716367  6994	511
160716400  7006	511
160716400  7016	511
160716400  7026	511
160716433  7036	511
160716433  7048	511
160716433  7058	512
160716433  7068	511
160716466  7078	511
160716466  7090	511
160716466  7100	511
160716499  7110	512
160716499  7120	512
160716499  7132	511
160716533  7142	511
160716533  7152	512
160716533  7162	512
160716566  7173	511
160716566  7184	512
160716566  7194	511
160716599  7204	512
160716599  7215	512
160716599  7226	512
160716599  7236	512
160716632  7246	511
160716632  7257	511
160716632  7268	511
160716665  7278	511
160716665  7288	511
160716665  7299	511
160716698  7310	511
160716698  7320	511
160716698  7330	512
160716731  7341	510
160716731  7351	511
160716731  7362	511
160716764  7372	511
160716764  7383	512
160716764  7393	511
160716764  7404	511
160716797  7414	511
160716797  7425	511
160716797  7435	511
160716831  7446	510
160716831  7456	510
160716831  7467	510
160716864  7477	510
160716864  7487	511
160716864  7498	510
160716897  7508	511
160716897  7519	510
160716897  7529	511
160716930  7540	511
160716930  7550	510
160716930  7561	510
160716930  7571	510
160716963  7582	511
160716963  7592	512
160716963  7603	510
160716996  7613	512
160716996  7624	511
160716996  7634	511
160717029  7645	511
160717029  7655	511
160717029  7665	511
160717063  7676	511
160717063  7687	511
160717063  7697	511
160717095  7707	511
160717095  7718	511
160717095  7729	511
160717095  7739	511
160717129  7749	511
160717129  7760	511
160717129  7771	510
160717162  7781	511
160717162  7791	511
160717162  7802	511
160717195  7813	510
160717195  7823	511
160717195  7833	511
160717228  7843	511
160717228  7855	511
160717228  7865	510
160717261  7875	512
160717261  7885	512
160717261  7897	512
160717261  7907	511
160717294  7917	511
160717294  7927	511
160717294  7939	511
160717327  7949	511
160717327  7959	511
160717327  7969	511
160717360  7981	511
160717360  7991	511
160717360  8001	510
160717393  8011	510
160717393  8022	511
160717393  8033	511
160717426  8043	511
160717426  8053	511
160717426  8064	511
160717426  8075	510
160717460  8085	510
160717460  8095	510
160717460  8105	511
160717493  8117	511
160717493  8127	511
160717493  8137	511
160717526  8147	511
160717526  8159	511
160717526  8169	510
160717559  8179	511
160717559  8189	510
160717559  8200	511
160717592  8211	511
160717592  8221	511
160717592  8231	510
160717592  8242	511
160717625  8253	511
160717625  8263	511
160717625  8273	511
160717691  8284	511
160717691  8295	511
160717691  8305	512
160717724  8315	511
160717724  8326	511
160717724  8337	512
160717758  8347	512
160717758  8357	511
160717758  8368	511
160717791  8378	511
160717791  8389	510
160717791  8399	511
160717791  8410	510
160717824  8420	511
160717824  8431	510
160717824  8441	510
160717857  8452	511
160717857  8462	511
160717857  8473	511
160717890  8483	510
160717890  8494	510
160717890  8504	511
160717924  8514	511
160717924  8525	511
160717924  8536	510
160717956  8546	511
160717956  8556	510
160717956  8567	510
160717956  8578	511
160717989  8588	511
160717989  8598	511
160717989  8609	510
160718023  8620	510
160718023  8630	510
160718023  8640	511
160718056  8651	511
160718056  8662	511
160718056  8672	511
160718089  8682	511
160718089  8692	511
160718089  8704	510
160718122  8714	511
160718122  8724	511
160718122  8734	511
160718122  8745	511
160718155  8756	511
160718155  8766	511
160718155  8776	511
160718188  8787	511
160718188  8798	511
160718188  8808	510
160718221  8818	510
160718221  8829	511
160718221  8840	511
160718254  8850	511
160718254  8860	511
160718254  8870	511
160718287  8882	511
160718287  8892	511
160718287  8902	511
160718287  8912	511
160718320  8924	511
160718320  8934	511
160718320  8944	511
160718354  8954	511
160718354  8966	511
160718354  8976	511
160718387  8986	512
160718387  8996	512
160718387  9008	511
160718420  9018	512
160718420  9028	511
160718420  9038	511
160718453  9049	511
160718453  9060	512
160718453  9070	511
160718453  9080	511
160718486  9091	511
160718486  9102	511
160718486  9112	511
160718519  9122	511
160718519  9133	511
160718519  9144	512
160718552  9154	511
160718552  9164	512
160718552  9175	512
160718585  9186	513
160718585  9196	512
160718585  9206	512
160718618  9217	512
160718618  9227	512
160718618  9238	512
160718618  9248	512
160718651  9259	513
160718651  9269	513
160718651  9280	512
160718685  9290	511
160718685  9300	511
160718685  9311	512
160718718  9322	512
160718718  9332	513
160718718  9342	513
160718751  9353	513
160718751  9363	513
160718751  9374	511
160718784  9384	512
160718784  9395	512
160718784  9405	512
160718784  9416	512
160718817  9426	512
160718817  9437	512
160718817  9447	512
160718850  9458	512
160718850  9468	513
160718850  9479	512
160718883  9489	512
160718883  9500	512
160718883  9510	512
160718916  9521	513
160718916  9531	512
160718916  9541	511
160718949  9552	512
160718949  9563	512
160718949  9573	511
160718949  9583	511
160718982  9594	511
160718982  9605	511
160718982  9615	511
160719016  9625	511
160719016  9636	511
160719016  9647	511
160719049  9657	511
160719049  9667	511
160719049  9678	511
160719082  9689	511
160719082  9699	511
160719082  9709	511
160719115  9719	511
160719115  9731	512
160719115  9741	513
160719115  9751	513
160719181  9761	512
160719181  9773	512
160719181  9783	511
160719214  9793	511
160719214  9803	511
160719214  9815	511
160719247  9825	512
160719247  9835	512
160719247  9845	512
160719280  9857	512
160719280  9867	511
160719280  9877	512
160719313  9887	512
160719313  9897	512
160719313  9909	512
160719313  9919	512
160719347  9929	513
160719347  9939	513
160719347  9951	512
160719380  9961	512
160719380  9971	512
160719380  9981	512
160719413  9993	511
160719413  10003	512
160719413  10013	512
160719446  10023	512
160719446  10035	512
160719446  10045	511
160719479  10055	512
160719479  10065	511
160719479  10077	511
160719512  10087	510
160719512  10097	511
160719512  10108	511
160719545  10119	510
160719545  10129	510
160719545  10139	511
160719578  10150	511
160719578  10161	510
160719578  10171	512
160719611  10182	512
160719611  10192	511
160719611  10203	512
160719644  10213	512
160719644  10224	512
160719678  10234	512
160719678  10245	512
160719678  10256	512
160719711  10266	511
160719711  10276	511
160719711  10287	510
160719744  10298	511
160719744  10308	511
160719744  10318	512
160719777  10330	511
160719777  10340	511
160719777  10350	511
160719810  10360	511
160719810  10372	511
160719810  10382	511
160719843  10392	510
160719843  10402	512
160719843  10414	511
160719876  10424	512

