154138818  10	481
154138818  20	481
154138818  30	482
154138851  40	481
154138851  51	482
154138851  61	482
154138884  72	482
154138884  82	481
154138884  93	482
154138917  103	482
154138917  113	481
154138917  123	481
154138950  135	481
154138950  145	481
154138950  155	482
154138983  165	483
154138983  176	481
154138983  187	482
154139017  197	482
154139017  207	483
154139017  218	482
154139017  228	482
154139049  238	482
154139049  249	482
154139049  260	482
154139083  270	482
154139083  280	481
154139083  290	481
154139116  302	482
154139116  312	481
154139116  322	482
154139149  332	482
154139149  343	481
154139149  354	482
154139182  364	482
154139182  374	482
154139182  385	482
154139215  395	482
154139215  406	482
154139215  416	481
154139215  427	482
154139249  437	482
154139249  447	481
154139249  457	481
154139281  468	482
154139281  479	480
154139281  489	482
154139314  499	482
154139314  509	483
154139314  521	481
154139348  531	481
154139348  541	481
154139348  551	481
154139381  562	481
154139381  573	482
154139381  583	483
154139414  593	483
154139414  604	482
154139414  614	482
154139447  624	482
154139447  635	482
154139447  646	481
154139480  656	482
154139480  666	483
154139480  676	482
154139480  688	482
154139513  698	482
154139513  708	482
154139513  718	482
154139546  729	482
154139546  740	482
154139546  750	482
154139579  760	482
154139579  771	482
154139579  781	482
154139613  792	482
154139613  802	482
154139613  813	482
154139646  823	482
154139646  833	483
154139646  843	481
154139679  855	482
154139679  865	482
154139679  875	482
154139679  885	483
154139712  896	482
154139712  907	482
154139712  917	481
154139745  927	481
154139745  937	480
154139745  948	481
154139778  959	481
154139778  969	481
154139778  979	481
154139811  990	481
154139845  1000	480
154139845  1011	481
154139845  1021	482
154139845  1032	482
154139878  1042	482
154139878  1052	483
154139878  1063	481
154139911  1074	483
154139911  1084	483
154139911  1094	482
154139944  1105	482
154139944  1116	481
154139944  1126	482
154139977  1136	482
154139977  1147	481
154139977  1158	482
154140010  1168	482
154140010  1178	482
154140010  1188	483
154140010  1200	483
154140043  1210	483
154140043  1220	482
154140043  1230	481
154140076  1242	482
154140076  1252	481
154140076  1262	483
154140110  1272	483
154140110  1284	482
154140110  1294	483
154140143  1304	482
154140143  1314	483
154140143  1326	483
154140176  1336	482
154140176  1346	483
154140176  1356	483
154140176  1367	482
154140209  1378	482
154140209  1388	483
154140209  1398	483
154140242  1409	483
154140242  1420	482
154140242  1430	482
154140275  1440	482
154140275  1451	482
154140275  1462	481
154140309  1472	483
154140309  1482	482
154140309  1492	482
154140342  1503	482
154140342  1514	482
154140342  1524	482
154140342  1534	482
154140375  1545	481
154140375  1556	483
154140375  1566	482
154140408  1576	483
154140408  1587	483
154140408  1598	483
154140441  1608	483
154140441  1618	484
154140441  1629	484
154140474  1639	484
154140474  1650	483
154140474  1660	484
154140507  1671	484
154140507  1681	485
154140507  1692	485
154140507  1702	483
154140540  1713	484
154140540  1723	483
154140540  1734	482
154140574  1744	483
154140574  1755	484
154140574  1765	484
154140607  1775	484
154140607  1786	483
154140607  1797	483
154140640  1807	483
154140640  1817	483
154140640  1828	483
154140673  1839	484
154140673  1849	483
154140673  1859	483
154140673  1870	483
154140706  1881	483
154140706  1891	483
154140706  1901	483
154140739  1911	484
154140739  1923	483
154140739  1933	483
154140772  1943	483
154140772  1953	483
154140772  1965	483
154140805  1975	484
154140805  1985	483
154140805  1995	483
154140840  2007	484
154140840  2017	483
154140840  2027	483
154140840  2037	483
154140872  2048	484
154140872  2059	484
154140872  2069	483
154140905  2079	483
154140905  2089	484
154140905  2101	484
154140938  2111	483
154140938  2121	484
154140938  2131	484
154140971  2143	484
154140971  2153	483
154140971  2163	484
154141004  2173	485
154141004  2185	484
154141004  2195	484
154141004  2205	484
154141037  2215	484
154141037  2226	483
154141037  2237	484
154141070  2247	484
154141070  2257	483
154141070  2268	484
154141103  2279	484
154141103  2289	484
154141103  2299	485
154141170  2310	484
154141170  2321	484
154141170  2331	483
154141203  2341	484
154141203  2352	484
154141203  2362	484
154141203  2373	483
154141236  2383	483
154141236  2394	484
154141236  2404	483
154141269  2415	483
154141269  2425	483
154141269  2436	484
154141302  2446	483
154141302  2457	485
154141302  2467	484
154141335  2478	484
154141335  2488	485
154141335  2499	483
154141368  2509	484
154141368  2520	483
154141368  2530	484
154141368  2540	483
154141401  2551	484
154141401  2562	484
154141401  2572	483
154141435  2582	484
154141435  2593	484
154141435  2604	483
154141468  2614	483
154141468  2624	483
154141468  2635	483
154141501  2646	484
154141501  2656	483
154141501  2666	484
154141534  2676	483
154141534  2688	484
154141534  2698	483
154141534  2708	482
154141567  2718	484
154141567  2729	483
154141567  2740	483
154141600  2750	483
154141600  2760	484
154141600  2771	484
154141633  2782	484
154141633  2792	483
154141633  2802	483
154141666  2812	483
154141666  2824	483
154141666  2834	483
154141699  2844	484
154141699  2854	483
154141699  2866	484
154141699  2876	484
154141733  2886	484
154141733  2896	484
154141733  2908	484
154141766  2918	483
154141766  2928	485
154141766  2938	484
154141799  2950	484
154141799  2960	485
154141799  2970	484
154141832  2980	484
154141832  2991	484
154141832  3002	484
154141865  3012	483
154141865  3022	485
154141865  3033	485
154141865  3044	484
154141898  3054	484
154141898  3064	485
154141898  3075	485
154141931  3086	483
154141931  3096	485
154141931  3106	483
154141965  3117	484
154141965  3128	485
154141965  3138	485
154141998  3148	485
154141998  3159	485
154141998  3169	485
154142031  3180	485
154142031  3190	484
154142031  3201	485
154142031  3211	485
154142064  3222	484
154142064  3232	484
154142064  3243	484
154142097  3253	485
154142097  3264	485
154142097  3274	484
154142130  3284	485
154142130  3295	484
154142130  3305	485
154142163  3316	484
154142163  3326	485
154142163  3337	486
154142196  3347	485
154142196  3358	485
154142196  3368	485
154142196  3379	485
154142229  3389	485
154142229  3400	485
154142229  3410	484
154142263  3421	485
154142263  3431	485
154142263  3441	484
154142296  3452	485
154142296  3463	484
154142296  3473	485
154142329  3483	485
154142329  3494	485
154142329  3505	485
154142362  3515	486
154142362  3525	485
154142362  3536	486
154142362  3547	486
154142395  3557	485
154142395  3567	486
154142395  3578	486
154142428  3589	486
154142428  3599	485
154142428  3609	486
154142461  3619	486
154142461  3631	485
154142461  3641	485
154142494  3651	485
154142494  3661	484
154142494  3673	486
154142527  3683	485
154142527  3693	485
154142527  3703	486
154142527  3715	485
154142561  3725	485
154142561  3735	486
154142561  3745	485
154142594  3757	485
154142594  3767	485
154142594  3777	485
154142627  3787	485
154142627  3798	485
154142627  3809	485
154142660  3819	485
154142660  3829	485
154142660  3840	485
154142726  3851	485
154142726  3861	485
154142726  3871	485
154142726  3881	485
154142759  3893	486
154142759  3903	485
154142759  3913	485
154142792  3923	484
154142792  3934	485
154142792  3945	484
154142826  3955	484
154142826  3965	484
154142826  3976	485
154142859  3987	484
154142859  3997	486
154142859  4007	486
154142892  4018	486
154142892  4029	484
154142892  4039	486
154142892  4049	487
154142925  4060	486
154142925  4071	487
154142925  4081	487
154142958  4091	486
154142958  4102	486
154142958  4112	486
154142991  4123	486
154142991  4133	487
154142991  4144	486
154143024  4154	487
154143024  4165	486
154143024  4175	487
154143057  4186	486
154143057  4196	486
154143057  4207	487
154143057  4217	486
154143091  4228	486
154143091  4238	486
154143091  4248	486
154143124  4259	487
154143124  4270	486
154143124  4280	486
154143157  4290	487
154143157  4301	486
154143157  4312	487
154143190  4322	487
154143190  4332	486
154143190  4343	487
154143223  4354	487
154143223  4364	486
154143223  4374	486
154143223  4385	487
154143256  4396	486
154143256  4406	487
154143256  4416	487
154143289  4426	486
154143289  4438	487
154143289  4448	487
154143323  4458	486
154143323  4468	487
154143323  4480	486
154143356  4490	487
154143356  4500	487
154143356  4510	487
154143389  4521	486
154143389  4532	487
154143389  4542	487
154143389  4552	486
154143422  4563	487
154143422  4574	487
154143422  4584	488
154143455  4594	487
154143455  4604	487
154143455  4616	488
154143488  4626	487
154143488  4636	487
154143488  4646	488
154143521  4658	488
154143521  4668	488
154143521  4678	488
154143554  4688	487
154143554  4700	487
154143554  4710	487
154143554  4720	488
154143587  4730	487
154143587  4742	487
154143587  4752	487
154143621  4762	488
154143621  4772	487
154143621  4783	486
154143654  4794	488
154143654  4804	487
154143654  4814	488
154143687  4825	487
154143687  4836	487
154143687  4846	487
154143720  4856	487
154143720  4867	487
154143720  4878	487
154143720  4888	487
154143753  4898	488
154143753  4909	487
154143753  4919	487
154143786  4930	488
154143786  4940	487
154143786  4951	488
154143819  4961	487
154143819  4972	487
154143819  4982	488
154143852  4993	487
154143852  5003	487
154143852  5014	487
154143886  5024	487
154143886  5035	487
154143886  5045	486
154143886  5056	487
154143919  5066	486
154143919  5076	487
154143919  5087	487
154143952  5097	486
154143952  5108	487
154143952  5118	486
154143985  5129	487
154143985  5139	487
154143985  5150	488
154144018  5160	487
154144018  5171	488
154144018  5181	487
154144051  5192	488
154144051  5202	487
154144051  5213	487
154144051  5223	487
154144084  5233	486
154144084  5244	487
154144084  5255	487
154144118  5265	487
154144118  5275	487
154144118  5286	487
154144151  5297	488
154144151  5307	488
154144151  5317	488
154144185  5328	488
154144185  5339	488
154144185  5349	488
154144218  5359	487
154144218  5370	488
154144218  5381	487
154144218  5391	487
154144284  5401	487
154144284  5411	487
154144284  5423	486
154144317  5433	487
154144317  5443	487
154144317  5453	488
154144350  5465	486
154144350  5475	487
154144350  5485	487
154144383  5495	487
154144383  5507	487
154144383  5517	487
154144416  5527	487
154144416  5537	488
154144416  5549	487
154144416  5559	487
154144449  5569	488
154144449  5579	487
154144449  5590	487
154144482  5601	487
154144482  5611	488
154144482  5621	487
154144516  5632	487
154144516  5643	487
154144516  5653	487
154144549  5663	487
154144549  5673	487
154144549  5685	487
154144582  5695	487
154144582  5705	488
154144582  5715	488
154144582  5727	487
154144615  5737	487
154144615  5747	488
154144615  5757	488
154144648  5768	487
154144648  5779	488
154144648  5789	488
154144681  5799	487
154144681  5810	487
154144681  5821	488
154144714  5831	488
154144714  5841	487
154144714  5852	488
154144747  5863	488
154144747  5873	487
154144747  5883	488
154144747  5894	488
154144780  5904	487
154144780  5915	487
154144780  5925	488
154144813  5936	488
154144813  5946	487
154144813  5957	487
154144847  5967	487
154144847  5978	488
154144847  5988	488
154144880  5999	487
154144880  6009	487
154144880  6020	487
154144913  6030	487
154144913  6041	488
154144913  6051	487
154144913  6062	487
154144946  6072	487
154144946  6082	487
154144946  6093	487
154144979  6104	487
154144979  6114	487
154144979  6124	487
154145012  6135	487
154145012  6146	488
154145012  6156	486
154145045  6166	487
154145045  6177	487
154145045  6188	487
154145079  6198	487
154145079  6208	487
154145079  6219	488
154145079  6230	486
154145112  6240	487
154145112  6250	487
154145112  6260	487
154145145  6272	487
154145145  6282	487
154145145  6292	487
154145178  6302	487
154145178  6313	488
154145178  6324	487
154145211  6334	486
154145211  6344	487
154145211  6355	486
154145244  6366	487
154145244  6376	487
154145244  6386	487
154145244  6397	486
154145277  6408	487
154145277  6418	486
154145277  6428	487
154145310  6438	486
154145310  6450	486
154145310  6460	486
154145343  6470	487
154145343  6480	485
154145343  6492	486
154145377  6502	486
154145377  6512	487
154145377  6522	486
154145411  6534	487
154145411  6544	487
154145411  6554	486
154145411  6564	486
154145444  6575	487
154145444  6586	486
154145444  6596	486
154145477  6606	487
154145477  6617	486
154145477  6628	486
154145510  6638	487
154145510  6648	487
154145510  6659	487
154145543  6670	487
154145543  6680	486
154145543  6690	486
154145576  6701	487
154145576  6711	486
154145576  6722	485
154145576  6732	485
154145609  6743	485
154145609  6753	485
154145609  6764	486
154145642  6774	485
154145642  6785	486
154145642  6795	486
154145676  6806	485
154145676  6816	487
154145676  6827	485
154145709  6837	486
154145709  6848	486
154145709  6858	485
154145742  6868	485
154145742  6879	485
154145742  6889	486
154145742  6900	485
154145775  6910	485
154145775  6921	485
154145775  6931	485
154145808  6942	484
154145808  6952	485
154145808  6963	484
154145841  6973	485
154145841  6984	485
154145841  6994	485
154145907  7005	484
154145907  7015	485
154145907  7026	484
154145940  7036	485
154145940  7047	485
154145940  7057	485
154145940  7067	485
154145974  7078	485
154145974  7089	485
154145974  7099	485
154146007  7109	485
154146007  7120	485
154146007  7131	486
154146040  7141	484
154146040  7151	485
154146040  7162	485
154146073  7173	484
154146073  7183	485
154146073  7193	485
154146106  7204	484
154146106  7215	485
154146106  7225	484
154146106  7235	484
154146139  7245	484
154146139  7257	485
154146139  7267	485
154146173  7277	484
154146173  7287	485
154146173  7299	485
154146206  7309	484
154146206  7319	485
154146206  7329	485
154146239  7341	484
154146239  7351	486
154146239  7361	485
154146272  7371	485
154146272  7382	485
154146272  7393	485
154146272  7403	484
154146305  7413	485
154146305  7424	485
154146305  7435	484
154146338  7445	485
154146338  7455	485
154146338  7465	485
154146371  7477	485
154146371  7487	485
154146371  7497	485
154146404  7507	484
154146404  7519	485
154146404  7529	485
154146438  7539	485
154146438  7549	484
154146438  7560	485
154146438  7571	486
154146471  7581	485
154146471  7591	486
154146471  7602	486
154146504  7613	485
154146504  7623	486
154146504  7633	486
154146537  7644	486
154146537  7655	486
154146537  7665	485
154146571  7675	486
154146571  7686	486
154146571  7697	485
154146603  7707	486
154146603  7717	486
154146603  7728	486
154146603  7738	486
154146636  7749	487
154146636  7759	486
154146636  7770	486
154146669  7780	486
154146669  7791	487
154146669  7801	487
154146703  7812	487
154146703  7822	488
154146703  7833	487
154146736  7843	487
154146736  7854	487
154146736  7864	487
154146769  7875	486
154146769  7885	487
154146769  7896	486
154146769  7906	487
154146802  7916	486
154146802  7927	486
154146802  7938	487
154146835  7948	487
154146835  7958	486
154146835  7969	487
154146868  7980	487
154146868  7990	487
154146868  8000	487
154146901  8011	487
154146901  8022	487
154146901  8032	487
154146934  8042	487
154146934  8052	487
154146934  8064	486
154146934  8074	487
154146967  8084	487
154146967  8094	487
154146967  8105	487
154147001  8116	487
154147001  8126	486
154147001  8136	486
154147034  8147	487
154147034  8158	486
154147034  8168	487
154147068  8178	486
154147068  8189	486
154147068  8200	487
154147101  8210	487
154147101  8220	487
154147101  8230	487
154147101  8242	486
154147134  8252	487
154147134  8262	487
154147134  8272	487
154147167  8284	487
154147167  8294	487
154147167  8304	487
154147200  8314	486
154147200  8326	487
154147200  8336	486
154147234  8346	487
154147234  8356	487
154147234  8367	487
154147267  8378	487
154147267  8388	486
154147267  8398	487
154147267  8409	487
154147300  8420	486
154147300  8430	487
154147300  8440	487
154147333  8451	487
154147333  8462	486
154147333  8472	486
154147366  8482	487
154147366  8493	487
154147366  8504	486
154147399  8514	486
154147399  8524	487
154147399  8535	486
154147466  8545	487
154147466  8556	487
154147466  8566	486
154147466  8577	486
154147499  8587	487
154147499  8598	486
154147499  8608	487
154147532  8619	486
154147532  8629	486
154147532  8640	487
154147565  8650	485
154147565  8660	486
154147565  8671	486
154147598  8682	486
154147598  8692	487
154147598  8702	487
154147631  8713	486
154147631  8723	487
154147631  8734	487
154147631  8744	487
154147664  8755	487
154147664  8765	487
154147664  8776	486
154147697  8786	486
154147697  8797	487
154147697  8807	486
154147731  8818	487
154147731  8828	486
154147731  8839	487
154147764  8849	486
154147764  8860	486
154147764  8870	487
154147797  8881	486
154147797  8891	487
154147797  8901	487
154147797  8912	486
154147830  8923	486
154147830  8933	487
154147830  8943	487
154147863  8954	486
154147863  8965	487
154147863  8975	486
154147896  8985	486
154147896  8996	487
154147896  9007	486
154147929  9017	487
154147929  9027	486
154147929  9037	488
154147962  9049	487
154147962  9059	487
154147962  9069	486
154147962  9079	487
154147995  9091	487
154147995  9101	486
154147995  9111	487
154148028  9121	487
154148028  9133	487
154148028  9143	486
154148062  9153	487
154148062  9163	487
154148062  9175	486
154148095  9185	487
154148095  9195	487
154148095  9205	487
154148128  9216	486
154148128  9227	486
154148128  9237	487
154148128  9247	487
154148161  9257	487
154148161  9269	488
154148161  9279	487
154148194  9289	487
154148194  9299	487
154148194  9311	486
154148227  9321	486
154148227  9331	488
154148227  9341	488
154148260  9353	487
154148260  9363	488
154148260  9373	488
154148293  9383	487
154148293  9394	486
154148293  9405	486
154148293  9415	487
154148326  9425	487
154148326  9436	487
154148326  9447	487
154148359  9457	487
154148359  9467	488
154148359  9478	487
154148393  9489	487
154148393  9499	487
154148393  9509	487
154148426  9520	487
154148426  9531	487
154148426  9541	487
154148459  9551	488
154148459  9562	487
154148459  9572	487
154148459  9583	487
154148492  9593	487
154148492  9604	487
154148492  9614	487
154148525  9625	487
154148525  9635	487
154148525  9646	487
154148558  9656	486
154148558  9667	485
154148558  9677	486
154148591  9688	487
154148591  9698	486
154148591  9709	486
154148624  9719	486
154148624  9730	486
154148624  9740	486
154148624  9750	486
154148657  9761	487
154148657  9772	487
154148657  9782	487
154148690  9792	487
154148690  9803	487
154148690  9814	487
154148724  9824	487
154148724  9834	487
154148724  9845	487
154148757  9856	487
154148757  9866	487
154148757  9876	487
154148790  9887	487
154148790  9897	487
154148790  9908	486
154148790  9918	487
154148823  9928	487
154148823  9939	486
154148823  9950	486
154148856  9960	487
154148856  9970	486
154148856  9981	487
154148889  9992	487
154148889  10002	486
154148889  10012	486
154148922  10023	487
154148922  10034	487
154148922  10044	487
154148955  10054	486
154148955  10065	487
154148955  10076	487
154148988  10086	487
154148988  10097	487
154148988  10107	487
154149055  10118	487
154149055  10128	487
154149055  10139	488
154149088  10149	486
154149088  10160	486
154149088  10171	487
154149121  10181	486
154149121  10191	486
154149121  10202	487
154149154  10213	486
154149154  10223	486
154149187  10233	486
154149187  10245	486
154149187  10255	486
154149220  10265	486
154149220  10275	486
154149220  10287	486
154149253  10297	487
154149253  10307	486
154149253  10317	487
154149286  10329	486
154149286  10339	486
154149286  10349	486
154149320  10360	485
154149320  10371	486
154149320  10381	486
154149353  10391	486
154149353  10402	486
154149353  10413	486
154149353  10423	486

