154005223  10	470
154005223  20	470
154005223  30	470
154005257  40	469
154005257  51	470
154005257  61	469
154005290  72	469
154005290  82	469
154005290  93	470
154005323  103	470
154005323  113	470
154005323  123	469
154005323  135	470
154005356  145	470
154005356  155	470
154005356  165	469
154005389  176	469
154005389  187	470
154005389  197	470
154005422  207	470
154005422  218	470
154005422  228	470
154005455  238	469
154005455  249	469
154005455  260	470
154005489  270	470
154005489  280	470
154005489  290	471
154005522  302	470
154005522  312	470
154005522  322	469
154005522  332	470
154005555  343	470
154005555  354	470
154005555  364	471
154005588  374	470
154005588  385	471
154005588  395	470
154005621  406	470
154005621  416	470
154005621  427	471
154005654  437	470
154005654  447	470
154005654  457	470
154005687  468	470
154005687  479	470
154005687  489	470
154005721  499	470
154005721  509	470
154005721  521	470
154005754  531	470
154005754  541	470
154005754  551	468
154005754  562	469
154005787  573	470
154005787  583	469
154005787  593	470
154005820  604	470
154005820  614	470
154005820  624	470
154005853  635	469
154005853  646	470
154005853  656	470
154005886  666	470
154005886  676	469
154005886  688	469
154005919  698	469
154005919  708	468
154005919  718	469
154005952  729	469
154005952  740	469
154005952  750	469
154005985  760	469
154005985  771	469
154005985  781	468
154005985  792	469
154006019  802	469
154006019  813	468
154006019  823	470
154006052  833	469
154006052  843	470
154006052  855	470
154006085  865	470
154006085  875	469
154006085  885	470
154006118  896	470
154006118  907	470
154006118  917	470
154006151  927	470
154006151  937	468
154006151  948	469
154006185  959	470
154006185  969	470
154006185  979	470
154006185  990	469
154006217  1000	468
154006217  1011	470
154006217  1021	469
154006217  1032	469
154006284  1042	469
154006284  1053	470
154006284  1063	469
154006317  1074	470
154006317  1084	469
154006317  1094	469
154006350  1105	469
154006350  1116	469
154006350  1126	468
154006383  1136	469
154006383  1147	469
154006383  1158	470
154006416  1168	470
154006416  1178	469
154006416  1189	470
154006416  1200	470
154006449  1210	470
154006449  1220	470
154006449  1231	470
154006482  1242	470
154006482  1252	470
154006482  1262	469
154006516  1272	470
154006516  1284	470
154006516  1294	469
154006549  1304	470
154006549  1314	469
154006549  1326	470
154006582  1336	470
154006582  1346	470
154006582  1356	470
154006582  1368	468
154006615  1378	469
154006615  1388	469
154006615  1398	470
154006648  1409	471
154006648  1420	472
154006648  1430	473
154006681  1440	472
154006681  1451	471
154006681  1462	471
154006714  1472	469
154006714  1482	470
154006714  1492	469
154006747  1504	468
154006747  1514	469
154006747  1524	466
154006747  1534	466
154006781  1546	466
154006781  1556	468
154006781  1566	468
154006814  1576	470
154006814  1587	470
154006814  1598	470
154006847  1608	473
154006847  1618	473
154006847  1629	472
154006880  1640	472
154006880  1650	472
154006880  1660	469
154006913  1671	469
154006913  1682	470
154006913  1692	470
154006913  1702	470
154006946  1713	470
154006946  1723	469
154006946  1734	469
154006979  1744	468
154006979  1755	469
154006979  1765	467
154007012  1776	468
154007012  1786	468
154007012  1797	468
154007046  1807	469
154007046  1818	470
154007046  1828	471
154007079  1839	471
154007079  1849	471
154007079  1860	469
154007079  1870	469
154007112  1881	471
154007112  1891	471
154007112  1901	471
154007145  1912	469
154007145  1923	469
154007145  1933	468
154007178  1943	468
154007178  1954	468
154007178  1965	468
154007211  1975	469
154007211  1985	469
154007211  1996	469
154007245  2007	471
154007245  2017	472
154007245  2027	469
154007245  2038	469
154007278  2049	470
154007278  2059	469
154007278  2069	470
154007311  2079	472
154007311  2091	472
154007311  2101	472
154007344  2111	471
154007344  2121	469
154007344  2132	469
154007377  2143	468
154007377  2153	469
154007377  2163	470
154007410  2174	469
154007410  2185	469
154007410  2195	470
154007410  2205	470
154007443  2216	469
154007443  2227	470
154007443  2237	469
154007477  2247	470
154007477  2257	470
154007477  2269	470
154007510  2279	472
154007510  2289	472
154007510  2299	471
154007543  2311	469
154007543  2321	469
154007543  2331	469
154007576  2341	469
154007576  2353	468
154007576  2363	469
154007576  2373	470
154007609  2383	470
154007609  2394	469
154007609  2405	470
154007643  2415	470
154007643  2425	470
154007643  2436	470
154007675  2447	470
154007675  2457	469
154007675  2467	470
154007708  2478	471
154007708  2489	471
154007708  2499	470
154007742  2509	470
154007742  2520	468
154007742  2531	469
154007742  2541	469
154007808  2551	468
154007808  2562	469
154007808  2572	469
154007841  2583	470
154007841  2593	469
154007841  2604	469
154007874  2614	469
154007874  2625	469
154007874  2635	470
154007907  2646	469
154007907  2656	468
154007907  2667	469
154007940  2677	470
154007940  2688	470
154007940  2698	469
154007940  2709	470
154007974  2719	469
154007974  2729	469
154007974  2740	469
154008007  2750	469
154008007  2761	469
154008007  2771	470
154008040  2782	469
154008040  2792	469
154008040  2803	469
154008073  2813	469
154008073  2824	469
154008073  2834	470
154008107  2845	469
154008107  2855	469
154008107  2866	469
154008107  2876	469
154008140  2887	471
154008140  2897	469
154008140  2908	469
154008173  2918	470
154008173  2928	469
154008173  2939	469
154008207  2950	469
154008207  2960	469
154008207  2970	468
154008240  2981	468
154008240  2992	470
154008240  3002	469
154008273  3012	469
154008273  3023	470
154008273  3034	469
154008273  3044	469
154008306  3054	469
154008306  3065	469
154008306  3076	469
154008339  3086	469
154008339  3096	469
154008339  3106	469
154008372  3118	469
154008372  3128	470
154008372  3138	469
154008405  3148	469
154008405  3160	469
154008405  3170	469
154008438  3180	468
154008438  3190	468
154008438  3202	469
154008438  3212	469
154008471  3222	469
154008471  3232	470
154008471  3243	470
154008504  3254	469
154008504  3264	470
154008504  3274	469
154008538  3284	469
154008538  3296	469
154008538  3306	468
154008571  3316	470
154008571  3326	469
154008571  3338	470
154008604  3348	469
154008604  3358	469
154008604  3368	470
154008604  3380	470
154008637  3390	470
154008637  3400	470
154008637  3410	469
154008670  3421	469
154008670  3432	470
154008670  3442	470
154008703  3452	470
154008703  3463	471
154008703  3474	470
154008736  3484	470
154008736  3494	470
154008736  3505	470
154008769  3516	470
154008769  3526	471
154008769  3536	470
154008769  3547	470
154008806  3558	470
154008806  3568	469
154008806  3578	470
154008839  3589	469
154008839  3599	470
154008839  3610	469
154008872  3620	470
154008872  3631	470
154008872  3641	470
154008905  3652	471
154008905  3662	470
154008905  3673	470
154008938  3683	471
154008938  3694	469
154008938  3704	469
154008938  3715	469
154008972  3725	470
154008972  3735	470
154008972  3746	469
154009005  3757	469
154009005  3767	470
154009005  3777	471
154009038  3788	470
154009038  3799	471
154009038  3809	470
154009071  3819	470
154009071  3830	470
154009071  3841	469
154009104  3851	469
154009104  3861	470
154009104  3872	470
154009104  3883	470
154009140  3893	470
154009140  3903	470
154009140  3913	470
154009172  3924	469
154009172  3935	469
154009172  3945	469
154009205  3955	468
154009205  3966	469
154009205  3977	469
154009238  3987	469
154009238  3997	469
154009238  4008	469
154009272  4019	470
154009272  4029	469
154009272  4039	470
154009272  4050	469
154009305  4061	469
154009305  4071	469
154009305  4081	469
154009338  4091	469
154009338  4103	470
154009338  4113	470
154009374  4123	469
154009374  4133	470
154009374  4145	471
154009407  4155	470
154009407  4165	470
154009407  4175	469
154009440  4187	470
154009440  4197	470
154009440  4207	469
154009440  4217	470
154009473  4229	470
154009473  4239	471
154009473  4249	470
154009507  4259	469
154009507  4270	470
154009507  4281	470
154009540  4291	468
154009540  4301	469
154009540  4312	470
154009573  4323	470
154009573  4333	471
154009573  4343	470
154009606  4354	470
154009606  4365	469
154009606  4375	470
154009606  4385	470
154009639  4396	468
154009639  4407	468
154009639  4417	469
154009672  4427	470
154009672  4438	470
154009672  4448	469
154009705  4459	470
154009705  4469	470
154009705  4480	470
154009738  4490	470
154009738  4501	469
154009738  4511	470
154009804  4521	470
154009804  4532	470
154009804  4543	469
154009804  4553	471
154009838  4563	470
154009838  4574	472
154009838  4585	472
154009871  4595	470
154009871  4605	470
154009871  4616	470
154009904  4626	470
154009904  4637	471
154009904  4647	471
154009937  4658	470
154009937  4668	470
154009937  4679	470
154009970  4689	471
154009970  4700	471
154009970  4710	470
154009970  4721	469
154010003  4731	470
154010003  4742	470
154010003  4752	470
154010036  4762	470
154010036  4773	470
154010036  4784	469
154010069  4794	470
154010069  4804	470
154010069  4815	471
154010102  4826	470
154010102  4836	469
154010102  4846	469
154010135  4857	470
154010135  4868	470
154010135  4878	470
154010135  4888	470
154010169  4899	471
154010169  4910	471
154010169  4920	470
154010202  4930	470
154010202  4940	471
154010202  4952	471
154010235  4962	470
154010235  4972	470
154010235  4982	471
154010268  4994	471
154010268  5004	471
154010268  5014	471
154010301  5024	470
154010301  5036	471
154010301  5046	470
154010301  5056	470
154010334  5066	470
154010334  5078	471
154010334  5088	470
154010367  5098	470
154010367  5108	470
154010367  5118	470
154010400  5130	471
154010400  5140	470
154010400  5150	470
154010433  5160	470
154010433  5172	470
154010433  5182	470
154010467  5192	469
154010467  5202	469
154010467  5214	469
154010467  5224	470
154010500  5234	469
154010500  5244	469
154010500  5256	470
154010533  5266	469
154010533  5276	470
154010533  5286	469
154010566  5297	470
154010566  5308	469
154010566  5318	469
154010599  5328	468
154010599  5339	469
154010599  5350	469
154010632  5360	470
154010632  5370	469
154010632  5381	470
154010632  5392	470
154010665  5402	470
154010665  5412	470
154010665  5423	470
154010698  5434	469
154010698  5444	470
154010698  5454	469
154010731  5465	469
154010731  5475	469
154010731  5486	469
154010764  5496	469
154010764  5507	470
154010764  5517	470
154010798  5528	469
154010798  5538	470
154010798  5549	469
154010798  5559	469
154010831  5570	469
154010831  5580	470
154010831  5591	469
154010864  5601	470
154010864  5611	469
154010864  5622	470
154010897  5633	470
154010897  5643	469
154010897  5653	470
154010930  5664	470
154010930  5675	470
154010930  5685	470
154010963  5695	470
154010963  5706	470
154010963  5716	470
154010963  5727	470
154010996  5737	469
154010996  5748	470
154010996  5758	470
154011029  5769	470
154011029  5779	470
154011029  5789	469
154011062  5800	470
154011062  5811	469
154011062  5821	470
154011096  5831	469
154011096  5842	469
154011096  5853	469
154011129  5863	470
154011129  5873	469
154011129  5884	469
154011129  5895	468
154011162  5905	469
154011162  5915	469
154011162  5926	470
154011195  5937	469
154011195  5947	470
154011195  5957	469
154011228  5967	470
154011228  5979	469
154011228  5989	470
154011294  5999	469
154011294  6009	470
154011294  6021	469
154011327  6031	470
154011327  6041	470
154011327  6051	469
154011327  6063	470
154011361  6073	470
154011361  6083	470
154011361  6093	469
154011394  6105	470
154011394  6115	470
154011394  6125	469
154011427  6135	469
154011427  6146	470
154011427  6157	470
154011465  6167	469
154011465  6177	470
154011465  6188	470
154011493  6199	470
154011493  6209	469
154011493  6219	469
154011493  6230	470
154011526  6241	470
154011526  6251	470
154011526  6261	470
154011559  6272	469
154011559  6282	469
154011559  6293	470
154011592  6303	470
154011592  6313	470
154011592  6324	470
154011625  6335	470
154011625  6345	469
154011625  6355	470
154011658  6366	471
154011658  6377	470
154011658  6387	471
154011658  6397	471
154011692  6408	471
154011692  6419	471
154011692  6429	471
154011725  6439	470
154011725  6450	470
154011725  6461	471
154011758  6471	471
154011758  6481	470
154011758  6492	471
154011791  6502	470
154011791  6513	470
154011791  6523	470
154011824  6534	470
154011824  6544	469
154011824  6555	469
154011824  6565	470
154011857  6576	471
154011857  6586	470
154011857  6597	470
154011890  6607	470
154011890  6618	470
154011890  6628	470
154011923  6639	470
154011923  6649	470
154011923  6660	469
154011956  6670	470
154011956  6680	470
154011956  6691	471
154011989  6702	470
154011989  6712	470
154011989  6722	471
154011989  6733	470
154012023  6744	470
154012023  6754	471
154012023  6764	469
154012056  6775	470
154012056  6786	471
154012056  6796	470
154012089  6806	470
154012089  6817	470
154012089  6828	470
154012122  6838	469
154012122  6848	470
154012122  6858	470
154012160  6870	469
154012160  6880	470
154012160  6890	470
154012160  6900	470
154012188  6912	470
154012188  6922	471
154012188  6932	471
154012221  6942	471
154012221  6953	471
154012221  6964	471
154012256  6974	470
154012256  6984	471
154012256  6994	471
154012287  7006	471
154012287  7016	470
154012287  7026	471
154012320  7036	471
154012320  7048	471
154012320  7058	470
154012320  7068	471
154012353  7078	470
154012353  7090	470
154012353  7100	471
154012387  7110	471
154012387  7120	471
154012387  7132	471
154012420  7142	471
154012420  7152	471
154012420  7162	471
154012453  7173	471
154012453  7184	471
154012453  7194	471
154012486  7204	471
154012486  7215	470
154012486  7226	470
154012486  7236	470
154012520  7246	472
154012520  7257	471
154012520  7268	472
154012553  7278	471
154012553  7288	472
154012553  7299	471
154012587  7310	471
154012587  7320	470
154012587  7330	472
154012620  7341	471
154012620  7351	471
154012620  7362	471
154012653  7372	471
154012653  7383	471
154012653  7393	471
154012653  7404	470
154012686  7414	471
154012686  7425	471
154012686  7435	471
154012719  7446	471
154012719  7456	471
154012719  7467	471
154012770  7477	471
154012770  7488	471
154012770  7498	470
154012786  7508	471
154012786  7519	470
154012786  7529	470
154012851  7540	471
154012851  7550	471
154012851  7561	471
154012851  7571	470
154012884  7582	470
154012884  7592	469
154012884  7603	471
154012917  7613	470
154012917  7624	470
154012917  7634	470
154012951  7645	470
154012951  7655	470
154012951  7666	471
154012985  7676	470
154012985  7687	470
154012985  7697	469
154013017  7707	470
154013017  7718	470
154013017  7729	469
154013017  7739	470
154013050  7749	469
154013050  7760	470
154013050  7771	469
154013083  7781	470
154013083  7791	469
154013083  7802	468
154013116  7813	468
154013116  7823	469
154013116  7833	469
154013149  7843	469
154013149  7855	468
154013149  7865	469
154013182  7875	469
154013182  7885	469
154013182  7897	469
154013182  7907	468
154013215  7917	468
154013215  7927	468
154013215  7939	468
154013248  7949	468
154013248  7959	468
154013248  7969	469
154013282  7981	468
154013282  7991	468
154013282  8001	468
154013315  8011	469
154013315  8022	468
154013315  8033	469
154013348  8043	468
154013348  8053	469
154013348  8064	469
154013348  8075	469
154013381  8085	470
154013381  8095	470
154013381  8105	469
154013414  8117	469
154013414  8127	470
154013414  8137	469
154013447  8147	470
154013447  8159	469
154013447  8169	468
154013480  8179	468
154013480  8189	470
154013480  8200	470
154013513  8211	469
154013513  8221	470
154013513  8231	470
154013513  8242	470
154013546  8253	470
154013546  8263	469
154013546  8273	471
154013580  8284	470
154013580  8295	470
154013580  8305	470
154013613  8315	469
154013613  8326	470
154013613  8337	469
154013646  8347	470
154013646  8357	470
154013646  8368	469
154013679  8378	468
154013679  8389	470
154013679  8399	470
154013679  8410	469
154013712  8420	470
154013712  8431	470
154013712  8441	470
154013745  8452	470
154013745  8462	470
154013745  8473	470
154013778  8483	469
154013778  8494	470
154013778  8504	470
154013811  8515	469
154013811  8525	470
154013811  8536	470
154013844  8546	470
154013844  8556	470
154013844  8567	470
154013844  8578	470
154013878  8588	470
154013878  8598	469
154013878  8609	468
154013911  8620	470
154013911  8630	470
154013911  8640	469
154013944  8651	470
154013944  8662	469
154013944  8672	470
154013977  8682	469
154013977  8692	469
154013977  8704	469
154014010  8714	469
154014010  8724	470
154014010  8734	470
154014010  8745	470
154014043  8756	470
154014043  8766	470
154014043  8776	470
154014076  8787	470
154014076  8798	470
154014076  8808	470
154014110  8818	469
154014110  8829	470
154014110  8840	470
154014143  8850	471
154014143  8860	469
154014143  8870	469
154014176  8882	469
154014176  8892	470
154014176  8902	469
154014176  8912	470
154014209  8924	469
154014209  8934	470
154014209  8944	470
154014242  8954	470
154014242  8966	470
154014242  8976	470
154014275  8986	469
154014275  8996	470
154014275  9008	469
154014308  9018	469
154014308  9028	470
154014308  9038	469
154014374  9049	469
154014374  9060	469
154014374  9070	470
154014374  9080	470
154014407  9091	469
154014407  9102	469
154014407  9112	469
154014440  9122	468
154014440  9133	470
154014440  9144	469
154014473  9154	470
154014473  9164	470
154014473  9175	469
154014507  9186	470
154014507  9196	470
154014507  9206	469
154014540  9217	469
154014540  9227	469
154014540  9238	468
154014540  9248	470
154014573  9259	470
154014573  9269	470
154014573  9280	469
154014606  9290	469
154014606  9300	470
154014606  9311	469
154014639  9322	469
154014639  9332	469
154014639  9342	469
154014672  9353	470
154014672  9364	469
154014672  9374	469
154014705  9384	470
154014705  9395	469
154014705  9405	470
154014705  9416	469
154014738  9426	469
154014738  9437	469
154014738  9447	470
154014772  9458	470
154014772  9468	470
154014772  9479	470
154014805  9489	470
154014805  9500	469
154014805  9510	470
154014838  9521	471
154014838  9531	470
154014838  9542	471
154014871  9552	470
154014871  9563	471
154014871  9573	470
154014871  9583	469
154014904  9594	470
154014904  9605	471
154014904  9615	470
154014937  9625	470
154014937  9636	470
154014937  9647	470
154014970  9657	470
154014970  9667	470
154014970  9678	469
154015004  9689	469
154015004  9699	470
154015004  9709	471
154015037  9720	470
154015037  9731	469
154015037  9741	470
154015037  9751	470
154015070  9761	470
154015070  9773	470
154015070  9783	470
154015103  9793	470
154015103  9803	469
154015103  9815	470
154015136  9825	469
154015136  9835	470
154015136  9845	470
154015169  9857	470
154015169  9867	471
154015169  9877	469
154015202  9887	470
154015202  9897	469
154015202  9909	469
154015202  9919	470
154015235  9929	470
154015235  9939	469
154015235  9951	469
154015268  9961	470
154015268  9971	469
154015268  9981	470
154015302  9993	470
154015302  10003	470
154015302  10013	469
154015335  10023	470
154015335  10035	469
154015335  10045	470
154015368  10055	470
154015368  10066	469
154015368  10077	470
154015401  10087	470
154015401  10097	470
154015401  10108	470
154015434  10119	470
154015434  10129	470
154015434  10139	470
154015467  10150	470
154015467  10161	471
154015467  10171	471
154015500  10182	469
154015500  10192	470
154015500  10203	470
154015534  10213	470
154015534  10224	470
154015567  10234	469
154015567  10245	469
154015567  10256	470
154015600  10266	469
154015600  10276	470
154015600  10287	470
154015633  10298	469
154015633  10308	469
154015633  10318	470
154015666  10330	469
154015666  10340	470
154015666  10350	469
154015699  10360	470
154015699  10372	470
154015699  10382	470
154015732  10392	469
154015732  10402	470
154015732  10414	470
154015765  10424	470

