
161039758  10	428
161039758  20	428
161039758  30	428
161039791  40	428
161039791  51	428
161039791  61	427
161039824  72	428
161039824  82	428
161039824  93	427
161039857  103	428
161039857  113	429
161039857  123	428
161039890  135	428
161039890  145	428
161039890  155	428
161039923  165	428
161039923  176	427
161039923  187	428
161039957  197	427
161039957  207	428
161039957  218	428
161039990  228	428
161039990  238	428
161039990  249	428
161039990  260	428
161040023  270	428
161040023  280	429
161040023  290	428
161040056  302	428
161040056  312	428
161040056  322	427
161040089  332	428
161040089  343	428
161040089  354	428
161040122  364	427
161040122  374	427
161040122  385	428
161040155  395	427
161040155  406	427
161040155  416	427
161040188  427	427
161040188  437	427
161040188  447	427
161040221  457	427
161040221  468	427
161040221  479	427
161040221  489	427
161040254  499	428
161040254  509	427
161040254  521	427
161040288  531	428
161040288  541	427
161040288  551	427
161040321  562	428
161040321  573	428
161040321  583	428
161040354  593	428
161040354  604	429
161040354  614	429
161040387  624	428
161040387  635	428
161040387  646	429
161040420  656	428
161040420  666	429
161040420  676	428
161040453  688	428
161040453  698	428
161040453  708	428
161040453  718	428
161040486  729	428
161040486  740	427
161040486  750	428
161040519  760	428
161040519  771	429
161040519  781	429
161040552  792	429
161040552  802	428
161040552  813	429
161040585  823	428
161040585  833	427
161040585  843	427
161040619  855	427
161040619  865	427
161040619  875	428
161040652  885	428
161040652  896	429
161040652  907	429
161040685  917	428
161040685  927	429
161040685  937	429
161040685  948	427
161040719  959	428
161040719  969	429
161040719  979	429
161040752  990	429
161040785  1000	429
161040785  1011	429
161040785  1021	428
161040785  1032	426
161040818  1042	428
161040818  1052	428
161040818  1063	428
161040851  1074	427
161040851  1084	428
161040851  1094	427
161040884  1105	426
161040884  1116	428
161040884  1126	428
161040917  1136	427
161040917  1147	428
161040917  1158	427
161040950  1168	427
161040950  1178	427
161040950  1189	427
161040950  1200	427
161040983  1210	427
161040983  1220	428
161040983  1230	428
161041016  1242	428
161041016  1252	427
161041016  1262	428
161041049  1272	428
161041049  1284	428
161041049  1294	427
161041083  1304	428
161041083  1314	428
161041083  1326	428
161041116  1336	428
161041116  1346	429
161041116  1356	429
161041116  1367	428
161041149  1378	429
161041149  1388	429
161041149  1398	429
161041184  1409	429
161041184  1420	432
161041184  1430	429
161041215  1440	431
161041215  1451	431
161041215  1462	431
161041248  1472	431
161041248  1482	430
161041248  1492	431
161041281  1504	431
161041281  1514	430
161041281  1524	429
161041281  1534	430
161041314  1545	430
161041314  1556	430
161041314  1566	430
161041347  1576	431
161041347  1587	430
161041347  1598	430
161041382  1608	431
161041382  1618	430
161041382  1629	431
161041414  1640	431
161041414  1650	431
161041414  1660	431
161041447  1671	430
161041447  1681	431
161041447  1692	431
161041447  1702	431
161041480  1713	430
161041480  1723	431
161041480  1734	430
161041513  1744	430
161041513  1755	430
161041513  1765	430
161041549  1776	431
161041549  1786	431
161041549  1797	432
161041579  1807	431
161041579  1818	430
161041579  1828	432
161041612  1839	432
161041612  1849	433
161041612  1859	432
161041612  1870	432
161041645  1881	432
161041645  1891	433
161041645  1901	432
161041678  1912	432
161041678  1923	432
161041678  1933	431
161041712  1943	432
161041712  1954	433
161041712  1965	431
161041745  1975	431
161041745  1985	432
161041745  1995	432
161041778  2007	432
161041778  2017	432
161041778  2027	432
161041778  2037	431
161041811  2049	431
161041811  2059	432
161041811  2069	432
161041844  2079	432
161041844  2091	433
161041844  2101	432
161041877  2111	432
161041877  2121	433
161041877  2132	432
161041910  2143	432
161041910  2153	432
161041910  2163	432
161041943  2173	432
161041943  2185	433
161041943  2195	432
161041943  2205	432
161042009  2215	433
161042009  2227	432
161042009  2237	433
161042043  2247	433
161042043  2257	432
161042043  2269	429
161042076  2279	429
161042076  2289	429
161042076  2299	429
161042109  2311	428
161042109  2321	429
161042109  2331	429
161042142  2341	429
161042142  2352	429
161042142  2363	429
161042142  2373	428
161042176  2383	429
161042176  2394	429
161042176  2405	429
161042208  2415	428
161042208  2425	429
161042208  2436	429
161042242  2447	428
161042242  2457	428
161042242  2467	428
161042275  2478	429
161042275  2489	428
161042275  2499	428
161042308  2509	428
161042308  2520	428
161042308  2530	428
161042308  2541	428
161042341  2551	429
161042341  2562	428
161042341  2572	431
161042374  2583	432
161042374  2593	432
161042374  2604	432
161042407  2614	432
161042407  2625	432
161042407  2635	432
161042440  2646	432
161042440  2656	432
161042440  2666	432
161042474  2677	431
161042474  2688	428
161042474  2698	429
161042474  2708	428
161042506  2719	427
161042506  2729	428
161042506  2740	428
161042540  2750	428
161042540  2761	428
161042540  2771	428
161042573  2782	428
161042573  2792	429
161042573  2803	429
161042606  2813	428
161042606  2824	428
161042606  2834	428
161042639  2844	428
161042639  2855	429
161042639  2866	428
161042639  2876	428
161042672  2886	428
161042672  2897	428
161042672  2908	428
161042705  2918	428
161042705  2928	429
161042705  2939	429
161042738  2950	428
161042738  2960	428
161042738  2970	427
161042771  2981	428
161042771  2992	428
161042771  3002	428
161042804  3012	428
161042804  3022	428
161042804  3034	429
161042804  3044	428
161042838  3054	429
161042838  3064	433
161042838  3076	427
161042871  3086	428
161042871  3096	429
161042871  3106	429
161042904  3118	428
161042904  3128	427
161042904  3138	427
161042937  3148	427
161042937  3160	428
161042937  3170	427
161042970  3180	427
161042970  3190	428
161042970  3201	428
161042970  3212	428
161043003  3222	429
161043003  3232	428
161043003  3243	428
161043036  3254	427
161043036  3264	428
161043036  3274	427
161043069  3284	428
161043069  3296	428
161043069  3306	426
161043102  3316	428
161043102  3326	428
161043102  3337	427
161043135  3348	427
161043135  3358	427
161043135  3368	427
161043135  3379	427
161043169  3390	429
161043169  3400	427
161043169  3410	428
161043202  3421	428
161043202  3432	428
161043202  3442	428
161043235  3452	428
161043235  3463	428
161043235  3474	428
161043268  3484	428
161043268  3494	427
161043268  3505	428
161043301  3515	427
161043301  3526	429
161043301  3536	428
161043301  3547	428
161043334  3557	427
161043334  3568	428
161043334  3578	428
161043367  3589	428
161043367  3599	428
161043367  3610	427
161043401  3620	428
161043401  3631	428
161043401  3641	428
161043433  3651	428
161043433  3662	428
161043433  3673	428
161043500  3683	428
161043500  3693	428
161043500  3704	428
161043500  3715	428
161043533  3725	428
161043533  3735	429
161043533  3746	428
161043566  3757	429
161043566  3767	428
161043566  3777	429
161043599  3788	429
161043599  3799	429
161043599  3809	427
161043632  3819	427
161043632  3829	428
161043632  3841	428
161043665  3851	428
161043665  3861	428
161043665  3871	428
161043665  3883	427
161043698  3893	426
161043698  3903	427
161043698  3913	427
161043731  3924	427
161043731  3935	426
161043731  3945	427
161043765  3955	427
161043765  3966	428
161043765  3977	429
161043798  3987	428
161043798  3997	427
161043798  4007	428
161043831  4019	429
161043831  4029	429
161043831  4039	429
161043831  4049	428
161043864  4061	428
161043864  4071	429
161043864  4081	428
161043897  4091	429
161043897  4103	430
161043897  4113	429
161043930  4123	428
161043930  4133	429
161043930  4144	428
161043963  4155	428
161043963  4165	427
161043963  4175	428
161043996  4186	428
161043996  4197	428
161043996  4207	428
161043996  4217	428
161044029  4228	428
161044029  4239	428
161044029  4249	428
161044062  4259	428
161044062  4270	428
161044062  4281	427
161044096  4291	428
161044096  4301	429
161044096  4312	428
161044129  4322	428
161044129  4333	427
161044129  4343	428
161044162  4354	427
161044162  4364	429
161044162  4375	428
161044162  4385	428
161044195  4396	428
161044195  4406	428
161044195  4417	429
161044228  4427	428
161044228  4438	428
161044228  4448	429
161044261  4459	429
161044261  4469	429
161044261  4480	428
161044294  4490	429
161044294  4500	428
161044294  4511	427
161044327  4521	428
161044327  4532	427
161044327  4542	428
161044327  4553	428
161044360  4563	428
161044360  4574	427
161044360  4584	427
161044393  4595	428
161044393  4605	428
161044393  4616	428
161044426  4626	428
161044426  4637	428
161044426  4647	428
161044460  4658	428
161044460  4668	428
161044460  4678	428
161044493  4689	428
161044493  4700	428
161044493  4710	428
161044493  4720	428
161044527  4731	428
161044527  4742	428
161044527  4752	428
161044559  4762	429
161044559  4773	428
161044559  4784	428
161044592  4794	428
161044592  4804	427
161044592  4814	428
161044625  4826	428
161044625  4836	427
161044625  4846	430
161044658  4856	429
161044658  4868	428
161044658  4878	429
161044658  4888	429
161044691  4898	429
161044691  4910	428
161044691  4920	428
161044724  4930	429
161044724  4940	429
161044724  4952	429
161044757  4962	429
161044757  4972	429
161044757  4982	429
161044790  4993	429
161044790  5004	428
161044790  5014	428
161044824  5024	429
161044824  5035	427
161044824  5046	429
161044824  5056	428
161044857  5066	428
161044857  5076	428
161044857  5088	428
161044890  5098	428
161044890  5108	428
161044890  5118	428
161044923  5130	429
161044923  5140	429
161044923  5150	428
161044989  5160	428
161044989  5171	430
161044989  5182	429
161044989  5192	429
161044989  5202	429
161044989  5213	429
161044989  5224	429
161045055  5234	430
161045055  5244	430
161045055  5255	430
161045088  5266	429
161045088  5276	429
161045088  5286	429
161045122  5297	429
161045122  5308	429
161045122  5318	429
161045155  5328	430
161045155  5339	430
161045155  5349	430
161045188  5360	429
161045188  5370	429
161045188  5381	429
161045188  5391	429
161045221  5402	429
161045221  5412	430
161045221  5423	430
161045254  5433	430
161045254  5444	429
161045254  5454	429
161045287  5465	430
161045287  5475	429
161045287  5485	430
161045320  5496	429
161045320  5507	430
161045320  5517	430
161045354  5527	429
161045354  5538	429
161045354  5549	429
161045354  5559	428
161045386  5569	429
161045386  5580	430
161045386  5591	430
161045419  5601	429
161045419  5611	430
161045419  5622	429
161045453  5633	430
161045453  5643	430
161045453  5653	430
161045486  5663	430
161045486  5675	430
161045486  5685	431
161045519  5695	430
161045519  5705	431
161045519  5716	430
161045519  5727	431
161045552  5737	431
161045552  5747	431
161045552  5758	430
161045585  5769	430
161045585  5779	430
161045585  5789	430
161045618  5800	430
161045618  5811	430
161045618  5821	430
161045651  5831	429
161045651  5841	429
161045651  5853	430
161045684  5863	429
161045684  5873	429
161045684  5883	429
161045684  5895	428
161045717  5905	430
161045717  5915	430
161045717  5925	429
161045750  5937	429
161045750  5947	430
161045750  5957	429
161045783  5967	429
161045783  5979	429
161045783  5989	429
161045817  5999	428
161045817  6009	429
161045817  6020	429
161045850  6031	429
161045850  6041	429
161045850  6051	430
161045850  6062	430
161045883  6073	430
161045883  6083	430
161045883  6093	430
161045916  6104	430
161045916  6115	431
161045916  6125	430
161045949  6135	430
161045949  6146	430
161045949  6156	429
161045982  6167	430
161045982  6177	431
161045982  6188	431
161046015  6198	430
161046015  6209	431
161046015  6219	430
161046015  6230	430
161046049  6240	430
161046049  6251	430
161046049  6261	431
161046081  6272	431
161046081  6282	430
161046081  6293	430
161046115  6303	429
161046115  6313	429
161046115  6324	431
161046148  6334	430
161046148  6345	429
161046148  6355	430
161046181  6366	430
161046181  6376	430
161046181  6387	430
161046181  6397	430
161046214  6408	429
161046214  6418	430
161046214  6429	430
161046247  6439	430
161046247  6450	430
161046247  6460	430
161046280  6471	430
161046280  6481	430
161046280  6492	430
161046313  6502	429
161046313  6512	429
161046313  6523	429
161046346  6534	429
161046346  6544	429
161046346  6554	429
161046346  6565	430
161046379  6576	428
161046379  6586	429
161046379  6596	430
161046412  6607	429
161046412  6618	429
161046412  6628	429
161046445  6638	429
161046445  6649	429
161046445  6660	428
161046512  6670	428
161046512  6680	429
161046512  6690	429
161046545  6702	429
161046545  6712	429
161046545  6722	429
161046545  6732	428
161046578  6744	429
161046578  6754	429
161046578  6764	429
161046611  6774	428
161046611  6786	429
161046611  6796	430
161046644  6806	429
161046644  6816	429
161046644  6828	429
161046677  6838	429
161046677  6848	429
161046677  6858	429
161046710  6868	429
161046710  6880	429
161046710  6890	429
161046710  6900	429
161046743  6910	429
161046743  6922	429
161046743  6932	429
161046776  6942	429
161046776  6952	428
161046776  6964	430
161046809  6974	430
161046809  6984	429
161046809  6994	429
161046843  7005	429
161046843  7016	429
161046843  7026	429
161046876  7036	429
161046876  7047	428
161046876  7058	429
161046876  7068	429
161046909  7078	430
161046909  7089	429
161046909  7100	429
161046943  7110	429
161046943  7120	430
161046943  7131	429
161046975  7142	429
161046975  7152	429
161046975  7162	429
161047008  7173	430
161047008  7183	429
161047008  7194	429
161047041  7204	430
161047041  7215	429
161047041  7225	428
161047041  7236	428
161047074  7246	429
161047074  7257	428
161047074  7267	428
161047109  7278	429
161047109  7288	429
161047109  7299	429
161047142  7309	428
161047142  7320	428
161047142  7330	428
161047175  7341	427
161047175  7351	428
161047175  7361	427
161047208  7372	428
161047208  7383	428
161047208  7393	428
161047208  7403	428
161047241  7414	429
161047241  7425	428
161047241  7435	429
161047274  7445	429
161047274  7456	429
161047274  7467	428
161047307  7477	429
161047307  7487	429
161047307  7498	429
161047341  7508	429
161047341  7519	428
161047341  7529	429
161047373  7539	428
161047373  7550	429
161047373  7561	428
161047373  7571	430
161047406  7581	429
161047406  7592	428
161047406  7603	429
161047440  7613	429
161047440  7623	429
161047440  7634	429
161047473  7645	427
161047473  7655	428
161047473  7665	428
161047506  7676	429
161047506  7687	429
161047506  7697	429
161047539  7707	429
161047539  7717	429
161047539  7729	430
161047539  7739	429
161047572  7749	429
161047572  7759	429
161047572  7771	430
161047605  7781	430
161047605  7791	429
161047605  7801	428
161047638  7813	429
161047638  7823	427
161047638  7833	428
161047671  7843	427
161047671  7855	428
161047671  7865	428
161047704  7875	427
161047704  7885	428
161047704  7896	429
161047704  7907	428
161047737  7917	428
161047737  7927	428
161047737  7938	428
161047771  7949	429
161047771  7959	429
161047771  7969	428
161047804  7980	429
161047804  7991	429
161047804  8001	429
161047837  8011	429
161047837  8022	429
161047837  8032	428
161047870  8043	428
161047870  8053	429
161047870  8064	428
161047870  8074	429
161047903  8085	429
161047903  8095	429
161047903  8105	429
161047936  8116	429
161047936  8127	429
161047936  8137	429
161047969  8147	429
161047969  8158	427
161047969  8169	428
161048035  8179	428
161048035  8189	429
161048035  8200	429
161048068  8210	428
161048068  8221	429
161048068  8231	429
161048068  8242	429
161048102  8252	429
161048102  8263	429
161048102  8273	428
161048135  8284	428
161048135  8294	429
161048135  8305	430
161048168  8315	429
161048168  8326	429
161048168  8336	429
161048201  8346	429
161048201  8357	430
161048201  8368	429
161048234  8378	429
161048234  8388	429
161048234  8399	429
161048234  8410	429
161048267  8420	428
161048267  8430	429
161048267  8441	428
161048300  8452	429
161048300  8462	429
161048300  8472	429
161048333  8483	429
161048333  8494	429
161048333  8504	430
161048366  8514	430
161048366  8524	430
161048366  8536	429
161048399  8546	429
161048399  8556	428
161048399  8566	430
161048399  8578	430
161048433  8588	429
161048433  8598	430
161048433  8608	429
161048466  8620	429
161048466  8630	429
161048466  8640	430
161048499  8650	430
161048499  8662	430
161048499  8672	429
161048532  8682	429
161048532  8692	430
161048532  8702	430
161048565  8714	430
161048565  8724	429
161048565  8734	430
161048565  8744	431
161048598  8756	430
161048598  8766	429
161048598  8776	429
161048631  8786	429
161048631  8798	429
161048631  8808	429
161048664  8818	428
161048664  8828	429
161048664  8840	431
161048697  8850	432
161048697  8860	431
161048697  8870	430
161048730  8881	430
161048730  8892	431
161048730  8902	430
161048730  8912	430
161048763  8923	429
161048763  8934	429
161048763  8944	430
161048796  8954	430
161048796  8965	429
161048796  8976	429
161048830  8986	430
161048830  8996	430
161048830  9007	429
161048863  9017	430
161048863  9028	429
161048863  9038	430
161048896  9049	430
161048896  9059	430
161048896  9070	429
161048896  9080	429
161048929  9091	430
161048929  9101	430
161048929  9112	431
161048962  9122	430
161048962  9133	429
161048962  9143	430
161048995  9154	430
161048995  9164	430
161048995  9175	430
161049028  9185	430
161049028  9195	429
161049028  9206	430
161049061  9217	430
161049061  9227	430
161049061  9237	430
161049061  9248	430
161049094  9259	430
161049094  9269	430
161049094  9279	431
161049128  9290	430
161049128  9300	431
161049128  9311	431
161049161  9321	431
161049161  9332	431
161049161  9342	430
161049194  9353	430
161049194  9363	431
161049194  9373	430
161049227  9384	430
161049227  9395	429
161049227  9405	430
161049227  9415	431
161049260  9426	430
161049260  9437	429
161049260  9447	430
161049293  9457	432
161049293  9468	431
161049293  9479	431
161049326  9489	431
161049326  9499	431
161049326  9510	431
161049359  9521	430
161049359  9531	431
161049359  9541	431
161049392  9551	431
161049392  9563	432
161049392  9573	430
161049392  9583	431
161049425  9593	431
161049425  9605	431
161049425  9615	430
161049458  9625	430
161049458  9635	431
161049458  9647	431
161049525  9657	431
161049525  9667	432
161049525  9677	432
161049558  9689	431
161049558  9699	431
161049558  9709	432
161049591  9719	432
161049591  9730	432
161049591  9741	431
161049591  9751	431
161049624  9761	431
161049624  9772	432
161049624  9783	432
161049657  9793	432
161049657  9803	431
161049657  9814	432
161049690  9825	431
161049690  9835	431
161049690  9845	430
161049723  9856	431
161049723  9866	431
161049723  9877	430
161049756  9887	430
161049756  9897	431
161049756  9908	432
161049756  9919	430
161049789  9929	431
161049789  9939	431
161049789  9950	431
161049822  9961	430
161049822  9971	430
161049822  9981	431
161049856  9992	431
161049856  10003	431
161049856  10013	431
161049889  10023	431
161049889  10034	429
161049889  10045	431
161049922  10055	430
161049922  10065	431
161049922  10076	431
161049955  10087	430
161049955  10097	430
161049955  10107	432
161049988  10119	431
161049988  10129	430
161049988  10139	430
161050025  10149	429
161050025  10161	430
161050025  10171	431
161050054  10181	430
161050054  10192	430
161050054  10203	430
161050087  10213	431
161050087  10223	430
161050120  10234	431
161050120  10245	431
161050120  10255	431
161050154  10266	432
161050154  10276	432
161050154  10287	431
161050187  10297	431
161050187  10308	431
161050187  10318	431
161050220  10329	431
161050220  10340	432
161050220  10350	432
161050253  10360	431
161050253  10371	431
161050253  10382	431
161050286  10392	432
161050286  10402	431
161050286  10413	433
161050320  10424	431

