6062	0	0	0	0	0	0	0	0	0	0	0	0	0	0	0	0
6187	0	0	0	0	0	0	0	0	0	0	0	2	0	0	0	0
6282	0	0	0	0	0	0	0	0	0	0	0	0	0	0	0	0
6376	0	0	0	0	0	0	0	0	0	0	0	0	0	0	0	0
6470	0	0	0	0	0	0	0	0	0	0	0	0	0	0	0	0
6564	0	0	0	0	0	0	0	0	0	0	2	0	0	0	0	0
6659	0	0	0	0	0	0	0	2	0	0	0	0	0	0	0	0
6754	0	0	0	0	0	0	0	0	0	0	0	0	0	0	0	0
6848	0	0	0	0	0	0	0	0	0	0	0	0	0	0	0	0
6942	0	0	0	0	0	0	2	0	0	0	1	0	0	0	0	0
7036	0	0	0	0	0	0	0	0	0	0	0	0	0	0	0	0
7132	0	0	0	0	0	0	0	0	0	0	0	0	0	0	0	0
7226	0	0	0	0	0	0	0	0	0	0	0	0	0	0	0	0
7320	0	0	0	0	0	0	0	0	0	0	0	0	0	0	0	0
7428	0	0	0	0	0	0	0	0	0	0	0	0	0	0	0	0
7523	0	0	0	0	0	0	0	0	0	0	0	0	0	0	0	0
7617	0	0	0	0	0	0	0	0	0	0	0	0	0	0	0	0
C	C	C	C	C	C	C	C	C	C	C	C	C	C	C	C	C	
2409	0	0	0	0	0	0	0	0	0	0	0	0	0	0	0	0
2506	0	0	0	0	0	0	0	0	0	0	0	0	0	0	0	0
2600	0	0	0	0	0	0	0	0	0	0	0	0	0	0	0	0
2695	0	0	0	0	0	0	2	0	0	0	0	0	0	0	0	0
2789	0	0	0	0	0	0	0	0	0	0	0	0	0	0	0	0
2884	0	0	0	0	0	0	0	0	0	0	3	0	0	0	0	0
2978	0	0	0	0	0	0	0	0	0	0	0	0	0	0	0	0
3073	0	0	0	0	0	0	0	0	0	0	0	0	0	0	0	0
3167	0	0	0	0	0	0	0	1	0	0	0	4	0	0	0	0
C	C	C	C	C	C	C	C	C	C	C	C	C	C	C	C	C	
