0.000000	4.527446E+0	2.518459E+0	2.733345E-1
0.100000	3.521347E-1	2.518459E+0	2.783513E-1
0.200000	3.521347E-1	2.519104E+0	3.009269E-1
0.300000	3.421040E-1	2.520395E+0	2.959101E-1
0.400000	3.471194E-1	2.517813E+0	3.059437E-1
0.500000	3.446117E-1	2.517168E+0	2.908933E-1
0.600000	3.446117E-1	2.516522E+0	2.858765E-1
0.700000	3.471194E-1	2.519104E+0	2.808597E-1
0.800000	3.521347E-1	2.518459E+0	2.281832E-1
0.900000	3.446117E-1	2.518459E+0	2.407252E-1
1.000000	3.521347E-1	2.520395E+0	2.582840E-1
1.100000	3.521347E-1	2.522976E+0	2.582840E-1
1.200000	3.521347E-1	2.528785E+0	3.285193E-1
1.300000	3.521347E-1	2.547502E+0	4.815320E-1
1.400000	3.521347E-1	2.575255E+0	7.097967E-1
1.500000	3.446117E-1	2.599780E+0	1.203952E+0
1.600000	3.471194E-1	2.652704E+0	1.186393E+0
1.700000	3.471194E-1	2.705627E+0	1.407133E+0
1.800000	3.521347E-1	2.750806E+0	1.974032E+0
1.900000	3.395963E-1	2.820510E+0	1.856137E+0
2.000000	3.446117E-1	2.896669E+0	2.460662E+0
2.100000	3.395963E-1	2.973472E+0	2.458154E+0
2.200000	3.471194E-1	3.042531E+0	2.801805E+0
2.300000	3.471194E-1	3.123207E+0	2.884583E+0
2.400000	3.471194E-1	3.157414E+0	2.809331E+0
2.500000	3.446117E-1	3.194202E+0	2.979902E+0
2.600000	3.421040E-1	3.207756E+0	2.969868E+0
2.700000	3.471194E-1	3.212274E+0	2.969868E+0
2.800000	3.521347E-1	3.233572E+0	2.919700E+0
2.900000	3.471194E-1	3.253580E+0	3.100305E+0
3.000000	3.395963E-1	3.260034E+0	3.092780E+0
3.100000	3.471194E-1	3.260680E+0	3.025053E+0
3.200000	3.395963E-1	3.274233E+0	3.163015E+0
3.300000	3.496270E-1	3.280042E+0	3.361179E+0
3.400000	3.521347E-1	3.292305E+0	3.127898E+0
3.500000	3.521347E-1	3.299404E+0	3.168032E+0
3.600000	3.521347E-1	3.317476E+0	3.120373E+0
3.700000	3.471194E-1	3.329093E+0	3.080238E+0
3.800000	3.471194E-1	3.339420E+0	3.170541E+0
3.900000	3.496270E-1	3.352973E+0	3.223217E+0
4.000000	3.471194E-1	3.365236E+0	3.135423E+0
4.100000	3.471194E-1	3.376853E+0	3.200641E+0
4.200000	3.395963E-1	3.396861E+0	3.316028E+0
4.300000	3.521347E-1	3.427195E+0	3.363688E+0
4.400000	3.521347E-1	3.461402E+0	3.341112E+0
4.500000	3.395963E-1	3.499481E+0	3.343620E+0
4.600000	3.446117E-1	3.527879E+0	3.371213E+0
4.700000	3.521347E-1	3.549823E+0	3.531751E+0
4.800000	3.395963E-1	3.564667E+0	3.486599E+0
4.900000	3.521347E-1	3.575639E+0	3.519209E+0
5.000000	3.471194E-1	3.595002E+0	3.564360E+0
5.100000	3.395963E-1	3.609846E+0	3.556835E+0
5.200000	3.521347E-1	3.618882E+0	3.589444E+0
5.300000	3.521347E-1	3.615655E+0	3.586936E+0
5.400000	3.471194E-1	3.623400E+0	3.534259E+0
5.500000	3.521347E-1	3.652443E+0	3.619545E+0
5.600000	3.421040E-1	3.682132E+0	3.619545E+0
5.700000	3.471194E-1	3.686650E+0	3.677238E+0
5.800000	3.546424E-1	3.702140E+0	3.599478E+0
5.900000	3.471194E-1	3.722147E+0	3.604494E+0
6.000000	3.471194E-1	3.765390E+0	3.677238E+0
6.100000	3.471194E-1	3.787979E+0	3.601986E+0
6.200000	3.446117E-1	3.782170E+0	3.581919E+0
6.300000	3.471194E-1	3.797660E+0	3.634595E+0
6.400000	3.471194E-1	3.832512E+0	3.732423E+0
6.500000	3.421040E-1	3.848002E+0	3.682255E+0
6.600000	3.521347E-1	3.876400E+0	3.682255E+0
6.700000	3.471194E-1	3.907380E+0	3.642121E+0
6.800000	3.471194E-1	3.939650E+0	3.702322E+0
6.900000	3.471194E-1	3.962885E+0	3.702322E+0
7.000000	3.496270E-1	3.991283E+0	3.722389E+0
7.100000	3.421040E-1	4.029362E+0	3.699814E+0
7.200000	3.521347E-1	4.059051E+0	3.689780E+0
7.300000	3.395963E-1	4.084222E+0	3.702322E+0
7.400000	3.446117E-1	4.099067E+0	3.850318E+0
7.500000	3.471194E-1	4.117783E+0	3.865368E+0
7.600000	3.521347E-1	4.128110E+0	3.877910E+0
7.700000	3.521347E-1	4.136500E+0	3.825234E+0
7.800000	3.471194E-1	4.147472E+0	3.837776E+0
7.900000	3.421040E-1	4.139727E+0	3.865368E+0
8.000000	3.496270E-1	4.150054E+0	3.862860E+0
8.100000	3.521347E-1	4.166189E+0	3.892961E+0
8.200000	3.471194E-1	4.188778E+0	3.930587E+0
8.300000	3.395963E-1	4.193296E+0	3.913028E+0
8.400000	3.471194E-1	4.218467E+0	3.933095E+0
8.500000	3.521347E-1	4.236539E+0	3.923062E+0
8.600000	3.446117E-1	4.263001E+0	3.910520E+0
8.700000	3.395963E-1	4.296562E+0	3.892961E+0
8.800000	3.446117E-1	4.326251E+0	3.870385E+0
8.900000	3.496270E-1	4.366266E+0	3.910520E+0
9.000000	3.471194E-1	4.414672E+0	3.940621E+0
9.100000	3.471194E-1	4.436616E+0	4.025906E+0
9.200000	3.446117E-1	4.446297E+0	3.892961E+0
9.300000	3.496270E-1	4.480504E+0	3.950654E+0
9.400000	3.471194E-1	4.516646E+0	3.880419E+0
9.500000	3.395963E-1	4.530845E+0	3.948146E+0
9.600000	3.471194E-1	4.548272E+0	3.990789E+0
9.700000	3.446117E-1	4.592159E+0	3.980755E+0
9.800000	3.471194E-1	4.643147E+0	3.990789E+0
9.900000	3.471194E-1	4.684453E+0	3.965705E+0
10.000000	3.395963E-1	4.691552E+0	4.000822E+0
10.100000	3.446117E-1	4.685098E+0	4.053499E+0
10.200000	3.471194E-1	4.752866E+0	4.005839E+0
10.300000	3.395963E-1	4.816762E+0	4.083600E+0
10.400000	3.395963E-1	4.869040E+0	4.066041E+0
10.500000	3.471194E-1	4.909701E+0	3.943129E+0
10.600000	3.496270E-1	4.907119E+0	4.078583E+0
10.700000	3.395963E-1	4.938099E+0	4.030923E+0
10.800000	3.471194E-1	5.000058E+0	4.093633E+0
10.900000	3.446117E-1	5.023293E+0	4.078583E+0
11.000000	3.521347E-1	5.019420E+0	4.050990E+0
11.100000	3.471194E-1	4.998767E+0	3.943129E+0
11.200000	3.471194E-1	4.991668E+0	4.023398E+0
11.300000	3.471194E-1	4.996186E+0	4.043465E+0
11.400000	3.395963E-1	4.984568E+0	4.040957E+0
11.500000	3.395963E-1	5.022648E+0	4.083600E+0
11.600000	3.471194E-1	5.045237E+0	4.088616E+0
11.700000	3.421040E-1	5.051691E+0	4.045973E+0
11.800000	3.446117E-1	5.059436E+0	4.111192E+0
11.900000	3.471194E-1	5.056854E+0	4.108684E+0
12.000000	3.395963E-1	5.058145E+0	4.063532E+0
12.100000	3.496270E-1	5.058790E+0	4.106175E+0
12.200000	3.471194E-1	5.058790E+0	4.056007E+0
12.300000	3.496270E-1	5.058790E+0	4.133768E+0
12.400000	3.521347E-1	5.058145E+0	4.073566E+0
12.500000	3.421040E-1	5.058145E+0	4.116209E+0
12.600000	3.471194E-1	5.058790E+0	4.113700E+0
12.700000	3.521347E-1	5.056854E+0	4.141293E+0
12.800000	3.471194E-1	5.058790E+0	4.061024E+0
12.900000	3.395963E-1	5.058790E+0	4.126242E+0
13.000000	3.496270E-1	5.058790E+0	4.143801E+0
13.100000	3.421040E-1	5.059436E+0	4.146310E+0
13.200000	3.446117E-1	5.055563E+0	4.138784E+0
13.300000	3.521347E-1	5.058790E+0	4.168885E+0
13.400000	3.395963E-1	5.060081E+0	4.158852E+0
13.500000	3.471194E-1	5.058145E+0	4.161360E+0
13.600000	3.421040E-1	5.058790E+0	4.178919E+0
13.700000	3.446117E-1	5.058790E+0	4.143801E+0
13.800000	3.395963E-1	5.058145E+0	4.118717E+0
13.900000	3.446117E-1	5.058145E+0	4.173902E+0
14.000000	3.395963E-1	5.058145E+0	4.103667E+0
14.100000	3.471194E-1	5.060081E+0	4.151326E+0
14.200000	3.471194E-1	5.058145E+0	4.113700E+0
14.300000	3.471194E-1	5.058145E+0	4.166377E+0
14.400000	3.471194E-1	5.059436E+0	4.156343E+0
14.500000	3.521347E-1	5.058145E+0	4.161360E+0
14.600000	3.421040E-1	5.058145E+0	4.166377E+0
14.700000	3.421040E-1	5.058790E+0	4.148818E+0
14.800000	3.471194E-1	4.978760E+0	4.121226E+0
14.900000	3.471194E-1	4.901311E+0	4.083600E+0
15.000000	3.471194E-1	4.833543E+0	4.078583E+0
15.100000	3.521347E-1	4.790300E+0	4.073566E+0
15.200000	3.446117E-1	4.755448E+0	4.063532E+0
15.300000	3.471194E-1	4.674126E+0	4.071058E+0
15.400000	3.471194E-1	4.566343E+0	4.066041E+0
15.500000	3.496270E-1	4.520519E+0	4.020889E+0
15.600000	3.471194E-1	4.456623E+0	4.000822E+0
15.700000	3.471194E-1	4.360457E+0	3.980755E+0
15.800000	3.521347E-1	4.223631E+0	3.910520E+0
15.900000	3.446117E-1	4.177806E+0	3.865368E+0
16.000000	3.446117E-1	4.142954E+0	3.895469E+0
16.100000	3.471194E-1	4.111975E+0	3.760015E+0
16.200000	3.471194E-1	4.027426E+0	3.840284E+0
16.300000	3.395963E-1	3.986120E+0	3.770049E+0
16.400000	3.471194E-1	3.937714E+0	3.772558E+0
16.500000	3.521347E-1	3.878982E+0	3.797642E+0
16.600000	3.395963E-1	3.825413E+0	3.692289E+0
16.700000	3.471194E-1	3.778943E+0	3.785100E+0
16.800000	3.471194E-1	3.736346E+0	3.639612E+0
16.900000	3.446117E-1	3.724084E+0	3.697305E+0
17.000000	3.521347E-1	3.695040E+0	3.682255E+0
17.100000	3.471194E-1	3.680841E+0	3.687272E+0
17.200000	3.471194E-1	3.678905E+0	3.677238E+0
17.300000	3.446117E-1	3.701494E+0	3.614528E+0
17.400000	3.395963E-1	3.702140E+0	3.679747E+0
17.500000	3.421040E-1	3.697622E+0	3.682255E+0
17.600000	3.446117E-1	3.635662E+0	3.677238E+0
17.700000	3.521347E-1	3.595002E+0	3.539276E+0
17.800000	3.395963E-1	3.556277E+0	3.546801E+0
17.900000	3.370886E-1	3.507226E+0	3.461515E+0
18.000000	3.496270E-1	3.459466E+0	3.431415E+0
18.100000	3.421040E-1	3.448494E+0	3.316028E+0
18.200000	3.521347E-1	3.429777E+0	3.378738E+0
18.300000	3.471194E-1	3.411705E+0	3.423889E+0
18.400000	3.521347E-1	3.383953E+0	3.418873E+0
18.500000	3.446117E-1	3.369754E+0	3.413856E+0
18.600000	3.546424E-1	3.343292E+0	3.341112E+0
18.700000	3.521347E-1	3.316185E+0	3.459007E+0
18.800000	3.421040E-1	3.298113E+0	3.341112E+0
18.900000	3.471194E-1	3.285205E+0	3.421381E+0
19.000000	3.471194E-1	3.254871E+0	3.331078E+0
19.100000	3.395963E-1	3.217437E+0	3.122881E+0
19.200000	3.395963E-1	3.205174E+0	3.233251E+0
19.300000	3.471194E-1	3.201302E+0	3.331078E+0
19.400000	3.521347E-1	3.183230E+0	3.283419E+0
19.500000	3.471194E-1	3.154832E+0	3.316028E+0
19.600000	3.521347E-1	3.141924E+0	3.311011E+0
19.700000	3.471194E-1	3.127725E+0	3.213183E+0
19.800000	3.471194E-1	3.096100E+0	3.087763E+0
19.900000	3.395963E-1	3.094809E+0	3.137931E+0
20.000000	3.471194E-1	3.107072E+0	3.318536E+0
20.100000	3.395963E-1	3.079965E+0	3.328570E+0
20.200000	3.446117E-1	3.040595E+0	3.120373E+0
20.300000	3.521347E-1	3.033495E+0	2.949801E+0
20.400000	3.471194E-1	3.015424E+0	3.047629E+0
20.500000	3.471194E-1	2.987671E+0	2.887091E+0
20.600000	3.395963E-1	2.972827E+0	2.869532E+0
20.700000	3.471194E-1	2.939911E+0	2.739095E+0
20.800000	3.471194E-1	2.899896E+0	2.666352E+0
20.900000	3.521347E-1	2.874079E+0	2.566015E+0
21.000000	3.471194E-1	2.854072E+0	2.593608E+0
21.100000	3.471194E-1	2.844390E+0	2.716520E+0
21.200000	3.471194E-1	2.835355E+0	2.721536E+0
21.300000	3.395963E-1	2.815347E+0	2.418020E+0
21.400000	3.395963E-1	2.795985E+0	2.315175E+0
21.500000	3.446117E-1	2.776622E+0	2.372868E+0
21.600000	3.471194E-1	2.767587E+0	2.392936E+0
21.700000	3.446117E-1	2.749515E+0	2.267515E+0
21.800000	3.471194E-1	2.731444E+0	2.310158E+0
21.900000	3.395963E-1	2.717890E+0	2.377885E+0
22.000000	3.370886E-1	2.710145E+0	2.347784E+0
22.100000	3.471194E-1	2.694010E+0	2.029217E+0
22.200000	3.471194E-1	2.684329E+0	2.187246E+0
22.300000	3.395963E-1	2.680456E+0	1.951456E+0
22.400000	3.395963E-1	2.679166E+0	2.106978E+0
22.500000	3.395963E-1	2.678520E+0	1.979049E+0
22.600000	3.471194E-1	2.633342E+0	1.462318E+0
22.700000	3.446117E-1	2.633987E+0	2.257482E+0
22.800000	3.395963E-1	2.619788E+0	1.412150E+0
22.900000	3.395963E-1	2.614625E+0	1.525028E+0
23.000000	3.446117E-1	2.610107E+0	1.833562E+0
23.100000	3.446117E-1	2.618497E+0	1.673024E+0
23.200000	3.471194E-1	2.620433E+0	1.733225E+0
23.300000	3.471194E-1	2.621079E+0	1.813494E+0
23.400000	3.471194E-1	2.609461E+0	1.567671E+0
23.500000	3.446117E-1	2.601071E+0	1.394591E+0
23.600000	3.471194E-1	2.601071E+0	1.341914E+0
23.700000	3.421040E-1	2.593326E+0	1.196427E+0
23.800000	3.446117E-1	2.596553E+0	1.316830E+0
23.900000	3.521347E-1	2.583000E+0	1.309305E+0
24.000000	3.446117E-1	2.577191E+0	1.301780E+0
24.100000	3.395963E-1	2.576545E+0	1.111141E+0
24.200000	3.471194E-1	2.571382E+0	1.489910E+0
24.300000	3.471194E-1	2.570091E+0	1.512486E+0
24.400000	3.395963E-1	2.572673E+0	1.484893E+0
24.500000	3.471194E-1	2.573964E+0	1.530045E+0
24.600000	3.471194E-1	2.567510E+0	1.432217E+0
24.700000	3.446117E-1	2.566864E+0	1.442251E+0
24.800000	3.471194E-1	2.561701E+0	1.372015E+0
24.900000	3.471194E-1	2.560410E+0	1.008297E+0
25.000000	3.446117E-1	2.552020E+0	9.656539E-1
25.100000	3.446117E-1	2.546211E+0	9.857211E-1
25.200000	3.521347E-1	2.544920E+0	8.703345E-1
25.300000	3.395963E-1	2.568801E+0	1.221511E+0
25.400000	3.395963E-1	2.578482E+0	1.121175E+0
25.500000	3.471194E-1	2.599135E+0	1.206461E+0
25.600000	3.521347E-1	2.618497E+0	1.331881E+0
25.700000	3.395963E-1	2.668839E+0	1.873696E+0
25.800000	3.471194E-1	2.720472E+0	2.357818E+0
25.900000	3.471194E-1	2.739834E+0	2.106978E+0
26.000000	3.471194E-1	2.765650E+0	2.117011E+0
26.100000	3.521347E-1	2.788885E+0	2.443104E+0
26.200000	3.496270E-1	2.806311E+0	2.413003E+0
26.300000	3.471194E-1	2.823737E+0	2.322700E+0
26.400000	3.521347E-1	2.862462E+0	2.671368E+0
26.500000	3.521347E-1	2.909577E+0	3.010003E+0
26.600000	3.446117E-1	2.964437E+0	3.529242E+0
26.700000	3.471194E-1	3.017360E+0	3.308503E+0
26.800000	3.471194E-1	3.063830E+0	3.268368E+0
26.900000	3.471194E-1	3.109654E+0	3.273385E+0
27.000000	3.446117E-1	3.147087E+0	3.461515E+0
27.100000	3.395963E-1	3.193557E+0	3.682255E+0
27.200000	3.471194E-1	3.220019E+0	3.321045E+0
27.300000	3.521347E-1	3.276169E+0	3.456499E+0
27.400000	3.471194E-1	3.342647E+0	3.441448E+0
27.500000	3.421040E-1	3.424614E+0	3.732423E+0
27.600000	3.471194E-1	3.509808E+0	3.607003E+0
27.700000	3.471194E-1	3.567894E+0	3.574394E+0
27.800000	3.471194E-1	3.599520E+0	3.574394E+0
27.900000	3.471194E-1	3.665351E+0	3.599478E+0
28.000000	3.471194E-1	3.709885E+0	3.529242E+0
28.100000	3.471194E-1	3.733119E+0	3.805167E+0
28.200000	3.471194E-1	3.789270E+0	3.571885E+0
28.300000	3.395963E-1	3.860265E+0	3.732423E+0
28.400000	3.395963E-1	3.937714E+0	3.897978E+0
28.500000	3.521347E-1	3.905444E+0	3.649646E+0
28.600000	3.521347E-1	3.888663E+0	3.719881E+0
28.700000	3.471194E-1	3.931260E+0	3.852826E+0
28.800000	3.471194E-1	3.962240E+0	3.837776E+0
28.900000	3.471194E-1	4.000319E+0	3.632087E+0
29.000000	3.395963E-1	4.075832E+0	3.970721E+0
29.100000	3.471194E-1	4.137146E+0	3.714864E+0
29.200000	3.496270E-1	4.213949E+0	3.682255E+0
29.300000	3.471194E-1	4.247511E+0	3.832759E+0
29.400000	3.446117E-1	4.313342E+0	3.762524E+0
29.500000	3.446117E-1	4.359812E+0	3.812692E+0
29.600000	3.471194E-1	4.379820E+0	3.892961E+0
29.700000	3.521347E-1	4.410154E+0	4.023398E+0
29.800000	3.395963E-1	4.465014E+0	4.023398E+0
29.900000	3.521347E-1	4.548272E+0	3.945637E+0
30.000000	3.521347E-1	4.630884E+0	3.943129E+0
30.100000	3.521347E-1	4.670254E+0	4.030923E+0
30.200000	3.471194E-1	4.703815E+0	3.973230E+0
30.300000	3.446117E-1	4.646374E+0	3.990789E+0
30.400000	3.395963E-1	4.735440E+0	4.025906E+0
30.500000	3.395963E-1	4.795463E+0	4.123734E+0
30.600000	3.395963E-1	4.839351E+0	4.113700E+0
30.700000	3.471194E-1	4.869040E+0	4.146310E+0
30.800000	3.521347E-1	4.865813E+0	4.173902E+0
30.900000	3.521347E-1	4.885821E+0	4.143801E+0
31.000000	3.421040E-1	4.902601E+0	4.131259E+0
31.100000	3.471194E-1	4.876140E+0	4.173902E+0
31.200000	3.395963E-1	4.841287E+0	4.204003E+0
31.300000	3.521347E-1	4.838060E+0	4.083600E+0
31.400000	3.471194E-1	4.838706E+0	4.181427E+0
31.500000	3.395963E-1	4.741249E+0	4.221562E+0
31.600000	3.471194E-1	4.657991E+0	4.219053E+0
31.700000	3.521347E-1	4.628948E+0	4.204003E+0
31.800000	3.395963E-1	4.582478E+0	4.146310E+0
31.900000	3.471194E-1	4.539881E+0	4.176410E+0
32.000000	3.471194E-1	4.512774E+0	4.161360E+0
32.100000	3.395963E-1	4.477922E+0	4.088616E+0
32.200000	3.395963E-1	4.481149E+0	4.103667E+0
32.300000	3.471194E-1	4.435325E+0	4.076074E+0
32.400000	3.521347E-1	4.360457E+0	4.091125E+0
32.500000	3.521347E-1	4.226212E+0	3.837776E+0
32.600000	3.521347E-1	4.128110E+0	3.777574E+0
32.700000	3.471194E-1	4.065505E+0	3.822726E+0
32.800000	3.395963E-1	3.991929E+0	3.827742E+0
32.900000	3.521347E-1	3.926097E+0	3.719881E+0
33.000000	3.446117E-1	3.884145E+0	3.654663E+0
33.100000	3.471194E-1	3.864137E+0	3.692289E+0
33.200000	3.446117E-1	3.843484E+0	3.639612E+0
33.300000	3.395963E-1	3.811214E+0	3.652154E+0
33.400000	3.471194E-1	3.775716E+0	3.672221E+0
33.500000	3.421040E-1	3.718275E+0	3.481583E+0
33.600000	3.421040E-1	3.669869E+0	3.556835E+0
33.700000	3.471194E-1	3.631790E+0	3.474057E+0
33.800000	3.471194E-1	3.564022E+0	3.426398E+0
33.900000	3.471194E-1	3.532397E+0	3.396297E+0
34.000000	3.471194E-1	3.500126E+0	3.559343E+0
34.100000	3.395963E-1	3.474310E+0	3.448973E+0
34.200000	3.521347E-1	3.447848E+0	3.388772E+0
34.300000	3.421040E-1	3.406542E+0	3.433923E+0
34.400000	3.446117E-1	3.344583E+0	3.459007E+0
34.500000	3.521347E-1	3.271006E+0	3.273385E+0
34.600000	3.395963E-1	3.195493E+0	3.120373E+0
34.700000	3.521347E-1	3.140633E+0	3.208167E+0
34.800000	3.446117E-1	3.070929E+0	2.979902E+0
34.900000	3.521347E-1	2.998643E+0	2.899633E+0
35.000000	3.446117E-1	2.938620E+0	2.834415E+0
35.100000	3.471194E-1	2.912804E+0	2.854482E+0
35.200000	3.446117E-1	2.912158E+0	2.721536E+0
35.300000	3.471194E-1	2.899250E+0	2.836923E+0
35.400000	3.446117E-1	2.881179E+0	2.678894E+0
35.500000	3.395963E-1	2.861171E+0	2.841940E+0
35.600000	3.521347E-1	2.822447E+0	2.520864E+0
35.700000	3.471194E-1	2.778559E+0	2.410494E+0
35.800000	3.521347E-1	2.737252E+0	2.244940E+0
35.900000	3.521347E-1	2.699173E+0	2.137078E+0
36.000000	3.521347E-1	2.649477E+0	1.908814E+0
36.100000	3.446117E-1	2.601716E+0	1.479877E+0
36.200000	3.471194E-1	2.566864E+0	1.454793E+0
36.300000	3.471194E-1	2.548147E+0	1.065990E+0
36.400000	3.395963E-1	2.527494E+0	4.915656E-1
36.500000	3.471194E-1	2.517168E+0	7.398975E-1
36.600000	3.421040E-1	2.520395E+0	4.990908E-1
36.700000	3.496270E-1	2.518459E+0	4.915656E-1
36.800000	3.471194E-1	2.517168E+0	6.621370E-1
36.900000	3.521347E-1	2.518459E+0	5.216664E-1
37.000000	3.471194E-1	2.516522E+0	7.900656E-1
37.100000	3.521347E-1	2.518459E+0	7.022715E-1
37.200000	3.421040E-1	2.518459E+0	8.251833E-1
37.300000	3.395963E-1	2.520395E+0	6.119689E-1
37.400000	3.521347E-1	2.516522E+0	6.521034E-1
37.500000	3.471194E-1	2.517813E+0	6.019353E-1
37.600000	3.471194E-1	2.517813E+0	6.571202E-1
37.700000	3.471194E-1	2.519749E+0	6.370530E-1
37.800000	3.421040E-1	2.518459E+0	7.148135E-1
37.900000	3.446117E-1	2.520395E+0	6.596286E-1
38.000000	3.471194E-1	2.524913E+0	7.198303E-1
38.100000	3.421040E-1	2.541048E+0	6.721706E-1
38.200000	3.521347E-1	2.572673E+0	1.020839E+0
38.300000	3.446117E-1	2.601071E+0	1.219003E+0
38.400000	3.471194E-1	2.642377E+0	1.454793E+0
38.500000	3.471194E-1	2.679166E+0	1.723192E+0
38.600000	3.395963E-1	2.733380E+0	1.996608E+0
38.700000	3.471194E-1	2.810184E+0	2.603641E+0
38.800000	3.471194E-1	2.885051E+0	3.832759E+0
38.900000	3.421040E-1	2.935393E+0	3.433923E+0
39.000000	3.446117E-1	2.981217E+0	3.155490E+0
39.100000	3.521347E-1	3.068993E+0	3.541784E+0
39.200000	3.471194E-1	3.129661E+0	3.481583E+0
39.300000	3.471194E-1	3.213565E+0	3.581919E+0
39.400000	3.395963E-1	3.360073E+0	3.674730E+0
39.500000	3.521347E-1	3.474956E+0	4.206511E+0
39.600000	3.471194E-1	3.604037E+0	4.091125E+0
39.700000	3.521347E-1	3.736992E+0	4.351999E+0
39.800000	3.471194E-1	3.889954E+0	4.379591E+0
39.900000	3.521347E-1	4.060342E+0	4.522570E+0
40.000000	3.446117E-1	4.284944E+0	4.224070E+0
40.100000	3.471194E-1	4.455978E+0	4.447318E+0
40.200000	3.395963E-1	4.651537E+0	4.414709E+0
40.300000	3.521347E-1	4.870976E+0	4.050990E+0
40.400000	3.471194E-1	5.054918E+0	4.276747E+0
40.500000	3.471194E-1	5.059436E+0	4.103667E+0
40.600000	3.471194E-1	5.060081E+0	4.271730E+0
40.700000	3.471194E-1	5.058145E+0	4.118717E+0
40.800000	3.471194E-1	5.058790E+0	4.181427E+0
40.900000	3.521347E-1	5.058790E+0	4.133768E+0
41.000000	3.471194E-1	4.999413E+0	4.299322E+0
41.100000	3.521347E-1	4.738667E+0	4.131259E+0
41.200000	3.471194E-1	4.424998E+0	4.066041E+0
41.300000	3.395963E-1	4.108102E+0	4.254171E+0
41.400000	3.521347E-1	3.928678E+0	4.126242E+0
41.500000	3.521347E-1	3.756999E+0	4.013364E+0
41.600000	3.471194E-1	3.511744E+0	3.642121E+0
41.700000	3.521347E-1	3.282623E+0	3.371213E+0
41.800000	3.496270E-1	3.138052E+0	3.331078E+0
41.900000	3.471194E-1	3.031559E+0	2.962343E+0
42.000000	3.521347E-1	2.910222E+0	2.646284E+0
42.100000	3.471194E-1	2.804375E+0	2.656318E+0
42.200000	3.395963E-1	2.705627E+0	2.174704E+0
42.300000	3.395963E-1	2.646895E+0	1.816003E+0
42.400000	3.395963E-1	2.606234E+0	1.404624E+0
42.500000	3.446117E-1	2.587517E+0	1.537570E+0
42.600000	3.471194E-1	2.573318E+0	1.166326E+0
42.700000	3.471194E-1	2.549438E+0	1.063482E+0
42.800000	3.471194E-1	2.534594E+0	1.035889E+0
42.900000	3.421040E-1	2.523622E+0	5.266832E-1
43.000000	3.521347E-1	2.519104E+0	6.019353E-1
43.100000	3.521347E-1	2.516522E+0	6.420698E-1
43.200000	3.471194E-1	2.519104E+0	5.417336E-1
43.300000	3.446117E-1	2.517168E+0	5.693261E-1
43.400000	3.471194E-1	2.517168E+0	4.990908E-1
43.500000	3.471194E-1	2.519749E+0	4.514311E-1
43.600000	3.521347E-1	2.518459E+0	7.950824E-1
43.700000	3.395963E-1	2.518459E+0	4.112967E-1
43.800000	3.446117E-1	2.519104E+0	7.398975E-1
43.900000	3.521347E-1	2.517168E+0	6.621370E-1
44.000000	3.521347E-1	2.568155E+0	1.040906E+0
44.100000	3.496270E-1	2.658512E+0	1.713158E+0
44.200000	3.521347E-1	2.757906E+0	1.948948E+0
44.300000	3.521347E-1	2.914740E+0	3.865368E+0
44.400000	3.521347E-1	3.139988E+0	3.594461E+0
44.500000	3.446117E-1	3.360073E+0	4.053499E+0
44.600000	3.521347E-1	3.554986E+0	4.344474E+0
44.700000	3.471194E-1	3.791206E+0	3.797642E+0
44.800000	3.521347E-1	4.076477E+0	3.862860E+0
44.900000	3.395963E-1	4.257837E+0	3.647137E+0
45.000000	3.471194E-1	4.461141E+0	3.822726E+0
45.100000	3.471194E-1	4.667027E+0	3.988280E+0
45.200000	3.471194E-1	4.771583E+0	3.950654E+0
45.300000	3.521347E-1	4.905828E+0	3.990789E+0
45.400000	3.521347E-1	5.015548E+0	3.993297E+0
45.500000	3.471194E-1	5.053627E+0	3.953163E+0
45.600000	3.395963E-1	5.058790E+0	4.003331E+0
45.700000	3.446117E-1	5.034265E+0	4.043465E+0
45.800000	3.471194E-1	4.918091E+0	3.998314E+0
45.900000	3.471194E-1	4.674126E+0	3.968213E+0
46.000000	3.471194E-1	4.490185E+0	3.973230E+0
46.100000	3.471194E-1	4.339804E+0	3.862860E+0
46.200000	3.471194E-1	4.168125E+0	3.865368E+0
46.300000	3.395963E-1	3.904798E+0	3.652154E+0
46.400000	3.395963E-1	3.761517E+0	3.712356E+0
46.500000	3.446117E-1	3.684714E+0	3.682255E+0
46.600000	3.446117E-1	3.545305E+0	3.516700E+0
46.700000	3.446117E-1	3.250353E+0	3.085255E+0
46.800000	3.471194E-1	2.995416E+0	3.403822E+0
46.900000	3.521347E-1	2.818574E+0	3.386263E+0
47.000000	3.421040E-1	2.720472E+0	1.913830E+0
47.100000	3.395963E-1	2.662385E+0	1.760818E+0
47.200000	3.395963E-1	2.610752E+0	1.504961E+0
47.300000	3.395963E-1	2.573964E+0	1.153784E+0
47.400000	3.521347E-1	2.537176E+0	7.499311E-1
47.500000	3.471194E-1	2.517168E+0	3.084521E-1
47.600000	3.471194E-1	2.517168E+0	4.037714E-1
47.700000	3.521347E-1	2.519104E+0	5.342084E-1
47.800000	3.471194E-1	2.517168E+0	6.144774E-1
47.900000	3.471194E-1	2.521040E+0	4.087883E-1
48.000000	3.421040E-1	2.520395E+0	3.235025E-1
48.100000	3.446117E-1	2.520395E+0	5.367168E-1
48.200000	3.471194E-1	2.520395E+0	4.589563E-1
48.300000	3.395963E-1	2.520395E+0	6.019353E-1
48.400000	3.421040E-1	2.540403E+0	1.055956E+0
48.500000	3.521347E-1	2.614625E+0	1.489910E+0
48.600000	3.446117E-1	2.717890E+0	2.071860E+0
48.700000	3.446117E-1	2.879243E+0	3.857843E+0
48.800000	3.471194E-1	3.083192E+0	2.711503E+0
48.900000	3.521347E-1	3.252935E+0	2.902141E+0
49.000000	3.446117E-1	3.456884E+0	3.963196E+0
49.100000	3.471194E-1	3.573058E+0	3.709847E+0
49.200000	3.521347E-1	3.731829E+0	3.408839E+0
49.300000	3.471194E-1	3.937069E+0	3.867877E+0
49.400000	3.471194E-1	4.101003E+0	4.173902E+0
49.500000	3.395963E-1	4.333350E+0	4.030923E+0
49.600000	3.446117E-1	4.421771E+0	4.264205E+0
49.700000	3.395963E-1	4.525037E+0	4.394642E+0
49.800000	3.446117E-1	4.629593E+0	4.341965E+0
49.900000	3.395963E-1	4.718014E+0	4.271730E+0
50.000000	3.446117E-1	4.756739E+0	4.545146E+0
50.100000	3.395963E-1	4.812889E+0	4.424742E+0
50.200000	3.471194E-1	4.858068E+0	4.392133E+0
50.300000	3.521347E-1	4.861941E+0	4.008347E+0
50.400000	3.471194E-1	4.805790E+0	4.254171E+0
50.500000	3.395963E-1	4.614103E+0	4.098650E+0
50.600000	3.471194E-1	4.422417E+0	4.091125E+0
50.700000	3.521347E-1	4.233312E+0	4.412200E+0
50.800000	3.395963E-1	3.853165E+0	3.812692E+0
50.900000	3.395963E-1	3.728601E+0	3.897978E+0
51.000000	3.471194E-1	3.607910E+0	4.231595E+0
51.100000	3.471194E-1	3.451075E+0	3.817709E+0
51.200000	3.521347E-1	3.244544E+0	3.662188E+0
51.300000	3.446117E-1	3.019296E+0	3.506667E+0
51.400000	3.521347E-1	2.869561E+0	3.047629E+0
51.500000	3.421040E-1	2.793403E+0	3.338604E+0
51.600000	3.521347E-1	2.688847E+0	2.089419E+0
51.700000	3.521347E-1	2.655285E+0	1.708141E+0
51.800000	3.471194E-1	2.620433E+0	1.555129E+0
51.900000	3.446117E-1	2.588163E+0	1.572688E+0
52.000000	3.521347E-1	2.544275E+0	8.878933E-1
52.100000	3.446117E-1	2.521686E+0	6.119689E-1
52.200000	3.395963E-1	2.518459E+0	3.811958E-1
52.300000	3.471194E-1	2.517813E+0	3.887210E-1
52.400000	3.471194E-1	2.517813E+0	5.191580E-1
52.500000	3.521347E-1	2.519104E+0	3.510950E-1
52.600000	3.471194E-1	2.518459E+0	4.940740E-1
52.700000	3.521347E-1	2.517168E+0	5.241748E-1
52.800000	3.421040E-1	2.519749E+0	4.790236E-1
52.900000	3.471194E-1	2.519104E+0	5.066160E-1
53.000000	3.471194E-1	2.519749E+0	6.495950E-1
53.100000	3.446117E-1	2.517168E+0	5.392252E-1
53.200000	3.521347E-1	2.518459E+0	4.413975E-1
53.300000	3.471194E-1	2.531367E+0	5.116328E-1
53.400000	3.395963E-1	2.557829E+0	7.198303E-1
53.500000	3.471194E-1	2.588808E+0	1.076024E+0
53.600000	3.521347E-1	2.645604E+0	1.397099E+0
53.700000	3.395963E-1	2.688201E+0	1.502452E+0
53.800000	3.471194E-1	2.743061E+0	1.600280E+0
53.900000	3.471194E-1	2.849554E+0	2.202297E+0
54.000000	3.471194E-1	2.975409E+0	2.440595E+0
54.100000	3.521347E-1	3.093518E+0	2.673877E+0
54.200000	3.496270E-1	3.187748E+0	2.841940E+0
54.300000	3.471194E-1	3.254225E+0	2.999969E+0
54.400000	3.521347E-1	3.339420E+0	2.979902E+0
54.500000	3.471194E-1	3.403960E+0	3.077730E+0
54.600000	3.521347E-1	3.449785E+0	3.290944E+0
54.700000	3.471194E-1	3.471083E+0	3.270877E+0
54.800000	3.471194E-1	3.488509E+0	3.173049E+0
54.900000	3.471194E-1	3.490445E+0	3.321045E+0
55.000000	3.521347E-1	3.545951E+0	3.326062E+0
55.100000	3.446117E-1	3.605974E+0	3.406331E+0
55.200000	3.471194E-1	3.673742E+0	3.343620E+0
55.300000	3.471194E-1	3.721502E+0	3.283419E+0
55.400000	3.395963E-1	3.763454E+0	3.220709E+0
55.500000	3.471194E-1	3.774426E+0	3.341112E+0
55.600000	3.471194E-1	3.786043E+0	3.443957E+0
55.700000	3.471194E-1	3.827349E+0	3.466532E+0
55.800000	3.471194E-1	3.896408E+0	3.516700E+0
55.900000	3.521347E-1	3.942232E+0	3.504158E+0
56.000000	3.395963E-1	4.022908E+0	3.544293E+0
56.100000	3.471194E-1	4.082931E+0	3.644629E+0
56.200000	3.471194E-1	4.160380E+0	3.657171E+0
56.300000	3.471194E-1	4.191360E+0	3.672221E+0
56.400000	3.395963E-1	4.176516E+0	3.744965E+0
56.500000	3.471194E-1	4.155863E+0	3.724898E+0
56.600000	3.471194E-1	4.179743E+0	3.667205E+0
56.700000	3.446117E-1	4.245574E+0	3.805167E+0
56.800000	3.395963E-1	4.295916E+0	3.722389E+0
56.900000	3.446117E-1	4.334641E+0	3.777574E+0
57.000000	3.496270E-1	4.397246E+0	3.867877E+0
57.100000	3.471194E-1	4.466950E+0	3.872894E+0
57.200000	3.446117E-1	4.517292E+0	3.837776E+0
57.300000	3.471194E-1	4.557953E+0	3.943129E+0
57.400000	3.395963E-1	4.570215E+0	3.872894E+0
57.500000	3.471194E-1	4.578606E+0	3.780083E+0
57.600000	3.471194E-1	4.577315E+0	3.905503E+0
57.700000	3.471194E-1	4.507611E+0	3.852826E+0
57.800000	3.471194E-1	4.375947E+0	3.875402E+0
57.900000	3.395963E-1	4.328832E+0	3.767541E+0
58.000000	3.446117E-1	4.342386E+0	3.815200E+0
58.100000	3.421040E-1	4.301080E+0	3.737440E+0
58.200000	3.395963E-1	4.254610E+0	3.765032E+0
58.300000	3.471194E-1	4.167480E+0	3.792625E+0
58.400000	3.471194E-1	4.012582E+0	3.727406E+0
58.500000	3.471194E-1	3.829285E+0	3.632087E+0
58.600000	3.421040E-1	3.662770E+0	3.622053E+0
58.700000	3.471194E-1	3.505290E+0	3.506667E+0
58.800000	3.471194E-1	3.374272E+0	3.376230E+0
58.900000	3.471194E-1	3.235509E+0	3.102814E+0
59.000000	3.471194E-1	3.083192E+0	2.954818E+0
59.100000	3.395963E-1	2.945720E+0	2.555982E+0
59.200000	3.471194E-1	2.826319E+0	2.335242E+0
59.300000	3.446117E-1	2.755969E+0	2.091927E+0
59.400000	3.395963E-1	2.708209E+0	2.104469E+0
59.500000	3.471194E-1	2.680456E+0	1.728209E+0
59.600000	3.521347E-1	2.655285E+0	1.630381E+0
59.700000	3.471194E-1	2.619143E+0	1.389574E+0
59.800000	3.395963E-1	2.581709E+0	1.068498E+0
59.900000	3.395963E-1	2.544275E+0	7.323723E-1
60.000000	3.446117E-1	2.520395E+0	4.037714E-1
60.100000	3.521347E-1	2.517168E+0	6.796958E-1
60.200000	3.395963E-1	2.518459E+0	5.492589E-1
60.300000	3.395963E-1	2.518459E+0	5.969185E-1
60.400000	3.471194E-1	2.516522E+0	6.320362E-1
60.500000	3.395963E-1	2.518459E+0	6.119689E-1
60.600000	3.471194E-1	2.517168E+0	6.947463E-1
60.700000	3.521347E-1	2.517813E+0	6.420698E-1
60.800000	3.471194E-1	2.517813E+0	5.542757E-1
60.900000	3.395963E-1	2.518459E+0	5.618009E-1
61.000000	3.546424E-1	2.517168E+0	5.041076E-1
61.100000	3.471194E-1	2.518459E+0	5.893933E-1
61.200000	3.395963E-1	2.560410E+0	6.621370E-1
61.300000	3.471194E-1	2.583645E+0	1.387066E+0
61.400000	3.395963E-1	2.675939E+0	1.675532E+0
61.500000	3.395963E-1	2.825028E+0	3.461515E+0
61.600000	3.471194E-1	2.949592E+0	3.531751E+0
61.700000	3.496270E-1	3.093518E+0	3.765032E+0
61.800000	3.446117E-1	3.247126E+0	3.682255E+0
61.900000	3.471194E-1	3.358136E+0	4.204003E+0
62.000000	3.471194E-1	3.513680E+0	3.333587E+0
62.100000	3.395963E-1	3.700849E+0	3.474057E+0
62.200000	3.471194E-1	3.904798E+0	3.491616E+0
62.300000	3.471194E-1	4.024199E+0	3.561852E+0
62.400000	3.521347E-1	4.114556E+0	3.609511E+0
62.500000	3.471194E-1	4.230730E+0	3.549310E+0
62.600000	3.446117E-1	4.293980E+0	3.637104E+0
62.700000	3.471194E-1	4.321087E+0	3.674730E+0
62.800000	3.471194E-1	4.303661E+0	3.770049E+0
62.900000	3.395963E-1	4.308179E+0	3.739948E+0
63.000000	3.395963E-1	4.296562E+0	3.772558E+0
63.100000	3.471194E-1	4.277200E+0	3.754999E+0
63.200000	3.521347E-1	4.259773E+0	3.734931E+0
63.300000	3.471194E-1	4.275263E+0	3.787608E+0
63.400000	3.521347E-1	4.283654E+0	3.765032E+0
63.500000	3.471194E-1	4.297853E+0	3.815200E+0
63.600000	3.521347E-1	4.287526E+0	3.805167E+0
63.700000	3.446117E-1	4.265582E+0	3.757507E+0
63.800000	3.446117E-1	4.182324E+0	3.709847E+0
63.900000	3.446117E-1	4.029362E+0	3.614528E+0
64.000000	3.521347E-1	3.883500E+0	3.519209E+0
64.100000	3.471194E-1	3.824767E+0	3.323553E+0
64.200000	3.521347E-1	3.794433E+0	3.270877E+0
64.300000	3.471194E-1	3.825413E+0	3.386263E+0
64.400000	3.471194E-1	3.853811E+0	3.554326E+0
64.500000	3.395963E-1	3.797015E+0	3.536768E+0
64.600000	3.471194E-1	3.770553E+0	3.556835E+0
64.700000	3.471194E-1	3.715048E+0	3.551818E+0
64.800000	3.471194E-1	3.742800E+0	3.544293E+0
64.900000	3.471194E-1	3.760872E+0	3.501650E+0
65.000000	3.446117E-1	3.797015E+0	3.441448E+0
65.100000	3.395963E-1	3.886081E+0	3.418873E+0
65.200000	3.471194E-1	3.957722E+0	3.617036E+0
65.300000	3.446117E-1	3.995801E+0	3.569377E+0
65.400000	3.395963E-1	4.116493E+0	3.659679E+0
65.500000	3.395963E-1	4.169416E+0	3.709847E+0
65.600000	3.446117E-1	4.241057E+0	3.579410E+0
65.700000	3.395963E-1	4.306888E+0	3.737440E+0
65.800000	3.471194E-1	4.370139E+0	3.684763E+0
65.900000	3.521347E-1	4.399827E+0	3.664696E+0
66.000000	3.395963E-1	4.311406E+0	3.754999E+0
66.100000	3.421040E-1	4.281072E+0	3.729915E+0
66.200000	3.446117E-1	4.326251E+0	3.712356E+0
66.300000	3.395963E-1	4.403700E+0	3.802658E+0
66.400000	3.395963E-1	4.423062E+0	3.757507E+0
66.500000	3.395963E-1	4.435325E+0	3.692289E+0
66.600000	3.521347E-1	4.441779E+0	3.830251E+0
66.700000	3.446117E-1	4.479213E+0	3.857843E+0
66.800000	3.446117E-1	4.502447E+0	3.880419E+0
66.900000	3.395963E-1	4.501157E+0	3.830251E+0
67.000000	3.496270E-1	4.532782E+0	3.880419E+0
67.100000	3.446117E-1	4.570215E+0	3.830251E+0
67.200000	3.446117E-1	4.550853E+0	3.875402E+0
67.300000	3.521347E-1	4.466305E+0	3.817709E+0
67.400000	3.471194E-1	4.414026E+0	3.900486E+0
67.500000	3.471194E-1	4.361748E+0	3.900486E+0
67.600000	3.471194E-1	4.095839E+0	3.867877E+0
67.700000	3.446117E-1	3.956431E+0	3.627070E+0
67.800000	3.471194E-1	3.921579E+0	3.556835E+0
67.900000	3.471194E-1	3.651798E+0	3.443957E+0
68.000000	3.446117E-1	3.207111E+0	2.806822E+0
68.100000	3.446117E-1	2.908286E+0	2.553473E+0
68.200000	3.471194E-1	2.807602E+0	2.119520E+0
68.300000	3.395963E-1	2.727571E+0	1.670515E+0
68.400000	3.471194E-1	2.655285E+0	1.514994E+0
68.500000	3.521347E-1	2.605589E+0	1.246595E+0
68.600000	3.471194E-1	2.561056E+0	7.223387E-1
68.700000	3.446117E-1	2.523622E+0	5.392252E-1
68.800000	3.521347E-1	2.516522E+0	4.564479E-1
68.900000	3.521347E-1	2.518459E+0	4.990908E-1
69.000000	3.471194E-1	2.519104E+0	8.076244E-1
69.100000	3.521347E-1	2.517813E+0	6.320362E-1
69.200000	3.471194E-1	2.517168E+0	6.345446E-1
69.300000	3.395963E-1	2.519104E+0	6.395614E-1
69.400000	3.471194E-1	2.516522E+0	6.220026E-1
69.500000	3.421040E-1	2.520395E+0	6.295278E-1
69.600000	3.446117E-1	2.519749E+0	7.173219E-1
69.700000	3.471194E-1	2.517168E+0	4.815320E-1
69.800000	3.521347E-1	2.519104E+0	5.542757E-1
69.900000	3.521347E-1	2.516522E+0	5.266832E-1
70.000000	3.471194E-1	2.521686E+0	7.173219E-1
70.100000	3.521347E-1	2.537176E+0	6.947463E-1
70.200000	3.521347E-1	2.566864E+0	6.972547E-1
70.300000	3.421040E-1	2.681747E+0	1.479877E+0
70.400000	3.521347E-1	2.841809E+0	3.619545E+0
70.500000	3.395963E-1	3.031559E+0	3.632087E+0
70.600000	3.395963E-1	3.190330E+0	3.308503E+0
70.700000	3.395963E-1	3.316185E+0	3.539276E+0
70.800000	3.395963E-1	3.429131E+0	3.313520E+0
70.900000	3.521347E-1	3.566604E+0	3.471549E+0
71.000000	3.471194E-1	3.659543E+0	3.591952E+0
71.100000	3.395963E-1	3.764744E+0	3.411347E+0
71.200000	3.471194E-1	3.887372E+0	3.689780E+0
71.300000	3.395963E-1	4.004837E+0	3.549310E+0
71.400000	3.471194E-1	4.095839E+0	3.737440E+0
71.500000	3.521347E-1	4.200396E+0	3.629578E+0
71.600000	3.446117E-1	4.278490E+0	3.697305E+0
71.700000	3.395963E-1	4.328187E+0	3.719881E+0
71.800000	3.395963E-1	4.346904E+0	3.890452E+0
71.900000	3.446117E-1	4.357876E+0	3.787608E+0
72.000000	3.521347E-1	4.370784E+0	3.702322E+0
72.100000	3.471194E-1	4.426289E+0	3.692289E+0
72.200000	3.446117E-1	4.470177E+0	3.749982E+0
72.300000	3.471194E-1	4.506320E+0	3.787608E+0
72.400000	3.446117E-1	4.508902E+0	3.797642E+0
72.500000	3.395963E-1	4.449524E+0	3.707339E+0
72.600000	3.496270E-1	4.354003E+0	3.890452E+0
72.700000	3.471194E-1	4.314633E+0	3.822726E+0
72.800000	3.471194E-1	4.223631E+0	3.855335E+0
72.900000	3.395963E-1	4.292044E+0	3.702322E+0
73.000000	3.446117E-1	4.356585E+0	3.724898E+0
73.100000	3.471194E-1	4.359167E+0	3.644629E+0
73.200000	3.471194E-1	4.332705E+0	3.767541E+0
73.300000	3.370886E-1	4.347549E+0	3.757507E+0
73.400000	3.446117E-1	4.362394E+0	3.822726E+0
73.500000	3.446117E-1	4.369493E+0	3.732423E+0
73.600000	3.496270E-1	4.356585E+0	3.717373E+0
73.700000	3.446117E-1	4.317215E+0	3.792625E+0
73.800000	3.496270E-1	4.289462E+0	3.684763E+0
73.900000	3.471194E-1	4.247511E+0	3.800150E+0
74.000000	3.471194E-1	4.150054E+0	3.652154E+0
74.100000	3.471194E-1	4.034526E+0	3.890452E+0
74.200000	3.471194E-1	3.899635E+0	3.464024E+0
74.300000	3.471194E-1	3.716984E+0	3.461515E+0
74.400000	3.395963E-1	3.569185E+0	3.451482E+0
74.500000	3.421040E-1	3.483346E+0	3.100305E+0
74.600000	3.471194E-1	3.399443E+0	3.165524E+0
74.700000	3.471194E-1	3.423968E+0	3.195625E+0
74.800000	3.471194E-1	3.440749E+0	3.203150E+0
74.900000	3.421040E-1	3.460111E+0	3.331078E+0
75.000000	3.471194E-1	3.492382E+0	3.446465E+0
75.100000	3.521347E-1	3.494963E+0	3.361179E+0
75.200000	3.395963E-1	3.545951E+0	3.331078E+0
75.300000	3.446117E-1	3.656316E+0	3.596969E+0
75.400000	3.521347E-1	3.833803E+0	3.421381E+0
75.500000	3.395963E-1	3.940296E+0	3.501650E+0
75.600000	3.471194E-1	4.005482E+0	3.466532E+0
75.700000	3.471194E-1	4.059051E+0	3.536768E+0
75.800000	3.471194E-1	3.999028E+0	3.491616E+0
75.900000	3.521347E-1	3.808632E+0	3.479074E+0
76.000000	3.471194E-1	3.385244E+0	3.130406E+0
76.100000	3.521347E-1	2.931521E+0	2.450629E+0
76.200000	3.446117E-1	2.717890E+0	1.572688E+0
76.300000	3.471194E-1	2.638505E+0	1.457301E+0
76.400000	3.471194E-1	2.587517E+0	1.143751E+0
76.500000	3.395963E-1	2.598489E+0	1.369507E+0
76.600000	3.395963E-1	2.618497E+0	1.344423E+0
76.700000	3.521347E-1	2.598489E+0	1.078532E+0
76.800000	3.471194E-1	2.544920E+0	7.875572E-1
76.900000	3.471194E-1	2.521686E+0	5.291916E-1
77.000000	3.471194E-1	2.518459E+0	6.420698E-1
77.100000	3.471194E-1	2.516522E+0	5.969185E-1
77.200000	3.521347E-1	2.518459E+0	4.915656E-1
77.300000	3.521347E-1	2.518459E+0	7.649816E-1
77.400000	3.471194E-1	2.519104E+0	8.603009E-1
77.500000	3.521347E-1	2.517813E+0	4.589563E-1
77.600000	3.471194E-1	2.518459E+0	4.413975E-1
77.700000	3.471194E-1	2.517168E+0	6.420698E-1
77.800000	3.395963E-1	2.520395E+0	5.492589E-1
77.900000	3.395963E-1	2.559119E+0	9.405698E-1
78.000000	3.446117E-1	2.712081E+0	1.753293E+0
78.100000	3.471194E-1	3.058021E+0	2.483238E+0
78.200000	3.521347E-1	3.500126E+0	3.326062E+0
78.300000	3.471194E-1	3.972566E+0	3.486599E+0
78.400000	3.446117E-1	4.203623E+0	3.692289E+0
78.500000	3.446117E-1	4.412736E+0	3.692289E+0
78.600000	3.446117E-1	4.248802E+0	3.652154E+0
78.700000	3.521347E-1	3.547241E+0	3.235759E+0
78.800000	3.471194E-1	2.962500E+0	2.533406E+0
78.900000	3.471194E-1	2.677875E+0	1.542587E+0
79.000000	3.521347E-1	2.573318E+0	8.753513E-1
79.100000	3.521347E-1	2.518459E+0	7.323723E-1
79.200000	3.446117E-1	2.519104E+0	5.342084E-1
79.300000	3.395963E-1	2.518459E+0	6.596286E-1
79.400000	3.395963E-1	2.578482E+0	1.028364E+0
79.500000	3.521347E-1	2.872788E+0	2.385410E+0
79.600000	3.446117E-1	3.675032E+0	3.168032E+0
79.700000	3.471194E-1	4.254610E+0	3.815200E+0
79.800000	3.521347E-1	4.829670E+0	4.158852E+0
79.900000	3.521347E-1	4.976178E+0	4.372066E+0
80.000000	3.421040E-1	4.637338E+0	4.143801E+0
80.100000	3.471194E-1	3.799596E+0	3.561852E+0
80.200000	3.521347E-1	3.056730E+0	3.341112E+0
80.300000	3.496270E-1	2.652058E+0	1.281713E+0
80.400000	3.471194E-1	2.517168E+0	3.686538E-1
80.500000	3.471194E-1	2.517813E+0	3.811958E-1
80.600000	3.471194E-1	2.517813E+0	4.740067E-1
80.700000	3.395963E-1	2.519104E+0	4.890572E-1
80.800000	3.471194E-1	2.520395E+0	4.890572E-1
80.900000	3.446117E-1	2.519749E+0	4.539395E-1
81.000000	3.471194E-1	2.524267E+0	6.345446E-1
81.100000	3.421040E-1	2.757906E+0	1.765835E+0
81.200000	3.471194E-1	3.489155E+0	3.160507E+0
81.300000	3.471194E-1	4.297853E+0	3.624562E+0
81.400000	3.471194E-1	5.011676E+0	3.845301E+0
81.500000	3.471194E-1	5.056854E+0	3.925570E+0
81.600000	3.395963E-1	5.050400E+0	3.862860E+0
81.700000	3.471194E-1	3.817668E+0	3.413856E+0
81.800000	3.395963E-1	2.925067E+0	2.555982E+0
81.900000	3.521347E-1	2.521686E+0	6.546118E-1
82.000000	3.395963E-1	2.518459E+0	4.514311E-1
82.100000	3.471194E-1	2.519749E+0	4.915656E-1
82.200000	3.446117E-1	2.518459E+0	5.693261E-1
82.300000	3.421040E-1	2.519104E+0	3.862126E-1
82.400000	3.446117E-1	2.518459E+0	3.561118E-1
82.500000	3.471194E-1	2.519749E+0	4.564479E-1
82.600000	3.521347E-1	2.517168E+0	5.643093E-1
82.700000	3.471194E-1	2.572673E+0	7.047799E-1
82.800000	3.421040E-1	2.841163E+0	2.129553E+0
82.900000	3.521347E-1	3.413642E+0	3.087763E+0
83.000000	3.446117E-1	3.621463E+0	3.152982E+0
83.100000	3.471194E-1	3.309085E+0	2.877057E+0
83.200000	3.521347E-1	2.763714E+0	1.886238E+0
83.300000	3.471194E-1	2.559765E+0	6.194942E-1
83.400000	3.471194E-1	2.518459E+0	6.822042E-1
83.500000	3.521347E-1	2.518459E+0	6.019353E-1
83.600000	3.471194E-1	2.520395E+0	6.194942E-1
83.700000	3.471194E-1	2.519104E+0	4.639731E-1
83.800000	3.471194E-1	2.517168E+0	5.893933E-1
83.900000	3.521347E-1	2.517168E+0	3.310277E-1
84.000000	3.471194E-1	2.517168E+0	4.037714E-1
84.100000	3.395963E-1	2.599135E+0	9.531118E-1
84.200000	3.421040E-1	2.925067E+0	2.114503E+0
84.300000	3.521347E-1	3.470438E+0	2.862007E+0
84.400000	3.395963E-1	3.425904E+0	3.140440E+0
84.500000	3.446117E-1	2.815347E+0	1.487402E+0
84.600000	3.471194E-1	2.521040E+0	3.385530E-1
84.700000	3.471194E-1	2.517813E+0	4.464143E-1
84.800000	3.496270E-1	2.517168E+0	3.987546E-1
84.900000	3.521347E-1	2.517168E+0	4.413975E-1
85.000000	3.471194E-1	2.520395E+0	3.184857E-1
85.100000	3.521347E-1	2.548793E+0	8.527757E-1
85.200000	3.446117E-1	2.790176E+0	2.117011E+0
85.300000	3.471194E-1	3.354909E+0	3.391280E+0
85.400000	3.471194E-1	3.675678E+0	3.371213E+0
85.500000	3.421040E-1	3.466565E+0	3.328570E+0
85.600000	3.395963E-1	2.749515E+0	1.901288E+0
85.700000	3.395963E-1	2.519749E+0	3.536034E-1
85.800000	3.471194E-1	2.521040E+0	6.245110E-1
85.900000	3.471194E-1	2.519104E+0	3.285193E-1
86.000000	3.421040E-1	2.518459E+0	3.912294E-1
86.100000	3.471194E-1	2.516522E+0	4.890572E-1
86.200000	3.471194E-1	2.518459E+0	6.445782E-1
86.300000	3.395963E-1	2.518459E+0	5.868849E-1
86.400000	3.471194E-1	2.546857E+0	6.822042E-1
86.500000	3.395963E-1	2.715954E+0	1.457301E+0
86.600000	3.395963E-1	3.063184E+0	2.658826E+0
86.700000	3.471194E-1	3.459466E+0	3.283419E+0
86.800000	3.471194E-1	3.791206E+0	3.260843E+0
86.900000	3.496270E-1	3.749255E+0	3.418873E+0
87.000000	3.395963E-1	3.157414E+0	2.631234E+0
87.100000	3.471194E-1	2.666903E+0	1.502452E+0
87.200000	3.471194E-1	2.518459E+0	3.887210E-1
87.300000	3.471194E-1	2.516522E+0	3.686538E-1
87.400000	3.446117E-1	2.519104E+0	4.288555E-1
87.500000	3.471194E-1	2.518459E+0	4.489227E-1
87.600000	3.471194E-1	2.518459E+0	4.112967E-1
87.700000	3.471194E-1	2.519104E+0	3.385530E-1
87.800000	3.395963E-1	2.518459E+0	3.385530E-1
87.900000	3.446117E-1	2.522331E+0	3.536034E-1
88.000000	3.471194E-1	2.526204E+0	3.586202E-1
88.100000	3.471194E-1	2.552020E+0	5.392252E-1
88.200000	3.471194E-1	2.699819E+0	1.532553E+0
88.300000	3.446117E-1	3.016069E+0	2.578557E+0
88.400000	3.521347E-1	3.297468E+0	3.037595E+0
88.500000	3.421040E-1	3.507871E+0	3.132915E+0
88.600000	3.421040E-1	3.611137E+0	3.361179E+0
88.700000	3.471194E-1	3.641471E+0	4.163868E+0
88.800000	3.446117E-1	3.685359E+0	3.877910E+0
88.900000	3.521347E-1	3.699558E+0	3.519209E+0
89.000000	3.521347E-1	3.711175E+0	3.775066E+0
89.100000	3.421040E-1	3.715693E+0	3.664696E+0
89.200000	3.521347E-1	3.737637E+0	3.882927E+0
89.300000	3.521347E-1	3.770553E+0	3.817709E+0
89.400000	3.521347E-1	3.789915E+0	3.925570E+0
89.500000	3.471194E-1	3.809923E+0	3.905503E+0
89.600000	3.395963E-1	3.820250E+0	3.985772E+0
89.700000	3.395963E-1	3.813150E+0	3.902994E+0
89.800000	3.471194E-1	3.842194E+0	3.619545E+0
89.900000	3.395963E-1	3.829931E+0	3.584427E+0
90.000000	3.521347E-1	3.676323E+0	3.589444E+0
90.100000	3.395963E-1	3.465920E+0	3.323553E+0
90.200000	3.521347E-1	3.386534E+0	3.629578E+0
90.300000	3.471194E-1	3.244544E+0	3.612020E+0
90.400000	3.446117E-1	3.123207E+0	3.910520E+0
90.500000	3.446117E-1	3.009615E+0	3.190608E+0
90.600000	3.471194E-1	2.875370E+0	2.573541E+0
90.700000	3.471194E-1	2.755324E+0	2.545948E+0
90.800000	3.446117E-1	2.707564E+0	2.086910E+0
90.900000	3.471194E-1	2.655285E+0	1.725700E+0
91.000000	3.446117E-1	2.600426E+0	1.344423E+0
91.100000	3.496270E-1	2.546857E+0	1.063482E+0
91.200000	3.395963E-1	2.521686E+0	3.887210E-1
91.300000	3.446117E-1	2.518459E+0	3.736706E-1
91.400000	3.471194E-1	2.520395E+0	3.209941E-1
91.500000	3.395963E-1	2.519104E+0	4.489227E-1
91.600000	3.521347E-1	2.519104E+0	3.937378E-1
91.700000	3.395963E-1	2.518459E+0	3.385530E-1
91.800000	3.395963E-1	2.517168E+0	4.589563E-1
91.900000	3.521347E-1	2.530076E+0	4.313639E-1
92.000000	3.421040E-1	2.545566E+0	7.348807E-1
92.100000	3.496270E-1	2.637859E+0	1.512486E+0
92.200000	3.521347E-1	2.765650E+0	3.017528E+0
92.300000	3.496270E-1	2.872788E+0	3.571885E+0
92.400000	3.521347E-1	3.025751E+0	4.271730E+0
92.500000	3.521347E-1	3.203238E+0	4.008347E+0
92.600000	3.471194E-1	3.338129E+0	3.857843E+0
92.700000	3.521347E-1	3.429131E+0	4.379591E+0
92.800000	3.471194E-1	3.522716E+0	4.454843E+0
92.900000	3.471194E-1	3.631145E+0	4.387116E+0
93.000000	3.521347E-1	3.689231E+0	4.191461E+0
93.100000	3.521347E-1	3.746028E+0	4.083600E+0
93.200000	3.395963E-1	3.822186E+0	3.897978E+0
93.300000	3.471194E-1	3.827995E+0	3.501650E+0
93.400000	3.446117E-1	3.829285E+0	3.777574E+0
93.500000	3.471194E-1	3.837030E+0	3.963196E+0
93.600000	3.521347E-1	3.824767E+0	3.459007E+0
93.700000	3.446117E-1	3.827995E+0	3.456499E+0
93.800000	3.471194E-1	3.847357E+0	3.526734E+0
93.900000	3.496270E-1	3.858329E+0	3.601986E+0
94.000000	3.521347E-1	3.856393E+0	3.704831E+0
94.100000	3.521347E-1	3.843484E+0	3.667205E+0
94.200000	3.471194E-1	3.831222E+0	3.609511E+0
94.300000	3.395963E-1	3.753127E+0	3.531751E+0
94.400000	3.521347E-1	3.611137E+0	3.438940E+0
94.500000	3.471194E-1	3.425904E+0	3.484091E+0
94.600000	3.471194E-1	3.219373E+0	3.170541E+0
94.700000	3.521347E-1	3.043177E+0	2.739095E+0
94.800000	3.446117E-1	2.892796E+0	2.962343E+0
94.900000	3.521347E-1	2.786949E+0	2.295108E+0
95.000000	3.521347E-1	2.723699E+0	1.630381E+0
95.100000	3.446117E-1	2.650122E+0	1.673024E+0
95.200000	3.471194E-1	2.555892E+0	8.352169E-1
95.300000	3.395963E-1	2.519104E+0	2.959101E-1
95.400000	3.395963E-1	2.521040E+0	5.216664E-1
95.500000	3.521347E-1	2.517168E+0	5.517673E-1
95.600000	3.521347E-1	2.518459E+0	4.664815E-1
95.700000	3.395963E-1	2.518459E+0	4.564479E-1
95.800000	3.395963E-1	2.518459E+0	3.385530E-1
95.900000	3.521347E-1	2.554602E+0	1.088566E+0
96.000000	3.471194E-1	2.663030E+0	1.647940E+0
96.100000	3.471194E-1	2.904414E+0	3.659679E+0
96.200000	3.471194E-1	3.141924E+0	3.742457E+0
96.300000	3.521347E-1	3.383953E+0	3.652154E+0
96.400000	3.446117E-1	3.533042E+0	3.642121E+0
96.500000	3.395963E-1	3.647280E+0	4.244137E+0
96.600000	3.446117E-1	3.686650E+0	4.414709E+0
96.700000	3.471194E-1	3.651798E+0	4.439793E+0
96.800000	3.421040E-1	3.595647E+0	4.341965E+0
96.900000	3.471194E-1	3.554986E+0	3.867877E+0
97.000000	3.471194E-1	3.485927E+0	3.754999E+0
97.100000	3.421040E-1	3.402024E+0	3.938112E+0
97.200000	3.446117E-1	3.330384E+0	3.300978E+0
97.300000	3.471194E-1	3.274233E+0	3.255826E+0
97.400000	3.471194E-1	3.215501E+0	3.190608E+0
97.500000	3.395963E-1	3.174840E+0	3.052646E+0
97.600000	3.471194E-1	3.164514E+0	3.441448E+0
97.700000	3.521347E-1	3.167741E+0	3.356163E+0
97.800000	3.446117E-1	3.173549E+0	3.443957E+0
97.900000	3.471194E-1	3.185167E+0	3.160507E+0
98.000000	3.546424E-1	3.174195E+0	3.067696E+0
98.100000	3.471194E-1	3.168386E+0	3.085255E+0
98.200000	3.496270E-1	3.174195E+0	3.037595E+0
98.300000	3.521347E-1	3.190975E+0	3.135423E+0
98.400000	3.446117E-1	3.207111E+0	3.223217E+0
98.500000	3.471194E-1	3.223891E+0	3.381247E+0
98.600000	3.471194E-1	3.226473E+0	3.290944E+0
98.700000	3.395963E-1	3.229054E+0	3.401314E+0
98.800000	3.395963E-1	3.218728E+0	3.408839E+0
98.900000	3.471194E-1	3.200011E+0	3.288436E+0
99.000000	3.395963E-1	3.169677E+0	3.649646E+0
99.100000	3.421040E-1	3.150315E+0	3.579410E+0
99.200000	3.471194E-1	3.177422E+0	3.607003E+0
99.300000	3.471194E-1	3.227764E+0	3.617036E+0
99.400000	3.395963E-1	3.274233E+0	3.529242E+0
99.500000	3.471194E-1	3.301340E+0	3.386263E+0
99.600000	3.395963E-1	3.356846E+0	3.933095E+0
99.700000	3.471194E-1	3.402024E+0	4.244137E+0
99.800000	3.496270E-1	3.434295E+0	4.138784E+0
99.900000	3.395963E-1	3.479473E+0	4.289289E+0
100.000000	3.446117E-1	3.575639E+0	3.983263E+0
100.100000	3.446117E-1	3.622754E+0	4.351999E+0
100.200000	3.446117E-1	3.664706E+0	4.211528E+0
100.300000	3.471194E-1	3.722147E+0	4.346982E+0
100.400000	3.395963E-1	3.769262E+0	4.412200E+0
100.500000	3.471194E-1	3.836385E+0	4.459860E+0
100.600000	3.395963E-1	3.909316E+0	4.572738E+0
100.700000	3.521347E-1	4.000319E+0	4.522570E+0
100.800000	3.471194E-1	4.070668E+0	4.311864E+0
100.900000	3.496270E-1	4.119720E+0	4.261696E+0
101.000000	3.421040E-1	4.150699E+0	4.304339E+0
101.100000	3.446117E-1	4.179097E+0	4.362032E+0
101.200000	3.471194E-1	4.195878E+0	4.346982E+0
101.300000	3.471194E-1	4.257192E+0	4.449826E+0
101.400000	3.521347E-1	4.326896E+0	4.382100E+0
101.500000	3.395963E-1	4.430807E+0	4.397150E+0
101.600000	3.446117E-1	4.525682E+0	3.872894E+0
101.700000	3.471194E-1	4.550208E+0	4.269221E+0
101.800000	3.471194E-1	4.572152E+0	4.324406E+0
101.900000	3.521347E-1	4.588287E+0	3.938112E+0
102.000000	3.471194E-1	4.589578E+0	3.978247E+0
102.100000	3.471194E-1	4.591514E+0	4.344474E+0
102.200000	3.395963E-1	4.625721E+0	4.083600E+0
102.300000	3.395963E-1	4.642501E+0	4.093633E+0
102.400000	3.521347E-1	4.708333E+0	4.093633E+0
102.500000	3.521347E-1	4.651537E+0	4.166377E+0
102.600000	3.471194E-1	4.682517E+0	4.251663E+0
102.700000	3.521347E-1	4.647019E+0	4.444810E+0
102.800000	3.521347E-1	4.639920E+0	3.812692E+0
102.900000	3.521347E-1	4.638629E+0	3.637104E+0
103.000000	3.446117E-1	4.642501E+0	3.639612E+0
103.100000	3.521347E-1	4.650892E+0	3.820217E+0
103.200000	3.395963E-1	4.620557E+0	3.767541E+0
103.300000	3.521347E-1	4.597968E+0	3.752490E+0
103.400000	3.446117E-1	4.601841E+0	3.767541E+0
103.500000	3.446117E-1	4.623784E+0	3.820217E+0
103.600000	3.471194E-1	4.585705E+0	3.747473E+0
103.700000	3.395963E-1	4.615394E+0	3.790116E+0
103.800000	3.471194E-1	4.628302E+0	3.880419E+0
103.900000	3.471194E-1	4.664445E+0	3.734931E+0
104.000000	3.446117E-1	4.685098E+0	3.827742E+0
104.100000	3.471194E-1	4.609585E+0	3.857843E+0
104.200000	3.521347E-1	4.470177E+0	3.757507E+0
104.300000	3.395963E-1	4.359167E+0	3.734931E+0
104.400000	3.471194E-1	4.308825E+0	3.780083E+0
104.500000	3.395963E-1	4.304307E+0	3.762524E+0
104.600000	3.395963E-1	4.308179E+0	3.667205E+0
104.700000	3.446117E-1	4.379820E+0	3.624562E+0
104.800000	3.471194E-1	4.550853E+0	3.601986E+0
104.900000	3.471194E-1	4.637338E+0	3.729915E+0
105.000000	3.421040E-1	4.727695E+0	3.744965E+0
105.100000	3.395963E-1	4.772874E+0	3.744965E+0
105.200000	3.471194E-1	4.789009E+0	3.805167E+0
105.300000	3.521347E-1	4.796109E+0	3.935604E+0
105.400000	3.446117E-1	4.834833E+0	3.887944E+0
105.500000	3.395963E-1	4.847742E+0	3.782591E+0
105.600000	3.395963E-1	4.840642E+0	3.885436E+0
105.700000	3.395963E-1	4.858713E+0	3.963196E+0
105.800000	3.471194E-1	4.894211E+0	3.993297E+0
105.900000	3.471194E-1	4.908410E+0	3.837776E+0
106.000000	3.496270E-1	4.910346E+0	3.973230E+0
106.100000	3.421040E-1	4.943908E+0	3.963196E+0
106.200000	3.521347E-1	4.927127E+0	4.000822E+0
106.300000	3.521347E-1	4.924545E+0	3.908011E+0
106.400000	3.471194E-1	4.918737E+0	3.870385E+0
106.500000	3.446117E-1	4.934226E+0	3.955671E+0
106.600000	3.496270E-1	4.930354E+0	3.933095E+0
106.700000	3.521347E-1	4.939390E+0	3.990789E+0
106.800000	3.446117E-1	4.948425E+0	3.983263E+0
106.900000	3.471194E-1	4.980050E+0	3.882927E+0
107.000000	3.521347E-1	4.983278E+0	3.955671E+0
107.100000	3.395963E-1	4.999413E+0	3.802658E+0
107.200000	3.446117E-1	4.947780E+0	3.882927E+0
107.300000	3.395963E-1	4.972306E+0	3.870385E+0
107.400000	3.446117E-1	4.981341E+0	3.900486E+0
107.500000	3.471194E-1	5.001994E+0	3.963196E+0
107.600000	3.471194E-1	5.012321E+0	3.877910E+0
107.700000	3.521347E-1	4.965851E+0	3.938112E+0
107.800000	3.521347E-1	4.925191E+0	3.865368E+0
107.900000	3.471194E-1	4.893566E+0	3.870385E+0
108.000000	3.395963E-1	4.881303E+0	3.875402E+0
108.100000	3.395963E-1	4.870331E+0	3.938112E+0
108.200000	3.446117E-1	4.845160E+0	3.900486E+0
108.300000	3.521347E-1	4.828379E+0	3.953163E+0
108.400000	3.521347E-1	4.803208E+0	3.953163E+0
108.500000	3.446117E-1	4.688325E+0	3.965705E+0
108.600000	3.421040E-1	4.682517E+0	3.975738E+0
108.700000	3.395963E-1	4.712206E+0	3.950654E+0
108.800000	3.521347E-1	4.728341E+0	4.015873E+0
108.900000	3.521347E-1	4.774810E+0	3.940621E+0
109.000000	3.471194E-1	4.809017E+0	4.020889E+0
109.100000	3.471194E-1	4.852259E+0	3.923062E+0
109.200000	3.395963E-1	4.880012E+0	3.910520E+0
109.300000	3.395963E-1	4.851614E+0	3.960688E+0
109.400000	3.496270E-1	4.846451E+0	3.978247E+0
109.500000	3.446117E-1	4.860004E+0	3.953163E+0
109.600000	3.521347E-1	4.847742E+0	3.980755E+0
109.700000	3.471194E-1	4.854196E+0	3.990789E+0
109.800000	3.446117E-1	4.852905E+0	3.983263E+0
109.900000	3.395963E-1	4.839997E+0	3.985772E+0
110.000000	3.471194E-1	4.868395E+0	3.980755E+0
110.100000	3.395963E-1	4.873558E+0	3.943129E+0
110.200000	3.471194E-1	4.866458E+0	3.965705E+0
110.300000	3.421040E-1	4.876785E+0	4.013364E+0
110.400000	3.471194E-1	4.869685E+0	3.948146E+0
110.500000	3.395963E-1	4.876140E+0	3.973230E+0
110.600000	3.446117E-1	4.883239E+0	3.978247E+0
110.700000	3.471194E-1	4.897438E+0	3.993297E+0
110.800000	3.446117E-1	4.895502E+0	3.983263E+0
110.900000	3.521347E-1	4.891629E+0	3.990789E+0
111.000000	3.521347E-1	4.892920E+0	3.950654E+0
111.100000	3.521347E-1	4.879367E+0	3.973230E+0
111.200000	3.395963E-1	4.911637E+0	3.958179E+0
111.300000	3.471194E-1	4.856132E+0	3.953163E+0
111.400000	3.521347E-1	4.884530E+0	3.965705E+0
111.500000	3.471194E-1	4.874849E+0	3.965705E+0
111.600000	3.471194E-1	4.852259E+0	3.995805E+0
111.700000	3.471194E-1	4.854841E+0	3.963196E+0
111.800000	3.471194E-1	4.838060E+0	3.953163E+0
111.900000	3.395963E-1	4.796109E+0	3.953163E+0
112.000000	3.471194E-1	4.833543E+0	3.960688E+0
112.100000	3.395963E-1	4.900665E+0	3.993297E+0
112.200000	3.395963E-1	4.971660E+0	3.945637E+0
112.300000	3.521347E-1	5.056854E+0	3.963196E+0
112.400000	3.471194E-1	5.058145E+0	4.023398E+0
112.500000	3.446117E-1	5.058145E+0	4.030923E+0
112.600000	3.471194E-1	5.059436E+0	3.990789E+0
112.700000	3.421040E-1	5.060081E+0	3.988280E+0
112.800000	3.446117E-1	5.058145E+0	3.975738E+0
112.900000	3.471194E-1	5.056854E+0	4.013364E+0
113.000000	3.395963E-1	5.058790E+0	4.023398E+0
113.100000	3.521347E-1	5.055563E+0	4.033431E+0
113.200000	3.471194E-1	5.060081E+0	4.045973E+0
113.300000	3.446117E-1	5.032329E+0	4.063532E+0
113.400000	3.446117E-1	5.053627E+0	4.073566E+0
113.500000	3.471194E-1	5.035556E+0	4.063532E+0
113.600000	3.496270E-1	4.979405E+0	4.096142E+0
113.700000	3.521347E-1	4.922609E+0	4.063532E+0
113.800000	3.471194E-1	4.886466E+0	4.035940E+0
113.900000	3.521347E-1	4.807726E+0	4.015873E+0
114.000000	3.395963E-1	4.762547E+0	3.970721E+0
114.100000	3.521347E-1	4.677999E+0	3.980755E+0
114.200000	3.395963E-1	4.675417E+0	3.978247E+0
114.300000	3.521347E-1	4.728341E+0	4.005839E+0
114.400000	3.471194E-1	4.753512E+0	3.940621E+0
114.500000	3.471194E-1	4.732213E+0	3.938112E+0
114.600000	3.471194E-1	4.698652E+0	3.940621E+0
114.700000	3.446117E-1	4.667027E+0	3.830251E+0
114.800000	3.471194E-1	4.617330E+0	3.945637E+0
114.900000	3.471194E-1	4.574733E+0	3.953163E+0
115.000000	3.395963E-1	4.509547E+0	3.900486E+0
115.100000	3.471194E-1	4.433389E+0	3.913028E+0
115.200000	3.395963E-1	4.344322E+0	3.890452E+0
115.300000	3.471194E-1	4.335932E+0	3.918045E+0
115.400000	3.421040E-1	4.349485E+0	3.885436E+0
115.500000	3.395963E-1	4.315924E+0	3.857843E+0
115.600000	3.471194E-1	4.263001E+0	3.882927E+0
115.700000	3.471194E-1	4.182324E+0	3.862860E+0
115.800000	3.395963E-1	4.084868E+0	3.785100E+0
115.900000	3.446117E-1	3.959658E+0	3.739948E+0
116.000000	3.471194E-1	3.849938E+0	3.737440E+0
116.100000	3.521347E-1	3.788625E+0	3.704831E+0
116.200000	3.521347E-1	3.776362E+0	3.591952E+0
116.300000	3.471194E-1	3.781525E+0	3.664696E+0
116.400000	3.471194E-1	3.823477E+0	3.754999E+0
116.500000	3.395963E-1	3.860910E+0	3.732423E+0
116.600000	3.521347E-1	3.975148E+0	3.737440E+0
116.700000	3.521347E-1	4.101003E+0	3.790116E+0
116.800000	3.395963E-1	4.121010E+0	3.852826E+0
116.900000	3.521347E-1	4.093903E+0	3.749982E+0
117.000000	3.521347E-1	4.047434E+0	3.785100E+0
117.100000	3.471194E-1	3.993219E+0	3.777574E+0
117.200000	3.471194E-1	3.958367E+0	3.782591E+0
117.300000	3.521347E-1	3.993219E+0	3.797642E+0
117.400000	3.446117E-1	4.091322E+0	3.822726E+0
117.500000	3.521347E-1	4.093258E+0	3.850318E+0
117.600000	3.496270E-1	4.106811E+0	3.870385E+0
117.700000	3.496270E-1	4.234603E+0	3.855335E+0
117.800000	3.521347E-1	4.363039E+0	3.822726E+0
117.900000	3.521347E-1	4.381110E+0	3.825234E+0
118.000000	3.471194E-1	4.230085E+0	3.782591E+0
118.100000	3.496270E-1	4.107457E+0	3.802658E+0
118.200000	3.471194E-1	3.743446E+0	3.461515E+0
118.300000	3.521347E-1	3.128371E+0	2.994952E+0
118.400000	3.471194E-1	2.721763E+0	2.129553E+0
118.500000	3.471194E-1	2.521040E+0	4.740067E-1
118.600000	3.395963E-1	2.518459E+0	6.270194E-1
118.700000	3.421040E-1	2.520395E+0	5.392252E-1
118.800000	3.471194E-1	2.519104E+0	6.872211E-1
118.900000	3.446117E-1	2.519104E+0	5.592925E-1
119.000000	3.471194E-1	2.519104E+0	6.069521E-1
119.100000	3.496270E-1	2.519749E+0	8.026076E-1
119.200000	3.421040E-1	2.518459E+0	6.169858E-1
119.300000	3.496270E-1	2.520395E+0	4.313639E-1
119.400000	3.521347E-1	2.519104E+0	4.990908E-1
119.500000	3.446117E-1	2.519749E+0	8.904017E-1
119.600000	3.421040E-1	2.521040E+0	3.385530E-1
119.700000	3.446117E-1	2.521686E+0	4.514311E-1
119.800000	3.521347E-1	2.520395E+0	4.514311E-1
119.900000	3.395963E-1	2.522331E+0	5.417336E-1
120.000000	3.471194E-1	2.521686E+0	4.740067E-1

