0.000000	4.537477E+0	2.519104E+0	7.517057E-2
0.100000	3.471194E-1	2.516522E+0	6.513696E-2
0.200000	3.471194E-1	2.518459E+0	7.767898E-2
0.300000	3.471194E-1	2.519749E+0	6.764536E-2
0.400000	3.496270E-1	2.517168E+0	7.517057E-2
0.500000	3.471194E-1	2.520395E+0	7.015377E-2
0.600000	3.496270E-1	2.517813E+0	7.517057E-2
0.700000	3.521347E-1	2.516522E+0	7.266217E-2
0.800000	3.471194E-1	2.521040E+0	7.015377E-2
0.900000	3.421040E-1	2.518459E+0	7.015377E-2
1.000000	3.521347E-1	2.517813E+0	7.266217E-2
1.100000	3.421040E-1	2.519749E+0	7.015377E-2
1.200000	3.421040E-1	2.518459E+0	7.517057E-2
1.300000	3.471194E-1	2.520395E+0	7.517057E-2
1.400000	3.421040E-1	2.520395E+0	7.015377E-2
1.500000	3.446117E-1	2.517813E+0	7.517057E-2
1.600000	3.471194E-1	2.519749E+0	7.767898E-2
1.700000	3.496270E-1	2.520395E+0	7.266217E-2
1.800000	3.471194E-1	2.520395E+0	7.767898E-2
1.900000	3.471194E-1	2.518459E+0	7.767898E-2
2.000000	3.496270E-1	2.517813E+0	7.015377E-2
2.100000	3.546424E-1	2.519749E+0	7.266217E-2
2.200000	3.471194E-1	2.518459E+0	7.517057E-2
2.300000	3.395963E-1	2.526849E+0	8.520419E-2
2.400000	3.496270E-1	2.534594E+0	8.018738E-2
2.500000	3.521347E-1	2.559119E+0	1.905571E-1
2.600000	3.496270E-1	2.581709E+0	2.607924E-1
2.700000	3.471194E-1	2.627533E+0	2.708261E-1
2.800000	3.471194E-1	2.658512E+0	4.263471E-1
2.900000	3.395963E-1	2.712727E+0	4.990908E-1
3.000000	3.521347E-1	2.759196E+0	6.796958E-1
3.100000	3.496270E-1	2.833418E+0	9.255194E-1
3.200000	3.521347E-1	2.892151E+0	9.656539E-1
3.300000	3.546424E-1	2.952174E+0	1.081040E+0
3.400000	3.546424E-1	3.004452E+0	1.236561E+0
3.500000	3.471194E-1	3.066411E+0	1.249103E+0
3.600000	3.521347E-1	3.129661E+0	1.605297E+0
3.700000	3.395963E-1	3.186457E+0	1.527536E+0
3.800000	3.521347E-1	3.251644E+0	1.783393E+0
3.900000	3.471194E-1	3.314894E+0	1.662990E+0
4.000000	3.471194E-1	3.344583E+0	1.783393E+0
4.100000	3.471194E-1	3.364590E+0	1.693091E+0
4.200000	3.471194E-1	3.386534E+0	1.748276E+0
4.300000	3.521347E-1	3.412351E+0	1.745767E+0
4.400000	3.471194E-1	3.421387E+0	1.853629E+0
4.500000	3.521347E-1	3.414932E+0	1.823528E+0
4.600000	3.446117E-1	3.428486E+0	1.670515E+0
4.700000	3.421040E-1	3.438813E+0	1.838578E+0
4.800000	3.546424E-1	3.488509E+0	2.091927E+0
4.900000	3.471194E-1	3.533042E+0	1.966507E+0
5.000000	3.446117E-1	3.591775E+0	2.089419E+0
5.100000	3.521347E-1	3.622109E+0	2.212330E+0
5.200000	3.521347E-1	3.635017E+0	2.154637E+0
5.300000	3.395963E-1	3.633081E+0	2.094435E+0
5.400000	3.395963E-1	3.636953E+0	2.229889E+0
5.500000	3.496270E-1	3.642762E+0	2.257482E+0
5.600000	3.471194E-1	3.657606E+0	2.172196E+0
5.700000	3.471194E-1	3.675678E+0	2.209822E+0
5.800000	3.496270E-1	3.691813E+0	2.204805E+0
5.900000	3.496270E-1	3.714402E+0	2.189755E+0
6.000000	3.471194E-1	3.710530E+0	2.217347E+0
6.100000	3.471194E-1	3.704076E+0	2.287583E+0
6.200000	3.521347E-1	3.707303E+0	2.219856E+0
6.300000	3.471194E-1	3.713757E+0	2.377885E+0
6.400000	3.471194E-1	3.722147E+0	2.259990E+0
6.500000	3.395963E-1	3.727311E+0	2.204805E+0
6.600000	3.471194E-1	3.735701E+0	2.109486E+0
6.700000	3.546424E-1	3.754418E+0	2.117011E+0
6.800000	3.421040E-1	3.778943E+0	2.074368E+0
6.900000	3.395963E-1	3.788625E+0	2.217347E+0
7.000000	3.421040E-1	3.781525E+0	2.237414E+0
7.100000	3.471194E-1	3.791852E+0	2.340259E+0
7.200000	3.471194E-1	3.807987E+0	2.327717E+0
7.300000	3.471194E-1	3.833803E+0	2.335242E+0
7.400000	3.471194E-1	3.862201E+0	2.247448E+0
7.500000	3.471194E-1	3.889954E+0	2.227381E+0
7.600000	3.521347E-1	3.904153E+0	2.239923E+0
7.700000	3.421040E-1	3.913834E+0	2.337751E+0
7.800000	3.521347E-1	3.926097E+0	2.337751E+0
7.900000	3.471194E-1	3.953204E+0	2.262499E+0
8.000000	3.471194E-1	3.975148E+0	2.315175E+0
8.100000	3.496270E-1	3.995801E+0	2.337751E+0
8.200000	3.521347E-1	4.015809E+0	2.300125E+0
8.300000	3.471194E-1	4.045498E+0	2.390427E+0
8.400000	3.421040E-1	4.055824E+0	2.357818E+0
8.500000	3.471194E-1	4.060987E+0	2.465679E+0
8.600000	3.521347E-1	4.060342E+0	2.463171E+0
8.700000	3.421040E-1	4.078413E+0	2.560999E+0
8.800000	3.496270E-1	4.101648E+0	2.528389E+0
8.900000	3.521347E-1	4.122947E+0	2.530898E+0
9.000000	3.521347E-1	4.153281E+0	2.498288E+0
9.100000	3.471194E-1	4.156508E+0	2.558490E+0
9.200000	3.471194E-1	4.152635E+0	2.518356E+0
9.300000	3.421040E-1	4.155217E+0	2.545948E+0
9.400000	3.471194E-1	4.242347E+0	2.555982E+0
9.500000	3.521347E-1	4.303016E+0	2.581066E+0
9.600000	3.421040E-1	4.311406E+0	2.606150E+0
9.700000	3.521347E-1	4.339804E+0	2.616183E+0
9.800000	3.421040E-1	4.349485E+0	2.628725E+0
9.900000	3.395963E-1	4.350776E+0	2.583574E+0
10.000000	3.521347E-1	4.337223E+0	2.608658E+0
10.100000	3.471194E-1	4.357876E+0	2.671368E+0
10.200000	3.471194E-1	4.363684E+0	2.668860E+0
10.300000	3.521347E-1	4.341740E+0	2.618692E+0
10.400000	3.421040E-1	4.344322E+0	2.658826E+0
10.500000	3.496270E-1	4.379174E+0	2.693944E+0
10.600000	3.471194E-1	4.412090E+0	2.809331E+0
10.700000	3.546424E-1	4.463077E+0	2.739095E+0
10.800000	3.521347E-1	4.477922E+0	2.801805E+0
10.900000	3.521347E-1	4.483731E+0	2.726553E+0
11.000000	3.421040E-1	4.495993E+0	2.739095E+0
11.100000	3.496270E-1	4.499866E+0	2.714011E+0
11.200000	3.395963E-1	4.493412E+0	2.746620E+0
11.300000	3.395963E-1	4.499220E+0	2.754146E+0
11.400000	3.471194E-1	4.508902E+0	2.739095E+0
11.500000	3.521347E-1	4.528264E+0	2.676385E+0
11.600000	3.546424E-1	4.557953E+0	2.646284E+0
11.700000	3.471194E-1	4.574088E+0	2.636251E+0
11.800000	3.421040E-1	4.619912E+0	2.729062E+0
11.900000	3.496270E-1	4.624430E+0	2.766688E+0
12.000000	3.496270E-1	4.607649E+0	2.729062E+0
12.100000	3.521347E-1	4.597968E+0	2.741604E+0
12.200000	3.421040E-1	4.599904E+0	2.759162E+0
12.300000	3.421040E-1	4.616685E+0	2.764179E+0
12.400000	3.521347E-1	4.612167E+0	2.696452E+0
12.500000	3.496270E-1	4.621848E+0	2.779230E+0
12.600000	3.471194E-1	4.610231E+0	2.776721E+0
12.700000	3.471194E-1	4.625721E+0	2.769196E+0
12.800000	3.471194E-1	4.608295E+0	2.781738E+0
12.900000	3.471194E-1	4.608940E+0	2.756654E+0
13.000000	3.521347E-1	4.627011E+0	2.854482E+0
13.100000	3.471194E-1	4.581833E+0	2.736587E+0
13.200000	3.395963E-1	4.561180E+0	2.756654E+0
13.300000	3.521347E-1	4.554080E+0	2.736587E+0
13.400000	3.395963E-1	4.612812E+0	2.779230E+0
13.500000	3.395963E-1	4.612167E+0	2.799297E+0
13.600000	3.471194E-1	4.637983E+0	2.897125E+0
13.700000	3.471194E-1	4.675417E+0	2.769196E+0
13.800000	3.395963E-1	4.646374E+0	2.716520E+0
13.900000	3.471194E-1	4.654764E+0	2.829398E+0
14.000000	3.496270E-1	4.710269E+0	2.846957E+0
14.100000	3.521347E-1	4.750285E+0	2.892108E+0
14.200000	3.471194E-1	4.743831E+0	2.844448E+0
14.300000	3.471194E-1	4.769647E+0	2.819364E+0
14.400000	3.421040E-1	4.747058E+0	2.836923E+0
14.500000	3.546424E-1	4.755448E+0	2.819364E+0
14.600000	3.421040E-1	4.787073E+0	2.907158E+0
14.700000	3.471194E-1	4.786428E+0	2.904650E+0
14.800000	3.471194E-1	4.821280E+0	2.957326E+0
14.900000	3.521347E-1	4.830315E+0	2.944784E+0
15.000000	3.496270E-1	4.821925E+0	2.954818E+0
15.100000	3.395963E-1	4.804499E+0	2.909667E+0
15.200000	3.421040E-1	4.805790E+0	2.849465E+0
15.300000	3.521347E-1	4.813535E+0	2.688927E+0
15.400000	3.395963E-1	4.844514E+0	2.829398E+0
15.500000	3.521347E-1	4.866458E+0	2.869532E+0
15.600000	3.471194E-1	4.867749E+0	2.867024E+0
15.700000	3.395963E-1	4.872267E+0	2.917192E+0
15.800000	3.546424E-1	4.865168E+0	2.872041E+0
15.900000	3.395963E-1	4.861941E+0	2.954818E+0
16.000000	3.421040E-1	4.860650E+0	2.939768E+0
16.100000	3.496270E-1	4.864522E+0	2.912175E+0
16.200000	3.496270E-1	4.832252E+0	2.924717E+0
16.300000	3.421040E-1	4.809017E+0	2.959835E+0
16.400000	3.521347E-1	4.847096E+0	2.974885E+0
16.500000	3.521347E-1	4.816116E+0	2.982410E+0
16.600000	3.496270E-1	4.801272E+0	2.929734E+0
16.700000	3.471194E-1	4.832897E+0	2.934751E+0
16.800000	3.496270E-1	4.817407E+0	2.967360E+0
16.900000	3.421040E-1	4.827088E+0	2.992444E+0
17.000000	3.521347E-1	4.847096E+0	3.017528E+0
17.100000	3.471194E-1	4.838706E+0	3.035087E+0
17.200000	3.471194E-1	4.885821E+0	2.994952E+0
17.300000	3.395963E-1	4.876140E+0	2.934751E+0
17.400000	3.496270E-1	4.860650E+0	2.982410E+0
17.500000	3.446117E-1	4.843224E+0	2.959835E+0
17.600000	3.421040E-1	4.837415E+0	2.982410E+0
17.700000	3.471194E-1	4.842578E+0	2.987427E+0
17.800000	3.471194E-1	4.857423E+0	2.994952E+0
17.900000	3.471194E-1	4.869685E+0	3.015020E+0
18.000000	3.421040E-1	4.839351E+0	3.050137E+0
18.100000	3.471194E-1	4.823216E+0	3.020036E+0
18.200000	3.471194E-1	4.810308E+0	2.977394E+0
18.300000	3.421040E-1	4.829670E+0	2.977394E+0
18.400000	3.471194E-1	4.841933E+0	2.967360E+0
18.500000	3.471194E-1	4.847096E+0	2.984919E+0
18.600000	3.395963E-1	4.855486E+0	3.020036E+0
18.700000	3.446117E-1	4.848387E+0	2.969868E+0
18.800000	3.395963E-1	4.837415E+0	3.032578E+0
18.900000	3.521347E-1	4.842578E+0	2.947293E+0
19.000000	3.496270E-1	4.842578E+0	2.922209E+0
19.100000	3.395963E-1	4.831606E+0	2.964852E+0
19.200000	3.395963E-1	4.830961E+0	3.037595E+0
19.300000	3.421040E-1	4.843869E+0	3.035087E+0
19.400000	3.395963E-1	4.836124E+0	3.040104E+0
19.500000	3.471194E-1	4.839997E+0	3.047629E+0
19.600000	3.521347E-1	4.854196E+0	3.040104E+0
19.700000	3.496270E-1	4.860650E+0	3.020036E+0
19.800000	3.395963E-1	4.859359E+0	2.959835E+0
19.900000	3.421040E-1	4.898083E+0	3.060171E+0
20.000000	3.521347E-1	4.892275E+0	3.037595E+0
20.100000	3.471194E-1	4.875494E+0	2.969868E+0
20.200000	3.395963E-1	4.914219E+0	3.025053E+0
20.300000	3.496270E-1	4.940035E+0	3.077730E+0
20.400000	3.421040E-1	4.917446E+0	3.092780E+0
20.500000	3.471194E-1	4.900665E+0	3.045120E+0
20.600000	3.471194E-1	4.899374E+0	3.050137E+0
20.700000	3.421040E-1	4.895502E+0	3.042612E+0
20.800000	3.471194E-1	4.858068E+0	2.992444E+0
20.900000	3.496270E-1	4.782555E+0	2.992444E+0
21.000000	3.521347E-1	4.739958E+0	2.967360E+0
21.100000	3.471194E-1	4.729632E+0	2.984919E+0
21.200000	3.471194E-1	4.731568E+0	2.962343E+0
21.300000	3.421040E-1	4.777392E+0	2.917192E+0
21.400000	3.521347E-1	4.798045E+0	2.974885E+0
21.500000	3.496270E-1	4.827088E+0	2.984919E+0
21.600000	3.471194E-1	4.895502E+0	2.999969E+0
21.700000	3.521347E-1	4.868395E+0	2.997461E+0
21.800000	3.471194E-1	4.877430E+0	3.070204E+0
21.900000	3.421040E-1	4.839351E+0	3.050137E+0
22.000000	3.421040E-1	4.835479E+0	3.090272E+0
22.100000	3.471194E-1	4.814180E+0	3.067696E+0
22.200000	3.496270E-1	4.803854E+0	3.065188E+0
22.300000	3.496270E-1	4.765129E+0	3.070204E+0
22.400000	3.496270E-1	4.770938E+0	2.979902E+0
22.500000	3.471194E-1	4.767711E+0	2.974885E+0
22.600000	3.521347E-1	4.767065E+0	2.977394E+0
22.700000	3.395963E-1	4.759966E+0	3.037595E+0
22.800000	3.471194E-1	4.776101E+0	3.020036E+0
22.900000	3.521347E-1	4.762547E+0	3.017528E+0
23.000000	3.421040E-1	4.785782E+0	3.037595E+0
23.100000	3.496270E-1	4.781910E+0	3.030070E+0
23.200000	3.471194E-1	4.776101E+0	3.067696E+0
23.300000	3.471194E-1	4.794173E+0	3.015020E+0
23.400000	3.395963E-1	4.828379E+0	3.020036E+0
23.500000	3.521347E-1	4.834833E+0	3.095289E+0
23.600000	3.496270E-1	4.850323E+0	3.077730E+0
23.700000	3.395963E-1	4.845160E+0	3.040104E+0
23.800000	3.496270E-1	4.856132E+0	2.927225E+0
23.900000	3.421040E-1	4.854841E+0	2.974885E+0
24.000000	3.471194E-1	4.865813E+0	3.057662E+0
24.100000	3.471194E-1	4.867749E+0	3.045120E+0
24.200000	3.471194E-1	4.883239E+0	3.102814E+0
24.300000	3.421040E-1	4.896147E+0	3.072713E+0
24.400000	3.496270E-1	4.894856E+0	3.080238E+0
24.500000	3.471194E-1	4.870331E+0	3.042612E+0
24.600000	3.471194E-1	4.898729E+0	3.020036E+0
24.700000	3.521347E-1	4.881948E+0	2.997461E+0
24.800000	3.521347E-1	4.914219E+0	3.012511E+0
24.900000	3.421040E-1	4.952943E+0	3.022545E+0
25.000000	3.546424E-1	4.932936E+0	3.030070E+0
25.100000	3.471194E-1	4.908410E+0	2.997461E+0
25.200000	3.471194E-1	4.858068E+0	2.949801E+0
25.300000	3.471194E-1	4.845805E+0	2.999969E+0
25.400000	3.421040E-1	4.814180E+0	3.037595E+0
25.500000	3.521347E-1	4.775456E+0	2.922209E+0
25.600000	3.471194E-1	4.736731E+0	2.934751E+0
25.700000	3.471194E-1	4.711560E+0	2.974885E+0
25.800000	3.521347E-1	4.682517E+0	2.979902E+0
25.900000	3.395963E-1	4.679290E+0	3.015020E+0
26.000000	3.521347E-1	4.652182E+0	2.922209E+0
26.100000	3.521347E-1	4.645083E+0	2.987427E+0
26.200000	3.521347E-1	4.617330E+0	2.982410E+0
26.300000	3.521347E-1	4.576670E+0	2.979902E+0
26.400000	3.496270E-1	4.525037E+0	2.962343E+0
26.500000	3.496270E-1	4.493412E+0	2.959835E+0
26.600000	3.521347E-1	4.475986E+0	2.969868E+0
26.700000	3.521347E-1	4.460496E+0	2.879566E+0
26.800000	3.471194E-1	4.456623E+0	2.987427E+0
26.900000	3.521347E-1	4.454687E+0	2.917192E+0
27.000000	3.496270E-1	4.452106E+0	2.919700E+0
27.100000	3.421040E-1	4.461787E+0	2.879566E+0
27.200000	3.471194E-1	4.456623E+0	2.904650E+0
27.300000	3.496270E-1	4.439843E+0	2.924717E+0
27.400000	3.471194E-1	4.439197E+0	2.904650E+0
27.500000	3.421040E-1	4.439197E+0	2.889599E+0
27.600000	3.421040E-1	4.434679E+0	2.907158E+0
27.700000	3.496270E-1	4.424998E+0	2.924717E+0
27.800000	3.471194E-1	4.395955E+0	2.974885E+0
27.900000	3.521347E-1	4.375947E+0	2.967360E+0
28.000000	3.471194E-1	4.361103E+0	2.907158E+0
28.100000	3.446117E-1	4.334641E+0	2.949801E+0
28.200000	3.446117E-1	4.290753E+0	2.867024E+0
28.300000	3.521347E-1	4.241057E+0	2.912175E+0
28.400000	3.421040E-1	4.246220E+0	2.889599E+0
28.500000	3.521347E-1	4.228794E+0	2.892108E+0
28.600000	3.521347E-1	4.210722E+0	2.844448E+0
28.700000	3.471194E-1	4.210077E+0	2.794280E+0
28.800000	3.496270E-1	4.223631E+0	2.869532E+0
28.900000	3.496270E-1	4.197814E+0	2.819364E+0
29.000000	3.395963E-1	4.189424E+0	2.854482E+0
29.100000	3.395963E-1	4.195233E+0	2.862007E+0
29.200000	3.521347E-1	4.217176E+0	2.864515E+0
29.300000	3.421040E-1	4.175870E+0	2.834415E+0
29.400000	3.421040E-1	4.114556E+0	2.769196E+0
29.500000	3.521347E-1	4.063569E+0	2.646284E+0
29.600000	3.521347E-1	4.086158E+0	2.759162E+0
29.700000	3.496270E-1	4.113911E+0	2.789263E+0
29.800000	3.421040E-1	4.129401E+0	2.801805E+0
29.900000	3.521347E-1	4.124883E+0	2.781738E+0
30.000000	3.471194E-1	4.114556E+0	2.744112E+0
30.100000	3.395963E-1	4.102294E+0	2.708994E+0
30.200000	3.521347E-1	4.067441E+0	2.686419E+0
30.300000	3.471194E-1	4.046788E+0	2.698961E+0
30.400000	3.521347E-1	4.041625E+0	2.698961E+0
30.500000	3.471194E-1	4.071959E+0	2.766688E+0
30.600000	3.421040E-1	4.073896E+0	2.739095E+0
30.700000	3.521347E-1	4.065505E+0	2.846957E+0
30.800000	3.446117E-1	4.055824E+0	2.736587E+0
30.900000	3.546424E-1	4.031944E+0	2.719028E+0
31.000000	3.421040E-1	4.046788E+0	2.696452E+0
31.100000	3.496270E-1	4.059697E+0	2.746620E+0
31.200000	3.521347E-1	4.071314E+0	2.769196E+0
31.300000	3.546424E-1	4.051306E+0	2.819364E+0
31.400000	3.521347E-1	4.018390E+0	2.759162E+0
31.500000	3.471194E-1	3.969985E+0	2.714011E+0
31.600000	3.421040E-1	3.940941E+0	2.719028E+0
31.700000	3.521347E-1	3.923515E+0	2.658826E+0
31.800000	3.471194E-1	3.907380E+0	2.678894E+0
31.900000	3.471194E-1	3.851229E+0	2.626217E+0
32.000000	3.421040E-1	3.842194E+0	2.671368E+0
32.100000	3.421040E-1	3.825413E+0	2.638759E+0
32.200000	3.471194E-1	3.791852E+0	2.598625E+0
32.300000	3.521347E-1	3.791206E+0	2.601133E+0
32.400000	3.496270E-1	3.749900E+0	2.548457E+0
32.500000	3.421040E-1	3.791852E+0	2.553473E+0
32.600000	3.471194E-1	3.804760E+0	2.566015E+0
32.700000	3.471194E-1	3.766035E+0	2.525881E+0
32.800000	3.521347E-1	3.698267E+0	2.505814E+0
32.900000	3.471194E-1	3.640180E+0	2.377885E+0
33.000000	3.421040E-1	3.576285E+0	2.272532E+0
33.100000	3.421040E-1	3.525943E+0	2.297616E+0
33.200000	3.521347E-1	3.487864E+0	2.262499E+0
33.300000	3.546424E-1	3.462047E+0	2.172196E+0
33.400000	3.421040E-1	3.435586E+0	2.159654E+0
33.500000	3.471194E-1	3.415578E+0	2.137078E+0
33.600000	3.546424E-1	3.392989E+0	2.096944E+0
33.700000	3.421040E-1	3.358136E+0	2.104469E+0
33.800000	3.421040E-1	3.341356E+0	2.164671E+0
33.900000	3.421040E-1	3.337483E+0	2.139587E+0
34.000000	3.395963E-1	3.334902E+0	2.079385E+0
34.100000	3.471194E-1	3.308440E+0	2.079385E+0
34.200000	3.521347E-1	3.275524E+0	2.122028E+0
34.300000	3.395963E-1	3.223891E+0	1.931389E+0
34.400000	3.496270E-1	3.187748E+0	1.976541E+0
34.500000	3.521347E-1	3.152896E+0	1.873696E+0
34.600000	3.546424E-1	3.138052E+0	1.846104E+0
34.700000	3.395963E-1	3.083837E+0	1.826036E+0
34.800000	3.521347E-1	3.053503E+0	1.876204E+0
34.900000	3.521347E-1	3.039950E+0	1.866171E+0
35.000000	3.496270E-1	3.028978E+0	1.657973E+0
35.100000	3.496270E-1	2.994771E+0	1.555129E+0
35.200000	3.521347E-1	2.967018E+0	1.557637E+0
35.300000	3.546424E-1	2.963146E+0	1.575196E+0
35.400000	3.471194E-1	2.952174E+0	1.387066E+0
35.500000	3.521347E-1	2.921194E+0	1.304288E+0
35.600000	3.496270E-1	2.911513E+0	1.472351E+0
35.700000	3.496270E-1	2.886342E+0	1.389574E+0
35.800000	3.521347E-1	2.859880E+0	1.504961E+0
35.900000	3.471194E-1	2.825028E+0	1.394591E+0
36.000000	3.521347E-1	2.787594E+0	1.161309E+0
36.100000	3.521347E-1	2.737898E+0	1.116158E+0
36.200000	3.496270E-1	2.687556E+0	7.925740E-1
36.300000	3.496270E-1	2.665612E+0	7.398975E-1
36.400000	3.471194E-1	2.659803E+0	7.248471E-1
36.500000	3.521347E-1	2.655285E+0	8.151496E-1
36.600000	3.421040E-1	2.650122E+0	6.897295E-1
36.700000	3.395963E-1	2.641732E+0	7.223387E-1
36.800000	3.521347E-1	2.615915E+0	4.388891E-1
36.900000	3.471194E-1	2.602362E+0	4.439059E-1
37.000000	3.546424E-1	2.586227E+0	4.238387E-1
37.100000	3.421040E-1	2.573318E+0	4.062799E-1
37.200000	3.471194E-1	2.558474E+0	3.561118E-1
37.300000	3.421040E-1	2.548793E+0	3.711622E-1
37.400000	3.496270E-1	2.536530E+0	1.905571E-1
37.500000	3.421040E-1	2.528140E+0	1.303555E-1
37.600000	3.421040E-1	2.521040E+0	1.855403E-1
37.700000	3.521347E-1	2.519104E+0	1.102882E-1
37.800000	3.496270E-1	2.520395E+0	1.353723E-1
37.900000	3.496270E-1	2.519104E+0	1.529311E-1
38.000000	3.421040E-1	2.520395E+0	1.203218E-1
38.100000	3.421040E-1	2.520395E+0	1.604563E-1
38.200000	3.471194E-1	2.516522E+0	1.203218E-1
38.300000	3.521347E-1	2.518459E+0	1.353723E-1
38.400000	3.471194E-1	2.517168E+0	1.253386E-1
38.500000	3.395963E-1	2.519104E+0	2.181496E-1
38.600000	3.521347E-1	2.519104E+0	1.353723E-1
38.700000	3.546424E-1	2.518459E+0	1.102882E-1
38.800000	3.471194E-1	2.515877E+0	1.454059E-1
38.900000	3.546424E-1	2.517168E+0	1.805235E-1
39.000000	3.471194E-1	2.518459E+0	1.102882E-1
39.100000	3.496270E-1	2.520395E+0	2.056076E-1
39.200000	3.421040E-1	2.520395E+0	1.479143E-1
39.300000	3.471194E-1	2.520395E+0	1.203218E-1
39.400000	3.446117E-1	2.519749E+0	1.403891E-1
39.500000	3.446117E-1	2.518459E+0	1.454059E-1
39.600000	3.471194E-1	2.520395E+0	1.604563E-1
39.700000	3.471194E-1	2.519104E+0	8.269579E-2
39.800000	3.471194E-1	2.516522E+0	1.454059E-1
39.900000	3.521347E-1	2.521040E+0	1.504227E-1
40.000000	3.496270E-1	2.555247E+0	2.181496E-1
40.100000	3.471194E-1	2.702400E+0	5.718345E-1
40.200000	3.421040E-1	2.830837E+0	7.549480E-1
40.300000	3.546424E-1	2.774686E+0	8.327085E-1
40.400000	3.496270E-1	2.577191E+0	2.507588E-1
40.500000	3.421040E-1	2.521686E+0	1.654731E-1
40.600000	3.471194E-1	2.520395E+0	1.077798E-1
40.700000	3.521347E-1	2.524913E+0	1.102882E-1
40.800000	3.521347E-1	2.581063E+0	2.131328E-1
40.900000	3.471194E-1	2.745643E+0	6.395614E-1
41.000000	3.496270E-1	2.828901E+0	9.882295E-1
41.100000	3.471194E-1	2.641086E+0	4.965824E-1
41.200000	3.471194E-1	2.522331E+0	9.272940E-2
41.300000	3.521347E-1	2.519104E+0	1.153050E-1
41.400000	3.546424E-1	2.517168E+0	1.127966E-1
41.500000	3.421040E-1	2.523622E+0	2.081160E-1
41.600000	3.395963E-1	2.601071E+0	3.260109E-1
41.700000	3.496270E-1	2.788885E+0	7.574564E-1
41.800000	3.395963E-1	2.805666E+0	9.029438E-1
41.900000	3.471194E-1	2.570091E+0	2.457420E-1
42.000000	3.471194E-1	2.520395E+0	1.052714E-1
42.100000	3.521347E-1	2.521686E+0	1.027630E-1
42.200000	3.421040E-1	2.556538E+0	2.181496E-1
42.300000	3.471194E-1	2.742416E+0	6.119689E-1
42.400000	3.521347E-1	2.746934E+0	8.051160E-1
42.500000	3.471194E-1	2.544920E+0	2.081160E-1
42.600000	3.471194E-1	2.518459E+0	9.272940E-2
42.700000	3.471194E-1	2.520395E+0	1.127966E-1
42.800000	3.521347E-1	2.547502E+0	1.654731E-1
42.900000	3.471194E-1	2.671421E+0	5.066160E-1
43.000000	3.421040E-1	2.673357E+0	5.091244E-1
43.100000	3.421040E-1	2.539112E+0	1.905571E-1
43.200000	3.496270E-1	2.530076E+0	1.077798E-1
43.300000	3.395963E-1	2.580418E+0	2.181496E-1
43.400000	3.521347E-1	2.748870E+0	8.051160E-1
43.500000	3.496270E-1	2.692074E+0	5.216664E-1
43.600000	3.471194E-1	2.524267E+0	1.278471E-1
43.700000	3.496270E-1	2.517168E+0	1.153050E-1
43.800000	3.496270E-1	2.529431E+0	1.127966E-1
43.900000	3.546424E-1	2.542984E+0	1.228302E-1
44.000000	3.521347E-1	2.541048E+0	1.529311E-1
44.100000	3.421040E-1	2.526204E+0	8.771259E-2
44.200000	3.496270E-1	2.519104E+0	1.102882E-1
44.300000	3.471194E-1	2.572028E+0	3.184857E-1
44.400000	3.521347E-1	2.562346E+0	1.805235E-1
44.500000	3.496270E-1	2.643023E+0	4.338723E-1
44.600000	3.421040E-1	2.565574E+0	1.905571E-1
44.700000	3.521347E-1	2.518459E+0	1.102882E-1
44.800000	3.446117E-1	2.554602E+0	2.030992E-1
44.900000	3.496270E-1	2.670130E+0	5.141412E-1
45.000000	3.421040E-1	2.666903E+0	4.965824E-1
45.100000	3.546424E-1	2.525558E+0	1.378807E-1
45.200000	3.521347E-1	2.519104E+0	1.178134E-1
45.300000	3.471194E-1	2.566864E+0	1.479143E-1
45.400000	3.471194E-1	2.681102E+0	6.119689E-1
45.500000	3.521347E-1	2.626242E+0	4.589563E-1
45.600000	3.446117E-1	2.524267E+0	9.272940E-2
45.700000	3.395963E-1	2.544275E+0	1.679815E-1
45.800000	3.496270E-1	2.628824E+0	3.435698E-1
45.900000	3.421040E-1	2.545566E+0	1.102882E-1
46.000000	3.446117E-1	2.519104E+0	1.077798E-1
46.100000	3.521347E-1	2.529431E+0	1.153050E-1
46.200000	3.496270E-1	2.565574E+0	3.460782E-1
46.300000	3.496270E-1	2.648831E+0	4.112967E-1
46.400000	3.421040E-1	2.779204E+0	6.571202E-1
46.500000	3.496270E-1	2.917322E+0	1.050940E+0
46.600000	3.521347E-1	3.050921E+0	1.234053E+0
46.700000	3.421040E-1	3.195493E+0	1.552620E+0
46.800000	3.496270E-1	3.327157E+0	1.795935E+0
46.900000	3.421040E-1	3.439458E+0	1.896272E+0
47.000000	3.521347E-1	3.595002E+0	2.117011E+0
47.100000	3.496270E-1	3.674387E+0	2.056809E+0
47.200000	3.496270E-1	3.746028E+0	2.014167E+0
47.300000	3.521347E-1	3.837676E+0	2.212330E+0
47.400000	3.446117E-1	3.945459E+0	2.099452E+0
47.500000	3.496270E-1	4.062924E+0	2.390427E+0
47.600000	3.395963E-1	4.130046E+0	2.392936E+0
47.700000	3.421040E-1	4.155217E+0	2.503305E+0
47.800000	3.496270E-1	4.130692E+0	2.550965E+0
47.900000	3.471194E-1	4.066151E+0	2.367851E+0
48.000000	3.496270E-1	4.026781E+0	2.413003E+0
48.100000	3.521347E-1	4.031944E+0	2.345276E+0
48.200000	3.421040E-1	4.032589E+0	2.272532E+0
48.300000	3.421040E-1	4.013872E+0	2.300125E+0
48.400000	3.546424E-1	4.000319E+0	2.270024E+0
48.500000	3.471194E-1	3.988056E+0	2.382902E+0
48.600000	3.471194E-1	3.948041E+0	2.337751E+0
48.700000	3.521347E-1	3.892535E+0	2.347784E+0
48.800000	3.421040E-1	3.756999E+0	2.182230E+0
48.900000	3.421040E-1	3.632435E+0	2.019183E+0
49.000000	3.421040E-1	3.534333E+0	1.984066E+0
49.100000	3.546424E-1	3.433649E+0	2.011658E+0
49.200000	3.471194E-1	3.344583E+0	1.901288E+0
49.300000	3.521347E-1	3.255516E+0	1.765835E+0
49.400000	3.471194E-1	3.151605E+0	1.570179E+0
49.500000	3.496270E-1	3.044467E+0	1.404624E+0
49.600000	3.471194E-1	2.976054E+0	1.640414E+0
49.700000	3.546424E-1	2.850845E+0	1.108633E+0
49.800000	3.521347E-1	2.721763E+0	7.524396E-1
49.900000	3.471194E-1	2.637859E+0	4.740067E-1
50.000000	3.521347E-1	2.587517E+0	2.582840E-1
50.100000	3.521347E-1	2.537176E+0	1.102882E-1
50.200000	3.471194E-1	2.519104E+0	1.303555E-1
50.300000	3.546424E-1	2.518459E+0	1.278471E-1
50.400000	3.471194E-1	2.519104E+0	1.253386E-1
50.500000	3.521347E-1	2.519104E+0	1.077798E-1
50.600000	3.446117E-1	2.518459E+0	1.052714E-1
50.700000	3.496270E-1	2.520395E+0	1.102882E-1
50.800000	3.471194E-1	2.518459E+0	1.278471E-1
50.900000	3.521347E-1	2.519104E+0	1.403891E-1
51.000000	3.421040E-1	2.520395E+0	1.203218E-1
51.100000	3.521347E-1	2.518459E+0	1.604563E-1
51.200000	3.496270E-1	2.518459E+0	1.504227E-1
51.300000	3.471194E-1	2.526849E+0	1.303555E-1
51.400000	3.496270E-1	2.539757E+0	2.432336E-1
51.500000	3.421040E-1	2.590744E+0	3.109605E-1
51.600000	3.446117E-1	2.689492E+0	5.467505E-1
51.700000	3.521347E-1	2.797276E+0	8.352169E-1
51.800000	3.471194E-1	2.955401E+0	1.123683E+0
51.900000	3.395963E-1	3.141279E+0	1.344423E+0
52.000000	3.421040E-1	3.334902E+0	1.610314E+0
52.100000	3.421040E-1	3.470438E+0	1.826036E+0
52.200000	3.496270E-1	3.559504E+0	1.923864E+0
52.300000	3.471194E-1	3.694395E+0	2.041759E+0
52.400000	3.471194E-1	3.819604E+0	2.124536E+0
52.500000	3.521347E-1	3.918352E+0	2.117011E+0
52.600000	3.421040E-1	4.057760E+0	2.325209E+0
52.700000	3.521347E-1	4.179743E+0	2.357818E+0
52.800000	3.471194E-1	4.232021E+0	2.315175E+0
52.900000	3.471194E-1	4.289462E+0	2.372868E+0
53.000000	3.471194E-1	4.330769E+0	2.473204E+0
53.100000	3.496270E-1	4.224921E+0	2.277549E+0
53.200000	3.421040E-1	3.878982E+0	2.157146E+0
53.300000	3.471194E-1	3.505935E+0	1.943931E+0
53.400000	3.421040E-1	3.172258E+0	1.399608E+0
53.500000	3.521347E-1	2.810829E+0	8.552841E-1
53.600000	3.546424E-1	2.604298E+0	3.711622E-1
53.700000	3.521347E-1	2.516522E+0	8.520419E-2
53.800000	3.496270E-1	2.517168E+0	1.052714E-1
53.900000	3.471194E-1	2.519104E+0	1.454059E-1
54.000000	3.471194E-1	2.520395E+0	1.529311E-1
54.100000	3.471194E-1	2.528785E+0	1.403891E-1
54.200000	3.421040E-1	2.583645E+0	4.188219E-1
54.300000	3.421040E-1	2.818574E+0	9.531118E-1
54.400000	3.496270E-1	3.129016E+0	1.256629E+0
54.500000	3.546424E-1	3.513035E+0	1.876204E+0
54.600000	3.421040E-1	3.838321E+0	2.119520E+0
54.700000	3.421040E-1	4.021617E+0	2.254973E+0
54.800000	3.471194E-1	4.146827E+0	2.367851E+0
54.900000	3.421040E-1	4.348195E+0	2.375377E+0
55.000000	3.471194E-1	4.231375E+0	2.428053E+0
55.100000	3.446117E-1	3.576930E+0	1.928881E+0
55.200000	3.521347E-1	2.926357E+0	1.101108E+0
55.300000	3.496270E-1	2.544275E+0	1.704899E-1
55.400000	3.496270E-1	2.517813E+0	1.278471E-1
55.500000	3.421040E-1	2.519104E+0	1.127966E-1
55.600000	3.471194E-1	2.518459E+0	2.081160E-1
55.700000	3.521347E-1	2.518459E+0	1.604563E-1
55.800000	3.521347E-1	2.518459E+0	1.278471E-1
55.900000	3.521347E-1	2.521040E+0	1.479143E-1
56.000000	3.496270E-1	2.588163E+0	3.536034E-1
56.100000	3.421040E-1	2.860526E+0	9.982631E-1
56.200000	3.521347E-1	3.340710E+0	1.650448E+0
56.300000	3.496270E-1	3.695040E+0	2.147112E+0
56.400000	3.471194E-1	3.995156E+0	2.267515E+0
56.500000	3.496270E-1	4.199750E+0	2.267515E+0
56.600000	3.496270E-1	4.186842E+0	2.214839E+0
56.700000	3.496270E-1	3.888663E+0	2.104469E+0
56.800000	3.521347E-1	3.464629E+0	1.853629E+0
56.900000	3.496270E-1	2.964437E+0	1.271679E+0
57.000000	3.421040E-1	2.592035E+0	3.811958E-1
57.100000	3.521347E-1	2.517168E+0	1.102882E-1
57.200000	3.546424E-1	2.517168E+0	1.278471E-1
57.300000	3.421040E-1	2.519104E+0	1.127966E-1
57.400000	3.521347E-1	2.519104E+0	1.729983E-1
57.500000	3.421040E-1	2.520395E+0	1.353723E-1
57.600000	3.496270E-1	2.519104E+0	1.178134E-1
57.700000	3.471194E-1	2.639150E+0	4.188219E-1
57.800000	3.521347E-1	2.872788E+0	1.013314E+0
57.900000	3.421040E-1	3.340710E+0	1.770851E+0
58.000000	3.421040E-1	3.746028E+0	1.994099E+0
58.100000	3.471194E-1	4.059051E+0	2.277549E+0
58.200000	3.395963E-1	4.343677E+0	2.415511E+0
58.300000	3.421040E-1	4.303016E+0	2.385410E+0
58.400000	3.471194E-1	3.747964E+0	2.618692E+0
58.500000	3.546424E-1	3.221310E+0	2.789263E+0
58.600000	3.521347E-1	2.861171E+0	1.547603E+0
58.700000	3.496270E-1	2.532658E+0	1.378807E-1
58.800000	3.496270E-1	2.519104E+0	9.523780E-2
58.900000	3.395963E-1	2.518459E+0	1.027630E-1
59.000000	3.496270E-1	2.520395E+0	1.428975E-1
59.100000	3.421040E-1	2.521040E+0	1.253386E-1
59.200000	3.471194E-1	2.521040E+0	1.077798E-1
59.300000	3.496270E-1	2.615270E+0	5.743429E-1
59.400000	3.521347E-1	2.968954E+0	2.543440E+0
59.500000	3.421040E-1	3.443976E+0	3.348637E+0
59.600000	3.546424E-1	3.909962E+0	2.726553E+0
59.700000	3.471194E-1	4.230730E+0	3.050137E+0
59.800000	3.496270E-1	4.382401E+0	2.693944E+0
59.900000	3.521347E-1	4.165544E+0	2.473204E+0
60.000000	3.471194E-1	3.500126E+0	3.692289E+0
60.100000	3.496270E-1	2.854717E+0	1.101108E+0
60.200000	3.496270E-1	2.532012E+0	1.604563E-1
60.300000	3.546424E-1	2.516522E+0	1.729983E-1
60.400000	3.496270E-1	2.519104E+0	1.102882E-1
60.500000	3.496270E-1	2.518459E+0	1.203218E-1
60.600000	3.471194E-1	2.517168E+0	1.052714E-1
60.700000	3.471194E-1	2.520395E+0	1.102882E-1
60.800000	3.496270E-1	2.518459E+0	1.328639E-1
60.900000	3.471194E-1	2.520395E+0	1.002546E-1
61.000000	3.546424E-1	2.518459E+0	1.127966E-1
61.100000	3.496270E-1	2.517168E+0	1.077798E-1
61.200000	3.421040E-1	2.522331E+0	1.303555E-1
61.300000	3.471194E-1	2.565574E+0	2.206580E-1
61.400000	3.471194E-1	2.759196E+0	7.649816E-1
61.500000	3.496270E-1	3.023814E+0	1.251612E+0
61.600000	3.421040E-1	3.349101E+0	1.730717E+0
61.700000	3.496270E-1	3.742155E+0	2.064335E+0
61.800000	3.496270E-1	4.070668E+0	2.295108E+0
61.900000	3.521347E-1	4.046788E+0	2.209822E+0
62.000000	3.496270E-1	3.560795E+0	2.086910E+0
62.100000	3.521347E-1	3.042531E+0	1.442251E+0
62.200000	3.521347E-1	2.727571E+0	6.169858E-1
62.300000	3.471194E-1	2.522976E+0	1.303555E-1
62.400000	3.471194E-1	2.521686E+0	2.306916E-1
62.500000	3.421040E-1	2.518459E+0	9.774621E-2
62.600000	3.496270E-1	2.517813E+0	1.253386E-1
62.700000	3.471194E-1	2.519104E+0	9.774621E-2
62.800000	3.496270E-1	2.519749E+0	1.077798E-1
62.900000	3.471194E-1	2.521040E+0	1.102882E-1
63.000000	3.496270E-1	2.572028E+0	3.636370E-1
63.100000	3.496270E-1	2.801148E+0	8.753513E-1
63.200000	3.546424E-1	3.281978E+0	1.512486E+0
63.300000	3.521347E-1	3.799596E+0	2.011658E+0
63.400000	3.471194E-1	4.101648E+0	2.214839E+0
63.500000	3.496270E-1	4.359812E+0	2.362835E+0
63.600000	3.471194E-1	4.348195E+0	2.566015E+0
63.700000	3.471194E-1	3.789270E+0	2.099452E+0
63.800000	3.496270E-1	3.136761E+0	1.570179E+0
63.900000	3.496270E-1	2.785013E+0	1.023347E+0
64.000000	3.496270E-1	2.570091E+0	2.833681E-1
64.100000	3.395963E-1	2.519104E+0	1.178134E-1
64.200000	3.471194E-1	2.521040E+0	9.272940E-2
64.300000	3.471194E-1	2.517168E+0	9.774621E-2
64.400000	3.496270E-1	2.516522E+0	1.228302E-1
64.500000	3.471194E-1	2.516522E+0	1.955739E-1
64.600000	3.421040E-1	2.533303E+0	3.009269E-1
64.700000	3.546424E-1	2.586227E+0	2.306916E-1
64.800000	3.496270E-1	2.910868E+0	9.731791E-1
64.900000	3.421040E-1	3.479473E+0	1.848612E+0
65.000000	3.395963E-1	3.909316E+0	1.961490E+0
65.100000	3.521347E-1	4.196523E+0	2.252465E+0
65.200000	3.496270E-1	4.131337E+0	2.325209E+0
65.300000	3.471194E-1	3.471728E+0	1.916339E+0
65.400000	3.421040E-1	2.811475E+0	9.932463E-1
65.500000	3.471194E-1	2.526849E+0	1.403891E-1
65.600000	3.496270E-1	2.517813E+0	1.253386E-1
65.700000	3.521347E-1	2.518459E+0	1.403891E-1
65.800000	3.521347E-1	2.519749E+0	1.328639E-1
65.900000	3.521347E-1	2.550084E+0	2.507588E-1
66.000000	3.421040E-1	2.617206E+0	3.510950E-1
66.100000	3.496270E-1	2.802439E+0	7.524396E-1
66.200000	3.521347E-1	3.289723E+0	1.670515E+0
66.300000	3.395963E-1	3.868010E+0	1.974032E+0
66.400000	3.446117E-1	4.059697E+0	2.119520E+0
66.500000	3.421040E-1	3.611137E+0	1.893763E+0
66.600000	3.496270E-1	2.856008E+0	9.280278E-1
66.700000	3.471194E-1	2.521040E+0	1.253386E-1
66.800000	3.471194E-1	2.518459E+0	8.520419E-2
66.900000	3.395963E-1	2.519104E+0	1.479143E-1
67.000000	3.496270E-1	2.519104E+0	1.002546E-1
67.100000	3.471194E-1	2.517168E+0	9.272940E-2
67.200000	3.421040E-1	2.520395E+0	1.253386E-1
67.300000	3.471194E-1	2.519749E+0	1.002546E-1
67.400000	3.496270E-1	2.517813E+0	1.178134E-1
67.500000	3.471194E-1	2.516522E+0	1.228302E-1
67.600000	3.471194E-1	2.521040E+0	1.153050E-1
67.700000	3.471194E-1	2.594617E+0	2.708261E-1
67.800000	3.496270E-1	2.779849E+0	9.731791E-1
67.900000	3.471194E-1	3.088355E+0	1.429709E+0
68.000000	3.496270E-1	3.491736E+0	1.836070E+0
68.100000	3.496270E-1	3.820250E+0	2.134570E+0
68.200000	3.471194E-1	3.919643E+0	2.598625E+0
68.300000	3.471194E-1	3.449785E+0	2.016675E+0
68.400000	3.521347E-1	2.872788E+0	1.035889E+0
68.500000	3.471194E-1	2.540403E+0	1.504227E-1
68.600000	3.471194E-1	2.518459E+0	1.178134E-1
68.700000	3.395963E-1	2.520395E+0	1.102882E-1
68.800000	3.521347E-1	2.518459E+0	1.002546E-1
68.900000	3.496270E-1	2.519104E+0	1.203218E-1
69.000000	3.421040E-1	2.518459E+0	1.002546E-1
69.100000	3.496270E-1	2.518459E+0	1.052714E-1
69.200000	3.496270E-1	2.518459E+0	1.403891E-1
69.300000	3.471194E-1	2.516522E+0	1.228302E-1
69.400000	3.546424E-1	2.542339E+0	2.206580E-1
69.500000	3.421040E-1	2.611398E+0	4.815320E-1
69.600000	3.471194E-1	2.763714E+0	1.063482E+0
69.700000	3.471194E-1	2.970245E+0	1.118666E+0
69.800000	3.496270E-1	3.110299E+0	1.361982E+0
69.900000	3.471194E-1	3.177422E+0	1.449776E+0
70.000000	3.395963E-1	3.216146E+0	1.517503E+0
70.100000	3.496270E-1	3.220664E+0	1.572688E+0
70.200000	3.496270E-1	3.265843E+0	1.690583E+0
70.300000	3.496270E-1	3.218083E+0	1.535061E+0
70.400000	3.546424E-1	2.950238E+0	1.274188E+0
70.500000	3.496270E-1	2.588808E+0	3.786874E-1
70.600000	3.521347E-1	2.518459E+0	1.203218E-1
70.700000	3.496270E-1	2.521040E+0	9.774621E-2
70.800000	3.521347E-1	2.519749E+0	9.774621E-2
70.900000	3.395963E-1	2.519104E+0	1.077798E-1
71.000000	3.421040E-1	2.517813E+0	1.077798E-1
71.100000	3.521347E-1	2.518459E+0	1.077798E-1
71.200000	3.496270E-1	2.606880E+0	3.887210E-1
71.300000	3.521347E-1	2.843100E+0	1.091074E+0
71.400000	3.546424E-1	3.221955E+0	1.572688E+0
71.500000	3.471194E-1	3.325866E+0	1.565162E+0
71.600000	3.421040E-1	2.962500E+0	1.123683E+0
71.700000	3.521347E-1	2.532658E+0	1.930655E-1
71.800000	3.471194E-1	2.519104E+0	1.153050E-1
71.900000	3.395963E-1	2.519104E+0	1.027630E-1
72.000000	3.521347E-1	2.517813E+0	9.272940E-2
72.100000	3.521347E-1	2.517168E+0	1.052714E-1
72.200000	3.471194E-1	2.527494E+0	1.077798E-1
72.300000	3.546424E-1	2.652704E+0	4.188219E-1
72.400000	3.421040E-1	2.965082E+0	1.151276E+0
72.500000	3.521347E-1	3.182585E+0	1.600280E+0
72.600000	3.421040E-1	3.329738E+0	1.728209E+0
72.700000	3.496270E-1	3.310376E+0	1.655465E+0
72.800000	3.471194E-1	3.381371E+0	1.755801E+0
72.900000	3.395963E-1	3.383953E+0	1.705633E+0
73.000000	3.546424E-1	3.278106E+0	1.798444E+0
73.100000	3.421040E-1	3.171613E+0	1.673024E+0
73.200000	3.546424E-1	3.114172E+0	1.454793E+0
73.300000	3.471194E-1	3.089646E+0	1.404624E+0
73.400000	3.421040E-1	3.074802E+0	1.377032E+0
73.500000	3.521347E-1	3.048340E+0	1.402116E+0
73.600000	3.421040E-1	3.007034E+0	1.254120E+0
73.700000	3.521347E-1	2.975409E+0	1.397099E+0
73.800000	3.521347E-1	2.952174E+0	1.284221E+0
73.900000	3.471194E-1	2.936684E+0	1.274188E+0
74.000000	3.496270E-1	2.928294E+0	1.351948E+0
74.100000	3.421040E-1	2.931521E+0	1.339406E+0
74.200000	3.546424E-1	2.920549E+0	1.382049E+0
74.300000	3.446117E-1	2.892796E+0	1.301780E+0
74.400000	3.395963E-1	2.857944E+0	1.349440E+0
74.500000	3.471194E-1	2.892151E+0	1.143751E+0
74.600000	3.471194E-1	2.986381E+0	1.364490E+0
74.700000	3.496270E-1	3.089646E+0	1.474860E+0
74.800000	3.521347E-1	3.241963E+0	1.525028E+0
74.900000	3.471194E-1	3.354909E+0	1.795935E+0
75.000000	3.496270E-1	3.469792E+0	1.718175E+0
75.100000	3.395963E-1	3.585321E+0	1.823528E+0
75.200000	3.471194E-1	3.695686E+0	1.989083E+0
75.300000	3.521347E-1	3.802824E+0	2.177213E+0
75.400000	3.496270E-1	3.911252E+0	2.277549E+0
75.500000	3.471194E-1	4.004837E+0	2.325209E+0
75.600000	3.395963E-1	4.017745E+0	2.227381E+0
75.700000	3.496270E-1	3.955786E+0	2.290091E+0
75.800000	3.421040E-1	3.718275E+0	2.086910E+0
75.900000	3.521347E-1	3.321348E+0	1.673024E+0
76.000000	3.471194E-1	3.110945E+0	1.535061E+0
76.100000	3.471194E-1	2.836646E+0	9.832127E-1
76.200000	3.496270E-1	2.650768E+0	5.367168E-1
76.300000	3.496270E-1	2.542339E+0	2.106244E-1
76.400000	3.496270E-1	2.519104E+0	1.253386E-1
76.500000	3.521347E-1	2.517813E+0	1.328639E-1
76.600000	3.471194E-1	2.517168E+0	1.102882E-1
76.700000	3.496270E-1	2.521040E+0	1.178134E-1
76.800000	3.421040E-1	2.520395E+0	1.353723E-1
76.900000	3.471194E-1	2.577191E+0	3.887210E-1
77.000000	3.395963E-1	2.684329E+0	5.166496E-1
77.100000	3.471194E-1	2.885051E+0	1.008297E+0
77.200000	3.421040E-1	3.171613E+0	1.555129E+0
77.300000	3.471194E-1	3.571122E+0	1.853629E+0
77.400000	3.546424E-1	3.798951E+0	2.024200E+0
77.500000	3.471194E-1	3.964821E+0	2.227381E+0
77.600000	3.496270E-1	4.073896E+0	2.285074E+0
77.700000	3.496270E-1	4.232021E+0	2.217347E+0
77.800000	3.421040E-1	4.232021E+0	2.257482E+0
77.900000	3.471194E-1	4.098421E+0	2.345276E+0
78.000000	3.521347E-1	3.787979E+0	2.137078E+0
78.100000	3.421040E-1	3.373626E+0	1.655465E+0
78.200000	3.446117E-1	3.023169E+0	1.346931E+0
78.300000	3.496270E-1	2.821156E+0	1.076024E+0
78.400000	3.496270E-1	2.712727E+0	6.847127E-1
78.500000	3.471194E-1	2.650768E+0	7.348807E-1
78.600000	3.496270E-1	2.569446E+0	2.808597E-1
78.700000	3.521347E-1	2.519104E+0	3.084521E-1
78.800000	3.521347E-1	2.517813E+0	1.479143E-1
78.900000	3.521347E-1	2.516522E+0	1.704899E-1
79.000000	3.421040E-1	2.519749E+0	2.030992E-1
79.100000	3.395963E-1	2.520395E+0	2.181496E-1
79.200000	3.496270E-1	2.517168E+0	1.203218E-1
79.300000	3.421040E-1	2.519749E+0	1.253386E-1
79.400000	3.496270E-1	2.516522E+0	1.253386E-1
79.500000	3.421040E-1	2.522331E+0	1.303555E-1
79.600000	3.471194E-1	2.524267E+0	1.253386E-1
79.700000	3.496270E-1	2.534594E+0	2.181496E-1
79.800000	3.471194E-1	2.556538E+0	1.604563E-1
79.900000	3.496270E-1	2.560410E+0	2.231664E-1
80.000000	3.421040E-1	2.549438E+0	2.081160E-1
80.100000	3.421040E-1	2.552665E+0	2.934017E-1
80.200000	3.496270E-1	2.595908E+0	3.209941E-1
80.300000	3.496270E-1	2.723053E+0	6.470866E-1
80.400000	3.546424E-1	2.866980E+0	9.556202E-1
80.500000	3.471194E-1	3.049631E+0	1.565162E+0
80.600000	3.496270E-1	3.214210E+0	1.555129E+0
80.700000	3.421040E-1	3.351682E+0	1.698108E+0
80.800000	3.546424E-1	3.477537E+0	2.606150E+0
80.900000	3.496270E-1	3.600810E+0	2.152129E+0
81.000000	3.546424E-1	3.711175E+0	2.678894E+0
81.100000	3.471194E-1	3.845421E+0	2.701469E+0
81.200000	3.521347E-1	3.936423E+0	2.330225E+0
81.300000	3.521347E-1	4.000964E+0	2.197280E+0
81.400000	3.521347E-1	4.077768E+0	2.498288E+0
81.500000	3.496270E-1	4.160380E+0	2.352801E+0
81.600000	3.471194E-1	4.256546E+0	2.731570E+0
81.700000	3.421040E-1	4.332059E+0	2.591099E+0
81.800000	3.496270E-1	4.368848E+0	2.854482E+0
81.900000	3.496270E-1	4.368848E+0	3.120373E+0
82.000000	3.521347E-1	4.385628E+0	2.894616E+0
82.100000	3.421040E-1	4.375947E+0	2.701469E+0
82.200000	3.521347E-1	4.326896E+0	2.734078E+0
82.300000	3.521347E-1	4.293980E+0	2.819364E+0
82.400000	3.496270E-1	4.284944E+0	2.819364E+0
82.500000	3.496270E-1	4.275909E+0	2.836923E+0
82.600000	3.421040E-1	4.270100E+0	2.831906E+0
82.700000	3.471194E-1	4.256546E+0	2.897125E+0
82.800000	3.496270E-1	4.241702E+0	2.897125E+0
82.900000	3.496270E-1	4.236539E+0	2.856990E+0
83.000000	3.471194E-1	4.240411E+0	2.789263E+0
83.100000	3.521347E-1	4.235248E+0	3.117864E+0
83.200000	3.421040E-1	4.234603E+0	3.070204E+0
83.300000	3.521347E-1	4.213304E+0	2.992444E+0
83.400000	3.521347E-1	4.204914E+0	3.022545E+0
83.500000	3.496270E-1	4.195233E+0	3.052646E+0
83.600000	3.421040E-1	4.188133E+0	3.070204E+0
83.700000	3.496270E-1	4.188133E+0	3.100305E+0
83.800000	3.471194E-1	4.188133E+0	3.117864E+0
83.900000	3.496270E-1	4.181034E+0	3.085255E+0
84.000000	3.521347E-1	4.184261E+0	3.010003E+0
84.100000	3.496270E-1	4.176516E+0	2.666352E+0
84.200000	3.521347E-1	4.179743E+0	2.673877E+0
84.300000	3.446117E-1	4.182324E+0	2.646284E+0
84.400000	3.395963E-1	4.194587E+0	2.538423E+0
84.500000	3.446117E-1	4.206204E+0	2.576049E+0
84.600000	3.521347E-1	4.207495E+0	2.676385E+0
84.700000	3.521347E-1	4.207495E+0	2.648793E+0
84.800000	3.471194E-1	4.205559E+0	2.636251E+0
84.900000	3.395963E-1	4.206850E+0	2.576049E+0
85.000000	3.521347E-1	4.206204E+0	2.603641E+0
85.100000	3.395963E-1	4.224921E+0	2.769196E+0
85.200000	3.521347E-1	4.248156E+0	2.774213E+0
85.300000	3.496270E-1	4.269455E+0	2.786755E+0
85.400000	3.521347E-1	4.273972E+0	2.849465E+0
85.500000	3.496270E-1	4.266228E+0	2.726553E+0
85.600000	3.496270E-1	4.260419E+0	2.862007E+0
85.700000	3.471194E-1	4.250092E+0	2.683910E+0
85.800000	3.521347E-1	4.239766E+0	2.626217E+0
85.900000	3.521347E-1	4.232666E+0	2.779230E+0
86.000000	3.521347E-1	4.228148E+0	2.676385E+0
86.100000	3.471194E-1	4.226212E+0	2.688927E+0
86.200000	3.496270E-1	4.219113E+0	2.759162E+0
86.300000	3.546424E-1	4.229439E+0	2.568524E+0
86.400000	3.421040E-1	4.232021E+0	2.558490E+0
86.500000	3.546424E-1	4.212659E+0	2.538423E+0
86.600000	3.496270E-1	4.156508E+0	2.533406E+0
86.700000	3.421040E-1	4.126174E+0	2.618692E+0
86.800000	3.421040E-1	4.144245E+0	2.473204E+0
86.900000	3.496270E-1	4.083577E+0	2.480730E+0
87.000000	3.421040E-1	4.073250E+0	2.528389E+0
87.100000	3.446117E-1	4.082931E+0	2.453137E+0
87.200000	3.496270E-1	3.983538E+0	2.257482E+0
87.300000	3.496270E-1	4.014518E+0	2.277549E+0
87.400000	3.496270E-1	4.044207E+0	2.387919E+0
87.500000	3.521347E-1	4.031944E+0	2.520864E+0
87.600000	3.471194E-1	4.026781E+0	2.390427E+0
87.700000	3.421040E-1	4.017745E+0	2.375377E+0
87.800000	3.421040E-1	3.997092E+0	2.317683E+0
87.900000	3.546424E-1	4.021617E+0	2.400461E+0
88.000000	3.471194E-1	4.048725E+0	2.563507E+0
88.100000	3.521347E-1	4.072605E+0	2.433070E+0
88.200000	3.496270E-1	4.081640E+0	2.312667E+0
88.300000	3.546424E-1	4.062924E+0	2.352801E+0
88.400000	3.521347E-1	4.033235E+0	2.450629E+0
88.500000	3.421040E-1	3.987411E+0	2.500797E+0
88.600000	3.496270E-1	3.957076E+0	2.450629E+0
88.700000	3.521347E-1	3.946104E+0	2.350293E+0
88.800000	3.521347E-1	3.917706E+0	2.433070E+0
88.900000	3.471194E-1	3.875755E+0	2.395444E+0
89.000000	3.521347E-1	3.896408E+0	2.425545E+0
89.100000	3.546424E-1	3.919643E+0	2.407986E+0
89.200000	3.521347E-1	3.830576E+0	2.239923E+0
89.300000	3.421040E-1	3.758290E+0	2.367851E+0
89.400000	3.471194E-1	3.786688E+0	2.347784E+0
89.500000	3.496270E-1	3.785397E+0	2.402969E+0
89.600000	3.496270E-1	3.776362E+0	2.415511E+0
89.700000	3.546424E-1	3.772489E+0	2.458154E+0
89.800000	3.421040E-1	3.793142E+0	2.420528E+0
89.900000	3.546424E-1	3.836385E+0	2.380393E+0
90.000000	3.521347E-1	3.860265E+0	2.397952E+0
90.100000	3.421040E-1	3.877691E+0	2.500797E+0
90.200000	3.521347E-1	3.902862E+0	2.475713E+0
90.300000	3.521347E-1	3.945459E+0	2.533406E+0
90.400000	3.546424E-1	3.996446E+0	2.490763E+0
90.500000	3.471194E-1	4.032589E+0	2.488255E+0
90.600000	3.496270E-1	4.011936E+0	2.533406E+0
90.700000	3.421040E-1	4.010645E+0	2.485746E+0
90.800000	3.496270E-1	3.976439E+0	2.458154E+0
90.900000	3.421040E-1	3.962240E+0	2.425545E+0
91.000000	3.471194E-1	3.984829E+0	2.470696E+0
91.100000	3.496270E-1	3.991929E+0	2.543440E+0
91.200000	3.421040E-1	3.968694E+0	2.488255E+0
91.300000	3.471194E-1	3.931260E+0	2.485746E+0
91.400000	3.521347E-1	3.924161E+0	2.475713E+0
91.500000	3.496270E-1	3.940941E+0	2.480730E+0
91.600000	3.546424E-1	3.930615E+0	2.395444E+0
91.700000	3.521347E-1	3.925451E+0	2.473204E+0
91.800000	3.421040E-1	3.940296E+0	2.505814E+0
91.900000	3.496270E-1	3.959013E+0	2.367851E+0
92.000000	3.471194E-1	3.940296E+0	2.367851E+0
92.100000	3.496270E-1	3.928033E+0	2.413003E+0
92.200000	3.421040E-1	3.927388E+0	2.315175E+0
92.300000	3.521347E-1	3.918997E+0	2.455646E+0
92.400000	3.496270E-1	3.905444E+0	2.418020E+0
92.500000	3.421040E-1	3.919643E+0	2.380393E+0
92.600000	3.521347E-1	3.928678E+0	2.375377E+0
92.700000	3.496270E-1	3.928678E+0	2.410494E+0
92.800000	3.421040E-1	3.910607E+0	2.468188E+0
92.900000	3.496270E-1	3.901571E+0	2.270024E+0
93.000000	3.395963E-1	3.915770E+0	2.385410E+0
93.100000	3.395963E-1	3.928678E+0	2.322700E+0
93.200000	3.496270E-1	3.935132E+0	2.307650E+0
93.300000	3.421040E-1	3.926742E+0	2.342767E+0
93.400000	3.395963E-1	3.908025E+0	2.375377E+0
93.500000	3.496270E-1	3.915125E+0	2.352801E+0
93.600000	3.395963E-1	3.918352E+0	2.239923E+0
93.700000	3.521347E-1	3.948041E+0	2.277549E+0
93.800000	3.546424E-1	4.002900E+0	2.420528E+0
93.900000	3.496270E-1	4.035816E+0	2.588591E+0
94.000000	3.421040E-1	4.085513E+0	2.510830E+0
94.100000	3.496270E-1	4.091967E+0	2.535915E+0
94.200000	3.521347E-1	4.086158E+0	2.578557E+0
94.300000	3.421040E-1	4.068087E+0	2.485746E+0
94.400000	3.496270E-1	4.075186E+0	2.583574E+0
94.500000	3.471194E-1	4.113266E+0	2.668860E+0
94.600000	3.395963E-1	4.162962E+0	2.648793E+0
94.700000	3.471194E-1	4.201041E+0	2.721536E+0
94.800000	3.496270E-1	4.239120E+0	2.719028E+0
94.900000	3.496270E-1	4.263646E+0	2.774213E+0
95.000000	3.521347E-1	4.256546E+0	2.653809E+0
95.100000	3.496270E-1	4.290753E+0	2.716520E+0
95.200000	3.496270E-1	4.305598E+0	2.686419E+0
95.300000	3.521347E-1	4.297207E+0	2.678894E+0
95.400000	3.421040E-1	4.305598E+0	2.678894E+0
95.500000	3.496270E-1	4.315279E+0	2.711503E+0
95.600000	3.496270E-1	4.338513E+0	2.641267E+0
95.700000	3.496270E-1	4.350131E+0	2.729062E+0
95.800000	3.496270E-1	4.352712E+0	2.796788E+0
95.900000	3.521347E-1	4.371429E+0	2.819364E+0
96.000000	3.471194E-1	4.380465E+0	2.754146E+0
96.100000	3.446117E-1	4.384983E+0	2.754146E+0
96.200000	3.496270E-1	4.405636E+0	2.708994E+0
96.300000	3.471194E-1	4.437261E+0	2.734078E+0
96.400000	3.546424E-1	4.465014E+0	2.801805E+0
96.500000	3.496270E-1	4.482440E+0	2.759162E+0
96.600000	3.421040E-1	4.476631E+0	2.754146E+0
96.700000	3.471194E-1	4.495348E+0	2.769196E+0
96.800000	3.421040E-1	4.505029E+0	2.859499E+0
96.900000	3.421040E-1	4.511483E+0	2.796788E+0
97.000000	3.496270E-1	4.548917E+0	2.826889E+0
97.100000	3.471194E-1	4.571506E+0	2.834415E+0
97.200000	3.471194E-1	4.576670E+0	2.849465E+0
97.300000	3.496270E-1	4.590869E+0	2.867024E+0
97.400000	3.471194E-1	4.599259E+0	2.887091E+0
97.500000	3.395963E-1	4.603777E+0	2.882074E+0
97.600000	3.496270E-1	4.597323E+0	2.939768E+0
97.700000	3.471194E-1	4.588932E+0	2.929734E+0
97.800000	3.395963E-1	4.571506E+0	2.799297E+0
97.900000	3.471194E-1	4.571506E+0	2.796788E+0
98.000000	3.471194E-1	4.577315E+0	2.784246E+0
98.100000	3.521347E-1	4.573442E+0	2.809331E+0
98.200000	3.546424E-1	4.589578E+0	2.867024E+0
98.300000	3.496270E-1	4.602486E+0	2.859499E+0
98.400000	3.496270E-1	4.596032E+0	2.909667E+0
98.500000	3.446117E-1	4.565698E+0	2.879566E+0
98.600000	3.471194E-1	4.561180E+0	2.879566E+0
98.700000	3.471194E-1	4.574733E+0	2.967360E+0
98.800000	3.521347E-1	4.581187E+0	2.806822E+0
98.900000	3.421040E-1	4.609585E+0	2.854482E+0
99.000000	3.446117E-1	4.634756E+0	2.859499E+0
99.100000	3.546424E-1	4.654119E+0	2.826889E+0
99.200000	3.471194E-1	4.647665E+0	2.864515E+0
99.300000	3.421040E-1	4.660573E+0	2.814347E+0
99.400000	3.421040E-1	4.665091E+0	2.932242E+0
99.500000	3.521347E-1	4.648310E+0	2.894616E+0
99.600000	3.471194E-1	4.618621E+0	2.949801E+0
99.700000	3.395963E-1	4.551499E+0	2.942276E+0
99.800000	3.546424E-1	4.526973E+0	2.919700E+0
99.900000	3.521347E-1	4.539881E+0	2.826889E+0
100.000000	3.421040E-1	4.579251E+0	2.889599E+0
100.100000	3.546424E-1	4.584414E+0	2.869532E+0
100.200000	3.421040E-1	4.576670E+0	2.829398E+0
100.300000	3.521347E-1	4.550208E+0	2.864515E+0
100.400000	3.471194E-1	4.521810E+0	2.824381E+0
100.500000	3.496270E-1	4.535363E+0	2.887091E+0
100.600000	3.421040E-1	4.542463E+0	2.869532E+0
100.700000	3.496270E-1	4.544399E+0	2.869532E+0
100.800000	3.546424E-1	4.538590E+0	2.947293E+0
100.900000	3.521347E-1	4.534718E+0	2.944784E+0
101.000000	3.471194E-1	4.530200E+0	2.854482E+0
101.100000	3.471194E-1	4.538590E+0	2.894616E+0
101.200000	3.421040E-1	4.554080E+0	2.889599E+0
101.300000	3.496270E-1	4.570861E+0	2.919700E+0
101.400000	3.421040E-1	4.568925E+0	2.897125E+0
101.500000	3.421040E-1	4.545044E+0	2.877057E+0
101.600000	3.521347E-1	4.530200E+0	2.914683E+0
101.700000	3.496270E-1	4.514065E+0	2.854482E+0
101.800000	3.521347E-1	4.443070E+0	2.789263E+0
101.900000	3.521347E-1	4.426935E+0	2.854482E+0
102.000000	3.471194E-1	4.394664E+0	2.668860E+0
102.100000	3.446117E-1	4.413381E+0	2.711503E+0
102.200000	3.521347E-1	4.367557E+0	2.779230E+0
102.300000	3.496270E-1	4.339159E+0	2.781738E+0
102.400000	3.421040E-1	4.288171E+0	2.731570E+0
102.500000	3.471194E-1	4.184906E+0	2.400461E+0
102.600000	3.521347E-1	4.232666E+0	2.651301E+0
102.700000	3.496270E-1	4.300434E+0	2.646284E+0
102.800000	3.395963E-1	4.347549E+0	2.801805E+0
102.900000	3.496270E-1	4.317215E+0	2.691436E+0
103.000000	3.421040E-1	4.295271E+0	2.729062E+0
103.100000	3.421040E-1	4.415317E+0	2.899633E+0
103.200000	3.496270E-1	4.364975E+0	2.794280E+0
103.300000	3.395963E-1	4.275909E+0	2.714011E+0
103.400000	3.471194E-1	4.191360E+0	2.563507E+0
103.500000	3.421040E-1	4.284299E+0	2.643776E+0
103.600000	3.521347E-1	4.237184E+0	2.571032E+0
103.700000	3.496270E-1	4.122301E+0	2.545948E+0
103.800000	3.496270E-1	4.132628E+0	2.566015E+0
103.900000	3.521347E-1	4.193296E+0	2.601133E+0
104.000000	3.546424E-1	4.193296E+0	2.611167E+0
104.100000	3.521347E-1	4.167480E+0	2.641267E+0
104.200000	3.496270E-1	4.169416E+0	2.726553E+0
104.300000	3.395963E-1	4.181679E+0	2.799297E+0
104.400000	3.471194E-1	4.165544E+0	2.678894E+0
104.500000	3.421040E-1	4.136500E+0	2.618692E+0
104.600000	3.446117E-1	4.153281E+0	2.631234E+0
104.700000	3.521347E-1	4.128755E+0	2.598625E+0
104.800000	3.496270E-1	4.135209E+0	2.661335E+0
104.900000	3.471194E-1	4.199750E+0	2.761671E+0
105.000000	3.521347E-1	4.282363E+0	2.804314E+0
105.100000	3.521347E-1	4.317860E+0	2.771704E+0
105.200000	3.546424E-1	4.379174E+0	2.794280E+0
105.300000	3.546424E-1	4.373366E+0	2.784246E+0
105.400000	3.471194E-1	4.406927E+0	2.831906E+0
105.500000	3.471194E-1	4.403700E+0	2.917192E+0
105.600000	3.521347E-1	4.470822E+0	2.862007E+0
105.700000	3.421040E-1	4.479213E+0	2.904650E+0
105.800000	3.521347E-1	4.546335E+0	2.841940E+0
105.900000	3.496270E-1	4.605713E+0	2.859499E+0
106.000000	3.471194E-1	4.607649E+0	2.851973E+0
106.100000	3.496270E-1	4.589578E+0	2.831906E+0
106.200000	3.395963E-1	4.604422E+0	2.917192E+0
106.300000	3.471194E-1	4.600550E+0	2.907158E+0
106.400000	3.521347E-1	4.574733E+0	2.957326E+0
106.500000	3.521347E-1	4.624430E+0	2.999969E+0
106.600000	3.496270E-1	4.661864E+0	3.032578E+0
106.700000	3.521347E-1	4.664445E+0	3.075221E+0
106.800000	3.496270E-1	4.687680E+0	3.087763E+0
106.900000	3.496270E-1	4.696716E+0	3.097797E+0
107.000000	3.471194E-1	4.690262E+0	3.097797E+0
107.100000	3.421040E-1	4.734149E+0	3.075221E+0
107.200000	3.421040E-1	4.803854E+0	3.015020E+0
107.300000	3.471194E-1	4.900665E+0	2.982410E+0
107.400000	3.395963E-1	4.934872E+0	3.010003E+0
107.500000	3.421040E-1	4.968433E+0	3.010003E+0
107.600000	3.471194E-1	4.937453E+0	2.959835E+0
107.700000	3.471194E-1	4.940681E+0	2.934751E+0
107.800000	3.395963E-1	4.876140E+0	2.942276E+0
107.900000	3.521347E-1	4.838060E+0	2.944784E+0
108.000000	3.521347E-1	4.801917E+0	2.962343E+0
108.100000	3.421040E-1	4.759320E+0	2.954818E+0
108.200000	3.521347E-1	4.759320E+0	2.974885E+0
108.300000	3.421040E-1	4.741249E+0	3.017528E+0
108.400000	3.496270E-1	4.713496E+0	2.979902E+0
108.500000	3.471194E-1	4.610876E+0	2.902141E+0
108.600000	3.421040E-1	4.532782E+0	2.939768E+0
108.700000	3.471194E-1	4.571506E+0	3.002478E+0
108.800000	3.421040E-1	4.606358E+0	3.055154E+0
108.900000	3.395963E-1	4.541817E+0	2.982410E+0
109.000000	3.521347E-1	4.476631E+0	2.882074E+0
109.100000	3.521347E-1	4.566988E+0	2.994952E+0
109.200000	3.521347E-1	4.556662E+0	2.969868E+0
109.300000	3.471194E-1	4.548272E+0	2.914683E+0
109.400000	3.421040E-1	4.609585E+0	2.959835E+0
109.500000	3.496270E-1	4.639920E+0	2.994952E+0
109.600000	3.471194E-1	4.701879E+0	2.974885E+0
109.700000	3.421040E-1	4.745767E+0	3.020036E+0
109.800000	3.421040E-1	4.605068E+0	3.002478E+0
109.900000	3.521347E-1	4.608295E+0	3.032578E+0
110.000000	3.496270E-1	4.663800E+0	2.997461E+0
110.100000	3.496270E-1	4.699297E+0	2.979902E+0
110.200000	3.471194E-1	4.708333E+0	2.974885E+0
110.300000	3.496270E-1	4.708333E+0	2.994952E+0
110.400000	3.546424E-1	4.681226E+0	3.050137E+0
110.500000	3.471194E-1	4.706397E+0	2.932242E+0
110.600000	3.471194E-1	4.717369E+0	2.959835E+0
110.700000	3.521347E-1	4.748348E+0	2.999969E+0
110.800000	3.496270E-1	4.791591E+0	3.037595E+0
110.900000	3.471194E-1	4.831606E+0	3.012511E+0
111.000000	3.496270E-1	4.847742E+0	2.992444E+0
111.100000	3.421040E-1	4.827734E+0	3.020036E+0
111.200000	3.496270E-1	4.830315E+0	3.002478E+0
111.300000	3.521347E-1	4.821280E+0	3.020036E+0
111.400000	3.496270E-1	4.836124E+0	3.015020E+0
111.500000	3.496270E-1	4.854841E+0	2.959835E+0
111.600000	3.421040E-1	4.827088E+0	3.020036E+0
111.700000	3.496270E-1	4.796109E+0	3.055154E+0
111.800000	3.496270E-1	4.779974E+0	3.107831E+0
111.900000	3.395963E-1	4.734795E+0	3.090272E+0
112.000000	3.421040E-1	4.732859E+0	3.065188E+0
112.100000	3.496270E-1	4.714787E+0	3.067696E+0
112.200000	3.421040E-1	4.694779E+0	3.072713E+0
112.300000	3.521347E-1	4.663800E+0	3.082747E+0
112.400000	3.421040E-1	4.636047E+0	3.127898E+0
112.500000	3.421040E-1	4.681226E+0	2.942276E+0
112.600000	3.421040E-1	4.672836E+0	2.984919E+0
112.700000	3.496270E-1	4.679290E+0	3.002478E+0
112.800000	3.471194E-1	4.681871E+0	3.027562E+0
112.900000	3.546424E-1	4.661218E+0	3.052646E+0
113.000000	3.395963E-1	4.646374E+0	2.984919E+0
113.100000	3.421040E-1	4.678644E+0	2.977394E+0
113.200000	3.521347E-1	4.670254E+0	3.020036E+0
113.300000	3.471194E-1	4.675417E+0	3.045120E+0
113.400000	3.521347E-1	4.655410E+0	3.077730E+0
113.500000	3.421040E-1	4.647665E+0	3.077730E+0
113.600000	3.421040E-1	4.644438E+0	3.015020E+0
113.700000	3.421040E-1	4.599904E+0	3.017528E+0
113.800000	3.496270E-1	4.599904E+0	3.057662E+0
113.900000	3.546424E-1	4.577315E+0	3.007494E+0
114.000000	3.496270E-1	4.558598E+0	3.020036E+0
114.100000	3.521347E-1	4.565052E+0	3.045120E+0
114.200000	3.521347E-1	4.590869E+0	2.952310E+0
114.300000	3.446117E-1	4.567634E+0	3.050137E+0
114.400000	3.496270E-1	4.543108E+0	3.052646E+0
114.500000	3.471194E-1	4.529555E+0	3.042612E+0
114.600000	3.496270E-1	4.494057E+0	3.055154E+0
114.700000	3.521347E-1	4.470822E+0	2.947293E+0
114.800000	3.496270E-1	4.519228E+0	2.992444E+0
114.900000	3.421040E-1	4.509547E+0	2.987427E+0
115.000000	3.471194E-1	4.444361E+0	2.957326E+0
115.100000	3.496270E-1	4.472759E+0	2.977394E+0
115.200000	3.546424E-1	4.403700E+0	2.937259E+0
115.300000	3.496270E-1	4.414672E+0	2.934751E+0
115.400000	3.395963E-1	4.430807E+0	3.050137E+0
115.500000	3.471194E-1	4.411445E+0	2.872041E+0
115.600000	3.496270E-1	4.412736E+0	2.882074E+0
115.700000	3.496270E-1	4.403054E+0	2.859499E+0
115.800000	3.496270E-1	4.408863E+0	2.899633E+0
115.900000	3.521347E-1	4.399827E+0	2.771704E+0
116.000000	3.496270E-1	4.429516E+0	2.892108E+0
116.100000	3.546424E-1	4.447588E+0	2.939768E+0
116.200000	3.471194E-1	4.477276E+0	2.927225E+0
116.300000	3.496270E-1	4.485667E+0	2.912175E+0
116.400000	3.471194E-1	4.499220E+0	3.002478E+0
116.500000	3.421040E-1	4.536009E+0	3.007494E+0
116.600000	3.521347E-1	4.356585E+0	2.734078E+0
116.700000	3.496270E-1	4.318506E+0	2.676385E+0
116.800000	3.546424E-1	4.396600E+0	2.721536E+0
116.900000	3.546424E-1	4.454687E+0	2.841940E+0
117.000000	3.471194E-1	4.460496E+0	2.856990E+0
117.100000	3.471194E-1	4.481794E+0	2.826889E+0
117.200000	3.496270E-1	4.485667E+0	2.719028E+0
117.300000	3.496270E-1	4.475340E+0	2.776721E+0
117.400000	3.496270E-1	4.477922E+0	2.729062E+0
117.500000	3.471194E-1	4.494057E+0	2.716520E+0
117.600000	3.521347E-1	4.537945E+0	2.894616E+0
117.700000	3.546424E-1	4.519874E+0	2.889599E+0
117.800000	3.421040E-1	4.540527E+0	2.907158E+0
117.900000	3.546424E-1	4.582478E+0	2.826889E+0
118.000000	3.521347E-1	4.568279E+0	2.947293E+0
118.100000	3.421040E-1	4.267518E+0	2.801805E+0
118.200000	3.496270E-1	3.786688E+0	2.347784E+0
118.300000	3.421040E-1	3.458175E+0	2.031725E+0
118.400000	3.471194E-1	3.122562E+0	1.662990E+0
118.500000	3.546424E-1	2.797276E+0	1.010805E+0
118.600000	3.395963E-1	2.632051E+0	4.288555E-1
118.700000	3.521347E-1	2.571382E+0	2.607924E-1
118.800000	3.521347E-1	2.568801E+0	3.611286E-1
118.900000	3.471194E-1	2.586872E+0	4.087883E-1
119.000000	3.471194E-1	2.608171E+0	4.564479E-1
119.100000	3.496270E-1	2.648186E+0	4.865488E-1
119.200000	3.471194E-1	2.814056E+0	1.030872E+0
119.300000	3.496270E-1	3.059957E+0	1.444759E+0
119.400000	3.546424E-1	3.072865E+0	1.429709E+0
119.500000	3.521347E-1	2.896023E+0	1.392082E+0
119.600000	3.546424E-1	2.750806E+0	8.302001E-1
119.700000	3.496270E-1	2.612688E+0	4.037714E-1
119.800000	3.546424E-1	2.533948E+0	1.830319E-1
119.900000	3.521347E-1	2.518459E+0	9.774621E-2
120.000000	3.471194E-1	2.519104E+0	3.385530E-1

