0.000000	4.539985E+0	2.517168E+0	3.252771E-2
0.100000	3.471194E-1	2.516522E+0	3.252771E-2
0.200000	3.521347E-1	2.517813E+0	3.252771E-2
0.300000	3.496270E-1	2.518459E+0	3.001931E-2
0.400000	3.471194E-1	2.520395E+0	2.751091E-2
0.500000	3.471194E-1	2.519749E+0	2.500250E-2
0.600000	3.471194E-1	2.520395E+0	2.500250E-2
0.700000	3.395963E-1	2.519104E+0	1.747729E-2
0.800000	3.496270E-1	2.519104E+0	3.252771E-2
0.900000	3.471194E-1	2.519104E+0	1.747729E-2
1.000000	3.471194E-1	2.519749E+0	3.001931E-2
1.100000	3.395963E-1	2.518459E+0	3.001931E-2
1.200000	3.446117E-1	2.520395E+0	3.503612E-2
1.300000	3.546424E-1	2.517813E+0	3.503612E-2
1.400000	3.471194E-1	2.518459E+0	2.249410E-2
1.500000	3.471194E-1	2.519104E+0	2.751091E-2
1.600000	3.471194E-1	2.519104E+0	1.998570E-2
1.700000	3.471194E-1	2.523622E+0	2.500250E-2
1.800000	3.421040E-1	2.530721E+0	3.001931E-2
1.900000	3.395963E-1	2.536530E+0	2.751091E-2
2.000000	3.471194E-1	2.570737E+0	7.767898E-2
2.100000	3.471194E-1	2.620433E+0	1.127966E-1
2.200000	3.496270E-1	2.669484E+0	1.955739E-1
2.300000	3.471194E-1	2.707564E+0	2.407252E-1
2.400000	3.421040E-1	2.748224E+0	2.683177E-1
2.500000	3.521347E-1	2.792112E+0	3.109605E-1
2.600000	3.421040E-1	2.839227E+0	4.489227E-1
2.700000	3.471194E-1	2.890215E+0	4.514311E-1
2.800000	3.471194E-1	2.934748E+0	6.019353E-1
2.900000	3.471194E-1	2.987671E+0	6.295278E-1
3.000000	3.471194E-1	3.025105E+0	7.574564E-1
3.100000	3.496270E-1	3.076092E+0	7.699984E-1
3.200000	3.521347E-1	3.108363E+0	7.649816E-1
3.300000	3.395963E-1	3.134825E+0	7.800320E-1
3.400000	3.421040E-1	3.159996E+0	8.377253E-1
3.500000	3.521347E-1	3.172904E+0	9.606371E-1
3.600000	3.521347E-1	3.176131E+0	9.882295E-1
3.700000	3.471194E-1	3.198720E+0	9.280278E-1
3.800000	3.471194E-1	3.226473E+0	1.008297E+0
3.900000	3.421040E-1	3.261970E+0	9.832127E-1
4.000000	3.421040E-1	3.266488E+0	9.631455E-1
4.100000	3.471194E-1	3.280687E+0	1.156293E+0
4.200000	3.521347E-1	3.308440E+0	1.060973E+0
4.300000	3.546424E-1	3.352973E+0	1.033381E+0
4.400000	3.521347E-1	3.396861E+0	1.173851E+0
4.500000	3.471194E-1	3.434295E+0	1.128700E+0
4.600000	3.496270E-1	3.457529E+0	1.201444E+0
4.700000	3.521347E-1	3.463984E+0	1.234053E+0
4.800000	3.471194E-1	3.493027E+0	1.254120E+0
4.900000	3.471194E-1	3.497545E+0	1.264154E+0
5.000000	3.496270E-1	3.513035E+0	1.093582E+0
5.100000	3.395963E-1	3.528525E+0	1.143751E+0
5.200000	3.471194E-1	3.524652E+0	1.128700E+0
5.300000	3.521347E-1	3.537560E+0	1.244087E+0
5.400000	3.421040E-1	3.573058E+0	1.156293E+0
5.500000	3.471194E-1	3.595002E+0	1.269171E+0
5.600000	3.421040E-1	3.618236E+0	1.334389E+0
5.700000	3.471194E-1	3.645989E+0	1.284221E+0
5.800000	3.496270E-1	3.657606E+0	1.266662E+0
5.900000	3.521347E-1	3.647280E+0	1.334389E+0
6.000000	3.421040E-1	3.652443E+0	1.392082E+0
6.100000	3.546424E-1	3.676969E+0	1.334389E+0
6.200000	3.471194E-1	3.700849E+0	1.329372E+0
6.300000	3.471194E-1	3.718275E+0	1.361982E+0
6.400000	3.546424E-1	3.725374E+0	1.374524E+0
6.500000	3.395963E-1	3.744091E+0	1.394591E+0
6.600000	3.471194E-1	3.754418E+0	1.409641E+0
6.700000	3.421040E-1	3.776362E+0	1.472351E+0
6.800000	3.471194E-1	3.798306E+0	1.437234E+0
6.900000	3.521347E-1	3.822831E+0	1.422183E+0
7.000000	3.471194E-1	3.838966E+0	1.474860E+0
7.100000	3.471194E-1	3.852520E+0	1.462318E+0
7.200000	3.421040E-1	3.873819E+0	1.522519E+0
7.300000	3.496270E-1	3.889308E+0	1.512486E+0
7.400000	3.471194E-1	3.900926E+0	1.484893E+0
7.500000	3.395963E-1	3.913834E+0	1.437234E+0
7.600000	3.471194E-1	3.915770E+0	1.492419E+0
7.700000	3.395963E-1	3.926097E+0	1.497435E+0
7.800000	3.471194E-1	3.940296E+0	1.525028E+0
7.900000	3.496270E-1	3.962240E+0	1.595263E+0
8.000000	3.471194E-1	3.980311E+0	1.545095E+0
8.100000	3.521347E-1	3.996446E+0	1.560146E+0
8.200000	3.471194E-1	3.999673E+0	1.585230E+0
8.300000	3.471194E-1	4.002900E+0	1.622856E+0
8.400000	3.471194E-1	4.011936E+0	1.580213E+0
8.500000	3.421040E-1	4.009355E+0	1.535061E+0
8.600000	3.496270E-1	3.995801E+0	1.525028E+0
8.700000	3.421040E-1	3.931260E+0	1.595263E+0
8.800000	3.471194E-1	3.790561E+0	1.284221E+0
8.900000	3.421040E-1	3.668578E+0	1.289238E+0
9.000000	3.546424E-1	3.509808E+0	1.213986E+0
9.100000	3.421040E-1	3.437522E+0	9.631455E-1
9.200000	3.395963E-1	3.439458E+0	1.091074E+0
9.300000	3.471194E-1	3.445267E+0	1.178868E+0
9.400000	3.421040E-1	3.461402E+0	1.163818E+0
9.500000	3.421040E-1	3.469147E+0	1.118666E+0
9.600000	3.421040E-1	3.468501E+0	1.108633E+0
9.700000	3.546424E-1	3.486573E+0	1.206461E+0
9.800000	3.471194E-1	3.549823E+0	1.296763E+0
9.900000	3.421040E-1	3.627272E+0	1.291746E+0
10.000000	3.496270E-1	3.676969E+0	1.364490E+0
10.100000	3.471194E-1	3.724729E+0	1.366998E+0
10.200000	3.446117E-1	3.758290E+0	1.291746E+0
10.300000	3.421040E-1	3.817023E+0	1.419675E+0
10.400000	3.471194E-1	3.840903E+0	1.399608E+0
10.500000	3.471194E-1	3.890599E+0	1.409641E+0
10.600000	3.496270E-1	3.921579E+0	1.542587E+0
10.700000	3.471194E-1	3.942877E+0	1.612822E+0
10.800000	3.471194E-1	3.957722E+0	1.630381E+0
10.900000	3.546424E-1	3.977084E+0	1.532553E+0
11.000000	3.521347E-1	3.995801E+0	1.492419E+0
11.100000	3.421040E-1	4.015809E+0	1.502452E+0
11.200000	3.471194E-1	4.028717E+0	1.469843E+0
11.300000	3.521347E-1	4.033880E+0	1.469843E+0
11.400000	3.496270E-1	4.035171E+0	1.459809E+0
11.500000	3.421040E-1	4.040980E+0	1.527536E+0
11.600000	3.496270E-1	4.039689E+0	1.570179E+0
11.700000	3.521347E-1	4.047434E+0	1.494927E+0
11.800000	3.421040E-1	4.048725E+0	1.509977E+0
11.900000	3.471194E-1	4.090676E+0	1.640414E+0
12.000000	3.395963E-1	4.153281E+0	1.615330E+0
12.100000	3.496270E-1	4.237184E+0	1.625364E+0
12.200000	3.471194E-1	4.264291E+0	1.655465E+0
12.300000	3.521347E-1	4.300434E+0	1.650448E+0
12.400000	3.471194E-1	4.324960E+0	1.602788E+0
12.500000	3.471194E-1	4.355939E+0	1.735734E+0
12.600000	3.496270E-1	4.377238E+0	1.600280E+0
12.700000	3.546424E-1	4.379820E+0	1.773360E+0
12.800000	3.546424E-1	4.393373E+0	1.795935E+0
12.900000	3.546424E-1	4.395955E+0	1.866171E+0
13.000000	3.521347E-1	4.380465E+0	1.831053E+0
13.100000	3.395963E-1	4.358521E+0	1.810986E+0
13.200000	3.395963E-1	4.361103E+0	1.740751E+0
13.300000	3.521347E-1	4.323024E+0	1.740751E+0
13.400000	3.471194E-1	4.348840E+0	1.836070E+0
13.500000	3.471194E-1	4.372720E+0	1.735734E+0
13.600000	3.546424E-1	4.383692E+0	1.778377E+0
13.700000	3.471194E-1	4.437261E+0	1.778377E+0
13.800000	3.395963E-1	4.465659E+0	1.715667E+0
13.900000	3.521347E-1	4.491475E+0	1.846104E+0
14.000000	3.395963E-1	4.519874E+0	1.818511E+0
14.100000	3.471194E-1	4.572152E+0	1.753293E+0
14.200000	3.546424E-1	4.607004E+0	1.878713E+0
14.300000	3.471194E-1	4.704461E+0	1.958982E+0
14.400000	3.521347E-1	4.732213E+0	1.838578E+0
14.500000	3.421040E-1	4.767711E+0	1.906305E+0
14.600000	3.395963E-1	4.748994E+0	1.856137E+0
14.700000	3.496270E-1	4.745121E+0	1.906305E+0
14.800000	3.546424E-1	4.748994E+0	1.913830E+0
14.900000	3.496270E-1	4.764484E+0	1.878713E+0
15.000000	3.421040E-1	4.735440E+0	1.946440E+0
15.100000	3.521347E-1	4.739313E+0	1.963998E+0
15.200000	3.521347E-1	4.752866E+0	1.958982E+0
15.300000	3.521347E-1	4.767711E+0	1.946440E+0
15.400000	3.421040E-1	4.761902E+0	1.916339E+0
15.500000	3.521347E-1	4.769647E+0	1.951456E+0
15.600000	3.496270E-1	4.767711E+0	1.901288E+0
15.700000	3.521347E-1	4.768356E+0	1.838578E+0
15.800000	3.496270E-1	4.781910E+0	1.963998E+0
15.900000	3.471194E-1	4.770938E+0	1.951456E+0
16.000000	3.446117E-1	4.796754E+0	2.006641E+0
16.100000	3.521347E-1	4.803854E+0	2.019183E+0
16.200000	3.471194E-1	4.810953E+0	1.926372E+0
16.300000	3.496270E-1	4.798045E+0	2.031725E+0
16.400000	3.421040E-1	4.765129E+0	2.024200E+0
16.500000	3.471194E-1	4.768356E+0	2.086910E+0
16.600000	3.521347E-1	4.765129E+0	1.994099E+0
16.700000	3.421040E-1	4.774165E+0	2.034234E+0
16.800000	3.521347E-1	4.772874E+0	2.024200E+0
16.900000	3.521347E-1	4.778683E+0	1.928881E+0
17.000000	3.471194E-1	4.744476E+0	1.986574E+0
17.100000	3.471194E-1	4.729632E+0	2.004133E+0
17.200000	3.471194E-1	4.731568E+0	2.024200E+0
17.300000	3.496270E-1	4.727695E+0	2.064335E+0
17.400000	3.521347E-1	4.713496E+0	2.071860E+0
17.500000	3.471194E-1	4.719950E+0	2.016675E+0
17.600000	3.496270E-1	4.709624E+0	2.026709E+0
17.700000	3.471194E-1	4.738667E+0	2.021692E+0
17.800000	3.421040E-1	4.801917E+0	2.039251E+0
17.900000	3.546424E-1	4.897438E+0	1.984066E+0
18.000000	3.521347E-1	4.971660E+0	2.056809E+0
18.100000	3.496270E-1	4.997477E+0	1.943931E+0
18.200000	3.496270E-1	4.994249E+0	2.094435E+0
18.300000	3.496270E-1	4.964561E+0	2.026709E+0
18.400000	3.421040E-1	4.948425E+0	2.021692E+0
18.500000	3.471194E-1	4.921318E+0	2.059318E+0
18.600000	3.496270E-1	4.913573E+0	2.061826E+0
18.700000	3.521347E-1	4.900665E+0	2.039251E+0
18.800000	3.521347E-1	4.883884E+0	2.004133E+0
18.900000	3.521347E-1	4.902601E+0	2.139587E+0
19.000000	3.496270E-1	4.930354E+0	2.132062E+0
19.100000	3.496270E-1	4.899374E+0	2.144604E+0
19.200000	3.395963E-1	4.889693E+0	2.071860E+0
19.300000	3.496270E-1	4.911637E+0	2.159654E+0
19.400000	3.496270E-1	4.887757E+0	2.172196E+0
19.500000	3.521347E-1	4.865168E+0	2.111994E+0
19.600000	3.471194E-1	4.883239E+0	2.122028E+0
19.700000	3.521347E-1	4.860004E+0	2.119520E+0
19.800000	3.496270E-1	4.888402E+0	2.079385E+0
19.900000	3.471194E-1	4.887112E+0	2.117011E+0
20.000000	3.471194E-1	4.887757E+0	2.197280E+0
20.100000	3.496270E-1	4.891629E+0	2.172196E+0
20.200000	3.421040E-1	4.897438E+0	2.237414E+0
20.300000	3.496270E-1	4.885821E+0	2.224872E+0
20.400000	3.471194E-1	4.883239E+0	2.184738E+0
20.500000	3.521347E-1	4.914219E+0	2.189755E+0
20.600000	3.471194E-1	4.889693E+0	2.197280E+0
20.700000	3.471194E-1	4.888402E+0	2.167179E+0
20.800000	3.421040E-1	4.901311E+0	2.177213E+0
20.900000	3.471194E-1	4.896147E+0	2.182230E+0
21.000000	3.546424E-1	4.910992E+0	2.147112E+0
21.100000	3.395963E-1	4.911637E+0	2.159654E+0
21.200000	3.395963E-1	4.920027E+0	2.147112E+0
21.300000	3.395963E-1	4.903892E+0	2.111994E+0
21.400000	3.521347E-1	4.905183E+0	2.169688E+0
21.500000	3.471194E-1	4.906474E+0	2.212330E+0
21.600000	3.471194E-1	4.901956E+0	2.222364E+0
21.700000	3.496270E-1	4.919382E+0	2.167179E+0
21.800000	3.471194E-1	4.930999E+0	2.202297E+0
21.900000	3.395963E-1	4.917446E+0	2.224872E+0
22.000000	3.521347E-1	4.894211E+0	2.217347E+0
22.100000	3.496270E-1	4.899374E+0	2.237414E+0
22.200000	3.471194E-1	4.903247E+0	2.207314E+0
22.300000	3.471194E-1	4.883884E+0	2.172196E+0
22.400000	3.471194E-1	4.912928E+0	2.204805E+0
22.500000	3.421040E-1	4.912282E+0	2.234906E+0
22.600000	3.496270E-1	4.910992E+0	2.212330E+0
22.700000	3.546424E-1	4.927772E+0	2.219856E+0
22.800000	3.521347E-1	4.922609E+0	2.207314E+0
22.900000	3.395963E-1	4.909055E+0	2.249957E+0
23.000000	3.471194E-1	4.913573E+0	2.202297E+0
23.100000	3.395963E-1	4.895502E+0	2.227381E+0
23.200000	3.521347E-1	4.924545E+0	2.214839E+0
23.300000	3.521347E-1	4.951007E+0	2.214839E+0
23.400000	3.521347E-1	4.972951E+0	2.227381E+0
23.500000	3.496270E-1	5.011030E+0	2.242431E+0
23.600000	3.496270E-1	4.976823E+0	2.214839E+0
23.700000	3.521347E-1	4.983278E+0	2.265007E+0
23.800000	3.471194E-1	4.971660E+0	2.305141E+0
23.900000	3.471194E-1	4.981341E+0	2.277549E+0
24.000000	3.471194E-1	4.936163E+0	2.247448E+0
24.100000	3.471194E-1	4.892920E+0	2.202297E+0
24.200000	3.471194E-1	4.854196E+0	2.214839E+0
24.300000	3.521347E-1	4.809662E+0	2.147112E+0
24.400000	3.496270E-1	4.789655E+0	2.124536E+0
24.500000	3.471194E-1	4.782555E+0	2.114503E+0
24.600000	3.471194E-1	4.798045E+0	2.109486E+0
24.700000	3.446117E-1	4.807081E+0	2.091927E+0
24.800000	3.546424E-1	4.817407E+0	2.076877E+0
24.900000	3.496270E-1	4.808372E+0	2.084402E+0
25.000000	3.521347E-1	4.830315E+0	2.084402E+0
25.100000	3.395963E-1	4.826443E+0	2.019183E+0
25.200000	3.471194E-1	4.814180E+0	2.044267E+0
25.300000	3.471194E-1	4.827088E+0	1.871188E+0
25.400000	3.471194E-1	4.871622E+0	1.989083E+0
25.500000	3.521347E-1	4.841933E+0	2.044267E+0
25.600000	3.421040E-1	4.856132E+0	1.984066E+0
25.700000	3.521347E-1	4.855486E+0	2.004133E+0
25.800000	3.471194E-1	4.861295E+0	2.006641E+0
25.900000	3.521347E-1	4.882594E+0	1.938914E+0
26.000000	3.521347E-1	4.925836E+0	2.026709E+0
26.100000	3.471194E-1	4.918091E+0	1.981557E+0
26.200000	3.471194E-1	4.887757E+0	1.876204E+0
26.300000	3.471194E-1	4.878721E+0	1.906305E+0
26.400000	3.421040E-1	4.825152E+0	1.961490E+0
26.500000	3.421040E-1	4.754157E+0	1.948948E+0
26.600000	3.496270E-1	4.701234E+0	1.948948E+0
26.700000	3.421040E-1	4.704461E+0	1.946440E+0
26.800000	3.395963E-1	4.652828E+0	1.893763E+0
26.900000	3.421040E-1	4.600550E+0	1.828545E+0
27.000000	3.496270E-1	4.552789E+0	1.856137E+0
27.100000	3.471194E-1	4.467595E+0	1.783393E+0
27.200000	3.521347E-1	4.381756E+0	1.592755E+0
27.300000	3.496270E-1	4.378529E+0	1.675532E+0
27.400000	3.546424E-1	4.344968E+0	1.620347E+0
27.500000	3.421040E-1	4.290753E+0	1.673024E+0
27.600000	3.521347E-1	4.254610E+0	1.622856E+0
27.700000	3.521347E-1	4.196523E+0	1.570179E+0
27.800000	3.521347E-1	4.183615E+0	1.595263E+0
27.900000	3.521347E-1	4.173934E+0	1.592755E+0
28.000000	3.471194E-1	4.150054E+0	1.650448E+0
28.100000	3.421040E-1	4.105521E+0	1.582721E+0
28.200000	3.496270E-1	4.080350E+0	1.602788E+0
28.300000	3.446117E-1	4.043561E+0	1.587738E+0
28.400000	3.471194E-1	3.998383E+0	1.557637E+0
28.500000	3.496270E-1	3.951268E+0	1.592755E+0
28.600000	3.496270E-1	3.899635E+0	1.560146E+0
28.700000	3.471194E-1	3.887372E+0	1.439742E+0
28.800000	3.395963E-1	3.860265E+0	1.494927E+0
28.900000	3.471194E-1	3.838321E+0	1.442251E+0
29.000000	3.471194E-1	3.826704E+0	1.497435E+0
29.100000	3.471194E-1	3.816377E+0	1.572688E+0
29.200000	3.471194E-1	3.807987E+0	1.447267E+0
29.300000	3.421040E-1	3.790561E+0	1.379540E+0
29.400000	3.496270E-1	3.773780E+0	1.447267E+0
29.500000	3.471194E-1	3.748609E+0	1.412150E+0
29.600000	3.395963E-1	3.754418E+0	1.379540E+0
29.700000	3.521347E-1	3.758290E+0	1.444759E+0
29.800000	3.446117E-1	3.744737E+0	1.452284E+0
29.900000	3.521347E-1	3.718920E+0	1.409641E+0
30.000000	3.446117E-1	3.707303E+0	1.424692E+0
30.100000	3.471194E-1	3.678260E+0	1.409641E+0
30.200000	3.471194E-1	3.620173E+0	1.359473E+0
30.300000	3.395963E-1	3.559504E+0	1.351948E+0
30.400000	3.546424E-1	3.533688E+0	1.309305E+0
30.500000	3.496270E-1	3.518198E+0	1.296763E+0
30.600000	3.521347E-1	3.503354E+0	1.377032E+0
30.700000	3.496270E-1	3.484637E+0	1.251612E+0
30.800000	3.471194E-1	3.450430E+0	1.269171E+0
30.900000	3.546424E-1	3.409124E+0	1.234053E+0
31.000000	3.471194E-1	3.369108E+0	1.236561E+0
31.100000	3.421040E-1	3.331675E+0	1.071007E+0
31.200000	3.471194E-1	3.309085E+0	1.126192E+0
31.300000	3.395963E-1	3.306504E+0	1.254120E+0
31.400000	3.521347E-1	3.304567E+0	1.244087E+0
31.500000	3.471194E-1	3.295532E+0	1.156293E+0
31.600000	3.471194E-1	3.286496E+0	1.203952E+0
31.700000	3.395963E-1	3.260680E+0	1.163818E+0
31.800000	3.421040E-1	3.180649E+0	1.045923E+0
31.900000	3.471194E-1	3.148378E+0	9.230110E-1
32.000000	3.471194E-1	3.129661E+0	8.527757E-1
32.100000	3.471194E-1	3.101263E+0	8.803681E-1
32.200000	3.521347E-1	3.068348E+0	8.151496E-1
32.300000	3.395963E-1	3.065766E+0	7.800320E-1
32.400000	3.521347E-1	3.041240E+0	9.004354E-1
32.500000	3.421040E-1	3.023814E+0	8.377253E-1
32.600000	3.546424E-1	3.005743E+0	7.624732E-1
32.700000	3.496270E-1	2.983799E+0	8.251833E-1
32.800000	3.496270E-1	2.977990E+0	8.703345E-1
32.900000	3.471194E-1	2.981217E+0	8.000992E-1
33.000000	3.471194E-1	2.970245E+0	8.678261E-1
33.100000	3.471194E-1	2.956046E+0	7.424059E-1
33.200000	3.471194E-1	2.943138E+0	7.900656E-1
33.300000	3.471194E-1	2.928939E+0	7.499311E-1
33.400000	3.496270E-1	2.904414E+0	7.825404E-1
33.500000	3.496270E-1	2.865689E+0	6.194942E-1
33.600000	3.521347E-1	2.794694E+0	5.241748E-1
33.700000	3.471194E-1	2.754033E+0	3.912294E-1
33.800000	3.521347E-1	2.730798E+0	3.235025E-1
33.900000	3.496270E-1	2.714663E+0	4.489227E-1
34.000000	3.421040E-1	2.676584E+0	3.485866E-1
34.100000	3.471194E-1	2.667548E+0	3.285193E-1
34.200000	3.471194E-1	2.653349E+0	2.908933E-1
34.300000	3.471194E-1	2.616561E+0	2.457420E-1
34.400000	3.421040E-1	2.601716E+0	1.679815E-1
34.500000	3.421040E-1	2.563637E+0	1.253386E-1
34.600000	3.496270E-1	2.541693E+0	6.764536E-2
34.700000	3.471194E-1	2.523622E+0	5.008654E-2
34.800000	3.471194E-1	2.517813E+0	3.754452E-2
34.900000	3.471194E-1	2.518459E+0	6.513696E-2
35.000000	3.546424E-1	2.519104E+0	5.761175E-2
35.100000	3.471194E-1	2.517813E+0	5.510335E-2
35.200000	3.395963E-1	2.518459E+0	5.761175E-2
35.300000	3.395963E-1	2.519104E+0	5.761175E-2
35.400000	3.521347E-1	2.519104E+0	5.510335E-2
35.500000	3.496270E-1	2.519749E+0	5.008654E-2
35.600000	3.395963E-1	2.520395E+0	6.764536E-2
35.700000	3.471194E-1	2.519104E+0	3.503612E-2
35.800000	3.496270E-1	2.518459E+0	6.012015E-2
35.900000	3.421040E-1	2.519749E+0	5.259494E-2
36.000000	3.496270E-1	2.517813E+0	3.001931E-2
36.100000	3.521347E-1	2.519104E+0	4.757813E-2
36.200000	3.471194E-1	2.518459E+0	3.503612E-2
36.300000	3.471194E-1	2.517168E+0	4.757813E-2
36.400000	3.496270E-1	2.518459E+0	4.256133E-2
36.500000	3.421040E-1	2.518459E+0	4.005292E-2
36.600000	3.546424E-1	2.518459E+0	3.754452E-2
36.700000	3.421040E-1	2.520395E+0	5.008654E-2
36.800000	3.471194E-1	2.519104E+0	4.005292E-2
36.900000	3.521347E-1	2.571382E+0	8.520419E-2
37.000000	3.471194E-1	2.564928E+0	7.015377E-2
37.100000	3.496270E-1	2.518459E+0	3.754452E-2
37.200000	3.471194E-1	2.518459E+0	4.256133E-2
37.300000	3.471194E-1	2.554602E+0	8.771259E-2
37.400000	3.395963E-1	2.519104E+0	3.503612E-2
37.500000	3.471194E-1	2.599135E+0	1.454059E-1
37.600000	3.471194E-1	2.522976E+0	4.005292E-2
37.700000	3.521347E-1	2.566864E+0	9.774621E-2
37.800000	3.471194E-1	2.540403E+0	6.764536E-2
37.900000	3.395963E-1	2.535885E+0	8.520419E-2
38.000000	3.471194E-1	2.598489E+0	1.504227E-1
38.100000	3.471194E-1	2.715954E+0	3.059437E-1
38.200000	3.471194E-1	2.826319E+0	4.012630E-1
38.300000	3.521347E-1	2.931521E+0	5.116328E-1
38.400000	3.471194E-1	3.034786E+0	6.997631E-1
38.500000	3.471194E-1	3.132888E+0	7.674900E-1
38.600000	3.521347E-1	3.167095E+0	7.875572E-1
38.700000	3.471194E-1	3.232927E+0	8.527757E-1
38.800000	3.496270E-1	3.291014E+0	8.427421E-1
38.900000	3.496270E-1	3.208401E+0	9.029438E-1
39.000000	3.521347E-1	3.070929E+0	7.875572E-1
39.100000	3.471194E-1	2.978636E+0	7.875572E-1
39.200000	3.521347E-1	2.947656E+0	6.746790E-1
39.300000	3.395963E-1	2.826319E+0	4.865488E-1
39.400000	3.521347E-1	2.722408E+0	3.159773E-1
39.500000	3.496270E-1	2.661094E+0	3.310277E-1
39.600000	3.471194E-1	2.601716E+0	1.855403E-1
39.700000	3.421040E-1	2.568801E+0	8.018738E-2
39.800000	3.421040E-1	2.532012E+0	6.012015E-2
39.900000	3.421040E-1	2.518459E+0	2.249410E-2
40.000000	3.471194E-1	2.519104E+0	4.506973E-2
40.100000	3.395963E-1	2.519104E+0	2.751091E-2
40.200000	3.521347E-1	2.547502E+0	3.754452E-2
40.300000	3.421040E-1	2.609461E+0	1.403891E-1
40.400000	3.421040E-1	2.785658E+0	4.413975E-1
40.500000	3.471194E-1	2.999289E+0	6.144774E-1
40.600000	3.471194E-1	3.141279E+0	7.499311E-1
40.700000	3.446117E-1	3.283914E+0	7.825404E-1
40.800000	3.421040E-1	3.406542E+0	9.079606E-1
40.900000	3.521347E-1	3.533688E+0	9.556202E-1
41.000000	3.471194E-1	3.569185E+0	1.171343E+0
41.100000	3.496270E-1	3.352328E+0	9.129774E-1
41.200000	3.471194E-1	2.952819E+0	5.743429E-1
41.300000	3.521347E-1	2.689492E+0	2.432336E-1
41.400000	3.471194E-1	2.521686E+0	3.001931E-2
41.500000	3.471194E-1	2.521040E+0	3.754452E-2
41.600000	3.521347E-1	2.519749E+0	4.506973E-2
41.700000	3.471194E-1	2.518459E+0	5.259494E-2
41.800000	3.446117E-1	2.528785E+0	5.008654E-2
41.900000	3.395963E-1	2.532012E+0	4.005292E-2
42.000000	3.471194E-1	2.539112E+0	5.761175E-2
42.100000	3.496270E-1	2.542339E+0	6.012015E-2
42.200000	3.421040E-1	2.557829E+0	9.022100E-2
42.300000	3.496270E-1	2.531367E+0	3.754452E-2
42.400000	3.521347E-1	2.532012E+0	4.256133E-2
42.500000	3.471194E-1	2.535239E+0	5.008654E-2
42.600000	3.421040E-1	2.544275E+0	4.256133E-2
42.700000	3.521347E-1	2.553311E+0	1.102882E-1
42.800000	3.471194E-1	2.544920E+0	6.513696E-2
42.900000	3.496270E-1	2.530721E+0	4.757813E-2
43.000000	3.496270E-1	2.522331E+0	2.500250E-2
43.100000	3.521347E-1	2.533303E+0	6.764536E-2
43.200000	3.521347E-1	2.524267E+0	4.005292E-2
43.300000	3.496270E-1	2.550084E+0	5.259494E-2
43.400000	3.471194E-1	2.539757E+0	8.018738E-2
43.500000	3.496270E-1	2.533948E+0	8.771259E-2
43.600000	3.471194E-1	2.524267E+0	3.754452E-2
43.700000	3.471194E-1	2.520395E+0	4.005292E-2
43.800000	3.471194E-1	2.519104E+0	3.503612E-2
43.900000	3.395963E-1	2.557829E+0	1.077798E-1
44.000000	3.471194E-1	2.522331E+0	3.503612E-2
44.100000	3.471194E-1	2.520395E+0	3.503612E-2
44.200000	3.395963E-1	2.555247E+0	5.761175E-2
44.300000	3.421040E-1	2.521686E+0	3.001931E-2
44.400000	3.496270E-1	2.520395E+0	5.008654E-2
44.500000	3.496270E-1	2.532658E+0	4.757813E-2
44.600000	3.421040E-1	2.520395E+0	4.256133E-2
44.700000	3.421040E-1	2.573964E+0	5.259494E-2
44.800000	3.471194E-1	2.520395E+0	4.256133E-2
44.900000	3.471194E-1	2.524267E+0	4.757813E-2
45.000000	3.421040E-1	2.520395E+0	2.751091E-2
45.100000	3.471194E-1	2.517168E+0	3.252771E-2
45.200000	3.471194E-1	2.541048E+0	4.256133E-2
45.300000	3.496270E-1	2.518459E+0	3.001931E-2
45.400000	3.471194E-1	2.559119E+0	6.012015E-2
45.500000	3.395963E-1	2.521040E+0	4.005292E-2
45.600000	3.421040E-1	2.524267E+0	3.754452E-2
45.700000	3.471194E-1	2.519104E+0	4.005292E-2
45.800000	3.521347E-1	2.522331E+0	6.012015E-2
45.900000	3.496270E-1	2.518459E+0	2.751091E-2
46.000000	3.471194E-1	2.521040E+0	3.252771E-2
46.100000	3.395963E-1	2.549438E+0	2.249410E-2
46.200000	3.496270E-1	2.518459E+0	3.754452E-2
46.300000	3.521347E-1	2.570737E+0	7.767898E-2
46.400000	3.496270E-1	2.518459E+0	4.005292E-2
46.500000	3.471194E-1	2.519104E+0	4.506973E-2
46.600000	3.395963E-1	2.530076E+0	4.005292E-2
46.700000	3.521347E-1	2.529431E+0	4.005292E-2
46.800000	3.421040E-1	2.524267E+0	3.754452E-2
46.900000	3.471194E-1	2.535885E+0	3.503612E-2
47.000000	3.421040E-1	2.542339E+0	5.008654E-2
47.100000	3.521347E-1	2.524913E+0	3.754452E-2
47.200000	3.421040E-1	2.528785E+0	3.001931E-2
47.300000	3.521347E-1	2.530076E+0	5.510335E-2
47.400000	3.471194E-1	2.544920E+0	3.001931E-2
47.500000	3.521347E-1	2.556538E+0	8.520419E-2
47.600000	3.471194E-1	2.517168E+0	2.751091E-2
47.700000	3.521347E-1	2.519104E+0	3.754452E-2
47.800000	3.471194E-1	2.568801E+0	5.008654E-2
47.900000	3.421040E-1	2.519749E+0	3.001931E-2
48.000000	3.496270E-1	2.520395E+0	3.754452E-2
48.100000	3.395963E-1	2.539112E+0	4.005292E-2
48.200000	3.421040E-1	2.518459E+0	2.500250E-2
48.300000	3.521347E-1	2.552020E+0	6.764536E-2
48.400000	3.471194E-1	2.519104E+0	2.500250E-2
48.500000	3.421040E-1	2.572028E+0	7.266217E-2
48.600000	3.546424E-1	2.519104E+0	3.754452E-2
48.700000	3.521347E-1	2.523622E+0	4.256133E-2
48.800000	3.471194E-1	2.519749E+0	3.503612E-2
48.900000	3.395963E-1	2.519104E+0	2.751091E-2
49.000000	3.496270E-1	2.534594E+0	4.757813E-2
49.100000	3.395963E-1	2.519104E+0	2.751091E-2
49.200000	3.546424E-1	2.542339E+0	4.506973E-2
49.300000	3.546424E-1	2.518459E+0	3.252771E-2
49.400000	3.471194E-1	2.519104E+0	3.503612E-2
49.500000	3.521347E-1	2.518459E+0	3.001931E-2
49.600000	3.496270E-1	2.519749E+0	3.001931E-2
49.700000	3.421040E-1	2.556538E+0	4.256133E-2
49.800000	3.521347E-1	2.520395E+0	3.252771E-2
49.900000	3.521347E-1	2.527494E+0	3.001931E-2
50.000000	3.471194E-1	2.521686E+0	2.751091E-2
50.100000	3.421040E-1	2.521686E+0	3.001931E-2
50.200000	3.471194E-1	2.521686E+0	2.751091E-2
50.300000	3.496270E-1	2.517813E+0	2.751091E-2
50.400000	3.496270E-1	2.541693E+0	4.005292E-2
50.500000	3.521347E-1	2.519749E+0	4.005292E-2
50.600000	3.521347E-1	2.553311E+0	6.012015E-2
50.700000	3.521347E-1	2.518459E+0	4.005292E-2
50.800000	3.395963E-1	2.518459E+0	2.751091E-2
50.900000	3.421040E-1	2.544920E+0	3.503612E-2
51.000000	3.395963E-1	2.586872E+0	1.052714E-1
51.100000	3.395963E-1	2.562992E+0	9.774621E-2
51.200000	3.521347E-1	2.519104E+0	2.500250E-2
51.300000	3.471194E-1	2.535885E+0	3.001931E-2
51.400000	3.496270E-1	2.595908E+0	1.178134E-1
51.500000	3.521347E-1	2.672066E+0	2.306916E-1
51.600000	3.471194E-1	2.728217E+0	4.338723E-1
51.700000	3.421040E-1	2.806957E+0	4.790236E-1
51.800000	3.496270E-1	2.905704E+0	6.420698E-1
51.900000	3.496270E-1	2.995416E+0	7.900656E-1
52.000000	3.521347E-1	3.046404E+0	7.875572E-1
52.100000	3.471194E-1	3.141924E+0	1.101108E+0
52.200000	3.521347E-1	3.258098E+0	1.294255E+0
52.300000	3.471194E-1	3.344583E+0	1.055956E+0
52.400000	3.471194E-1	3.389116E+0	1.750784E+0
52.500000	3.521347E-1	3.385244E+0	1.893763E+0
52.600000	3.471194E-1	3.283914E+0	1.414658E+0
52.700000	3.421040E-1	3.161932E+0	1.394591E+0
52.800000	3.395963E-1	3.001225E+0	1.665498E+0
52.900000	3.395963E-1	2.831482E+0	9.129774E-1
53.000000	3.521347E-1	2.714663E+0	4.288555E-1
53.100000	3.521347E-1	2.652058E+0	3.184857E-1
53.200000	3.496270E-1	2.593972E+0	1.454059E-1
53.300000	3.546424E-1	2.536530E+0	5.259494E-2
53.400000	3.471194E-1	2.517168E+0	3.754452E-2
53.500000	3.471194E-1	2.516522E+0	4.506973E-2
53.600000	3.471194E-1	2.518459E+0	5.761175E-2
53.700000	3.521347E-1	2.519104E+0	5.259494E-2
53.800000	3.471194E-1	2.518459E+0	3.252771E-2
53.900000	3.471194E-1	2.528785E+0	3.754452E-2
54.000000	3.496270E-1	2.603653E+0	1.278471E-1
54.100000	3.471194E-1	2.843745E+0	9.230110E-1
54.200000	3.446117E-1	3.091582E+0	9.255194E-1
54.300000	3.471194E-1	3.244544E+0	8.427421E-1
54.400000	3.521347E-1	3.305213E+0	8.828765E-1
54.500000	3.471194E-1	3.217437E+0	7.875572E-1
54.600000	3.395963E-1	3.034141E+0	5.618009E-1
54.700000	3.496270E-1	2.850199E+0	5.919017E-1
54.800000	3.521347E-1	2.643023E+0	2.156412E-1
54.900000	3.421040E-1	2.524267E+0	3.001931E-2
55.000000	3.471194E-1	2.518459E+0	4.005292E-2
55.100000	3.421040E-1	2.519104E+0	2.500250E-2
55.200000	3.471194E-1	2.518459E+0	3.001931E-2
55.300000	3.471194E-1	2.519104E+0	2.751091E-2
55.400000	3.395963E-1	2.554602E+0	5.761175E-2
55.500000	3.521347E-1	2.664967E+0	2.683177E-1
55.600000	3.471194E-1	2.933457E+0	6.194942E-1
55.700000	3.471194E-1	3.202593E+0	1.607805E+0
55.800000	3.471194E-1	3.468501E+0	2.029217E+0
55.900000	3.521347E-1	3.560150E+0	1.542587E+0
56.000000	3.471194E-1	3.466565E+0	1.625364E+0
56.100000	3.471194E-1	3.196139E+0	1.193919E+0
56.200000	3.471194E-1	2.934748E+0	1.224019E+0
56.300000	3.471194E-1	2.699819E+0	2.733345E-1
56.400000	3.471194E-1	2.540403E+0	7.767898E-2
56.500000	3.395963E-1	2.519749E+0	3.001931E-2
56.600000	3.471194E-1	2.519104E+0	3.001931E-2
56.700000	3.395963E-1	2.518459E+0	2.751091E-2
56.800000	3.471194E-1	2.519749E+0	4.005292E-2
56.900000	3.471194E-1	2.520395E+0	4.506973E-2
57.000000	3.421040E-1	2.519104E+0	5.008654E-2
57.100000	3.521347E-1	2.553956E+0	9.022100E-2
57.200000	3.395963E-1	2.727571E+0	1.304288E+0
57.300000	3.421040E-1	2.986381E+0	1.301780E+0
57.400000	3.471194E-1	3.211628E+0	1.841087E+0
57.500000	3.496270E-1	3.218083E+0	1.866171E+0
57.600000	3.496270E-1	3.089646E+0	1.339406E+0
57.700000	3.395963E-1	2.890860E+0	1.409641E+0
57.800000	3.421040E-1	2.678520E+0	3.611286E-1
57.900000	3.421040E-1	2.567510E+0	8.018738E-2
58.000000	3.395963E-1	2.523622E+0	4.005292E-2
58.100000	3.521347E-1	2.518459E+0	4.256133E-2
58.200000	3.471194E-1	2.519104E+0	2.500250E-2
58.300000	3.496270E-1	2.518459E+0	6.012015E-2
58.400000	3.395963E-1	2.518459E+0	3.503612E-2
58.500000	3.471194E-1	2.521040E+0	4.506973E-2
58.600000	3.471194E-1	2.520395E+0	3.252771E-2
58.700000	3.521347E-1	2.528785E+0	9.774621E-2
58.800000	3.546424E-1	2.604944E+0	1.855403E-1
58.900000	3.471194E-1	2.841163E+0	1.196427E+0
59.000000	3.395963E-1	3.076738E+0	8.101328E-1
59.100000	3.496270E-1	3.245835E+0	1.108633E+0
59.200000	3.471194E-1	3.282623E+0	1.590246E+0
59.300000	3.471194E-1	3.240672E+0	1.662990E+0
59.400000	3.471194E-1	3.252289E+0	1.743259E+0
59.500000	3.421040E-1	3.145797E+0	1.961490E+0
59.600000	3.521347E-1	2.843745E+0	1.795935E+0
59.700000	3.496270E-1	2.639150E+0	2.607924E-1
59.800000	3.521347E-1	2.537821E+0	5.008654E-2
59.900000	3.471194E-1	2.519104E+0	3.503612E-2
60.000000	3.471194E-1	2.520395E+0	3.001931E-2
60.100000	3.421040E-1	2.519104E+0	3.503612E-2
60.200000	3.471194E-1	2.519104E+0	4.256133E-2
60.300000	3.496270E-1	2.518459E+0	3.252771E-2
60.400000	3.421040E-1	2.584936E+0	1.002546E-1
60.500000	3.546424E-1	2.763069E+0	1.206461E+0
60.600000	3.521347E-1	2.988962E+0	1.055956E+0
60.700000	3.471194E-1	3.174840E+0	1.096091E+0
60.800000	3.395963E-1	3.302631E+0	1.188902E+0
60.900000	3.421040E-1	3.293595E+0	1.341914E+0
61.000000	3.521347E-1	3.236799E+0	1.449776E+0
61.100000	3.421040E-1	3.141279E+0	1.188902E+0
61.200000	3.446117E-1	2.970891E+0	1.103616E+0
61.300000	3.395963E-1	2.719826E+0	3.912294E-1
61.400000	3.421040E-1	2.559765E+0	9.022100E-2
61.500000	3.395963E-1	2.518459E+0	2.249410E-2
61.600000	3.521347E-1	2.519104E+0	3.754452E-2
61.700000	3.471194E-1	2.517813E+0	4.005292E-2
61.800000	3.446117E-1	2.518459E+0	2.500250E-2
61.900000	3.471194E-1	2.518459E+0	3.754452E-2
62.000000	3.521347E-1	2.517813E+0	2.500250E-2
62.100000	3.496270E-1	2.534594E+0	6.012015E-2
62.200000	3.471194E-1	2.712081E+0	1.477368E+0
62.300000	3.421040E-1	3.078674E+0	1.063482E+0
62.400000	3.471194E-1	3.311022E+0	1.246595E+0
62.500000	3.496270E-1	3.544660E+0	1.673024E+0
62.600000	3.521347E-1	3.509808E+0	1.407133E+0
62.700000	3.521347E-1	3.248417E+0	1.394591E+0
62.800000	3.471194E-1	2.932166E+0	7.925740E-1
62.900000	3.471194E-1	2.659803E+0	3.335361E-1
63.000000	3.496270E-1	2.518459E+0	5.008654E-2
63.100000	3.471194E-1	2.517168E+0	3.252771E-2
63.200000	3.421040E-1	2.519749E+0	2.500250E-2
63.300000	3.471194E-1	2.519104E+0	4.256133E-2
63.400000	3.471194E-1	2.520395E+0	3.503612E-2
63.500000	3.496270E-1	2.519104E+0	3.001931E-2
63.600000	3.471194E-1	2.523622E+0	3.001931E-2
63.700000	3.471194E-1	2.626887E+0	2.256748E-1
63.800000	3.421040E-1	2.930230E+0	5.542757E-1
63.900000	3.395963E-1	3.166450E+0	1.060973E+0
64.000000	3.471194E-1	3.291659E+0	1.404624E+0
64.100000	3.421040E-1	3.271006E+0	1.615330E+0
64.200000	3.496270E-1	2.984444E+0	1.196427E+0
64.300000	3.521347E-1	2.672712E+0	3.184857E-1
64.400000	3.471194E-1	2.527494E+0	5.761175E-2
64.500000	3.471194E-1	2.520395E+0	4.506973E-2
64.600000	3.496270E-1	2.519104E+0	3.754452E-2
64.700000	3.521347E-1	2.517813E+0	3.754452E-2
64.800000	3.395963E-1	2.519104E+0	3.001931E-2
64.900000	3.521347E-1	2.519104E+0	4.757813E-2
65.000000	3.521347E-1	2.518459E+0	4.506973E-2
65.100000	3.521347E-1	2.517813E+0	4.005292E-2
65.200000	3.471194E-1	2.519104E+0	3.503612E-2
65.300000	3.471194E-1	2.520395E+0	4.005292E-2
65.400000	3.521347E-1	2.518459E+0	4.005292E-2
65.500000	3.471194E-1	2.519104E+0	3.503612E-2
65.600000	3.471194E-1	2.568801E+0	7.266217E-2
65.700000	3.521347E-1	2.677229E+0	2.106244E-1
65.800000	3.395963E-1	2.852781E+0	4.464143E-1
65.900000	3.421040E-1	3.004452E+0	7.273555E-1
66.000000	3.496270E-1	3.083192E+0	9.154858E-1
66.100000	3.471194E-1	3.170322E+0	8.577925E-1
66.200000	3.471194E-1	3.233572E+0	1.133717E+0
66.300000	3.521347E-1	3.283914E+0	1.331881E+0
66.400000	3.496270E-1	3.333611E+0	1.301780E+0
66.500000	3.521347E-1	3.333611E+0	1.161309E+0
66.600000	3.471194E-1	3.296822E+0	1.173851E+0
66.700000	3.471194E-1	3.292950E+0	1.279204E+0
66.800000	3.395963E-1	3.333611E+0	1.181377E+0
66.900000	3.471194E-1	3.354909E+0	1.274188E+0
67.000000	3.521347E-1	3.370399E+0	1.171343E+0
67.100000	3.496270E-1	3.385244E+0	1.083549E+0
67.200000	3.471194E-1	3.431713E+0	9.531118E-1
67.300000	3.521347E-1	3.445267E+0	9.681623E-1
67.400000	3.521347E-1	3.444621E+0	1.068498E+0
67.500000	3.471194E-1	3.447848E+0	1.078532E+0
67.600000	3.471194E-1	3.462693E+0	9.706707E-1
67.700000	3.471194E-1	3.475601E+0	9.932463E-1
67.800000	3.421040E-1	3.493672E+0	1.083549E+0
67.900000	3.521347E-1	3.509162E+0	1.053448E+0
68.000000	3.521347E-1	3.519489E+0	1.076024E+0
68.100000	3.496270E-1	3.544014E+0	1.141242E+0
68.200000	3.521347E-1	3.538851E+0	1.086057E+0
68.300000	3.521347E-1	3.423968E+0	1.121175E+0
68.400000	3.521347E-1	3.327157E+0	9.681623E-1
68.500000	3.471194E-1	3.267134E+0	9.330446E-1
68.600000	3.521347E-1	3.304567E+0	8.477589E-1
68.700000	3.521347E-1	3.332320E+0	9.681623E-1
68.800000	3.521347E-1	3.340710E+0	9.531118E-1
68.900000	3.471194E-1	3.321348E+0	8.728429E-1
69.000000	3.546424E-1	3.309085E+0	1.186393E+0
69.100000	3.521347E-1	3.365236E+0	9.029438E-1
69.200000	3.421040E-1	3.507871E+0	1.098599E+0
69.300000	3.395963E-1	3.585321E+0	1.093582E+0
69.400000	3.496270E-1	3.646634E+0	1.336898E+0
69.500000	3.521347E-1	3.685359E+0	1.319339E+0
69.600000	3.471194E-1	3.695686E+0	1.311814E+0
69.700000	3.521347E-1	3.700849E+0	1.251612E+0
69.800000	3.521347E-1	3.711821E+0	1.133717E+0
69.900000	3.471194E-1	3.711821E+0	1.231545E+0
70.000000	3.496270E-1	3.706658E+0	1.231545E+0
70.100000	3.395963E-1	3.713757E+0	1.211477E+0
70.200000	3.521347E-1	3.712466E+0	1.181377E+0
70.300000	3.471194E-1	3.724729E+0	1.301780E+0
70.400000	3.521347E-1	3.733119E+0	1.203952E+0
70.500000	3.496270E-1	3.739573E+0	1.256629E+0
70.600000	3.471194E-1	3.742155E+0	1.193919E+0
70.700000	3.521347E-1	3.748609E+0	1.208969E+0
70.800000	3.471194E-1	3.753127E+0	1.241578E+0
70.900000	3.496270E-1	3.758290E+0	1.266662E+0
71.000000	3.471194E-1	3.752482E+0	1.271679E+0
71.100000	3.471194E-1	3.757645E+0	1.301780E+0
71.200000	3.446117E-1	3.769262E+0	1.249103E+0
71.300000	3.421040E-1	3.778943E+0	1.241578E+0
71.400000	3.446117E-1	3.781525E+0	1.254120E+0
71.500000	3.471194E-1	3.778298E+0	1.198935E+0
71.600000	3.521347E-1	3.759581E+0	1.206461E+0
71.700000	3.521347E-1	3.766681E+0	1.294255E+0
71.800000	3.421040E-1	3.773780E+0	1.163818E+0
71.900000	3.521347E-1	3.798951E+0	1.334389E+0
72.000000	3.395963E-1	3.827995E+0	1.314322E+0
72.100000	3.395963E-1	3.829285E+0	1.306797E+0
72.200000	3.521347E-1	3.846066E+0	1.306797E+0
72.300000	3.521347E-1	3.877046E+0	1.271679E+0
72.400000	3.521347E-1	3.903507E+0	1.299272E+0
72.500000	3.471194E-1	3.955786E+0	1.487402E+0
72.600000	3.471194E-1	3.974502E+0	1.389574E+0
72.700000	3.421040E-1	4.043561E+0	1.374524E+0
72.800000	3.471194E-1	4.080350E+0	1.372015E+0
72.900000	3.496270E-1	4.109393E+0	1.404624E+0
73.000000	3.521347E-1	4.153281E+0	1.477368E+0
73.100000	3.421040E-1	4.195233E+0	1.504961E+0
73.200000	3.395963E-1	4.207495E+0	1.497435E+0
73.300000	3.471194E-1	4.253965E+0	1.572688E+0
73.400000	3.521347E-1	4.272036E+0	1.635398E+0
73.500000	3.421040E-1	4.302371E+0	1.632889E+0
73.600000	3.521347E-1	4.319151E+0	1.567671E+0
73.700000	3.395963E-1	4.355294E+0	1.665498E+0
73.800000	3.496270E-1	4.380465E+0	1.725700E+0
73.900000	3.471194E-1	4.367557E+0	1.690583E+0
74.000000	3.521347E-1	4.390792E+0	1.720683E+0
74.100000	3.471194E-1	4.401764E+0	1.675532E+0
74.200000	3.496270E-1	4.437907E+0	1.555129E+0
74.300000	3.521347E-1	4.434679E+0	1.580213E+0
74.400000	3.521347E-1	4.433389E+0	1.783393E+0
74.500000	3.546424E-1	4.448233E+0	1.735734E+0
74.600000	3.521347E-1	4.432743E+0	1.785902E+0
74.700000	3.395963E-1	4.452751E+0	1.921356E+0
74.800000	3.421040E-1	4.426289E+0	1.858646E+0
74.900000	3.395963E-1	4.411445E+0	1.883730E+0
75.000000	3.395963E-1	4.390792E+0	1.873696E+0
75.100000	3.521347E-1	4.380465E+0	1.856137E+0
75.200000	3.421040E-1	4.390792E+0	1.886238E+0
75.300000	3.421040E-1	4.419190E+0	1.916339E+0
75.400000	3.471194E-1	4.428225E+0	1.863662E+0
75.500000	3.395963E-1	4.442424E+0	1.838578E+0
75.600000	3.421040E-1	4.421771E+0	1.856137E+0
75.700000	3.471194E-1	4.432743E+0	1.863662E+0
75.800000	3.395963E-1	4.470177E+0	1.906305E+0
75.900000	3.471194E-1	4.494703E+0	1.906305E+0
76.000000	3.471194E-1	4.470177E+0	1.823528E+0
76.100000	3.471194E-1	4.481794E+0	1.891255E+0
76.200000	3.496270E-1	4.459850E+0	1.861154E+0
76.300000	3.521347E-1	4.448878E+0	1.903797E+0
76.400000	3.395963E-1	4.459205E+0	1.886238E+0
76.500000	3.546424E-1	4.485667E+0	1.846104E+0
76.600000	3.521347E-1	4.495348E+0	1.903797E+0
76.700000	3.496270E-1	4.474049E+0	1.856137E+0
76.800000	3.521347E-1	4.462432E+0	1.886238E+0
76.900000	3.521347E-1	4.452751E+0	1.906305E+0
77.000000	3.471194E-1	4.459205E+0	1.918847E+0
77.100000	3.521347E-1	4.460496E+0	1.926372E+0
77.200000	3.546424E-1	4.475340E+0	1.888746E+0
77.300000	3.521347E-1	4.470822E+0	1.883730E+0
77.400000	3.446117E-1	4.492121E+0	1.946440E+0
77.500000	3.471194E-1	4.508256E+0	1.976541E+0
77.600000	3.395963E-1	4.532136E+0	1.963998E+0
77.700000	3.521347E-1	4.550853E+0	1.903797E+0
77.800000	3.496270E-1	4.527618E+0	1.958982E+0
77.900000	3.521347E-1	4.424353E+0	1.953965E+0
78.000000	3.395963E-1	4.260419E+0	1.826036E+0
78.100000	3.471194E-1	3.916416E+0	1.517503E+0
78.200000	3.496270E-1	3.514325E+0	1.364490E+0
78.300000	3.471194E-1	3.218728E+0	1.015822E+0
78.400000	3.421040E-1	2.931521E+0	6.320362E-1
78.500000	3.521347E-1	2.775332E+0	4.213303E-1
78.600000	3.496270E-1	2.710145E+0	3.385530E-1
78.700000	3.546424E-1	2.659158E+0	2.382168E-1
78.800000	3.471194E-1	2.655285E+0	3.009269E-1
78.900000	3.496270E-1	2.647541E+0	2.106244E-1
79.000000	3.421040E-1	2.630760E+0	2.206580E-1
79.100000	3.471194E-1	2.619788E+0	2.181496E-1
79.200000	3.421040E-1	2.637859E+0	2.507588E-1
79.300000	3.496270E-1	2.615270E+0	1.830319E-1
79.400000	3.471194E-1	2.622370E+0	2.808597E-1
79.500000	3.421040E-1	2.599135E+0	1.729983E-1
79.600000	3.496270E-1	2.583645E+0	1.278471E-1
79.700000	3.521347E-1	2.572028E+0	1.228302E-1
79.800000	3.521347E-1	2.564283E+0	1.905571E-1
79.900000	3.471194E-1	2.544920E+0	6.012015E-2
80.000000	3.471194E-1	2.520395E+0	4.005292E-2
80.100000	3.471194E-1	2.519104E+0	4.005292E-2
80.200000	3.496270E-1	2.520395E+0	5.510335E-2
80.300000	3.496270E-1	2.516522E+0	5.510335E-2
80.400000	3.471194E-1	2.520395E+0	5.008654E-2
80.500000	3.395963E-1	2.519749E+0	4.256133E-2
80.600000	3.471194E-1	2.519749E+0	3.754452E-2
80.700000	3.395963E-1	2.522331E+0	7.015377E-2
80.800000	3.395963E-1	2.551375E+0	1.203218E-1
80.900000	3.446117E-1	2.621724E+0	1.529311E-1
81.000000	3.395963E-1	2.731444E+0	3.335361E-1
81.100000	3.446117E-1	2.848908E+0	4.338723E-1
81.200000	3.546424E-1	3.014779E+0	5.969185E-1
81.300000	3.446117E-1	3.279396E+0	8.778597E-1
81.400000	3.471194E-1	3.500772E+0	1.063482E+0
81.500000	3.471194E-1	3.678260E+0	1.078532E+0
81.600000	3.521347E-1	3.778943E+0	1.171343E+0
81.700000	3.395963E-1	3.842194E+0	1.236561E+0
81.800000	3.521347E-1	3.905444E+0	1.341914E+0
81.900000	3.521347E-1	3.955140E+0	1.454793E+0
82.000000	3.421040E-1	3.970630E+0	1.457301E+0
82.100000	3.395963E-1	4.033235E+0	1.434725E+0
82.200000	3.496270E-1	4.066796E+0	1.489910E+0
82.300000	3.471194E-1	4.082286E+0	1.522519E+0
82.400000	3.471194E-1	4.111975E+0	1.572688E+0
82.500000	3.521347E-1	4.150699E+0	1.555129E+0
82.600000	3.395963E-1	4.171352E+0	1.555129E+0
82.700000	3.421040E-1	4.131982E+0	1.562654E+0
82.800000	3.395963E-1	4.110684E+0	1.555129E+0
82.900000	3.521347E-1	4.133919E+0	1.650448E+0
83.000000	3.471194E-1	4.159090E+0	1.652956E+0
83.100000	3.521347E-1	4.162962E+0	1.597772E+0
83.200000	3.521347E-1	4.161026E+0	1.640414E+0
83.300000	3.421040E-1	4.142954E+0	1.555129E+0
83.400000	3.446117E-1	4.127465E+0	1.605297E+0
83.500000	3.521347E-1	4.110684E+0	1.509977E+0
83.600000	3.471194E-1	4.088095E+0	1.444759E+0
83.700000	3.395963E-1	4.073896E+0	1.555129E+0
83.800000	3.471194E-1	4.060342E+0	1.545095E+0
83.900000	3.395963E-1	4.048725E+0	1.472351E+0
84.000000	3.546424E-1	4.040980E+0	1.469843E+0
84.100000	3.395963E-1	4.030653E+0	1.520011E+0
84.200000	3.521347E-1	4.015809E+0	1.507469E+0
84.300000	3.471194E-1	4.007418E+0	1.512486E+0
84.400000	3.521347E-1	3.998383E+0	1.557637E+0
84.500000	3.521347E-1	3.984829E+0	1.530045E+0
84.600000	3.471194E-1	3.977730E+0	1.522519E+0
84.700000	3.471194E-1	3.962885E+0	1.540078E+0
84.800000	3.395963E-1	3.954495E+0	1.555129E+0
84.900000	3.496270E-1	3.957076E+0	1.567671E+0
85.000000	3.471194E-1	3.955786E+0	1.625364E+0
85.100000	3.421040E-1	3.948686E+0	1.637906E+0
85.200000	3.395963E-1	3.936423E+0	1.655465E+0
85.300000	3.471194E-1	3.898990E+0	1.532553E+0
85.400000	3.471194E-1	3.840257E+0	1.474860E+0
85.500000	3.496270E-1	3.806696E+0	1.392082E+0
85.600000	3.395963E-1	3.791852E+0	1.434725E+0
85.700000	3.546424E-1	3.780234E+0	1.402116E+0
85.800000	3.546424E-1	3.772489E+0	1.402116E+0
85.900000	3.421040E-1	3.766035E+0	1.454793E+0
86.000000	3.446117E-1	3.762163E+0	1.464826E+0
86.100000	3.471194E-1	3.772489E+0	1.397099E+0
86.200000	3.471194E-1	3.780880E+0	1.422183E+0
86.300000	3.471194E-1	3.753127E+0	1.474860E+0
86.400000	3.521347E-1	3.783461E+0	1.525028E+0
86.500000	3.471194E-1	3.784107E+0	1.482385E+0
86.600000	3.521347E-1	3.788625E+0	1.291746E+0
86.700000	3.471194E-1	3.774426E+0	1.387066E+0
86.800000	3.421040E-1	3.789915E+0	1.422183E+0
86.900000	3.395963E-1	3.812505E+0	1.499944E+0
87.000000	3.471194E-1	3.839612E+0	1.437234E+0
87.100000	3.471194E-1	3.842839E+0	1.467335E+0
87.200000	3.471194E-1	3.843484E+0	1.424692E+0
87.300000	3.521347E-1	3.826704E+0	1.502452E+0
87.400000	3.471194E-1	3.804760E+0	1.507469E+0
87.500000	3.471194E-1	3.795079E+0	1.497435E+0
87.600000	3.471194E-1	3.793142E+0	1.542587E+0
87.700000	3.471194E-1	3.807987E+0	1.525028E+0
87.800000	3.395963E-1	3.849293E+0	1.530045E+0
87.900000	3.421040E-1	3.857683E+0	1.567671E+0
88.000000	3.521347E-1	3.850584E+0	1.454793E+0
88.100000	3.471194E-1	3.848002E+0	1.449776E+0
88.200000	3.496270E-1	3.858329E+0	1.502452E+0
88.300000	3.521347E-1	3.900280E+0	1.535061E+0
88.400000	3.395963E-1	4.041625E+0	1.575196E+0
88.500000	3.471194E-1	4.068732E+0	1.650448E+0
88.600000	3.471194E-1	4.064860E+0	1.484893E+0
88.700000	3.471194E-1	4.073250E+0	1.550112E+0
88.800000	3.521347E-1	4.090031E+0	1.562654E+0
88.900000	3.521347E-1	4.110684E+0	1.555129E+0
89.000000	3.395963E-1	4.148763E+0	1.359473E+0
89.100000	3.521347E-1	4.139082E+0	1.449776E+0
89.200000	3.421040E-1	4.148118E+0	1.484893E+0
89.300000	3.471194E-1	4.126174E+0	1.562654E+0
89.400000	3.471194E-1	4.088095E+0	1.637906E+0
89.500000	3.471194E-1	4.086158E+0	1.565162E+0
89.600000	3.496270E-1	4.102294E+0	1.670515E+0
89.700000	3.421040E-1	4.115847E+0	1.705633E+0
89.800000	3.471194E-1	4.166189E+0	1.469843E+0
89.900000	3.521347E-1	4.158444E+0	1.622856E+0
90.000000	3.471194E-1	4.090031E+0	1.632889E+0
90.100000	3.395963E-1	3.921579E+0	1.477368E+0
90.200000	3.471194E-1	3.723438E+0	1.314322E+0
90.300000	3.471194E-1	3.520780E+0	1.068498E+0
90.400000	3.471194E-1	3.230345E+0	9.129774E-1
90.500000	3.421040E-1	2.841809E+0	7.699984E-1
90.600000	3.471194E-1	2.521686E+0	8.771259E-2
90.700000	3.471194E-1	2.521040E+0	3.001931E-2
90.800000	3.521347E-1	2.519104E+0	5.008654E-2
90.900000	3.496270E-1	2.518459E+0	5.259494E-2
91.000000	3.521347E-1	2.518459E+0	4.256133E-2
91.100000	3.521347E-1	2.518459E+0	4.757813E-2
91.200000	3.521347E-1	2.518459E+0	6.764536E-2
91.300000	3.471194E-1	2.531367E+0	1.027630E-1
91.400000	3.421040E-1	2.586227E+0	1.203218E-1
91.500000	3.471194E-1	2.657222E+0	2.557756E-1
91.600000	3.521347E-1	2.697882E+0	3.761790E-1
91.700000	3.421040E-1	2.577191E+0	1.403891E-1
91.800000	3.521347E-1	2.517813E+0	6.012015E-2
91.900000	3.471194E-1	2.518459E+0	5.761175E-2
92.000000	3.471194E-1	2.520395E+0	3.001931E-2
92.100000	3.395963E-1	2.522976E+0	7.517057E-2
92.200000	3.496270E-1	2.562346E+0	1.002546E-1
92.300000	3.471194E-1	2.551375E+0	1.479143E-1
92.400000	3.471194E-1	2.532012E+0	3.252771E-2
92.500000	3.421040E-1	2.519104E+0	4.256133E-2
92.600000	3.471194E-1	2.521686E+0	4.757813E-2
92.700000	3.471194E-1	2.559119E+0	5.761175E-2
92.800000	3.395963E-1	2.549438E+0	5.259494E-2
92.900000	3.521347E-1	2.542984E+0	4.256133E-2
93.000000	3.421040E-1	2.532658E+0	3.754452E-2
93.100000	3.471194E-1	2.539112E+0	6.513696E-2
93.200000	3.521347E-1	2.539757E+0	5.761175E-2
93.300000	3.471194E-1	2.570091E+0	9.022100E-2
93.400000	3.521347E-1	2.546857E+0	1.002546E-1
93.500000	3.395963E-1	2.549438E+0	3.252771E-2
93.600000	3.496270E-1	2.543630E+0	7.517057E-2
93.700000	3.521347E-1	2.534594E+0	5.761175E-2
93.800000	3.471194E-1	2.557829E+0	7.767898E-2
93.900000	3.521347E-1	2.558474E+0	9.774621E-2
94.000000	3.496270E-1	2.544275E+0	1.002546E-1
94.100000	3.521347E-1	2.544275E+0	5.008654E-2
94.200000	3.421040E-1	2.544275E+0	5.008654E-2
94.300000	3.471194E-1	2.518459E+0	5.008654E-2
94.400000	3.521347E-1	2.518459E+0	3.754452E-2
94.500000	3.496270E-1	2.518459E+0	3.503612E-2
94.600000	3.421040E-1	2.519749E+0	3.252771E-2
94.700000	3.471194E-1	2.521686E+0	5.259494E-2
94.800000	3.421040E-1	2.583000E+0	1.077798E-1
94.900000	3.421040E-1	2.673357E+0	2.557756E-1
95.000000	3.471194E-1	2.807602E+0	9.255194E-1
95.100000	3.395963E-1	3.056730E+0	6.822042E-1
95.200000	3.395963E-1	3.232927E+0	8.402337E-1
95.300000	3.471194E-1	3.287787E+0	2.139587E+0
95.400000	3.471194E-1	3.315539E+0	2.061826E+0
95.500000	3.496270E-1	3.311667E+0	2.157146E+0
95.600000	3.471194E-1	3.241317E+0	1.946440E+0
95.700000	3.421040E-1	3.083192E+0	2.295108E+0
95.800000	3.471194E-1	3.065120E+0	2.177213E+0
95.900000	3.521347E-1	3.078029E+0	2.137078E+0
96.000000	3.471194E-1	3.101263E+0	2.104469E+0
96.100000	3.471194E-1	3.119980E+0	2.184738E+0
96.200000	3.521347E-1	3.139988E+0	2.297616E+0
96.300000	3.471194E-1	3.198075E+0	2.370360E+0
96.400000	3.521347E-1	3.252289E+0	2.124536E+0
96.500000	3.471194E-1	3.299404E+0	1.595263E+0
96.600000	3.496270E-1	3.362654E+0	2.280057E+0
96.700000	3.395963E-1	3.425904E+0	2.016675E+0
96.800000	3.471194E-1	3.463984E+0	2.475713E+0
96.900000	3.421040E-1	3.482055E+0	2.056809E+0
97.000000	3.521347E-1	3.482700E+0	2.167179E+0
97.100000	3.395963E-1	3.528525E+0	2.352801E+0
97.200000	3.421040E-1	3.589193E+0	2.332734E+0
97.300000	3.471194E-1	3.633081E+0	2.420528E+0
97.400000	3.471194E-1	3.671805E+0	1.269171E+0
97.500000	3.521347E-1	3.747964E+0	1.331881E+0
97.600000	3.395963E-1	3.802824E+0	1.341914E+0
97.700000	3.395963E-1	3.842839E+0	1.422183E+0
97.800000	3.421040E-1	3.858974E+0	1.402116E+0
97.900000	3.521347E-1	3.875109E+0	1.384557E+0
98.000000	3.471194E-1	3.871882E+0	1.474860E+0
98.100000	3.521347E-1	3.868655E+0	1.444759E+0
98.200000	3.471194E-1	3.877046E+0	1.487402E+0
98.300000	3.395963E-1	3.884791E+0	1.494927E+0
98.400000	3.395963E-1	3.895117E+0	1.517503E+0
98.500000	3.471194E-1	3.892535E+0	1.474860E+0
98.600000	3.546424E-1	3.905444E+0	1.452284E+0
98.700000	3.471194E-1	3.915125E+0	1.407133E+0
98.800000	3.496270E-1	3.925451E+0	1.447267E+0
98.900000	3.521347E-1	3.935778E+0	1.306797E+0
99.000000	3.395963E-1	3.951913E+0	2.207314E+0
99.100000	3.395963E-1	3.966112E+0	1.743259E+0
99.200000	3.471194E-1	3.972566E+0	1.816003E+0
99.300000	3.521347E-1	3.986765E+0	1.936406E+0
99.400000	3.395963E-1	3.991283E+0	2.031725E+0
99.500000	3.421040E-1	3.989992E+0	1.911322E+0
99.600000	3.496270E-1	3.998383E+0	2.222364E+0
99.700000	3.521347E-1	4.013227E+0	2.280057E+0
99.800000	3.496270E-1	4.022908E+0	2.347784E+0
99.900000	3.395963E-1	3.926742E+0	1.943931E+0
100.000000	3.421040E-1	3.570476E+0	1.876204E+0
100.100000	3.395963E-1	3.029623E+0	2.001625E+0
100.200000	3.471194E-1	2.630114E+0	1.780151E-1
100.300000	3.521347E-1	2.517168E+0	4.005292E-2
100.400000	3.521347E-1	2.518459E+0	3.252771E-2
100.500000	3.471194E-1	2.519104E+0	2.751091E-2
100.600000	3.446117E-1	2.520395E+0	5.761175E-2
100.700000	3.471194E-1	2.539112E+0	3.503612E-2
100.800000	3.521347E-1	2.805666E+0	1.341914E+0
100.900000	3.471194E-1	3.240026E+0	1.449776E+0
101.000000	3.395963E-1	3.624691E+0	1.703125E+0
101.100000	3.471194E-1	3.809278E+0	1.848612E+0
101.200000	3.395963E-1	3.941587E+0	2.287583E+0
101.300000	3.521347E-1	4.040334E+0	1.903797E+0
101.400000	3.471194E-1	4.131337E+0	2.480730E+0
101.500000	3.421040E-1	4.211368E+0	2.076877E+0
101.600000	3.496270E-1	4.272036E+0	2.071860E+0
101.700000	3.521347E-1	4.314633E+0	1.886238E+0
101.800000	3.471194E-1	4.352712E+0	2.154637E+0
101.900000	3.521347E-1	4.372075E+0	2.578557E+0
102.000000	3.395963E-1	4.374011E+0	2.586083E+0
102.100000	3.471194E-1	4.349485E+0	2.608658E+0
102.200000	3.471194E-1	4.328832E+0	2.688927E+0
102.300000	3.395963E-1	4.321087E+0	2.606150E+0
102.400000	3.471194E-1	4.310115E+0	2.232398E+0
102.500000	3.521347E-1	4.285590E+0	2.149620E+0
102.600000	3.471194E-1	4.256546E+0	1.908814E+0
102.700000	3.471194E-1	4.266873E+0	2.202297E+0
102.800000	3.521347E-1	4.227503E+0	2.505814E+0
102.900000	3.471194E-1	4.046143E+0	2.332734E+0
103.000000	3.496270E-1	3.711175E+0	1.602788E+0
103.100000	3.471194E-1	3.342647E+0	1.532553E+0
103.200000	3.521347E-1	3.035432E+0	8.502673E-1
103.300000	3.521347E-1	2.594617E+0	1.328639E-1
103.400000	3.521347E-1	2.518459E+0	5.510335E-2
103.500000	3.496270E-1	2.520395E+0	3.252771E-2
103.600000	3.471194E-1	2.517168E+0	5.761175E-2
103.700000	3.471194E-1	2.517168E+0	7.266217E-2
103.800000	3.471194E-1	2.518459E+0	9.022100E-2
103.900000	3.446117E-1	2.543630E+0	5.761175E-2
104.000000	3.471194E-1	2.583000E+0	1.253386E-1
104.100000	3.496270E-1	2.764360E+0	4.840404E-1
104.200000	3.471194E-1	3.113526E+0	9.280278E-1
104.300000	3.471194E-1	3.481410E+0	1.489910E+0
104.400000	3.496270E-1	3.737637E+0	1.229036E+0
104.500000	3.471194E-1	3.907380E+0	1.615330E+0
104.600000	3.496270E-1	4.024199E+0	2.094435E+0
104.700000	3.471194E-1	4.117138E+0	1.773360E+0
104.800000	3.471194E-1	4.222985E+0	1.851120E+0
104.900000	3.471194E-1	4.179743E+0	1.678040E+0
105.000000	3.471194E-1	4.196523E+0	1.602788E+0
105.100000	3.421040E-1	4.193296E+0	1.617839E+0
105.200000	3.471194E-1	4.133919E+0	1.650448E+0
105.300000	3.471194E-1	4.024199E+0	1.650448E+0
105.400000	3.521347E-1	3.618882E+0	1.384557E+0
105.500000	3.421040E-1	3.071575E+0	8.000992E-1
105.600000	3.521347E-1	2.764360E+0	3.561118E-1
105.700000	3.521347E-1	2.566864E+0	9.022100E-2
105.800000	3.471194E-1	2.519749E+0	3.754452E-2
105.900000	3.471194E-1	2.519104E+0	4.757813E-2
106.000000	3.421040E-1	2.520395E+0	5.761175E-2
106.100000	3.471194E-1	2.517168E+0	4.757813E-2
106.200000	3.521347E-1	2.517168E+0	4.256133E-2
106.300000	3.521347E-1	2.518459E+0	6.262856E-2
106.400000	3.395963E-1	2.663030E+0	2.256748E-1
106.500000	3.421040E-1	2.937329E+0	7.022715E-1
106.600000	3.471194E-1	3.264552E+0	7.424059E-1
106.700000	3.471194E-1	3.516262E+0	8.778597E-1
106.800000	3.421040E-1	3.684714E+0	1.005788E+0
106.900000	3.421040E-1	3.835739E+0	1.078532E+0
107.000000	3.421040E-1	3.955786E+0	1.173851E+0
107.100000	3.546424E-1	4.037753E+0	1.301780E+0
107.200000	3.421040E-1	4.090031E+0	1.203952E+0
107.300000	3.471194E-1	4.025490E+0	1.176360E+0
107.400000	3.521347E-1	3.589193E+0	1.081040E+0
107.500000	3.496270E-1	3.114817E+0	7.348807E-1
107.600000	3.395963E-1	2.823737E+0	4.890572E-1
107.700000	3.395963E-1	2.590744E+0	1.278471E-1
107.800000	3.521347E-1	2.516522E+0	5.259494E-2
107.900000	3.421040E-1	2.521040E+0	4.757813E-2
108.000000	3.521347E-1	2.517168E+0	4.757813E-2
108.100000	3.471194E-1	2.518459E+0	3.252771E-2
108.200000	3.421040E-1	2.518459E+0	4.256133E-2
108.300000	3.395963E-1	2.521040E+0	4.005292E-2
108.400000	3.471194E-1	2.615270E+0	1.353723E-1
108.500000	3.421040E-1	3.173549E+0	5.868849E-1
108.600000	3.421040E-1	3.806696E+0	1.065990E+0
108.700000	3.471194E-1	4.212659E+0	1.384557E+0
108.800000	3.496270E-1	4.556016E+0	1.572688E+0
108.900000	3.471194E-1	4.636693E+0	1.525028E+0
109.000000	3.421040E-1	4.398537E+0	1.459809E+0
109.100000	3.395963E-1	3.755709E+0	1.213986E+0
109.200000	3.471194E-1	3.200011E+0	7.223387E-1
109.300000	3.471194E-1	2.799212E+0	3.912294E-1
109.400000	3.521347E-1	2.531367E+0	6.012015E-2
109.500000	3.395963E-1	2.521686E+0	4.005292E-2
109.600000	3.395963E-1	2.519104E+0	3.754452E-2
109.700000	3.521347E-1	2.518459E+0	3.252771E-2
109.800000	3.471194E-1	2.520395E+0	4.005292E-2
109.900000	3.395963E-1	2.519104E+0	3.754452E-2
110.000000	3.421040E-1	2.519749E+0	5.761175E-2
110.100000	3.395963E-1	2.557829E+0	1.428975E-1
110.200000	3.471194E-1	2.781786E+0	2.808597E-1
110.300000	3.521347E-1	3.352328E+0	8.979270E-1
110.400000	3.471194E-1	3.761517E+0	1.213986E+0
110.500000	3.471194E-1	4.044207E+0	1.198935E+0
110.600000	3.521347E-1	4.269455E+0	1.369507E+0
110.700000	3.421040E-1	4.186197E+0	1.346931E+0
110.800000	3.395963E-1	3.913834E+0	1.329372E+0
110.900000	3.521347E-1	3.519489E+0	1.025856E+0
111.000000	3.421040E-1	3.014779E+0	5.266832E-1
111.100000	3.395963E-1	2.556538E+0	8.018738E-2
111.200000	3.471194E-1	2.518459E+0	3.001931E-2
111.300000	3.496270E-1	2.519104E+0	3.754452E-2
111.400000	3.471194E-1	2.520395E+0	3.754452E-2
111.500000	3.395963E-1	2.518459E+0	4.005292E-2
111.600000	3.395963E-1	2.518459E+0	2.500250E-2
111.700000	3.546424E-1	2.516522E+0	3.252771E-2
111.800000	3.471194E-1	2.520395E+0	5.008654E-2
111.900000	3.471194E-1	2.630114E+0	9.523780E-2
112.000000	3.421040E-1	3.172904E+0	2.041759E+0
112.100000	3.471194E-1	3.749900E+0	2.555982E+0
112.200000	3.471194E-1	4.176516E+0	2.485746E+0
112.300000	3.421040E-1	4.457269E+0	2.581066E+0
112.400000	3.471194E-1	4.333996E+0	2.209822E+0
112.500000	3.395963E-1	4.037107E+0	2.229889E+0
112.600000	3.521347E-1	3.519489E+0	1.936406E+0
112.700000	3.521347E-1	2.997352E+0	1.933898E+0
112.800000	3.421040E-1	2.649477E+0	1.855403E-1
112.900000	3.421040E-1	2.518459E+0	4.005292E-2
113.000000	3.395963E-1	2.521040E+0	4.757813E-2
113.100000	3.521347E-1	2.517168E+0	3.252771E-2
113.200000	3.521347E-1	2.518459E+0	3.503612E-2
113.300000	3.471194E-1	2.517168E+0	6.513696E-2
113.400000	3.395963E-1	2.519749E+0	7.015377E-2
113.500000	3.521347E-1	2.517168E+0	3.754452E-2
113.600000	3.395963E-1	2.519104E+0	5.259494E-2
113.700000	3.471194E-1	2.630114E+0	1.479143E-1
113.800000	3.471194E-1	2.981863E+0	2.179721E+0
113.900000	3.395963E-1	3.674387E+0	1.891255E+0
114.000000	3.395963E-1	4.238475E+0	1.259137E+0
114.100000	3.496270E-1	4.348195E+0	1.389574E+0
114.200000	3.496270E-1	3.932551E+0	1.196427E+0
114.300000	3.521347E-1	3.127725E+0	6.169858E-1
114.400000	3.471194E-1	2.594617E+0	1.303555E-1
114.500000	3.471194E-1	2.520395E+0	4.506973E-2
114.600000	3.471194E-1	2.519749E+0	3.001931E-2
114.700000	3.471194E-1	2.517168E+0	3.754452E-2
114.800000	3.446117E-1	2.517168E+0	4.506973E-2
114.900000	3.446117E-1	2.520395E+0	4.005292E-2
115.000000	3.471194E-1	2.519104E+0	3.754452E-2
115.100000	3.471194E-1	2.520395E+0	5.259494E-2
115.200000	3.471194E-1	2.517168E+0	4.005292E-2
115.300000	3.471194E-1	2.577836E+0	9.523780E-2
115.400000	3.421040E-1	3.067057E+0	6.270194E-1
115.500000	3.546424E-1	3.662770E+0	1.123683E+0
115.600000	3.496270E-1	3.868655E+0	1.246595E+0
115.700000	3.471194E-1	3.558213E+0	1.045923E+0
115.800000	3.546424E-1	3.067702E+0	7.072883E-1
115.900000	3.421040E-1	2.681747E+0	1.905571E-1
116.000000	3.471194E-1	2.519749E+0	3.001931E-2
116.100000	3.471194E-1	2.517813E+0	3.754452E-2
116.200000	3.521347E-1	2.519104E+0	5.008654E-2
116.300000	3.421040E-1	2.520395E+0	4.256133E-2
116.400000	3.395963E-1	2.517813E+0	3.754452E-2
116.500000	3.471194E-1	2.519749E+0	4.757813E-2
116.600000	3.496270E-1	2.516522E+0	3.001931E-2
116.700000	3.521347E-1	2.518459E+0	3.754452E-2
116.800000	3.471194E-1	2.637859E+0	1.604563E-1
116.900000	3.395963E-1	2.987671E+0	1.344423E+0
117.000000	3.521347E-1	3.482700E+0	2.643776E+0
117.100000	3.471194E-1	3.772489E+0	2.859499E+0
117.200000	3.471194E-1	3.653089E+0	1.986574E+0
117.300000	3.471194E-1	3.231636E+0	1.452284E+0
117.400000	3.521347E-1	2.754679E+0	3.561118E-1
117.500000	3.471194E-1	2.520395E+0	5.008654E-2
117.600000	3.496270E-1	2.519104E+0	5.008654E-2
117.700000	3.521347E-1	2.517168E+0	3.252771E-2
117.800000	3.496270E-1	2.517168E+0	3.754452E-2
117.900000	3.421040E-1	2.518459E+0	3.001931E-2
118.000000	3.471194E-1	2.517813E+0	4.506973E-2
118.100000	3.395963E-1	2.519104E+0	4.005292E-2
118.200000	3.421040E-1	2.520395E+0	4.005292E-2
118.300000	3.395963E-1	2.518459E+0	3.001931E-2
118.400000	3.471194E-1	2.740479E+0	2.708261E-1
118.500000	3.471194E-1	3.288432E+0	8.678261E-1
118.600000	3.496270E-1	3.641471E+0	1.020839E+0
118.700000	3.471194E-1	3.813150E+0	1.123683E+0
118.800000	3.471194E-1	3.873173E+0	1.198935E+0
118.900000	3.421040E-1	3.714402E+0	1.196427E+0
119.000000	3.421040E-1	3.218728E+0	7.800320E-1
119.100000	3.471194E-1	2.619143E+0	1.654731E-1
119.200000	3.521347E-1	2.517813E+0	3.252771E-2
119.300000	3.521347E-1	2.517813E+0	3.252771E-2
119.400000	3.471194E-1	2.521686E+0	4.005292E-2
119.500000	3.395963E-1	2.519104E+0	3.503612E-2
119.600000	3.496270E-1	2.519104E+0	3.503612E-2
119.700000	3.395963E-1	2.518459E+0	3.754452E-2
119.800000	3.496270E-1	2.519749E+0	4.005292E-2
119.900000	3.521347E-1	2.518459E+0	4.757813E-2
120.000000	3.521347E-1	2.518459E+0	5.008654E-2

