0.000000	4.534970E+0	2.518459E+0	5.259494E-2
0.100000	3.521347E-1	2.518459E+0	5.008654E-2
0.200000	3.521347E-1	2.517168E+0	5.008654E-2
0.300000	3.421040E-1	2.519104E+0	5.259494E-2
0.400000	3.546424E-1	2.518459E+0	5.510335E-2
0.500000	3.521347E-1	2.516522E+0	4.757813E-2
0.600000	3.471194E-1	2.516522E+0	4.757813E-2
0.700000	3.471194E-1	2.519749E+0	5.008654E-2
0.800000	3.471194E-1	2.520395E+0	5.259494E-2
0.900000	3.471194E-1	2.517813E+0	5.761175E-2
1.000000	3.395963E-1	2.519749E+0	4.506973E-2
1.100000	3.395963E-1	2.520395E+0	4.757813E-2
1.200000	3.395963E-1	2.520395E+0	4.757813E-2
1.300000	3.521347E-1	2.519104E+0	5.510335E-2
1.400000	3.471194E-1	2.517813E+0	4.757813E-2
1.500000	3.521347E-1	2.525558E+0	6.012015E-2
1.600000	3.496270E-1	2.547502E+0	7.517057E-2
1.700000	3.521347E-1	2.563637E+0	1.303555E-1
1.800000	3.496270E-1	2.600426E+0	2.256748E-1
1.900000	3.471194E-1	2.632696E+0	2.908933E-1
2.000000	3.421040E-1	2.650768E+0	3.937378E-1
2.100000	3.471194E-1	2.668194E+0	4.163135E-1
2.200000	3.395963E-1	2.699819E+0	5.517673E-1
2.300000	3.521347E-1	2.750806E+0	7.022715E-1
2.400000	3.471194E-1	2.806311E+0	6.470866E-1
2.500000	3.471194E-1	2.859880E+0	9.104690E-1
2.600000	3.471194E-1	2.900541E+0	9.882295E-1
2.700000	3.395963E-1	2.946365E+0	1.088566E+0
2.800000	3.395963E-1	2.981217E+0	1.081040E+0
2.900000	3.521347E-1	3.016715E+0	1.244087E+0
3.000000	3.395963E-1	3.048340E+0	1.254120E+0
3.100000	3.446117E-1	3.076092E+0	1.464826E+0
3.200000	3.496270E-1	3.103200E+0	1.394591E+0
3.300000	3.496270E-1	3.143860E+0	1.896272E+0
3.400000	3.471194E-1	3.207756E+0	1.587738E+0
3.500000	3.471194E-1	3.239381E+0	1.856137E+0
3.600000	3.421040E-1	3.237445E+0	1.655465E+0
3.700000	3.521347E-1	3.240672E+0	1.652956E+0
3.800000	3.496270E-1	3.254871E+0	1.595263E+0
3.900000	3.446117E-1	3.295532E+0	2.064335E+0
4.000000	3.471194E-1	3.363300E+0	1.587738E+0
4.100000	3.471194E-1	3.451075E+0	1.625364E+0
4.200000	3.496270E-1	3.527879E+0	1.728209E+0
4.300000	3.421040E-1	3.562086E+0	1.710650E+0
4.400000	3.471194E-1	3.598229E+0	1.795935E+0
4.500000	3.471194E-1	3.620818E+0	1.818511E+0
4.600000	3.421040E-1	3.682132E+0	1.703125E+0
4.700000	3.471194E-1	3.728601E+0	1.813494E+0
4.800000	3.521347E-1	3.773135E+0	1.966507E+0
4.900000	3.471194E-1	3.825413E+0	1.891255E+0
5.000000	3.521347E-1	3.882854E+0	1.921356E+0
5.100000	3.471194E-1	3.954495E+0	2.024200E+0
5.200000	3.521347E-1	3.983538E+0	2.066843E+0
5.300000	3.471194E-1	4.031944E+0	2.144604E+0
5.400000	3.521347E-1	4.073250E+0	2.182230E+0
5.500000	3.521347E-1	4.128755E+0	2.259990E+0
5.600000	3.471194E-1	4.170062E+0	2.222364E+0
5.700000	3.471194E-1	4.196523E+0	2.249957E+0
5.800000	3.471194E-1	4.236539E+0	2.297616E+0
5.900000	3.395963E-1	4.266873E+0	2.357818E+0
6.000000	3.421040E-1	4.299143E+0	2.307650E+0
6.100000	3.471194E-1	4.357876E+0	2.375377E+0
6.200000	3.395963E-1	4.397246E+0	2.488255E+0
6.300000	3.521347E-1	4.416608E+0	2.300125E+0
6.400000	3.421040E-1	4.448878E+0	2.327717E+0
6.500000	3.521347E-1	4.465659E+0	2.337751E+0
6.600000	3.395963E-1	4.483085E+0	2.325209E+0
6.700000	3.471194E-1	4.492121E+0	2.433070E+0
6.800000	3.471194E-1	4.482440E+0	2.345276E+0
6.900000	3.521347E-1	4.497284E+0	2.347784E+0
7.000000	3.446117E-1	4.512774E+0	2.440595E+0
7.100000	3.471194E-1	4.498575E+0	2.606150E+0
7.200000	3.471194E-1	4.524391E+0	2.510830E+0
7.300000	3.521347E-1	4.561825E+0	2.668860E+0
7.400000	3.471194E-1	4.598613E+0	2.555982E+0
7.500000	3.471194E-1	4.635402E+0	2.651301E+0
7.600000	3.521347E-1	4.673481E+0	2.648793E+0
7.700000	3.521347E-1	4.738667E+0	2.676385E+0
7.800000	3.521347E-1	4.736731E+0	2.636251E+0
7.900000	3.471194E-1	4.747058E+0	2.766688E+0
8.000000	3.471194E-1	4.785782E+0	2.759162E+0
8.100000	3.421040E-1	4.817407E+0	2.656318E+0
8.200000	3.496270E-1	4.862586E+0	2.708994E+0
8.300000	3.471194E-1	4.858068E+0	2.779230E+0
8.400000	3.521347E-1	4.852259E+0	2.884583E+0
8.500000	3.546424E-1	4.877430E+0	2.794280E+0
8.600000	3.471194E-1	4.902601E+0	2.751637E+0
8.700000	3.471194E-1	4.925191E+0	2.751637E+0
8.800000	3.471194E-1	4.921964E+0	2.744112E+0
8.900000	3.496270E-1	4.921964E+0	2.701469E+0
9.000000	3.471194E-1	4.954234E+0	2.693944E+0
9.100000	3.446117E-1	4.938099E+0	2.796788E+0
9.200000	3.395963E-1	4.961979E+0	2.801805E+0
9.300000	3.521347E-1	4.933581E+0	2.829398E+0
9.400000	3.496270E-1	4.941326E+0	2.791772E+0
9.500000	3.421040E-1	4.938744E+0	2.839431E+0
9.600000	3.521347E-1	5.023293E+0	2.841940E+0
9.700000	3.521347E-1	5.058145E+0	2.889599E+0
9.800000	3.546424E-1	5.023293E+0	2.859499E+0
9.900000	3.471194E-1	4.943262E+0	2.779230E+0
10.000000	3.471194E-1	4.981987E+0	2.676385E+0
10.100000	3.421040E-1	4.987795E+0	2.821873E+0
10.200000	3.471194E-1	5.034910E+0	2.839431E+0
10.300000	3.471194E-1	5.059436E+0	2.819364E+0
10.400000	3.521347E-1	5.058790E+0	2.746620E+0
10.500000	3.421040E-1	5.060727E+0	2.784246E+0
10.600000	3.421040E-1	5.043301E+0	2.856990E+0
10.700000	3.395963E-1	4.961334E+0	2.711503E+0
10.800000	3.471194E-1	4.909701E+0	2.683910E+0
10.900000	3.471194E-1	4.911637E+0	2.724045E+0
11.000000	3.421040E-1	4.894211E+0	2.706486E+0
11.100000	3.521347E-1	4.874849E+0	2.766688E+0
11.200000	3.471194E-1	4.825152E+0	2.739095E+0
11.300000	3.471194E-1	4.774810E+0	2.759162E+0
11.400000	3.395963E-1	4.761257E+0	2.744112E+0
11.500000	3.521347E-1	4.732213E+0	2.806822E+0
11.600000	3.421040E-1	4.725759E+0	2.621200E+0
11.700000	3.421040E-1	4.721241E+0	2.676385E+0
11.800000	3.521347E-1	4.676708E+0	2.809331E+0
11.900000	3.471194E-1	4.664445E+0	2.744112E+0
12.000000	3.395963E-1	4.650892E+0	2.799297E+0
12.100000	3.471194E-1	4.603777E+0	2.766688E+0
12.200000	3.471194E-1	4.552789E+0	2.678894E+0
12.300000	3.471194E-1	4.509547E+0	2.729062E+0
12.400000	3.546424E-1	4.466950E+0	2.698961E+0
12.500000	3.421040E-1	4.430807E+0	2.656318E+0
12.600000	3.471194E-1	4.365621E+0	2.528389E+0
12.700000	3.471194E-1	4.366911E+0	2.553473E+0
12.800000	3.521347E-1	4.317215E+0	2.483238E+0
12.900000	3.471194E-1	4.324960E+0	2.608658E+0
13.000000	3.471194E-1	4.316570E+0	2.586083E+0
13.100000	3.471194E-1	4.310761E+0	2.560999E+0
13.200000	3.421040E-1	4.306243E+0	2.621200E+0
13.300000	3.471194E-1	4.298498E+0	2.648793E+0
13.400000	3.471194E-1	4.304307E+0	2.588591E+0
13.500000	3.546424E-1	4.283654E+0	2.626217E+0
13.600000	3.395963E-1	4.277845E+0	2.628725E+0
13.700000	3.421040E-1	4.268809E+0	2.618692E+0
13.800000	3.421040E-1	4.267518E+0	2.668860E+0
13.900000	3.421040E-1	4.265582E+0	2.628725E+0
14.000000	3.421040E-1	4.257192E+0	2.616183E+0
14.100000	3.496270E-1	4.245574E+0	2.611167E+0
14.200000	3.496270E-1	4.241057E+0	2.591099E+0
14.300000	3.471194E-1	4.252029E+0	2.576049E+0
14.400000	3.521347E-1	4.244929E+0	2.621200E+0
14.500000	3.471194E-1	4.237830E+0	2.653809E+0
14.600000	3.395963E-1	4.228148E+0	2.633742E+0
14.700000	3.446117E-1	4.181034E+0	2.560999E+0
14.800000	3.471194E-1	4.119720E+0	2.558490E+0
14.900000	3.395963E-1	4.075186E+0	2.475713E+0
15.000000	3.521347E-1	4.062278E+0	2.548457E+0
15.100000	3.471194E-1	4.070668E+0	2.560999E+0
15.200000	3.496270E-1	4.062924E+0	2.571032E+0
15.300000	3.496270E-1	4.050661E+0	2.586083E+0
15.400000	3.421040E-1	4.055179E+0	2.581066E+0
15.500000	3.395963E-1	4.086804E+0	2.651301E+0
15.600000	3.521347E-1	4.108748E+0	2.576049E+0
15.700000	3.471194E-1	4.119074E+0	2.548457E+0
15.800000	3.446117E-1	4.088095E+0	2.566015E+0
15.900000	3.395963E-1	4.077123E+0	2.560999E+0
16.000000	3.421040E-1	4.079704E+0	2.530898E+0
16.100000	3.521347E-1	4.089385E+0	2.510830E+0
16.200000	3.496270E-1	4.111975E+0	2.535915E+0
16.300000	3.471194E-1	4.124883E+0	2.495780E+0
16.400000	3.521347E-1	4.115847E+0	2.586083E+0
16.500000	3.421040E-1	4.106811E+0	2.528389E+0
16.600000	3.446117E-1	4.101003E+0	2.576049E+0
16.700000	3.446117E-1	4.090031E+0	2.596116E+0
16.800000	3.521347E-1	4.059697E+0	2.397952E+0
16.900000	3.421040E-1	4.028071E+0	2.518356E+0
17.000000	3.471194E-1	3.995156E+0	2.528389E+0
17.100000	3.421040E-1	3.954495E+0	2.520864E+0
17.200000	3.521347E-1	3.909962E+0	2.606150E+0
17.300000	3.521347E-1	3.896408E+0	2.510830E+0
17.400000	3.521347E-1	3.807341E+0	2.310158E+0
17.500000	3.395963E-1	3.741510E+0	2.350293E+0
17.600000	3.471194E-1	3.707948E+0	2.352801E+0
17.700000	3.471194E-1	3.673096E+0	2.435578E+0
17.800000	3.521347E-1	3.661479E+0	2.352801E+0
17.900000	3.471194E-1	3.652443E+0	2.433070E+0
18.000000	3.446117E-1	3.607910E+0	2.433070E+0
18.100000	3.471194E-1	3.561440E+0	2.219856E+0
18.200000	3.421040E-1	3.506581E+0	2.187246E+0
18.300000	3.471194E-1	3.446557E+0	2.162162E+0
18.400000	3.521347E-1	3.419450E+0	2.069351E+0
18.500000	3.471194E-1	3.409769E+0	2.134570E+0
18.600000	3.421040E-1	3.385889E+0	2.164671E+0
18.700000	3.395963E-1	3.334256E+0	2.056809E+0
18.800000	3.471194E-1	3.325866E+0	2.044267E+0
18.900000	3.421040E-1	3.325866E+0	2.004133E+0
19.000000	3.521347E-1	3.295532E+0	1.803461E+0
19.100000	3.471194E-1	3.269715E+0	1.913830E+0
19.200000	3.421040E-1	3.216146E+0	1.688074E+0
19.300000	3.471194E-1	3.146442E+0	1.592755E+0
19.400000	3.471194E-1	3.099327E+0	1.530045E+0
19.500000	3.395963E-1	3.070929E+0	1.520011E+0
19.600000	3.496270E-1	3.045113E+0	1.542587E+0
19.700000	3.471194E-1	3.047694E+0	1.422183E+0
19.800000	3.471194E-1	3.042531E+0	1.464826E+0
19.900000	3.395963E-1	3.063184E+0	1.452284E+0
20.000000	3.521347E-1	3.071575E+0	1.537570E+0
20.100000	3.421040E-1	3.099973E+0	1.657973E+0
20.200000	3.421040E-1	3.133534E+0	1.700616E+0
20.300000	3.395963E-1	3.163868E+0	1.735734E+0
20.400000	3.471194E-1	3.178067E+0	1.668007E+0
20.500000	3.395963E-1	3.194202E+0	1.685566E+0
20.600000	3.471194E-1	3.190330E+0	1.545095E+0
20.700000	3.521347E-1	3.194202E+0	1.560146E+0
20.800000	3.471194E-1	3.128371E+0	1.482385E+0
20.900000	3.471194E-1	2.945074E+0	1.183885E+0
21.000000	3.395963E-1	2.830837E+0	1.206461E+0
21.100000	3.496270E-1	2.791467E+0	9.405698E-1
21.200000	3.471194E-1	2.774041E+0	7.524396E-1
21.300000	3.471194E-1	2.726926E+0	6.220026E-1
21.400000	3.471194E-1	2.679166E+0	5.743429E-1
21.500000	3.471194E-1	2.640441E+0	5.191580E-1
21.600000	3.471194E-1	2.623660E+0	2.934017E-1
21.700000	3.395963E-1	2.617206E+0	4.740067E-1
21.800000	3.471194E-1	2.610107E+0	4.313639E-1
21.900000	3.471194E-1	2.603007E+0	5.166496E-1
22.000000	3.521347E-1	2.589454E+0	4.639731E-1
22.100000	3.421040E-1	2.583000E+0	2.582840E-1
22.200000	3.471194E-1	2.575900E+0	3.310277E-1
22.300000	3.471194E-1	2.581709E+0	3.009269E-1
22.400000	3.395963E-1	2.580418E+0	2.858765E-1
22.500000	3.521347E-1	2.573318E+0	2.306916E-1
22.600000	3.421040E-1	2.557829E+0	1.704899E-1
22.700000	3.471194E-1	2.527494E+0	1.203218E-1
22.800000	3.395963E-1	2.519104E+0	1.955739E-1
22.900000	3.521347E-1	2.516522E+0	8.771259E-2
23.000000	3.521347E-1	2.519104E+0	9.272940E-2
23.100000	3.395963E-1	2.521040E+0	6.764536E-2
23.200000	3.395963E-1	2.521040E+0	9.022100E-2
23.300000	3.521347E-1	2.517168E+0	6.764536E-2
23.400000	3.546424E-1	2.518459E+0	8.018738E-2
23.500000	3.521347E-1	2.517168E+0	7.266217E-2
23.600000	3.395963E-1	2.520395E+0	1.353723E-1
23.700000	3.521347E-1	2.518459E+0	1.353723E-1
23.800000	3.471194E-1	2.521040E+0	1.454059E-1
23.900000	3.395963E-1	2.521686E+0	1.027630E-1
24.000000	3.521347E-1	2.525558E+0	1.679815E-1
24.100000	3.395963E-1	2.524267E+0	7.517057E-2
24.200000	3.471194E-1	2.520395E+0	1.353723E-1
24.300000	3.496270E-1	2.522331E+0	1.077798E-1
24.400000	3.446117E-1	2.537176E+0	1.504227E-1
24.500000	3.471194E-1	2.603007E+0	2.482504E-1
24.600000	3.395963E-1	2.694010E+0	5.116328E-1
24.700000	3.421040E-1	2.808247E+0	7.298639E-1
24.800000	3.521347E-1	2.944429E+0	1.063482E+0
24.900000	3.471194E-1	3.087064E+0	1.093582E+0
25.000000	3.395963E-1	3.232282E+0	1.489910E+0
25.100000	3.496270E-1	3.380080E+0	1.499944E+0
25.200000	3.471194E-1	3.454302E+0	1.800952E+0
25.300000	3.471194E-1	3.537560E+0	1.876204E+0
25.400000	3.521347E-1	3.634372E+0	1.958982E+0
25.500000	3.521347E-1	3.706658E+0	1.996608E+0
25.600000	3.471194E-1	3.755063E+0	1.999116E+0
25.700000	3.471194E-1	3.826704E+0	2.179721E+0
25.800000	3.521347E-1	3.878982E+0	2.004133E+0
25.900000	3.496270E-1	3.953849E+0	2.099452E+0
26.000000	3.471194E-1	3.986120E+0	2.152129E+0
26.100000	3.395963E-1	4.051952E+0	1.943931E+0
26.200000	3.471194E-1	4.068087E+0	2.184738E+0
26.300000	3.471194E-1	4.131982E+0	2.182230E+0
26.400000	3.421040E-1	4.166189E+0	2.219856E+0
26.500000	3.395963E-1	4.184906E+0	2.287583E+0
26.600000	3.496270E-1	4.248802E+0	2.335242E+0
26.700000	3.496270E-1	4.335286E+0	2.387919E+0
26.800000	3.521347E-1	4.391437E+0	2.315175E+0
26.900000	3.546424E-1	4.371429E+0	2.415511E+0
27.000000	3.471194E-1	4.418544E+0	2.365343E+0
27.100000	3.395963E-1	4.429516E+0	2.473204E+0
27.200000	3.471194E-1	4.430807E+0	2.375377E+0
27.300000	3.395963E-1	4.462432E+0	2.292599E+0
27.400000	3.471194E-1	4.474049E+0	2.355309E+0
27.500000	3.421040E-1	4.477922E+0	2.390427E+0
27.600000	3.471194E-1	4.486312E+0	2.292599E+0
27.700000	3.471194E-1	4.471468E+0	2.292599E+0
27.800000	3.421040E-1	4.460496E+0	2.347784E+0
27.900000	3.421040E-1	4.482440E+0	2.465679E+0
28.000000	3.521347E-1	4.487603E+0	2.387919E+0
28.100000	3.471194E-1	4.336577E+0	2.232398E+0
28.200000	3.421040E-1	4.187488E+0	2.117011E+0
28.300000	3.471194E-1	4.089385E+0	2.244940E+0
28.400000	3.471194E-1	3.978375E+0	2.194772E+0
28.500000	3.395963E-1	3.918997E+0	2.257482E+0
28.600000	3.421040E-1	3.907380E+0	2.270024E+0
28.700000	3.521347E-1	3.912543E+0	2.282566E+0
28.800000	3.496270E-1	3.908025E+0	2.315175E+0
28.900000	3.496270E-1	3.862847E+0	2.207314E+0
29.000000	3.471194E-1	3.715048E+0	2.014167E+0
29.100000	3.496270E-1	3.450430E+0	1.828545E+0
29.200000	3.395963E-1	3.308440E+0	1.951456E+0
29.300000	3.471194E-1	3.230991E+0	1.753293E+0
29.400000	3.521347E-1	3.141279E+0	1.387066E+0
29.500000	3.471194E-1	3.021878E+0	1.299272E+0
29.600000	3.446117E-1	2.926357E+0	9.957547E-1
29.700000	3.395963E-1	2.810184E+0	9.455866E-1
29.800000	3.521347E-1	2.779204E+0	8.828765E-1
29.900000	3.521347E-1	2.750161E+0	8.527757E-1
30.000000	3.496270E-1	2.699819E+0	7.875572E-1
30.100000	3.471194E-1	2.666257E+0	6.295278E-1
30.200000	3.471194E-1	2.616561E+0	5.266832E-1
30.300000	3.395963E-1	2.583645E+0	3.937378E-1
30.400000	3.421040E-1	2.548793E+0	1.980824E-1
30.500000	3.471194E-1	2.521686E+0	1.278471E-1
30.600000	3.421040E-1	2.520395E+0	1.278471E-1
30.700000	3.421040E-1	2.519749E+0	1.679815E-1
30.800000	3.521347E-1	2.518459E+0	1.052714E-1
30.900000	3.471194E-1	2.517168E+0	1.303555E-1
31.000000	3.471194E-1	2.519749E+0	1.153050E-1
31.100000	3.395963E-1	2.536530E+0	2.281832E-1
31.200000	3.521347E-1	2.556538E+0	2.407252E-1
31.300000	3.421040E-1	2.596553E+0	2.457420E-1
31.400000	3.446117E-1	2.655285E+0	4.915656E-1
31.500000	3.521347E-1	2.741125E+0	6.621370E-1
31.600000	3.395963E-1	2.868271E+0	9.731791E-1
31.700000	3.421040E-1	3.001225E+0	1.048431E+0
31.800000	3.421040E-1	3.170322E+0	1.259137E+0
31.900000	3.421040E-1	3.269715E+0	1.449776E+0
32.000000	3.496270E-1	3.367172E+0	1.673024E+0
32.100000	3.521347E-1	3.432358E+0	1.693091E+0
32.200000	3.471194E-1	3.554341E+0	1.765835E+0
32.300000	3.471194E-1	3.668578E+0	1.810986E+0
32.400000	3.521347E-1	3.811859E+0	1.848612E+0
32.500000	3.471194E-1	4.010000E+0	2.086910E+0
32.600000	3.471194E-1	4.122947E+0	2.370360E+0
32.700000	3.395963E-1	4.207495E+0	2.744112E+0
32.800000	3.395963E-1	4.330123E+0	2.944784E+0
32.900000	3.421040E-1	4.461787E+0	2.726553E+0
33.000000	3.496270E-1	4.565052E+0	2.759162E+0
33.100000	3.421040E-1	4.590869E+0	2.242431E+0
33.200000	3.471194E-1	4.421771E+0	2.292599E+0
33.300000	3.471194E-1	4.243638E+0	2.217347E+0
33.400000	3.421040E-1	4.053242E+0	2.051793E+0
33.500000	3.471194E-1	3.848002E+0	2.014167E+0
33.600000	3.521347E-1	3.638890E+0	1.770851E+0
33.700000	3.471194E-1	3.460111E+0	1.723192E+0
33.800000	3.471194E-1	3.254871E+0	1.467335E+0
33.900000	3.471194E-1	3.085128E+0	1.377032E+0
34.000000	3.521347E-1	2.976054E+0	1.106124E+0
34.100000	3.471194E-1	2.852135E+0	8.753513E-1
34.200000	3.521347E-1	2.735962E+0	7.524396E-1
34.300000	3.395963E-1	2.691428E+0	5.743429E-1
34.400000	3.496270E-1	2.661094E+0	6.044437E-1
34.500000	3.471194E-1	2.641086E+0	5.241748E-1
34.600000	3.471194E-1	2.680456E+0	5.517673E-1
34.700000	3.395963E-1	2.763069E+0	7.725068E-1
34.800000	3.521347E-1	2.910868E+0	1.251612E+0
34.900000	3.471194E-1	3.142570E+0	2.688927E+0
35.000000	3.496270E-1	3.411060E+0	2.407986E+0
35.100000	3.496270E-1	3.580157E+0	2.493272E+0
35.200000	3.421040E-1	3.722147E+0	2.490763E+0
35.300000	3.521347E-1	3.875109E+0	2.761671E+0
35.400000	3.421040E-1	3.976439E+0	2.761671E+0
35.500000	3.471194E-1	4.079704E+0	2.207314E+0
35.600000	3.471194E-1	4.135209E+0	2.387919E+0
35.700000	3.421040E-1	4.255256E+0	2.448120E+0
35.800000	3.521347E-1	4.297853E+0	2.505814E+0
35.900000	3.471194E-1	4.270745E+0	2.295108E+0
36.000000	3.446117E-1	4.211368E+0	2.285074E+0
36.100000	3.471194E-1	4.069378E+0	2.094435E+0
36.200000	3.471194E-1	3.791852E+0	2.714011E+0
36.300000	3.421040E-1	3.463984E+0	1.793427E+0
36.400000	3.395963E-1	3.267779E+0	1.901288E+0
36.500000	3.446117E-1	3.112881E+0	2.859499E+0
36.600000	3.496270E-1	2.982508E+0	2.177213E+0
36.700000	3.521347E-1	2.897959E+0	2.776721E+0
36.800000	3.496270E-1	2.799212E+0	2.816856E+0
36.900000	3.471194E-1	2.720472E+0	1.813494E+0
37.000000	3.521347E-1	2.672712E+0	2.059318E+0
37.100000	3.521347E-1	2.633342E+0	1.502452E+0
37.200000	3.521347E-1	2.692074E+0	1.966507E+0
37.300000	3.471194E-1	2.817929E+0	1.831053E+0
37.400000	3.471194E-1	2.965727E+0	2.603641E+0
37.500000	3.421040E-1	3.165159E+0	2.844448E+0
37.600000	3.446117E-1	3.421387E+0	2.538423E+0
37.700000	3.471194E-1	3.686650E+0	3.040104E+0
37.800000	3.471194E-1	3.871237E+0	2.676385E+0
37.900000	3.471194E-1	4.013227E+0	2.405478E+0
38.000000	3.395963E-1	4.121010E+0	2.455646E+0
38.100000	3.521347E-1	4.178452E+0	2.503305E+0
38.200000	3.471194E-1	4.162317E+0	2.453137E+0
38.300000	3.521347E-1	4.027426E+0	2.375377E+0
38.400000	3.496270E-1	3.701494E+0	2.132062E+0
38.500000	3.546424E-1	3.316830E+0	3.363688E+0
38.600000	3.496270E-1	2.987671E+0	2.608658E+0
38.700000	3.395963E-1	2.774686E+0	2.104469E+0
38.800000	3.496270E-1	2.675293E+0	2.142095E+0
38.900000	3.471194E-1	2.621079E+0	2.307650E+0
39.000000	3.421040E-1	2.586227E+0	4.263471E-1
39.100000	3.471194E-1	2.587517E+0	5.417336E-1
39.200000	3.471194E-1	2.647541E+0	2.204805E+0
39.300000	3.521347E-1	2.835355E+0	2.957326E+0
39.400000	3.421040E-1	3.105136E+0	3.183083E+0
39.500000	3.421040E-1	3.337483E+0	3.175557E+0
39.600000	3.421040E-1	3.494318E+0	1.710650E+0
39.700000	3.395963E-1	3.556923E+0	1.856137E+0
39.800000	3.395963E-1	3.548532E+0	1.926372E+0
39.900000	3.471194E-1	3.498836E+0	1.896272E+0
40.000000	3.395963E-1	3.357491E+0	2.330225E+0
40.100000	3.496270E-1	3.143215E+0	2.402969E+0
40.200000	3.521347E-1	2.886342E+0	2.681402E+0
40.300000	3.471194E-1	2.661094E+0	6.596286E-1
40.400000	3.395963E-1	2.532012E+0	1.077798E-1
40.500000	3.471194E-1	2.519749E+0	9.272940E-2
40.600000	3.395963E-1	2.519749E+0	1.378807E-1
40.700000	3.471194E-1	2.519104E+0	7.015377E-2
40.800000	3.496270E-1	2.517168E+0	8.520419E-2
40.900000	3.421040E-1	2.520395E+0	8.018738E-2
41.000000	3.421040E-1	2.520395E+0	9.774621E-2
41.100000	3.471194E-1	2.516522E+0	8.771259E-2
41.200000	3.471194E-1	2.516522E+0	1.203218E-1
41.300000	3.471194E-1	2.530721E+0	1.328639E-1
41.400000	3.421040E-1	2.626887E+0	3.260109E-1
41.500000	3.521347E-1	2.824383E+0	7.925740E-1
41.600000	3.521347E-1	3.052858E+0	1.020839E+0
41.700000	3.471194E-1	3.291014E+0	1.349440E+0
41.800000	3.496270E-1	3.477537E+0	1.464826E+0
41.900000	3.521347E-1	3.629208E+0	1.635398E+0
42.000000	3.496270E-1	3.736346E+0	1.685566E+0
42.100000	3.471194E-1	3.825413E+0	1.768343E+0
42.200000	3.471194E-1	3.871882E+0	1.913830E+0
42.300000	3.496270E-1	3.871237E+0	1.896272E+0
42.400000	3.421040E-1	3.667933E+0	1.765835E+0
42.500000	3.546424E-1	3.331029E+0	1.662990E+0
42.600000	3.471194E-1	3.050921E+0	1.309305E+0
42.700000	3.496270E-1	2.886987E+0	8.954186E-1
42.800000	3.496270E-1	2.748224E+0	7.750152E-1
42.900000	3.521347E-1	2.609461E+0	3.862126E-1
43.000000	3.546424E-1	2.542339E+0	1.529311E-1
43.100000	3.496270E-1	2.517813E+0	8.269579E-2
43.200000	3.471194E-1	2.517168E+0	1.052714E-1
43.300000	3.521347E-1	2.518459E+0	9.272940E-2
43.400000	3.446117E-1	2.520395E+0	1.002546E-1
43.500000	3.395963E-1	2.524267E+0	2.030992E-1
43.600000	3.471194E-1	2.609461E+0	2.908933E-1
43.700000	3.521347E-1	2.823092E+0	8.402337E-1
43.800000	3.421040E-1	3.131598E+0	1.289238E+0
43.900000	3.471194E-1	3.371690E+0	1.642923E+0
44.000000	3.471194E-1	3.600810E+0	1.800952E+0
44.100000	3.496270E-1	3.742800E+0	1.625364E+0
44.200000	3.521347E-1	3.851229E+0	1.886238E+0
44.300000	3.496270E-1	3.937714E+0	2.094435E+0
44.400000	3.471194E-1	3.973857E+0	2.076877E+0
44.500000	3.521347E-1	3.949977E+0	2.127045E+0
44.600000	3.395963E-1	3.769908E+0	2.016675E+0
44.700000	3.395963E-1	3.430422E+0	1.733225E+0
44.800000	3.521347E-1	3.120626E+0	1.354456E+0
44.900000	3.521347E-1	2.893442E+0	1.050940E+0
45.000000	3.521347E-1	2.731444E+0	7.825404E-1
45.100000	3.421040E-1	2.584290E+0	3.686538E-1
45.200000	3.446117E-1	2.521040E+0	1.479143E-1
45.300000	3.471194E-1	2.519104E+0	8.520419E-2
45.400000	3.521347E-1	2.519749E+0	1.002546E-1
45.500000	3.521347E-1	2.516522E+0	8.269579E-2
45.600000	3.496270E-1	2.516522E+0	1.077798E-1
45.700000	3.421040E-1	2.519104E+0	1.127966E-1
45.800000	3.521347E-1	2.537821E+0	1.604563E-1
45.900000	3.496270E-1	2.603007E+0	3.209941E-1
46.000000	3.521347E-1	2.748224E+0	6.721706E-1
46.100000	3.471194E-1	3.011551E+0	1.045923E+0
46.200000	3.421040E-1	3.301986E+0	1.550112E+0
46.300000	3.496270E-1	3.562731E+0	1.705633E+0
46.400000	3.546424E-1	3.742155E+0	1.725700E+0
46.500000	3.521347E-1	3.881564E+0	1.923864E+0
46.600000	3.521347E-1	3.954495E+0	1.966507E+0
46.700000	3.421040E-1	4.009355E+0	2.004133E+0
46.800000	3.471194E-1	3.995156E+0	2.041759E+0
46.900000	3.471194E-1	3.787979E+0	1.908814E+0
47.000000	3.421040E-1	3.474310E+0	1.550112E+0
47.100000	3.496270E-1	3.176131E+0	1.264154E+0
47.200000	3.471194E-1	2.925067E+0	1.073515E+0
47.300000	3.471194E-1	2.694010E+0	5.919017E-1
47.400000	3.471194E-1	2.550729E+0	2.005908E-1
47.500000	3.521347E-1	2.519104E+0	9.774621E-2
47.600000	3.471194E-1	2.519749E+0	8.520419E-2
47.700000	3.521347E-1	2.519104E+0	1.153050E-1
47.800000	3.546424E-1	2.518459E+0	8.018738E-2
47.900000	3.471194E-1	2.533303E+0	1.203218E-1
48.000000	3.395963E-1	2.619788E+0	3.134689E-1
48.100000	3.421040E-1	2.754679E+0	6.822042E-1
48.200000	3.521347E-1	2.986381E+0	1.173851E+0
48.300000	3.471194E-1	3.284560E+0	1.377032E+0
48.400000	3.395963E-1	3.551114E+0	1.615330E+0
48.500000	3.421040E-1	3.738283E+0	1.703125E+0
48.600000	3.471194E-1	3.871882E+0	1.963998E+0
48.700000	3.471194E-1	3.974502E+0	2.016675E+0
48.800000	3.471194E-1	4.072605E+0	1.963998E+0
48.900000	3.471194E-1	3.933196E+0	1.938914E+0
49.000000	3.546424E-1	3.549178E+0	1.775868E+0
49.100000	3.446117E-1	3.120626E+0	1.361982E+0
49.200000	3.395963E-1	2.788885E+0	9.556202E-1
49.300000	3.471194E-1	2.592035E+0	3.360446E-1
49.400000	3.421040E-1	2.523622E+0	1.353723E-1
49.500000	3.471194E-1	2.518459E+0	1.077798E-1
49.600000	3.521347E-1	2.519104E+0	7.767898E-2
49.700000	3.471194E-1	2.517168E+0	1.002546E-1
49.800000	3.496270E-1	2.517168E+0	7.266217E-2
49.900000	3.471194E-1	2.520395E+0	1.027630E-1
50.000000	3.521347E-1	2.518459E+0	8.520419E-2
50.100000	3.471194E-1	2.521040E+0	7.266217E-2
50.200000	3.471194E-1	2.557829E+0	1.504227E-1
50.300000	3.471194E-1	2.736607E+0	6.671538E-1
50.400000	3.521347E-1	3.106427E+0	1.341914E+0
50.500000	3.395963E-1	3.503354E+0	1.703125E+0
50.600000	3.521347E-1	3.767971E+0	1.851120E+0
50.700000	3.496270E-1	3.848648E+0	1.931389E+0
50.800000	3.521347E-1	3.631145E+0	1.753293E+0
50.900000	3.446117E-1	3.233572E+0	1.545095E+0
51.000000	3.395963E-1	2.853426E+0	9.631455E-1
51.100000	3.471194E-1	2.589454E+0	3.109605E-1
51.200000	3.521347E-1	2.519104E+0	7.767898E-2
51.300000	3.471194E-1	2.519104E+0	9.774621E-2
51.400000	3.471194E-1	2.517168E+0	7.517057E-2
51.500000	3.521347E-1	2.519104E+0	7.767898E-2
51.600000	3.395963E-1	2.584290E+0	2.407252E-1
51.700000	3.471194E-1	2.815347E+0	8.151496E-1
51.800000	3.471194E-1	3.238090E+0	1.324356E+0
51.900000	3.521347E-1	3.570476E+0	1.650448E+0
52.000000	3.471194E-1	3.848648E+0	1.828545E+0
52.100000	3.395963E-1	3.922224E+0	2.137078E+0
52.200000	3.471194E-1	3.623400E+0	1.823528E+0
52.300000	3.496270E-1	3.185167E+0	1.525028E+0
52.400000	3.521347E-1	2.890215E+0	1.008297E+0
52.500000	3.471194E-1	2.648831E+0	4.714983E-1
52.600000	3.421040E-1	2.518459E+0	9.774621E-2
52.700000	3.421040E-1	2.521040E+0	8.269579E-2
52.800000	3.471194E-1	2.517168E+0	9.022100E-2
52.900000	3.471194E-1	2.516522E+0	1.002546E-1
53.000000	3.546424E-1	2.517168E+0	6.513696E-2
53.100000	3.446117E-1	2.520395E+0	6.012015E-2
53.200000	3.471194E-1	2.520395E+0	9.022100E-2
53.300000	3.521347E-1	2.524267E+0	1.203218E-1
53.400000	3.521347E-1	2.620433E+0	3.460782E-1
53.500000	3.395963E-1	2.969600E+0	8.929102E-1
53.600000	3.395963E-1	3.419450E+0	1.555129E+0
53.700000	3.471194E-1	3.806696E+0	1.891255E+0
53.800000	3.496270E-1	3.988056E+0	1.908814E+0
53.900000	3.471194E-1	3.823477E+0	1.795935E+0
54.000000	3.395963E-1	3.377499E+0	1.560146E+0
54.100000	3.421040E-1	2.933457E+0	8.628093E-1
54.200000	3.521347E-1	2.676584E+0	4.915656E-1
54.300000	3.446117E-1	2.541048E+0	1.905571E-1
54.400000	3.471194E-1	2.519104E+0	7.767898E-2
54.500000	3.395963E-1	2.521686E+0	7.015377E-2
54.600000	3.395963E-1	2.519104E+0	8.520419E-2
54.700000	3.546424E-1	2.518459E+0	7.266217E-2
54.800000	3.521347E-1	2.517168E+0	9.022100E-2
54.900000	3.471194E-1	2.517168E+0	9.774621E-2
55.000000	3.471194E-1	2.520395E+0	9.272940E-2
55.100000	3.471194E-1	2.518459E+0	1.127966E-1
55.200000	3.521347E-1	2.518459E+0	1.203218E-1
55.300000	3.421040E-1	2.519104E+0	9.272940E-2
55.400000	3.395963E-1	2.518459E+0	9.272940E-2
55.500000	3.395963E-1	2.518459E+0	7.767898E-2
55.600000	3.395963E-1	2.519104E+0	9.272940E-2
55.700000	3.446117E-1	2.517168E+0	9.272940E-2
55.800000	3.471194E-1	2.535239E+0	8.269579E-2
55.900000	3.395963E-1	2.610107E+0	3.586202E-1
56.000000	3.421040E-1	2.782431E+0	6.997631E-1
56.100000	3.421040E-1	3.024460E+0	1.060973E+0
56.200000	3.521347E-1	3.227118E+0	1.291746E+0
56.300000	3.421040E-1	3.449139E+0	1.512486E+0
56.400000	3.395963E-1	3.599520E+0	1.828545E+0
56.500000	3.521347E-1	3.726020E+0	1.961490E+0
56.600000	3.496270E-1	3.811859E+0	1.969015E+0
56.700000	3.395963E-1	3.884145E+0	1.843595E+0
56.800000	3.395963E-1	3.931905E+0	2.031725E+0
56.900000	3.421040E-1	3.956431E+0	1.953965E+0
57.000000	3.496270E-1	3.953849E+0	1.969015E+0
57.100000	3.471194E-1	3.955140E+0	2.132062E+0
57.200000	3.496270E-1	3.944168E+0	2.074368E+0
57.300000	3.471194E-1	3.912543E+0	2.086910E+0
57.400000	3.421040E-1	3.868655E+0	1.991591E+0
57.500000	3.471194E-1	3.827349E+0	2.114503E+0
57.600000	3.395963E-1	3.800887E+0	1.996608E+0
57.700000	3.395963E-1	3.802824E+0	1.921356E+0
57.800000	3.395963E-1	3.801533E+0	2.094435E+0
57.900000	3.496270E-1	3.826058E+0	2.026709E+0
58.000000	3.471194E-1	3.818959E+0	1.996608E+0
58.100000	3.471194E-1	3.769262E+0	2.094435E+0
58.200000	3.471194E-1	3.624691E+0	1.903797E+0
58.300000	3.395963E-1	3.488509E+0	1.640414E+0
58.400000	3.521347E-1	3.500126E+0	1.750784E+0
58.500000	3.471194E-1	3.527879E+0	1.810986E+0
58.600000	3.421040E-1	3.598229E+0	1.798444E+0
58.700000	3.471194E-1	3.764099E+0	1.733225E+0
58.800000	3.521347E-1	3.986765E+0	1.943931E+0
58.900000	3.521347E-1	4.179743E+0	2.129553E+0
59.000000	3.471194E-1	4.333996E+0	2.152129E+0
59.100000	3.521347E-1	4.488248E+0	2.209822E+0
59.200000	3.395963E-1	4.544399E+0	2.267515E+0
59.300000	3.446117E-1	4.529555E+0	2.320192E+0
59.400000	3.521347E-1	4.537945E+0	2.325209E+0
59.500000	3.521347E-1	4.588932E+0	2.407986E+0
59.600000	3.521347E-1	4.636047E+0	2.367851E+0
59.700000	3.421040E-1	4.614749E+0	2.400461E+0
59.800000	3.471194E-1	4.452106E+0	2.227381E+0
59.900000	3.421040E-1	4.343677E+0	2.310158E+0
60.000000	3.521347E-1	4.344968E+0	2.287583E+0
60.100000	3.471194E-1	4.404991E+0	2.337751E+0
60.200000	3.496270E-1	4.528264E+0	2.290091E+0
60.300000	3.521347E-1	4.571506E+0	2.395444E+0
60.400000	3.496270E-1	4.576024E+0	2.335242E+0
60.500000	3.496270E-1	4.522455E+0	2.257482E+0
60.600000	3.521347E-1	4.366266E+0	2.360326E+0
60.700000	3.471194E-1	4.110038E+0	2.137078E+0
60.800000	3.521347E-1	3.795724E+0	2.031725E+0
60.900000	3.395963E-1	3.576930E+0	1.833562E+0
61.000000	3.521347E-1	3.498190E+0	1.883730E+0
61.100000	3.521347E-1	3.454302E+0	1.723192E+0
61.200000	3.521347E-1	3.426550E+0	1.896272E+0
61.300000	3.521347E-1	3.413642E+0	1.710650E+0
61.400000	3.471194E-1	3.394925E+0	1.693091E+0
61.500000	3.521347E-1	3.462047E+0	1.831053E+0
61.600000	3.395963E-1	3.559504E+0	1.881221E+0
61.700000	3.471194E-1	3.814441E+0	2.069351E+0
61.800000	3.521347E-1	4.004837E+0	2.086910E+0
61.900000	3.521347E-1	4.097130E+0	2.287583E+0
62.000000	3.471194E-1	4.133919E+0	2.280057E+0
62.100000	3.496270E-1	4.142954E+0	2.320192E+0
62.200000	3.421040E-1	4.164898E+0	2.312667E+0
62.300000	3.496270E-1	4.183615E+0	2.375377E+0
62.400000	3.395963E-1	4.215240E+0	2.267515E+0
62.500000	3.471194E-1	4.228148E+0	2.312667E+0
62.600000	3.471194E-1	4.263646E+0	2.400461E+0
62.700000	3.546424E-1	4.324314E+0	2.448120E+0
62.800000	3.471194E-1	4.400473E+0	2.282566E+0
62.900000	3.471194E-1	4.441779E+0	2.498288E+0
63.000000	3.521347E-1	4.472759E+0	2.420528E+0
63.100000	3.421040E-1	4.491475E+0	2.453137E+0
63.200000	3.471194E-1	4.549562E+0	2.518356E+0
63.300000	3.446117E-1	4.627011E+0	2.428053E+0
63.400000	3.471194E-1	4.676708E+0	2.480730E+0
63.500000	3.421040E-1	4.721241E+0	2.533406E+0
63.600000	3.421040E-1	4.749639E+0	2.558490E+0
63.700000	3.496270E-1	4.759966E+0	2.540931E+0
63.800000	3.471194E-1	4.789009E+0	2.473204E+0
63.900000	3.521347E-1	4.823861E+0	2.533406E+0
64.000000	3.471194E-1	4.806435E+0	2.581066E+0
64.100000	3.471194E-1	4.787718E+0	2.591099E+0
64.200000	3.471194E-1	4.809662E+0	2.598625E+0
64.300000	3.521347E-1	4.851614E+0	2.611167E+0
64.400000	3.521347E-1	4.855486E+0	2.528389E+0
64.500000	3.521347E-1	4.840642E+0	2.553473E+0
64.600000	3.471194E-1	4.844514E+0	2.646284E+0
64.700000	3.471194E-1	4.789009E+0	2.583574E+0
64.800000	3.471194E-1	4.799336E+0	2.598625E+0
64.900000	3.496270E-1	4.794173E+0	2.606150E+0
65.000000	3.471194E-1	4.789009E+0	2.606150E+0
65.100000	3.521347E-1	4.776746E+0	2.631234E+0
65.200000	3.471194E-1	4.783846E+0	2.608658E+0
65.300000	3.471194E-1	4.797400E+0	2.603641E+0
65.400000	3.521347E-1	4.803208E+0	2.618692E+0
65.500000	3.496270E-1	4.834188E+0	2.571032E+0
65.600000	3.421040E-1	4.847096E+0	2.596116E+0
65.700000	3.471194E-1	4.852259E+0	2.598625E+0
65.800000	3.521347E-1	4.860004E+0	2.593608E+0
65.900000	3.521347E-1	4.884530E+0	2.568524E+0
66.000000	3.471194E-1	4.881303E+0	2.598625E+0
66.100000	3.395963E-1	4.869685E+0	2.633742E+0
66.200000	3.521347E-1	4.900665E+0	2.676385E+0
66.300000	3.421040E-1	4.878721E+0	2.628725E+0
66.400000	3.496270E-1	4.869685E+0	2.646284E+0
66.500000	3.471194E-1	4.850323E+0	2.648793E+0
66.600000	3.521347E-1	4.845160E+0	2.668860E+0
66.700000	3.496270E-1	4.824507E+0	2.678894E+0
66.800000	3.521347E-1	4.828379E+0	2.668860E+0
66.900000	3.471194E-1	4.827088E+0	2.648793E+0
67.000000	3.446117E-1	4.831606E+0	2.648793E+0
67.100000	3.521347E-1	4.844514E+0	2.683910E+0
67.200000	3.521347E-1	4.816116E+0	2.653809E+0
67.300000	3.471194E-1	4.805145E+0	2.706486E+0
67.400000	3.496270E-1	4.789009E+0	2.636251E+0
67.500000	3.471194E-1	4.814826E+0	2.671368E+0
67.600000	3.521347E-1	4.812244E+0	2.721536E+0
67.700000	3.471194E-1	4.799336E+0	2.746620E+0
67.800000	3.471194E-1	4.798690E+0	2.724045E+0
67.900000	3.421040E-1	4.814180E+0	2.440595E+0
68.000000	3.471194E-1	4.812244E+0	2.566015E+0
68.100000	3.395963E-1	4.832252E+0	2.513339E+0
68.200000	3.446117E-1	4.831606E+0	2.558490E+0
68.300000	3.421040E-1	4.806435E+0	2.528389E+0
68.400000	3.496270E-1	4.802563E+0	2.523373E+0
68.500000	3.521347E-1	4.806435E+0	2.576049E+0
68.600000	3.471194E-1	4.804499E+0	2.545948E+0
68.700000	3.421040E-1	4.814826E+0	2.566015E+0
68.800000	3.521347E-1	4.823861E+0	2.586083E+0
68.900000	3.395963E-1	4.832252E+0	2.555982E+0
69.000000	3.521347E-1	4.836770E+0	2.641267E+0
69.100000	3.446117E-1	4.841933E+0	2.673877E+0
69.200000	3.421040E-1	4.863231E+0	2.676385E+0
69.300000	3.395963E-1	4.857423E+0	2.638759E+0
69.400000	3.395963E-1	4.858713E+0	2.636251E+0
69.500000	3.471194E-1	4.854196E+0	2.613675E+0
69.600000	3.471194E-1	4.823861E+0	2.703978E+0
69.700000	3.521347E-1	4.816116E+0	2.721536E+0
69.800000	3.421040E-1	4.783846E+0	2.678894E+0
69.900000	3.421040E-1	4.705106E+0	2.636251E+0
70.000000	3.521347E-1	4.648955E+0	2.566015E+0
70.100000	3.446117E-1	4.577315E+0	2.576049E+0
70.200000	3.421040E-1	4.526973E+0	2.518356E+0
70.300000	3.421040E-1	4.430162E+0	2.450629E+0
70.400000	3.395963E-1	4.267518E+0	2.372868E+0
70.500000	3.521347E-1	4.153926E+0	2.232398E+0
70.600000	3.471194E-1	4.101003E+0	2.224872E+0
70.700000	3.395963E-1	4.053888E+0	2.174704E+0
70.800000	3.395963E-1	4.026781E+0	2.172196E+0
70.900000	3.471194E-1	4.016454E+0	2.232398E+0
71.000000	3.471194E-1	4.008709E+0	2.207314E+0
71.100000	3.421040E-1	4.002900E+0	2.189755E+0
71.200000	3.395963E-1	3.989992E+0	2.227381E+0
71.300000	3.521347E-1	3.979020E+0	2.214839E+0
71.400000	3.521347E-1	3.970630E+0	2.277549E+0
71.500000	3.421040E-1	3.967403E+0	2.272532E+0
71.600000	3.446117E-1	3.953204E+0	2.184738E+0
71.700000	3.471194E-1	3.936423E+0	2.152129E+0
71.800000	3.421040E-1	3.920933E+0	2.137078E+0
71.900000	3.471194E-1	3.894472E+0	2.124536E+0
72.000000	3.521347E-1	3.860910E+0	2.094435E+0
72.100000	3.496270E-1	3.809923E+0	2.029217E+0
72.200000	3.471194E-1	3.776362E+0	2.069351E+0
72.300000	3.521347E-1	3.817023E+0	2.127045E+0
72.400000	3.496270E-1	3.874464E+0	2.134570E+0
72.500000	3.421040E-1	3.916416E+0	2.207314E+0
72.600000	3.421040E-1	3.935778E+0	2.295108E+0
72.700000	3.471194E-1	3.953204E+0	2.234906E+0
72.800000	3.395963E-1	3.953849E+0	2.272532E+0
72.900000	3.446117E-1	3.957722E+0	2.280057E+0
73.000000	3.496270E-1	3.952559E+0	2.310158E+0
73.100000	3.471194E-1	3.945459E+0	2.300125E+0
73.200000	3.521347E-1	3.950622E+0	2.330225E+0
73.300000	3.521347E-1	3.943523E+0	2.345276E+0
73.400000	3.496270E-1	3.948686E+0	2.305141E+0
73.500000	3.395963E-1	3.924161E+0	2.297616E+0
73.600000	3.521347E-1	3.911252E+0	2.297616E+0
73.700000	3.421040E-1	3.918352E+0	2.280057E+0
73.800000	3.471194E-1	3.921579E+0	2.300125E+0
73.900000	3.421040E-1	3.920933E+0	2.325209E+0
74.000000	3.471194E-1	3.891245E+0	2.285074E+0
74.100000	3.471194E-1	3.884145E+0	2.302633E+0
74.200000	3.395963E-1	3.892535E+0	2.320192E+0
74.300000	3.471194E-1	3.895763E+0	2.347784E+0
74.400000	3.471194E-1	3.891890E+0	2.360326E+0
74.500000	3.395963E-1	3.892535E+0	2.362835E+0
74.600000	3.421040E-1	3.890599E+0	2.372868E+0
74.700000	3.521347E-1	3.884791E+0	2.357818E+0
74.800000	3.521347E-1	3.884145E+0	2.357818E+0
74.900000	3.395963E-1	3.891245E+0	2.375377E+0
75.000000	3.421040E-1	3.889308E+0	2.362835E+0
75.100000	3.395963E-1	3.892535E+0	2.345276E+0
75.200000	3.395963E-1	3.899635E+0	2.357818E+0
75.300000	3.521347E-1	3.896408E+0	2.337751E+0
75.400000	3.471194E-1	3.897699E+0	2.297616E+0
75.500000	3.446117E-1	3.904153E+0	2.305141E+0
75.600000	3.395963E-1	3.902217E+0	2.302633E+0
75.700000	3.471194E-1	3.901571E+0	2.292599E+0
75.800000	3.471194E-1	3.899635E+0	2.300125E+0
75.900000	3.395963E-1	3.902862E+0	2.305141E+0
76.000000	3.446117E-1	3.909316E+0	2.297616E+0
76.100000	3.395963E-1	3.909316E+0	2.315175E+0
76.200000	3.395963E-1	3.905444E+0	2.305141E+0
76.300000	3.471194E-1	3.903507E+0	2.275041E+0
76.400000	3.446117E-1	3.909316E+0	2.290091E+0
76.500000	3.521347E-1	3.900280E+0	2.307650E+0
76.600000	3.421040E-1	3.898344E+0	2.302633E+0
76.700000	3.471194E-1	3.890599E+0	2.297616E+0
76.800000	3.471194E-1	3.889308E+0	2.307650E+0
76.900000	3.446117E-1	3.890599E+0	2.327717E+0
77.000000	3.521347E-1	3.897699E+0	2.327717E+0
77.100000	3.395963E-1	3.896408E+0	2.292599E+0
77.200000	3.395963E-1	3.897053E+0	2.305141E+0
77.300000	3.471194E-1	3.902862E+0	2.222364E+0
77.400000	3.395963E-1	3.897053E+0	2.184738E+0
77.500000	3.521347E-1	3.886727E+0	2.209822E+0
77.600000	3.471194E-1	3.883500E+0	2.252465E+0
77.700000	3.471194E-1	3.864137E+0	2.182230E+0
77.800000	3.521347E-1	3.849293E+0	2.277549E+0
77.900000	3.471194E-1	3.858974E+0	2.332734E+0
78.000000	3.395963E-1	3.866719E+0	2.327717E+0
78.100000	3.421040E-1	3.864783E+0	2.330225E+0
78.200000	3.395963E-1	3.860265E+0	2.332734E+0
78.300000	3.471194E-1	3.862847E+0	2.340259E+0
78.400000	3.521347E-1	3.848648E+0	2.325209E+0
78.500000	3.471194E-1	3.856393E+0	2.302633E+0
78.600000	3.471194E-1	3.857038E+0	2.302633E+0
78.700000	3.395963E-1	3.866719E+0	2.287583E+0
78.800000	3.471194E-1	3.873819E+0	2.257482E+0
78.900000	3.521347E-1	3.865428E+0	2.265007E+0
79.000000	3.521347E-1	3.857683E+0	2.285074E+0
79.100000	3.521347E-1	3.843484E+0	2.285074E+0
79.200000	3.496270E-1	3.846066E+0	2.310158E+0
79.300000	3.521347E-1	3.837676E+0	2.267515E+0
79.400000	3.471194E-1	3.818959E+0	2.254973E+0
79.500000	3.471194E-1	3.771198E+0	2.197280E+0
79.600000	3.521347E-1	3.675032E+0	2.094435E+0
79.700000	3.421040E-1	3.400733E+0	1.765835E+0
79.800000	3.546424E-1	3.090937E+0	1.281713E+0
79.900000	3.471194E-1	2.859880E+0	8.703345E-1
80.000000	3.521347E-1	2.724344E+0	8.302001E-1
80.100000	3.471194E-1	2.559119E+0	2.005908E-1
80.200000	3.521347E-1	2.517168E+0	9.272940E-2
80.300000	3.521347E-1	2.518459E+0	1.102882E-1
80.400000	3.395963E-1	2.519749E+0	9.523780E-2
80.500000	3.521347E-1	2.516522E+0	7.517057E-2
80.600000	3.421040E-1	2.519104E+0	8.018738E-2
80.700000	3.471194E-1	2.517813E+0	1.378807E-1
80.800000	3.521347E-1	2.519104E+0	1.479143E-1
80.900000	3.521347E-1	2.516522E+0	1.654731E-1
81.000000	3.521347E-1	2.517168E+0	1.253386E-1
81.100000	3.395963E-1	2.519104E+0	1.403891E-1
81.200000	3.446117E-1	2.517168E+0	1.454059E-1
81.300000	3.521347E-1	2.519104E+0	1.679815E-1
81.400000	3.471194E-1	2.521040E+0	1.403891E-1
81.500000	3.471194E-1	2.517168E+0	1.178134E-1
81.600000	3.471194E-1	2.519104E+0	1.654731E-1
81.700000	3.496270E-1	2.520395E+0	1.579479E-1
81.800000	3.471194E-1	2.519749E+0	1.077798E-1
81.900000	3.395963E-1	2.520395E+0	1.077798E-1
82.000000	3.395963E-1	2.519104E+0	1.278471E-1
82.100000	3.395963E-1	2.518459E+0	1.002546E-1
82.200000	3.395963E-1	2.520395E+0	1.679815E-1
82.300000	3.521347E-1	2.518459E+0	1.830319E-1
82.400000	3.521347E-1	2.518459E+0	1.629647E-1
82.500000	3.471194E-1	2.521040E+0	1.077798E-1
82.600000	3.496270E-1	2.521040E+0	9.523780E-2
82.700000	3.471194E-1	2.516522E+0	1.102882E-1
82.800000	3.521347E-1	2.518459E+0	7.266217E-2
82.900000	3.471194E-1	2.519104E+0	8.018738E-2
83.000000	3.471194E-1	2.518459E+0	1.203218E-1
83.100000	3.521347E-1	2.517813E+0	1.203218E-1
83.200000	3.471194E-1	2.519104E+0	1.203218E-1
83.300000	3.395963E-1	2.520395E+0	1.203218E-1
83.400000	3.395963E-1	2.521040E+0	8.520419E-2
83.500000	3.395963E-1	2.520395E+0	9.272940E-2
83.600000	3.471194E-1	2.520395E+0	9.022100E-2
83.700000	3.395963E-1	2.518459E+0	8.520419E-2
83.800000	3.521347E-1	2.519104E+0	1.077798E-1
83.900000	3.471194E-1	2.519104E+0	8.269579E-2
84.000000	3.471194E-1	2.519104E+0	9.774621E-2
84.100000	3.471194E-1	2.516522E+0	9.774621E-2
84.200000	3.471194E-1	2.517813E+0	8.269579E-2
84.300000	3.521347E-1	2.517168E+0	9.022100E-2
84.400000	3.521347E-1	2.518459E+0	8.018738E-2
84.500000	3.421040E-1	2.519749E+0	7.517057E-2
84.600000	3.496270E-1	2.533303E+0	1.579479E-1
84.700000	3.446117E-1	2.518459E+0	6.513696E-2
84.800000	3.471194E-1	2.521686E+0	9.774621E-2
84.900000	3.395963E-1	2.553311E+0	1.604563E-1
85.000000	3.395963E-1	2.519749E+0	9.523780E-2
85.100000	3.521347E-1	2.517168E+0	8.269579E-2
85.200000	3.395963E-1	2.528785E+0	7.767898E-2
85.300000	3.521347E-1	2.517813E+0	7.767898E-2
85.400000	3.471194E-1	2.526849E+0	9.272940E-2
85.500000	3.521347E-1	2.517813E+0	8.520419E-2
85.600000	3.446117E-1	2.530721E+0	1.178134E-1
85.700000	3.521347E-1	2.524913E+0	9.022100E-2
85.800000	3.421040E-1	2.521686E+0	7.266217E-2
85.900000	3.395963E-1	2.529431E+0	7.517057E-2
86.000000	3.471194E-1	2.520395E+0	7.015377E-2
86.100000	3.521347E-1	2.528785E+0	8.771259E-2
86.200000	3.521347E-1	2.517168E+0	7.015377E-2
86.300000	3.421040E-1	2.538466E+0	9.022100E-2
86.400000	3.471194E-1	2.518459E+0	6.262856E-2
86.500000	3.496270E-1	2.565574E+0	1.428975E-1
86.600000	3.421040E-1	2.521040E+0	8.018738E-2
86.700000	3.521347E-1	2.572028E+0	1.303555E-1
86.800000	3.471194E-1	2.521040E+0	7.767898E-2
86.900000	3.521347E-1	2.577191E+0	1.604563E-1
87.000000	3.521347E-1	2.518459E+0	7.517057E-2
87.100000	3.546424E-1	2.521686E+0	8.771259E-2
87.200000	3.471194E-1	2.521040E+0	9.272940E-2
87.300000	3.471194E-1	2.535885E+0	1.203218E-1
87.400000	3.496270E-1	2.521686E+0	8.771259E-2
87.500000	3.521347E-1	2.523622E+0	9.523780E-2
87.600000	3.395963E-1	2.531367E+0	7.266217E-2
87.700000	3.521347E-1	2.519749E+0	7.266217E-2
87.800000	3.521347E-1	2.524267E+0	7.266217E-2
87.900000	3.395963E-1	2.520395E+0	6.012015E-2
88.000000	3.471194E-1	2.537176E+0	8.520419E-2
88.100000	3.471194E-1	2.521040E+0	6.764536E-2
88.200000	3.471194E-1	2.557183E+0	9.272940E-2
88.300000	3.471194E-1	2.517168E+0	6.764536E-2
88.400000	3.471194E-1	2.593326E+0	2.056076E-1
88.500000	3.496270E-1	2.520395E+0	6.012015E-2
88.600000	3.471194E-1	2.543630E+0	1.604563E-1
88.700000	3.471194E-1	2.516522E+0	7.266217E-2
88.800000	3.471194E-1	2.517168E+0	5.510335E-2
88.900000	3.521347E-1	2.517813E+0	5.761175E-2
89.000000	3.446117E-1	2.519104E+0	5.008654E-2
89.100000	3.471194E-1	2.521686E+0	5.510335E-2
89.200000	3.471194E-1	2.519749E+0	8.269579E-2
89.300000	3.471194E-1	2.531367E+0	8.520419E-2
89.400000	3.395963E-1	2.519749E+0	4.757813E-2
89.500000	3.471194E-1	2.552665E+0	1.102882E-1
89.600000	3.521347E-1	2.519104E+0	5.259494E-2
89.700000	3.421040E-1	2.579773E+0	1.378807E-1
89.800000	3.395963E-1	2.518459E+0	6.262856E-2
89.900000	3.395963E-1	2.542339E+0	1.454059E-1
90.000000	3.471194E-1	2.521040E+0	5.259494E-2
90.100000	3.521347E-1	2.521040E+0	5.761175E-2
90.200000	3.471194E-1	2.519749E+0	7.015377E-2
90.300000	3.471194E-1	2.521040E+0	6.513696E-2
90.400000	3.471194E-1	2.523622E+0	8.520419E-2
90.500000	3.471194E-1	2.519104E+0	5.761175E-2
90.600000	3.471194E-1	2.525558E+0	7.517057E-2
90.700000	3.421040E-1	2.519104E+0	4.757813E-2
90.800000	3.521347E-1	2.532658E+0	6.012015E-2
90.900000	3.395963E-1	2.521040E+0	4.757813E-2
91.000000	3.471194E-1	2.518459E+0	5.761175E-2
91.100000	3.471194E-1	2.519749E+0	6.513696E-2
91.200000	3.521347E-1	2.521686E+0	5.761175E-2
91.300000	3.521347E-1	2.517168E+0	5.259494E-2
91.400000	3.471194E-1	2.518459E+0	7.015377E-2
91.500000	3.496270E-1	2.518459E+0	5.761175E-2
91.600000	3.471194E-1	2.518459E+0	5.259494E-2
91.700000	3.471194E-1	2.519749E+0	6.012015E-2
91.800000	3.521347E-1	2.518459E+0	5.761175E-2
91.900000	3.471194E-1	2.519749E+0	5.510335E-2
92.000000	3.521347E-1	2.516522E+0	5.259494E-2
92.100000	3.471194E-1	2.517168E+0	5.008654E-2
92.200000	3.421040E-1	2.526204E+0	6.012015E-2
92.300000	3.395963E-1	2.535239E+0	7.517057E-2
92.400000	3.471194E-1	2.544920E+0	1.278471E-1
92.500000	3.521347E-1	2.580418E+0	2.056076E-1
92.600000	3.521347E-1	2.619788E+0	3.159773E-1
92.700000	3.471194E-1	2.659803E+0	5.015992E-1
92.800000	3.471194E-1	2.699819E+0	5.492589E-1
92.900000	3.446117E-1	2.721763E+0	4.940740E-1
93.000000	3.521347E-1	2.723699E+0	5.216664E-1
93.100000	3.471194E-1	2.746288E+0	6.721706E-1
93.200000	3.521347E-1	2.768232E+0	6.420698E-1
93.300000	3.471194E-1	2.803730E+0	7.223387E-1
93.400000	3.471194E-1	2.831482E+0	8.201664E-1
93.500000	3.471194E-1	2.856653E+0	7.825404E-1
93.600000	3.471194E-1	2.862462E+0	8.026076E-1
93.700000	3.471194E-1	2.880533E+0	8.929102E-1
93.800000	3.471194E-1	2.884406E+0	9.230110E-1
93.900000	3.471194E-1	2.919258E+0	9.932463E-1
94.000000	3.496270E-1	2.946365E+0	1.028364E+0
94.100000	3.521347E-1	2.967018E+0	1.126192E+0
94.200000	3.471194E-1	2.988317E+0	1.023347E+0
94.300000	3.471194E-1	2.983153E+0	9.882295E-1
94.400000	3.471194E-1	2.974763E+0	1.035889E+0
94.500000	3.521347E-1	2.975409E+0	1.003280E+0
94.600000	3.471194E-1	2.975409E+0	1.098599E+0
94.700000	3.496270E-1	2.972827E+0	1.138734E+0
94.800000	3.395963E-1	2.976054E+0	1.234053E+0
94.900000	3.421040E-1	2.947656E+0	1.101108E+0
95.000000	3.521347E-1	2.952174E+0	1.088566E+0
95.100000	3.496270E-1	2.978636E+0	1.103616E+0
95.200000	3.521347E-1	3.001870E+0	1.171343E+0
95.300000	3.521347E-1	2.978636E+0	1.030872E+0
95.400000	3.471194E-1	2.994771E+0	9.531118E-1
95.500000	3.471194E-1	3.012197E+0	1.173851E+0
95.600000	3.471194E-1	3.009615E+0	1.188902E+0
95.700000	3.446117E-1	3.025105E+0	1.053448E+0
95.800000	3.471194E-1	3.025105E+0	1.246595E+0
95.900000	3.471194E-1	3.009615E+0	1.141242E+0
96.000000	3.521347E-1	2.976054E+0	1.000772E+0
96.100000	3.521347E-1	2.975409E+0	1.060973E+0
96.200000	3.471194E-1	2.981217E+0	1.028364E+0
96.300000	3.496270E-1	2.961210E+0	9.706707E-1
96.400000	3.471194E-1	2.937975E+0	9.004354E-1
96.500000	3.496270E-1	2.904414E+0	9.506034E-1
96.600000	3.395963E-1	2.834709E+0	7.699984E-1
96.700000	3.521347E-1	2.670130E+0	5.241748E-1
96.800000	3.471194E-1	2.562992E+0	1.579479E-1
96.900000	3.521347E-1	2.517168E+0	5.761175E-2
97.000000	3.471194E-1	2.520395E+0	7.266217E-2
97.100000	3.521347E-1	2.517813E+0	6.513696E-2
97.200000	3.471194E-1	2.531367E+0	9.022100E-2
97.300000	3.446117E-1	2.526849E+0	9.774621E-2
97.400000	3.471194E-1	2.539112E+0	1.102882E-1
97.500000	3.496270E-1	2.530721E+0	1.328639E-1
97.600000	3.496270E-1	2.533303E+0	1.479143E-1
97.700000	3.521347E-1	2.539757E+0	1.303555E-1
97.800000	3.395963E-1	2.539112E+0	1.228302E-1
97.900000	3.471194E-1	2.535885E+0	8.771259E-2
98.000000	3.446117E-1	2.532658E+0	1.529311E-1
98.100000	3.395963E-1	2.534594E+0	1.052714E-1
98.200000	3.521347E-1	2.539112E+0	1.127966E-1
98.300000	3.521347E-1	2.534594E+0	8.771259E-2
98.400000	3.496270E-1	2.537176E+0	7.517057E-2
98.500000	3.471194E-1	2.528140E+0	1.203218E-1
98.600000	3.496270E-1	2.536530E+0	7.767898E-2
98.700000	3.521347E-1	2.537176E+0	1.002546E-1
98.800000	3.521347E-1	2.542339E+0	1.203218E-1
98.900000	3.471194E-1	2.533303E+0	1.102882E-1
99.000000	3.496270E-1	2.531367E+0	8.018738E-2
99.100000	3.496270E-1	2.535885E+0	1.102882E-1
99.200000	3.471194E-1	2.535239E+0	8.520419E-2
99.300000	3.521347E-1	2.529431E+0	7.015377E-2
99.400000	3.421040E-1	2.535885E+0	7.266217E-2
99.500000	3.521347E-1	2.536530E+0	1.077798E-1
99.600000	3.496270E-1	2.533948E+0	1.052714E-1
99.700000	3.471194E-1	2.532658E+0	6.012015E-2
99.800000	3.521347E-1	2.533948E+0	9.022100E-2
99.900000	3.395963E-1	2.524913E+0	6.764536E-2
100.000000	3.395963E-1	2.524267E+0	9.272940E-2
100.100000	3.521347E-1	2.529431E+0	7.767898E-2
100.200000	3.521347E-1	2.528785E+0	5.259494E-2
100.300000	3.395963E-1	2.524267E+0	5.510335E-2
100.400000	3.471194E-1	2.519104E+0	9.272940E-2
100.500000	3.471194E-1	2.520395E+0	5.510335E-2
100.600000	3.471194E-1	2.518459E+0	6.764536E-2
100.700000	3.471194E-1	2.518459E+0	6.513696E-2
100.800000	3.421040E-1	2.521686E+0	5.008654E-2
100.900000	3.496270E-1	2.534594E+0	1.002546E-1
101.000000	3.471194E-1	2.580418E+0	2.908933E-1
101.100000	3.471194E-1	2.671421E+0	4.037714E-1
101.200000	3.521347E-1	2.745643E+0	4.865488E-1
101.300000	3.421040E-1	2.836646E+0	7.148135E-1
101.400000	3.496270E-1	2.960564E+0	9.631455E-1
101.500000	3.521347E-1	3.050276E+0	1.025856E+0
101.600000	3.471194E-1	3.136761E+0	1.314322E+0
101.700000	3.521347E-1	3.231636E+0	1.349440E+0
101.800000	3.471194E-1	3.298113E+0	1.236561E+0
101.900000	3.471194E-1	3.329093E+0	1.354456E+0
102.000000	3.421040E-1	3.360718E+0	1.409641E+0
102.100000	3.471194E-1	3.403315E+0	1.434725E+0
102.200000	3.471194E-1	3.469147E+0	1.562654E+0
102.300000	3.496270E-1	3.503999E+0	1.570179E+0
102.400000	3.471194E-1	3.548532E+0	1.610314E+0
102.500000	3.521347E-1	3.585966E+0	1.585230E+0
102.600000	3.471194E-1	3.604683E+0	1.703125E+0
102.700000	3.446117E-1	3.593065E+0	1.650448E+0
102.800000	3.471194E-1	3.595647E+0	1.790919E+0
102.900000	3.521347E-1	3.607910E+0	1.720683E+0
103.000000	3.421040E-1	3.636953E+0	1.683057E+0
103.100000	3.421040E-1	3.651798E+0	1.665498E+0
103.200000	3.471194E-1	3.680841E+0	1.738242E+0
103.300000	3.421040E-1	3.720857E+0	1.763326E+0
103.400000	3.521347E-1	3.707948E+0	1.881221E+0
103.500000	3.395963E-1	3.670515E+0	1.795935E+0
103.600000	3.471194E-1	3.638890E+0	1.735734E+0
103.700000	3.395963E-1	3.627918E+0	1.730717E+0
103.800000	3.496270E-1	3.583384E+0	1.758309E+0
103.900000	3.471194E-1	3.443330E+0	1.602788E+0
104.000000	3.395963E-1	3.289078E+0	1.472351E+0
104.100000	3.471194E-1	3.218728E+0	1.414658E+0
104.200000	3.521347E-1	3.207756E+0	1.487402E+0
104.300000	3.496270E-1	3.214210E+0	1.464826E+0
104.400000	3.521347E-1	3.220019E+0	1.492419E+0
104.500000	3.471194E-1	3.223891E+0	1.497435E+0
104.600000	3.521347E-1	3.229700E+0	1.479877E+0
104.700000	3.471194E-1	3.226473E+0	1.434725E+0
104.800000	3.471194E-1	3.226473E+0	1.514994E+0
104.900000	3.471194E-1	3.226473E+0	1.532553E+0
105.000000	3.395963E-1	3.234218E+0	1.562654E+0
105.100000	3.471194E-1	3.231636E+0	1.562654E+0
105.200000	3.521347E-1	3.234218E+0	1.592755E+0
105.300000	3.471194E-1	3.245190E+0	1.615330E+0
105.400000	3.496270E-1	3.255516E+0	1.547603E+0
105.500000	3.521347E-1	3.263907E+0	1.590246E+0
105.600000	3.496270E-1	3.279396E+0	1.555129E+0
105.700000	3.471194E-1	3.296822E+0	1.627872E+0
105.800000	3.546424E-1	3.300050E+0	1.592755E+0
105.900000	3.521347E-1	3.291659E+0	1.565162E+0
106.000000	3.471194E-1	3.287787E+0	1.520011E+0
106.100000	3.421040E-1	3.284560E+0	1.595263E+0
106.200000	3.546424E-1	3.261970E+0	1.640414E+0
106.300000	3.471194E-1	3.254225E+0	1.622856E+0
106.400000	3.395963E-1	3.251644E+0	1.527536E+0
106.500000	3.521347E-1	3.227118E+0	1.384557E+0
106.600000	3.496270E-1	3.246481E+0	1.424692E+0
106.700000	3.421040E-1	3.296822E+0	1.339406E+0
106.800000	3.496270E-1	3.356846E+0	1.489910E+0
106.900000	3.395963E-1	3.420741E+0	1.562654E+0
107.000000	3.471194E-1	3.474310E+0	1.723192E+0
107.100000	3.471194E-1	3.511098E+0	1.645431E+0
107.200000	3.521347E-1	3.560795E+0	1.700616E+0
107.300000	3.471194E-1	3.647280E+0	1.723192E+0
107.400000	3.521347E-1	3.731183E+0	1.823528E+0
107.500000	3.421040E-1	3.802178E+0	1.831053E+0
107.600000	3.471194E-1	3.855102E+0	1.846104E+0
107.700000	3.395963E-1	3.895763E+0	1.901288E+0
107.800000	3.471194E-1	3.920288E+0	1.883730E+0
107.900000	3.395963E-1	3.939005E+0	1.911322E+0
108.000000	3.521347E-1	3.971921E+0	1.931389E+0
108.100000	3.421040E-1	4.068732E+0	2.046776E+0
108.200000	3.395963E-1	4.198460E+0	2.111994E+0
108.300000	3.471194E-1	4.261064E+0	2.009150E+0
108.400000	3.521347E-1	4.321087E+0	2.034234E+0
108.500000	3.395963E-1	4.317860E+0	2.157146E+0
108.600000	3.395963E-1	4.319151E+0	2.219856E+0
108.700000	3.521347E-1	4.313342E+0	2.182230E+0
108.800000	3.471194E-1	4.307534E+0	2.064335E+0
108.900000	3.421040E-1	4.303016E+0	2.204805E+0
109.000000	3.446117E-1	4.286235E+0	2.147112E+0
109.100000	3.521347E-1	4.312052E+0	2.197280E+0
109.200000	3.471194E-1	4.301725E+0	2.192263E+0
109.300000	3.496270E-1	4.316570E+0	2.244940E+0
109.400000	3.395963E-1	4.313342E+0	2.280057E+0
109.500000	3.496270E-1	4.291399E+0	2.270024E+0
109.600000	3.471194E-1	4.293980E+0	2.370360E+0
109.700000	3.471194E-1	4.279136E+0	2.297616E+0
109.800000	3.395963E-1	4.272036E+0	2.345276E+0
109.900000	3.471194E-1	4.269455E+0	2.282566E+0
110.000000	3.471194E-1	4.255256E+0	2.325209E+0
110.100000	3.446117E-1	4.230085E+0	2.327717E+0
110.200000	3.521347E-1	4.218467E+0	2.352801E+0
110.300000	3.521347E-1	4.236539E+0	2.355309E+0
110.400000	3.471194E-1	4.234603E+0	2.372868E+0
110.500000	3.421040E-1	4.140373E+0	2.162162E+0
110.600000	3.395963E-1	4.089385E+0	2.044267E+0
110.700000	3.421040E-1	4.110684E+0	2.174704E+0
110.800000	3.421040E-1	4.131337E+0	2.189755E+0
110.900000	3.395963E-1	4.215240E+0	2.247448E+0
111.000000	3.496270E-1	4.365621E+0	2.307650E+0
111.100000	3.421040E-1	4.486958E+0	2.322700E+0
111.200000	3.521347E-1	4.593450E+0	2.335242E+0
111.300000	3.521347E-1	4.690907E+0	2.450629E+0
111.400000	3.395963E-1	4.783846E+0	2.360326E+0
111.500000	3.395963E-1	4.856132E+0	2.332734E+0
111.600000	3.395963E-1	4.852905E+0	2.510830E+0
111.700000	3.521347E-1	4.819989E+0	2.397952E+0
111.800000	3.471194E-1	4.765129E+0	2.390427E+0
111.900000	3.421040E-1	4.738667E+0	2.485746E+0
112.000000	3.471194E-1	4.722532E+0	2.445612E+0
112.100000	3.471194E-1	4.739313E+0	2.390427E+0
112.200000	3.471194E-1	4.784491E+0	2.430562E+0
112.300000	3.496270E-1	4.825798E+0	2.265007E+0
112.400000	3.471194E-1	4.865813E+0	2.415511E+0
112.500000	3.521347E-1	4.901311E+0	2.475713E+0
112.600000	3.471194E-1	4.909701E+0	2.485746E+0
112.700000	3.496270E-1	4.889693E+0	2.377885E+0
112.800000	3.521347E-1	4.891629E+0	2.515847E+0
112.900000	3.471194E-1	4.899374E+0	2.493272E+0
113.000000	3.446117E-1	4.922609E+0	2.540931E+0
113.100000	3.521347E-1	4.941971E+0	2.535915E+0
113.200000	3.521347E-1	4.933581E+0	2.515847E+0
113.300000	3.521347E-1	4.960043E+0	2.538423E+0
113.400000	3.471194E-1	4.971660E+0	2.611167E+0
113.500000	3.421040E-1	4.971015E+0	2.668860E+0
113.600000	3.496270E-1	4.969079E+0	2.616183E+0
113.700000	3.471194E-1	4.979405E+0	2.598625E+0
113.800000	3.471194E-1	5.003285E+0	2.618692E+0
113.900000	3.496270E-1	4.992313E+0	2.673877E+0
114.000000	3.521347E-1	4.980696E+0	2.618692E+0
114.100000	3.395963E-1	4.975533E+0	2.558490E+0
114.200000	3.421040E-1	4.966497E+0	2.566015E+0
114.300000	3.421040E-1	4.960688E+0	2.616183E+0
114.400000	3.496270E-1	4.938099E+0	2.601133E+0
114.500000	3.471194E-1	4.942617E+0	2.596116E+0
114.600000	3.421040E-1	4.946489E+0	2.596116E+0
114.700000	3.421040E-1	4.933581E+0	2.623709E+0
114.800000	3.471194E-1	4.927127E+0	2.508322E+0
114.900000	3.395963E-1	4.901311E+0	2.518356E+0
115.000000	3.521347E-1	4.895502E+0	2.628725E+0
115.100000	3.521347E-1	4.903892E+0	2.576049E+0
115.200000	3.521347E-1	4.910992E+0	2.591099E+0
115.300000	3.471194E-1	4.898083E+0	2.513339E+0
115.400000	3.421040E-1	4.881303E+0	2.616183E+0
115.500000	3.496270E-1	4.874849E+0	2.533406E+0
115.600000	3.421040E-1	4.890339E+0	2.513339E+0
115.700000	3.471194E-1	4.875494E+0	2.538423E+0
115.800000	3.471194E-1	4.876785E+0	2.483238E+0
115.900000	3.471194E-1	4.865168E+0	2.453137E+0
116.000000	3.546424E-1	4.900020E+0	2.435578E+0
116.100000	3.471194E-1	4.933581E+0	2.548457E+0
116.200000	3.521347E-1	4.922609E+0	2.568524E+0
116.300000	3.471194E-1	4.910992E+0	2.566015E+0
116.400000	3.471194E-1	4.941326E+0	2.550965E+0
116.500000	3.421040E-1	4.985214E+0	2.500797E+0
116.600000	3.496270E-1	5.058790E+0	2.578557E+0
116.700000	3.395963E-1	5.058790E+0	2.578557E+0
116.800000	3.471194E-1	5.058790E+0	2.661335E+0
116.900000	3.446117E-1	5.060081E+0	2.586083E+0
117.000000	3.521347E-1	5.056209E+0	2.666352E+0
117.100000	3.471194E-1	5.056854E+0	2.663843E+0
117.200000	3.521347E-1	5.058145E+0	2.686419E+0
117.300000	3.521347E-1	5.058145E+0	2.681402E+0
117.400000	3.521347E-1	5.058145E+0	2.666352E+0
117.500000	3.546424E-1	5.058790E+0	2.676385E+0
117.600000	3.521347E-1	5.009739E+0	2.676385E+0
117.700000	3.395963E-1	4.956816E+0	2.648793E+0
117.800000	3.471194E-1	4.916800E+0	2.643776E+0
117.900000	3.471194E-1	4.889048E+0	2.658826E+0
118.000000	3.521347E-1	4.827088E+0	2.661335E+0
118.100000	3.395963E-1	4.701879E+0	2.576049E+0
118.200000	3.471194E-1	4.445006E+0	2.473204E+0
118.300000	3.471194E-1	4.161026E+0	2.377885E+0
118.400000	3.395963E-1	3.851229E+0	2.184738E+0
118.500000	3.471194E-1	3.488509E+0	1.798444E+0
118.600000	3.471194E-1	3.258098E+0	1.652956E+0
118.700000	3.471194E-1	3.138052E+0	1.296763E+0
118.800000	3.421040E-1	3.079319E+0	1.251612E+0
118.900000	3.471194E-1	3.003807E+0	1.201444E+0
119.000000	3.471194E-1	2.934748E+0	1.071007E+0
119.100000	3.471194E-1	2.904414E+0	1.013314E+0
119.200000	3.471194E-1	2.861171E+0	9.857211E-1
119.300000	3.471194E-1	2.815992E+0	9.455866E-1
119.400000	3.395963E-1	2.776622E+0	5.994269E-1
119.500000	3.395963E-1	2.738543E+0	7.097967E-1
119.600000	3.521347E-1	2.698528E+0	6.094605E-1
119.700000	3.471194E-1	2.669484E+0	8.151496E-1
119.800000	3.471194E-1	2.659803E+0	5.818681E-1
119.900000	3.471194E-1	2.654640E+0	5.542757E-1
120.000000	3.496270E-1	2.658512E+0	6.119689E-1

