0.000000	4.570077E+0	2.517168E+0	1.153050E-1
0.100000	3.421040E-1	2.520395E+0	1.203218E-1
0.200000	3.521347E-1	2.519104E+0	1.127966E-1
0.300000	3.546424E-1	2.516522E+0	1.178134E-1
0.400000	3.471194E-1	2.519104E+0	1.153050E-1
0.500000	3.496270E-1	2.518459E+0	1.127966E-1
0.600000	3.546424E-1	2.518459E+0	1.253386E-1
0.700000	3.446117E-1	2.521040E+0	1.203218E-1
0.800000	3.471194E-1	2.520395E+0	1.203218E-1
0.900000	3.446117E-1	2.519104E+0	1.178134E-1
1.000000	3.446117E-1	2.519104E+0	1.127966E-1
1.100000	3.446117E-1	2.518459E+0	1.153050E-1
1.200000	3.471194E-1	2.519104E+0	1.127966E-1
1.300000	3.521347E-1	2.518459E+0	1.178134E-1
1.400000	3.496270E-1	2.519749E+0	1.203218E-1
1.500000	3.496270E-1	2.519749E+0	1.203218E-1
1.600000	3.521347E-1	2.521040E+0	1.203218E-1
1.700000	3.446117E-1	2.526204E+0	1.780151E-1
1.800000	3.421040E-1	2.536530E+0	1.704899E-1
1.900000	3.546424E-1	2.546857E+0	1.554395E-1
2.000000	3.446117E-1	2.564928E+0	3.009269E-1
2.100000	3.496270E-1	2.578482E+0	4.940740E-1
2.200000	3.471194E-1	2.619788E+0	5.241748E-1
2.300000	3.446117E-1	2.645604E+0	7.298639E-1
2.400000	3.421040E-1	2.645604E+0	7.875572E-1
2.500000	3.546424E-1	2.669484E+0	8.402337E-1
2.600000	3.496270E-1	2.693365E+0	1.213986E+0
2.700000	3.446117E-1	2.715309E+0	1.261645E+0
2.800000	3.496270E-1	2.724990E+0	1.136225E+0
2.900000	3.421040E-1	2.735316E+0	1.379540E+0
3.000000	3.571501E-1	2.751451E+0	1.364490E+0
3.100000	3.596578E-1	2.765650E+0	1.572688E+0
3.200000	3.446117E-1	2.785013E+0	1.587738E+0
3.300000	3.496270E-1	2.805020E+0	2.455646E+0
3.400000	3.521347E-1	2.831482E+0	3.147965E+0
3.500000	3.546424E-1	2.854717E+0	3.052646E+0
3.600000	3.446117E-1	2.881824E+0	2.997461E+0
3.700000	3.421040E-1	2.894732E+0	3.185591E+0
3.800000	3.546424E-1	2.901832E+0	3.228234E+0
3.900000	3.521347E-1	2.912158E+0	3.178066E+0
4.000000	3.496270E-1	2.925067E+0	3.719881E+0
4.100000	3.496270E-1	2.937329E+0	3.489108E+0
4.200000	3.496270E-1	2.954110E+0	3.797642E+0
4.300000	3.546424E-1	2.964437E+0	3.484091E+0
4.400000	3.421040E-1	2.976054E+0	3.897978E+0
4.500000	3.496270E-1	2.978636E+0	3.835268E+0
4.600000	3.421040E-1	2.987026E+0	3.800150E+0
4.700000	3.421040E-1	3.001870E+0	3.802658E+0
4.800000	3.571501E-1	3.021878E+0	3.749982E+0
4.900000	3.521347E-1	3.037368E+0	3.599478E+0
5.000000	3.446117E-1	3.058666E+0	4.013364E+0
5.100000	3.521347E-1	3.068348E+0	3.970721E+0
5.200000	3.446117E-1	3.068993E+0	3.943129E+0
5.300000	3.546424E-1	3.072865E+0	3.812692E+0
5.400000	3.496270E-1	3.079319E+0	3.652154E+0
5.500000	3.446117E-1	3.083837E+0	3.702322E+0
5.600000	3.496270E-1	3.088355E+0	3.812692E+0
5.700000	3.571501E-1	3.098682E+0	3.795133E+0
5.800000	3.496270E-1	3.101909E+0	3.835268E+0
5.900000	3.496270E-1	3.105781E+0	3.913028E+0
6.000000	3.421040E-1	3.115462E+0	3.872894E+0
6.100000	3.421040E-1	3.125789E+0	3.787608E+0
6.200000	3.546424E-1	3.129661E+0	3.652154E+0
6.300000	3.521347E-1	3.132888E+0	3.627070E+0
6.400000	3.496270E-1	3.141279E+0	3.637104E+0
6.500000	3.521347E-1	3.140633E+0	3.694797E+0
6.600000	3.496270E-1	3.147087E+0	3.682255E+0
6.700000	3.546424E-1	3.151605E+0	3.785100E+0
6.800000	3.496270E-1	3.174840E+0	3.589444E+0
6.900000	3.521347E-1	3.185812E+0	3.709847E+0
7.000000	3.571501E-1	3.200656E+0	3.596969E+0
7.100000	3.421040E-1	3.218728E+0	3.406331E+0
7.200000	3.496270E-1	3.254225E+0	3.837776E+0
7.300000	3.446117E-1	3.296177E+0	3.820217E+0
7.400000	3.521347E-1	3.338129E+0	3.752490E+0
7.500000	3.546424E-1	3.350391E+0	3.709847E+0
7.600000	3.521347E-1	3.356200E+0	3.596969E+0
7.700000	3.446117E-1	3.365881E+0	3.609511E+0
7.800000	3.421040E-1	3.373626E+0	3.556835E+0
7.900000	3.546424E-1	3.363300E+0	3.617036E+0
8.000000	3.496270E-1	3.367818E+0	3.674730E+0
8.100000	3.546424E-1	3.388471E+0	3.674730E+0
8.200000	3.546424E-1	3.399443E+0	3.659679E+0
8.300000	3.496270E-1	3.408478E+0	3.657171E+0
8.400000	3.521347E-1	3.416223E+0	3.426398E+0
8.500000	3.546424E-1	3.431068E+0	3.479074E+0
8.600000	3.496270E-1	3.436231E+0	3.549310E+0
8.700000	3.496270E-1	3.434295E+0	3.351146E+0
8.800000	3.496270E-1	3.445912E+0	3.459007E+0
8.900000	3.546424E-1	3.455593E+0	3.433923E+0
9.000000	3.496270E-1	3.458820E+0	3.481583E+0
9.100000	3.446117E-1	3.458820E+0	3.509175E+0
9.200000	3.446117E-1	3.468501E+0	3.754999E+0
9.300000	3.446117E-1	3.483991E+0	3.724898E+0
9.400000	3.521347E-1	3.502708E+0	3.729915E+0
9.500000	3.546424E-1	3.521425E+0	3.787608E+0
9.600000	3.496270E-1	3.555632E+0	3.739948E+0
9.700000	3.521347E-1	3.575639E+0	3.855335E+0
9.800000	3.546424E-1	3.574349E+0	3.817709E+0
9.900000	3.496270E-1	3.569831E+0	3.830251E+0
10.000000	3.496270E-1	3.554341E+0	4.005839E+0
10.100000	3.546424E-1	3.562086E+0	3.998314E+0
10.200000	3.446117E-1	3.572412E+0	3.970721E+0
10.300000	3.471194E-1	3.580157E+0	3.918045E+0
10.400000	3.496270E-1	3.584030E+0	3.837776E+0
10.500000	3.521347E-1	3.597583E+0	3.960688E+0
10.600000	3.496270E-1	3.608555E+0	3.955671E+0
10.700000	3.521347E-1	3.622754E+0	3.945637E+0
10.800000	3.521347E-1	3.634372E+0	4.003331E+0
10.900000	3.446117E-1	3.636953E+0	4.015873E+0
11.000000	3.521347E-1	3.644053E+0	3.980755E+0
11.100000	3.496270E-1	3.636953E+0	3.998314E+0
11.200000	3.546424E-1	3.641471E+0	4.005839E+0
11.300000	3.546424E-1	3.646634E+0	4.013364E+0
11.400000	3.471194E-1	3.647280E+0	4.000822E+0
11.500000	3.521347E-1	3.652443E+0	4.040957E+0
11.600000	3.471194E-1	3.667288E+0	3.955671E+0
11.700000	3.446117E-1	3.677614E+0	3.990789E+0
11.800000	3.471194E-1	3.678260E+0	4.010856E+0
11.900000	3.521347E-1	3.688586E+0	4.053499E+0
12.000000	3.521347E-1	3.698267E+0	3.822726E+0
12.100000	3.496270E-1	3.707948E+0	3.714864E+0
12.200000	3.496270E-1	3.724084E+0	3.887944E+0
12.300000	3.546424E-1	3.736992E+0	3.948146E+0
12.400000	3.446117E-1	3.752482E+0	3.985772E+0
12.500000	3.521347E-1	3.755063E+0	3.830251E+0
12.600000	3.471194E-1	3.751191E+0	3.807675E+0
12.700000	3.546424E-1	3.757645E+0	3.840284E+0
12.800000	3.521347E-1	3.794433E+0	3.830251E+0
12.900000	3.546424E-1	3.783461E+0	4.143801E+0
13.000000	3.521347E-1	3.786043E+0	4.023398E+0
13.100000	3.496270E-1	3.781525E+0	4.045973E+0
13.200000	3.496270E-1	3.778943E+0	3.918045E+0
13.300000	3.496270E-1	3.773135E+0	3.900486E+0
13.400000	3.421040E-1	3.767971E+0	3.835268E+0
13.500000	3.546424E-1	3.780234E+0	3.910520E+0
13.600000	3.546424E-1	3.780234E+0	3.732423E+0
13.700000	3.421040E-1	3.784107E+0	3.361179E+0
13.800000	3.496270E-1	3.786688E+0	3.672221E+0
13.900000	3.496270E-1	3.797015E+0	3.664696E+0
14.000000	3.521347E-1	3.800887E+0	3.744965E+0
14.100000	3.521347E-1	3.824767E+0	3.391280E+0
14.200000	3.521347E-1	3.817023E+0	3.559343E+0
14.300000	3.496270E-1	3.803469E+0	3.589444E+0
14.400000	3.421040E-1	3.789270E+0	3.526734E+0
14.500000	3.521347E-1	3.791206E+0	3.448973E+0
14.600000	3.496270E-1	3.798951E+0	3.581919E+0
14.700000	3.496270E-1	3.806051E+0	3.627070E+0
14.800000	3.446117E-1	3.821540E+0	3.586936E+0
14.900000	3.446117E-1	3.818313E+0	3.594461E+0
15.000000	3.496270E-1	3.814441E+0	3.566868E+0
15.100000	3.496270E-1	3.812505E+0	3.418873E+0
15.200000	3.546424E-1	3.822831E+0	3.378738E+0
15.300000	3.546424E-1	3.843484E+0	3.142948E+0
15.400000	3.496270E-1	3.864783E+0	3.200641E+0
15.500000	3.446117E-1	3.877691E+0	3.446465E+0
15.600000	3.496270E-1	3.880918E+0	3.857843E+0
15.700000	3.496270E-1	3.884791E+0	3.948146E+0
15.800000	3.421040E-1	3.895117E+0	3.170541E+0
15.900000	3.521347E-1	3.899635E+0	3.581919E+0
16.000000	3.546424E-1	3.908025E+0	3.852826E+0
16.100000	3.546424E-1	3.918352E+0	3.760015E+0
16.200000	3.471194E-1	3.935132E+0	3.822726E+0
16.300000	3.496270E-1	3.949977E+0	4.103667E+0
16.400000	3.571501E-1	3.995801E+0	3.993297E+0
16.500000	3.496270E-1	3.998383E+0	3.601986E+0
16.600000	3.521347E-1	4.023554E+0	3.662188E+0
16.700000	3.496270E-1	4.050661E+0	3.767541E+0
16.800000	3.496270E-1	4.077123E+0	3.260843E+0
16.900000	3.496270E-1	4.093258E+0	3.632087E+0
17.000000	3.496270E-1	4.100357E+0	3.905503E+0
17.100000	3.496270E-1	4.114556E+0	4.033431E+0
17.200000	3.521347E-1	4.126819E+0	3.551818E+0
17.300000	3.496270E-1	4.124883E+0	3.724898E+0
17.400000	3.471194E-1	4.131337E+0	3.652154E+0
17.500000	3.471194E-1	4.142309E+0	3.639612E+0
17.600000	3.496270E-1	4.144245E+0	3.622053E+0
17.700000	3.496270E-1	4.157799E+0	3.313520E+0
17.800000	3.521347E-1	4.141018E+0	3.571885E+0
17.900000	3.496270E-1	4.169416E+0	3.418873E+0
18.000000	3.421040E-1	4.185551E+0	3.428906E+0
18.100000	3.421040E-1	4.181679E+0	3.476566E+0
18.200000	3.496270E-1	4.197169E+0	3.313520E+0
18.300000	3.471194E-1	4.212013E+0	4.133768E+0
18.400000	3.521347E-1	4.221694E+0	3.243284E+0
18.500000	3.496270E-1	4.224921E+0	3.326062E+0
18.600000	3.496270E-1	4.233312E+0	3.273385E+0
18.700000	3.421040E-1	4.242993E+0	3.363688E+0
18.800000	3.421040E-1	4.241702E+0	3.554326E+0
18.900000	3.496270E-1	4.277200E+0	3.145457E+0
19.000000	3.496270E-1	4.287526E+0	3.170541E+0
19.100000	3.546424E-1	4.286881E+0	3.203150E+0
19.200000	3.446117E-1	4.297853E+0	3.173049E+0
19.300000	3.546424E-1	4.299789E+0	3.205658E+0
19.400000	3.496270E-1	4.307534E+0	3.220709E+0
19.500000	3.496270E-1	4.303016E+0	3.102814E+0
19.600000	3.521347E-1	4.293980E+0	3.243284E+0
19.700000	3.471194E-1	4.322378E+0	3.072713E+0
19.800000	3.421040E-1	4.348195E+0	3.125389E+0
19.900000	3.471194E-1	4.366911E+0	3.163015E+0
20.000000	3.421040E-1	4.358521E+0	3.173049E+0
20.100000	3.496270E-1	4.321087E+0	3.127898E+0
20.200000	3.421040E-1	4.317860E+0	3.173049E+0
20.300000	3.546424E-1	4.329478E+0	3.135423E+0
20.400000	3.546424E-1	4.347549E+0	3.180574E+0
20.500000	3.521347E-1	4.395955E+0	3.198133E+0
20.600000	3.471194E-1	4.379174E+0	3.100305E+0
20.700000	3.421040E-1	4.382401E+0	3.102814E+0
20.800000	3.421040E-1	4.386274E+0	3.155490E+0
20.900000	3.471194E-1	4.402409E+0	3.163015E+0
21.000000	3.496270E-1	4.398537E+0	3.238268E+0
21.100000	3.496270E-1	4.399182E+0	3.230742E+0
21.200000	3.521347E-1	4.412736E+0	3.300978E+0
21.300000	3.496270E-1	4.434679E+0	3.275894E+0
21.400000	3.546424E-1	4.449524E+0	3.255826E+0
21.500000	3.546424E-1	4.443715E+0	3.168032E+0
21.600000	3.421040E-1	4.459850E+0	3.173049E+0
21.700000	3.571501E-1	4.459850E+0	3.228234E+0
21.800000	3.521347E-1	4.476631E+0	3.295961E+0
21.900000	3.521347E-1	4.500511E+0	3.321045E+0
22.000000	3.496270E-1	4.530200E+0	3.278402E+0
22.100000	3.421040E-1	4.569570E+0	3.316028E+0
22.200000	3.496270E-1	4.610231E+0	3.283419E+0
22.300000	3.546424E-1	4.620557E+0	3.230742E+0
22.400000	3.496270E-1	4.613458E+0	3.233251E+0
22.500000	3.546424E-1	4.614103E+0	3.311011E+0
22.600000	3.496270E-1	4.653473E+0	3.303486E+0
22.700000	3.446117E-1	4.692843E+0	3.285927E+0
22.800000	3.496270E-1	4.732213E+0	3.328570E+0
22.900000	3.546424E-1	4.757384E+0	3.300978E+0
23.000000	3.496270E-1	4.763193E+0	3.280910E+0
23.100000	3.496270E-1	4.785137E+0	3.331078E+0
23.200000	3.421040E-1	4.790945E+0	3.248301E+0
23.300000	3.496270E-1	4.795463E+0	3.300978E+0
23.400000	3.546424E-1	4.785782E+0	3.311011E+0
23.500000	3.471194E-1	4.809017E+0	3.361179E+0
23.600000	3.546424E-1	4.771583E+0	3.326062E+0
23.700000	3.496270E-1	4.794173E+0	3.268368E+0
23.800000	3.546424E-1	4.810953E+0	3.336095E+0
23.900000	3.521347E-1	4.826443E+0	3.368705E+0
24.000000	3.546424E-1	4.826443E+0	3.368705E+0
24.100000	3.546424E-1	4.786428E+0	3.338604E+0
24.200000	3.521347E-1	4.782555E+0	3.401314E+0
24.300000	3.546424E-1	4.743185E+0	3.293452E+0
24.400000	3.496270E-1	4.681226E+0	3.361179E+0
24.500000	3.496270E-1	4.670254E+0	3.341112E+0
24.600000	3.496270E-1	4.700588E+0	3.358671E+0
24.700000	3.571501E-1	4.736086E+0	3.343620E+0
24.800000	3.521347E-1	4.768356E+0	3.406331E+0
24.900000	3.496270E-1	4.765129E+0	3.373721E+0
25.000000	3.496270E-1	4.798690E+0	3.361179E+0
25.100000	3.496270E-1	4.805145E+0	3.273385E+0
25.200000	3.546424E-1	4.831606E+0	3.248301E+0
25.300000	3.521347E-1	4.810953E+0	3.275894E+0
25.400000	3.496270E-1	4.810953E+0	3.278402E+0
25.500000	3.521347E-1	4.810953E+0	3.298469E+0
25.600000	3.496270E-1	4.753512E+0	3.303486E+0
25.700000	3.496270E-1	4.681871E+0	3.235759E+0
25.800000	3.421040E-1	4.663800E+0	3.170541E+0
25.900000	3.521347E-1	4.637338E+0	3.316028E+0
26.000000	3.496270E-1	4.617976E+0	3.321045E+0
26.100000	3.395963E-1	4.557307E+0	3.278402E+0
26.200000	3.546424E-1	4.520519E+0	3.311011E+0
26.300000	3.546424E-1	4.484376E+0	3.333587E+0
26.400000	3.496270E-1	4.426289E+0	3.328570E+0
26.500000	3.421040E-1	4.323669E+0	3.243284E+0
26.600000	3.521347E-1	4.237184E+0	3.198133E+0
26.700000	3.521347E-1	4.158444E+0	3.200641E+0
26.800000	3.496270E-1	4.113266E+0	3.195625E+0
26.900000	3.521347E-1	4.093903E+0	3.180574E+0
27.000000	3.496270E-1	4.086804E+0	3.198133E+0
27.100000	3.496270E-1	4.059697E+0	3.140440E+0
27.200000	3.496270E-1	4.030008E+0	3.140440E+0
27.300000	3.421040E-1	3.990638E+0	3.130406E+0
27.400000	3.546424E-1	3.975793E+0	3.087763E+0
27.500000	3.471194E-1	3.924806E+0	3.072713E+0
27.600000	3.421040E-1	3.832512E+0	3.052646E+0
27.700000	3.571501E-1	3.753127E+0	3.015020E+0
27.800000	3.496270E-1	3.693749E+0	3.050137E+0
27.900000	3.471194E-1	3.635662E+0	3.017528E+0
28.000000	3.496270E-1	3.587257E+0	2.909667E+0
28.100000	3.496270E-1	3.523361E+0	2.834415E+0
28.200000	3.496270E-1	3.453657E+0	2.746620E+0
28.300000	3.496270E-1	3.398152E+0	2.596116E+0
28.400000	3.496270E-1	3.358782E+0	2.621200E+0
28.500000	3.471194E-1	3.314249E+0	2.571032E+0
28.600000	3.395963E-1	3.249708E+0	2.628725E+0
28.700000	3.521347E-1	3.202593E+0	2.488255E+0
28.800000	3.521347E-1	3.174840E+0	3.017528E+0
28.900000	3.546424E-1	3.145151E+0	2.317683E+0
29.000000	3.546424E-1	3.136761E+0	2.275041E+0
29.100000	3.496270E-1	3.123207E+0	2.726553E+0
29.200000	3.471194E-1	3.074156E+0	2.892108E+0
29.300000	3.546424E-1	2.981217E+0	2.912175E+0
29.400000	3.471194E-1	2.919258E+0	3.147965E+0
29.500000	3.496270E-1	2.877306E+0	2.601133E+0
29.600000	3.496270E-1	2.851490E+0	3.062679E+0
29.700000	3.496270E-1	2.846972E+0	2.518356E+0
29.800000	3.496270E-1	2.830191E+0	2.586083E+0
29.900000	3.496270E-1	2.782431E+0	2.851973E+0
30.000000	3.546424E-1	2.739834E+0	1.472351E+0
30.100000	3.496270E-1	2.695301E+0	1.369507E+0
30.200000	3.546424E-1	2.662385E+0	1.063482E+0
30.300000	3.496270E-1	2.639150E+0	1.010805E+0
30.400000	3.496270E-1	2.635278E+0	9.355530E-1
30.500000	3.496270E-1	2.625597E+0	8.276917E-1
30.600000	3.496270E-1	2.610107E+0	8.126412E-1
30.700000	3.496270E-1	2.589454E+0	8.427421E-1
30.800000	3.421040E-1	2.581709E+0	7.474227E-1
30.900000	3.496270E-1	2.575900E+0	6.922379E-1
31.000000	3.421040E-1	2.560410E+0	5.643093E-1
31.100000	3.496270E-1	2.544920E+0	5.542757E-1
31.200000	3.546424E-1	2.523622E+0	2.231664E-1
31.300000	3.546424E-1	2.517168E+0	1.905571E-1
31.400000	3.571501E-1	2.518459E+0	1.755067E-1
31.500000	3.496270E-1	2.519104E+0	3.134689E-1
31.600000	3.496270E-1	2.519104E+0	1.855403E-1
31.700000	3.496270E-1	2.520395E+0	1.780151E-1
31.800000	3.471194E-1	2.520395E+0	2.181496E-1
31.900000	3.421040E-1	2.520395E+0	1.479143E-1
32.000000	3.446117E-1	2.546857E+0	3.761790E-1
32.100000	3.546424E-1	2.624306E+0	8.101328E-1
32.200000	3.496270E-1	2.795985E+0	1.372015E+0
32.300000	3.446117E-1	3.053503E+0	3.308503E+0
32.400000	3.496270E-1	3.382017E+0	2.744112E+0
32.500000	3.496270E-1	3.650507E+0	2.495780E+0
32.600000	3.496270E-1	3.795724E+0	2.786755E+0
32.700000	3.546424E-1	3.391052E+0	2.254973E+0
32.800000	3.546424E-1	2.866980E+0	1.437234E+0
32.900000	3.496270E-1	2.617206E+0	6.295278E-1
33.000000	3.421040E-1	2.519104E+0	2.357084E-1
33.100000	3.496270E-1	2.517168E+0	2.256748E-1
33.200000	3.496270E-1	2.519749E+0	2.357084E-1
33.300000	3.496270E-1	2.519749E+0	1.428975E-1
33.400000	3.496270E-1	2.515877E+0	1.529311E-1
33.500000	3.496270E-1	2.548793E+0	2.883849E-1
33.600000	3.496270E-1	2.623660E+0	1.060973E+0
33.700000	3.521347E-1	2.943138E+0	3.765032E+0
33.800000	3.421040E-1	3.327157E+0	3.230742E+0
33.900000	3.521347E-1	3.641471E+0	3.729915E+0
34.000000	3.496270E-1	3.891890E+0	3.890452E+0
34.100000	3.546424E-1	3.780234E+0	2.596116E+0
34.200000	3.496270E-1	3.114172E+0	2.021692E+0
34.300000	3.546424E-1	2.608816E+0	7.800320E-1
34.400000	3.496270E-1	2.518459E+0	1.604563E-1
34.500000	3.496270E-1	2.520395E+0	2.908933E-1
34.600000	3.446117E-1	2.519104E+0	1.905571E-1
34.700000	3.421040E-1	2.517168E+0	1.905571E-1
34.800000	3.546424E-1	2.519104E+0	1.529311E-1
34.900000	3.496270E-1	2.517168E+0	1.554395E-1
35.000000	3.496270E-1	2.579773E+0	4.990908E-1
35.100000	3.496270E-1	2.708854E+0	1.133717E+0
35.200000	3.496270E-1	2.977990E+0	1.570179E+0
35.300000	3.546424E-1	3.317476E+0	2.036742E+0
35.400000	3.471194E-1	3.656961E+0	2.448120E+0
35.500000	3.446117E-1	3.915125E+0	2.819364E+0
35.600000	3.421040E-1	3.740219E+0	2.616183E+0
35.700000	3.521347E-1	3.102554E+0	1.876204E+0
35.800000	3.521347E-1	2.697237E+0	1.136225E+0
35.900000	3.421040E-1	2.521686E+0	3.059437E-1
36.000000	3.421040E-1	2.518459E+0	1.579479E-1
36.100000	3.521347E-1	2.519104E+0	2.758429E-1
36.200000	3.546424E-1	2.517813E+0	2.106244E-1
36.300000	3.421040E-1	2.518459E+0	3.084521E-1
36.400000	3.421040E-1	2.518459E+0	3.084521E-1
36.500000	3.421040E-1	2.521040E+0	1.780151E-1
36.600000	3.521347E-1	2.566864E+0	4.388891E-1
36.700000	3.471194E-1	2.763069E+0	1.229036E+0
36.800000	3.421040E-1	3.190330E+0	2.162162E+0
36.900000	3.421040E-1	3.578221E+0	2.508322E+0
37.000000	3.546424E-1	3.833803E+0	2.611167E+0
37.100000	3.496270E-1	4.005482E+0	2.909667E+0
37.200000	3.546424E-1	4.027426E+0	3.062679E+0
37.300000	3.546424E-1	3.745382E+0	3.812692E+0
37.400000	3.496270E-1	3.092228E+0	3.120373E+0
37.500000	3.496270E-1	2.704982E+0	1.234053E+0
37.600000	3.421040E-1	2.575900E+0	3.561118E-1
37.700000	3.421040E-1	2.519749E+0	1.654731E-1
37.800000	3.546424E-1	2.516522E+0	2.005908E-1
37.900000	3.421040E-1	2.519104E+0	1.479143E-1
38.000000	3.471194E-1	2.517813E+0	1.378807E-1
38.100000	3.496270E-1	2.520395E+0	2.407252E-1
38.200000	3.521347E-1	2.517813E+0	1.529311E-1
38.300000	3.421040E-1	2.518459E+0	2.131328E-1
38.400000	3.521347E-1	2.518459E+0	1.278471E-1
38.500000	3.546424E-1	2.517168E+0	1.830319E-1
38.600000	3.471194E-1	2.580418E+0	5.417336E-1
38.700000	3.546424E-1	2.785013E+0	1.374524E+0
38.800000	3.496270E-1	3.079965E+0	3.672221E+0
38.900000	3.546424E-1	3.334256E+0	3.308503E+0
39.000000	3.421040E-1	3.556277E+0	3.368705E+0
39.100000	3.471194E-1	3.684068E+0	3.025053E+0
39.200000	3.421040E-1	3.662770E+0	3.391280E+0
39.300000	3.496270E-1	3.220664E+0	2.164671E+0
39.400000	3.496270E-1	2.739834E+0	1.081040E+0
39.500000	3.546424E-1	2.526849E+0	2.156412E-1
39.600000	3.421040E-1	2.518459E+0	1.579479E-1
39.700000	3.446117E-1	2.520395E+0	1.704899E-1
39.800000	3.496270E-1	2.519749E+0	1.679815E-1
39.900000	3.521347E-1	2.518459E+0	2.156412E-1
40.000000	3.496270E-1	2.517168E+0	1.654731E-1
40.100000	3.496270E-1	2.517813E+0	2.457420E-1
40.200000	3.521347E-1	2.517168E+0	2.708261E-1
40.300000	3.546424E-1	2.521686E+0	1.604563E-1
40.400000	3.521347E-1	2.574609E+0	4.790236E-1
40.500000	3.471194E-1	2.728862E+0	1.241578E+0
40.600000	3.496270E-1	3.018651E+0	3.521717E+0
40.700000	3.496270E-1	3.323284E+0	2.884583E+0
40.800000	3.521347E-1	3.600165E+0	2.425545E+0
40.900000	3.546424E-1	3.873819E+0	2.598625E+0
41.000000	3.496270E-1	4.077123E+0	2.708994E+0
41.100000	3.521347E-1	4.175870E+0	2.877057E+0
41.200000	3.421040E-1	4.295916E+0	3.057662E+0
41.300000	3.521347E-1	4.224276E+0	2.869532E+0
41.400000	3.496270E-1	3.600165E+0	2.784246E+0
41.500000	3.546424E-1	2.948947E+0	1.715667E+0
41.600000	3.446117E-1	2.648186E+0	8.126412E-1
41.700000	3.496270E-1	2.530076E+0	2.231664E-1
41.800000	3.471194E-1	2.519749E+0	1.880487E-1
41.900000	3.496270E-1	2.517168E+0	2.357084E-1
42.000000	3.496270E-1	2.517813E+0	1.755067E-1
42.100000	3.496270E-1	2.519104E+0	2.908933E-1
42.200000	3.421040E-1	2.519104E+0	2.332000E-1
42.300000	3.496270E-1	2.520395E+0	2.783513E-1
42.400000	3.421040E-1	2.518459E+0	2.758429E-1
42.500000	3.496270E-1	2.544920E+0	3.335361E-1
42.600000	3.446117E-1	2.589454E+0	6.069521E-1
42.700000	3.496270E-1	2.685620E+0	1.000772E+0
42.800000	3.546424E-1	2.800503E+0	1.392082E+0
42.900000	3.496270E-1	2.983799E+0	2.756654E+0
43.000000	3.496270E-1	3.187103E+0	2.152129E+0
43.100000	3.546424E-1	3.334256E+0	2.337751E+0
43.200000	3.496270E-1	3.332965E+0	2.307650E+0
43.300000	3.496270E-1	3.240026E+0	2.197280E+0
43.400000	3.546424E-1	3.250353E+0	2.367851E+0
43.500000	3.521347E-1	3.234863E+0	2.593608E+0
43.600000	3.546424E-1	3.218728E+0	3.295961E+0
43.700000	3.421040E-1	3.225827E+0	2.666352E+0
43.800000	3.496270E-1	3.208401E+0	2.676385E+0
43.900000	3.521347E-1	3.172258E+0	2.618692E+0
44.000000	3.546424E-1	3.167741E+0	3.102814E+0
44.100000	3.496270E-1	3.161286E+0	2.598625E+0
44.200000	3.546424E-1	3.153542E+0	2.676385E+0
44.300000	3.496270E-1	3.156123E+0	2.528389E+0
44.400000	3.546424E-1	3.151605E+0	2.418020E+0
44.500000	3.496270E-1	3.139988E+0	2.428053E+0
44.600000	3.496270E-1	3.138052E+0	2.400461E+0
44.700000	3.421040E-1	3.160641E+0	2.335242E+0
44.800000	3.521347E-1	3.220019E+0	2.693944E+0
44.900000	3.496270E-1	3.256162E+0	2.332734E+0
45.000000	3.521347E-1	3.280687E+0	2.533406E+0
45.100000	3.496270E-1	3.321993E+0	2.598625E+0
45.200000	3.496270E-1	3.387180E+0	2.867024E+0
45.300000	3.446117E-1	3.434940E+0	2.550965E+0
45.400000	3.496270E-1	3.452366E+0	2.661335E+0
45.500000	3.421040E-1	3.449785E+0	2.568524E+0
45.600000	3.546424E-1	3.447203E+0	2.864515E+0
45.700000	3.546424E-1	3.451075E+0	2.628725E+0
45.800000	3.496270E-1	3.466565E+0	2.573541E+0
45.900000	3.496270E-1	3.482055E+0	3.147965E+0
46.000000	3.546424E-1	3.489155E+0	2.937259E+0
46.100000	3.421040E-1	3.501417E+0	2.882074E+0
46.200000	3.496270E-1	3.509808E+0	2.696452E+0
46.300000	3.496270E-1	3.531752E+0	2.611167E+0
46.400000	3.446117E-1	3.544014E+0	2.698961E+0
46.500000	3.521347E-1	3.558213E+0	2.658826E+0
46.600000	3.496270E-1	3.584030E+0	2.661335E+0
46.700000	3.496270E-1	3.595647E+0	2.691436E+0
46.800000	3.496270E-1	3.605974E+0	2.628725E+0
46.900000	3.446117E-1	3.629208E+0	2.661335E+0
47.000000	3.496270E-1	3.635662E+0	2.618692E+0
47.100000	3.471194E-1	3.621463E+0	2.576049E+0
47.200000	3.496270E-1	3.604037E+0	2.698961E+0
47.300000	3.496270E-1	3.605328E+0	2.641267E+0
47.400000	3.521347E-1	3.596293E+0	2.510830E+0
47.500000	3.496270E-1	3.558859E+0	2.618692E+0
47.600000	3.521347E-1	3.551759E+0	2.708994E+0
47.700000	3.421040E-1	3.556923E+0	2.578557E+0
47.800000	3.546424E-1	3.560150E+0	2.623709E+0
47.900000	3.496270E-1	3.570476E+0	2.741604E+0
48.000000	3.421040E-1	3.584030E+0	2.658826E+0
48.100000	3.521347E-1	3.598229E+0	2.814347E+0
48.200000	3.521347E-1	3.624045E+0	2.721536E+0
48.300000	3.421040E-1	3.653089E+0	2.716520E+0
48.400000	3.446117E-1	3.684714E+0	2.771704E+0
48.500000	3.496270E-1	3.683423E+0	2.786755E+0
48.600000	3.546424E-1	3.700203E+0	2.872041E+0
48.700000	3.446117E-1	3.718920E+0	2.887091E+0
48.800000	3.496270E-1	3.729892E+0	2.771704E+0
48.900000	3.496270E-1	3.742155E+0	2.912175E+0
49.000000	3.496270E-1	3.770553E+0	2.859499E+0
49.100000	3.521347E-1	3.793142E+0	2.897125E+0
49.200000	3.496270E-1	3.827349E+0	3.002478E+0
49.300000	3.496270E-1	3.848648E+0	3.030070E+0
49.400000	3.496270E-1	3.871882E+0	3.067696E+0
49.500000	3.421040E-1	3.877046E+0	3.077730E+0
49.600000	3.521347E-1	3.878336E+0	3.152982E+0
49.700000	3.546424E-1	3.898990E+0	3.070204E+0
49.800000	3.546424E-1	3.916416E+0	2.982410E+0
49.900000	3.421040E-1	3.943523E+0	3.037595E+0
50.000000	3.446117E-1	3.963531E+0	3.090272E+0
50.100000	3.421040E-1	3.979666E+0	3.022545E+0
50.200000	3.496270E-1	3.989347E+0	3.060171E+0
50.300000	3.446117E-1	4.008709E+0	3.002478E+0
50.400000	3.471194E-1	3.981602E+0	3.004986E+0
50.500000	3.546424E-1	3.998383E+0	3.037595E+0
50.600000	3.496270E-1	4.023554E+0	3.025053E+0
50.700000	3.471194E-1	4.017745E+0	3.135423E+0
50.800000	3.471194E-1	3.975148E+0	3.095289E+0
50.900000	3.546424E-1	3.987411E+0	3.025053E+0
51.000000	3.521347E-1	4.009355E+0	3.012511E+0
51.100000	3.521347E-1	4.044852E+0	3.042612E+0
51.200000	3.496270E-1	4.074541E+0	3.130406E+0
51.300000	3.546424E-1	4.045498E+0	3.097797E+0
51.400000	3.546424E-1	4.036462E+0	3.122881E+0
51.500000	3.571501E-1	4.053888E+0	3.220709E+0
51.600000	3.421040E-1	4.091967E+0	3.215692E+0
51.700000	3.546424E-1	4.137146E+0	3.188099E+0
51.800000	3.496270E-1	4.154572E+0	3.190608E+0
51.900000	3.421040E-1	4.173934E+0	3.135423E+0
52.000000	3.496270E-1	4.190715E+0	3.208167E+0
52.100000	3.496270E-1	4.193296E+0	3.213183E+0
52.200000	3.496270E-1	4.202977E+0	3.127898E+0
52.300000	3.421040E-1	4.167480E+0	3.235759E+0
52.400000	3.395963E-1	4.064214E+0	3.175557E+0
52.500000	3.471194E-1	4.002255E+0	3.110339E+0
52.600000	3.395963E-1	3.972566E+0	3.205658E+0
52.700000	3.521347E-1	3.972566E+0	3.070204E+0
52.800000	3.395963E-1	4.012582E+0	3.120373E+0
52.900000	3.496270E-1	4.059051E+0	3.180574E+0
53.000000	3.546424E-1	4.098421E+0	3.140440E+0
53.100000	3.521347E-1	4.133273E+0	3.152982E+0
53.200000	3.471194E-1	4.162962E+0	3.183083E+0
53.300000	3.521347E-1	4.170062E+0	3.160507E+0
53.400000	3.521347E-1	4.173289E+0	3.215692E+0
53.500000	3.521347E-1	4.168771E+0	3.250810E+0
53.600000	3.496270E-1	4.168125E+0	3.193116E+0
53.700000	3.496270E-1	4.151345E+0	3.208167E+0
53.800000	3.496270E-1	4.106811E+0	3.115356E+0
53.900000	3.471194E-1	4.095194E+0	3.228234E+0
54.000000	3.496270E-1	4.034526E+0	3.160507E+0
54.100000	3.471194E-1	3.913834E+0	3.107831E+0
54.200000	3.521347E-1	3.827995E+0	2.809331E+0
54.300000	3.496270E-1	3.767971E+0	2.934751E+0
54.400000	3.521347E-1	3.751191E+0	2.887091E+0
54.500000	3.546424E-1	3.742800E+0	2.919700E+0
54.600000	3.421040E-1	3.701494E+0	2.821873E+0
54.700000	3.496270E-1	3.651798E+0	2.794280E+0
54.800000	3.521347E-1	3.616946E+0	2.731570E+0
54.900000	3.421040E-1	3.613719E+0	2.872041E+0
55.000000	3.521347E-1	3.623400E+0	2.874549E+0
55.100000	3.496270E-1	3.595002E+0	2.877057E+0
55.200000	3.546424E-1	3.487864E+0	2.869532E+0
55.300000	3.471194E-1	3.382662E+0	2.714011E+0
55.400000	3.521347E-1	3.302631E+0	2.495780E+0
55.500000	3.471194E-1	3.258098E+0	2.523373E+0
55.600000	3.496270E-1	3.186457E+0	2.455646E+0
55.700000	3.421040E-1	3.067702E+0	2.099452E+0
55.800000	3.421040E-1	2.969600E+0	2.061826E+0
55.900000	3.546424E-1	2.885697E+0	2.026709E+0
56.000000	3.521347E-1	2.808893E+0	1.665498E+0
56.100000	3.496270E-1	2.754033E+0	1.464826E+0
56.200000	3.521347E-1	2.696592E+0	1.324356E+0
56.300000	3.496270E-1	2.641732E+0	1.088566E+0
56.400000	3.521347E-1	2.576545E+0	6.571202E-1
56.500000	3.521347E-1	2.525558E+0	2.733345E-1
56.600000	3.421040E-1	2.520395E+0	2.883849E-1
56.700000	3.395963E-1	2.520395E+0	3.636370E-1
56.800000	3.546424E-1	2.516522E+0	4.639731E-1
56.900000	3.471194E-1	2.519749E+0	3.937378E-1
57.000000	3.496270E-1	2.517168E+0	2.382168E-1
57.100000	3.471194E-1	2.519749E+0	2.858765E-1
57.200000	3.471194E-1	2.517813E+0	2.457420E-1
57.300000	3.421040E-1	2.532012E+0	5.317000E-1
57.400000	3.421040E-1	2.530721E+0	3.435698E-1
57.500000	3.521347E-1	2.569446E+0	5.618009E-1
57.600000	3.421040E-1	2.668839E+0	9.681623E-1
57.700000	3.496270E-1	2.789531E+0	1.507469E+0
57.800000	3.496270E-1	2.923776E+0	1.986574E+0
57.900000	3.521347E-1	3.055439E+0	2.345276E+0
58.000000	3.496270E-1	3.185167E+0	2.242431E+0
58.100000	3.496270E-1	3.319412E+0	2.377885E+0
58.200000	3.421040E-1	3.479473E+0	2.568524E+0
58.300000	3.471194E-1	3.598229E+0	2.789263E+0
58.400000	3.496270E-1	3.689231E+0	2.686419E+0
58.500000	3.471194E-1	3.784752E+0	2.648793E+0
58.600000	3.521347E-1	3.898344E+0	2.766688E+0
58.700000	3.471194E-1	3.964176E+0	2.756654E+0
58.800000	3.471194E-1	4.019036E+0	2.826889E+0
58.900000	3.521347E-1	4.095839E+0	2.984919E+0
59.000000	3.496270E-1	4.132628E+0	2.884583E+0
59.100000	3.471194E-1	4.160380E+0	2.894616E+0
59.200000	3.546424E-1	4.230730E+0	2.934751E+0
59.300000	3.571501E-1	4.325605E+0	3.045120E+0
59.400000	3.521347E-1	4.371429E+0	2.929734E+0
59.500000	3.421040E-1	4.410799E+0	3.010003E+0
59.600000	3.496270E-1	4.437261E+0	3.140440E+0
59.700000	3.496270E-1	4.443070E+0	3.183083E+0
59.800000	3.471194E-1	4.402409E+0	3.173049E+0
59.900000	3.496270E-1	4.408218E+0	3.100305E+0
60.000000	3.496270E-1	4.514710E+0	3.140440E+0
60.100000	3.496270E-1	4.532136E+0	3.122881E+0
60.200000	3.521347E-1	4.548272E+0	3.190608E+0
60.300000	3.496270E-1	4.579897E+0	3.170541E+0
60.400000	3.421040E-1	4.614103E+0	3.260843E+0
60.500000	3.521347E-1	4.609585E+0	3.361179E+0
60.600000	3.496270E-1	4.617330E+0	3.273385E+0
60.700000	3.446117E-1	4.616685E+0	3.228234E+0
60.800000	3.496270E-1	4.641210E+0	3.338604E+0
60.900000	3.521347E-1	4.586996E+0	3.220709E+0
61.000000	3.421040E-1	4.449524E+0	3.210675E+0
61.100000	3.496270E-1	4.326896E+0	3.300978E+0
61.200000	3.471194E-1	4.275263E+0	3.210675E+0
61.300000	3.496270E-1	4.109393E+0	3.002478E+0
61.400000	3.496270E-1	3.878336E+0	2.887091E+0
61.500000	3.546424E-1	3.661479E+0	2.724045E+0
61.600000	3.521347E-1	3.488509E+0	2.455646E+0
61.700000	3.471194E-1	3.425904E+0	2.493272E+0
61.800000	3.471194E-1	3.414287E+0	2.608658E+0
61.900000	3.496270E-1	3.401379E+0	2.530898E+0
62.000000	3.496270E-1	3.397506E+0	2.601133E+0
62.100000	3.496270E-1	3.371045E+0	2.548457E+0
62.200000	3.471194E-1	3.323930E+0	2.300125E+0
62.300000	3.521347E-1	3.276169E+0	2.418020E+0
62.400000	3.546424E-1	3.245835E+0	2.212330E+0
62.500000	3.395963E-1	3.243254E+0	2.320192E+0
62.600000	3.496270E-1	3.270361E+0	2.327717E+0
62.700000	3.521347E-1	3.306504E+0	2.475713E+0
62.800000	3.421040E-1	3.341356E+0	2.568524E+0
62.900000	3.421040E-1	3.403315E+0	2.571032E+0
63.000000	3.496270E-1	3.443330E+0	2.593608E+0
63.100000	3.521347E-1	3.483991E+0	2.671368E+0
63.200000	3.471194E-1	3.515616E+0	2.678894E+0
63.300000	3.421040E-1	3.522070E+0	2.716520E+0
63.400000	3.496270E-1	3.524007E+0	2.673877E+0
63.500000	3.521347E-1	3.531106E+0	2.668860E+0
63.600000	3.471194E-1	3.556277E+0	2.686419E+0
63.700000	3.471194E-1	3.585321E+0	2.636251E+0
63.800000	3.395963E-1	3.633726E+0	2.661335E+0
63.900000	3.421040E-1	3.674387E+0	2.734078E+0
64.000000	3.521347E-1	3.711821E+0	2.731570E+0
64.100000	3.546424E-1	3.735056E+0	2.814347E+0
64.200000	3.496270E-1	3.756354E+0	2.854482E+0
64.300000	3.521347E-1	3.793142E+0	2.814347E+0
64.400000	3.496270E-1	3.809278E+0	2.846957E+0
64.500000	3.421040E-1	3.804760E+0	2.859499E+0
64.600000	3.496270E-1	3.785397E+0	2.872041E+0
64.700000	3.546424E-1	3.820895E+0	2.814347E+0
64.800000	3.546424E-1	3.836385E+0	2.834415E+0
64.900000	3.421040E-1	3.845421E+0	2.839431E+0
65.000000	3.421040E-1	3.843484E+0	2.806822E+0
65.100000	3.546424E-1	3.847357E+0	2.811839E+0
65.200000	3.471194E-1	3.843484E+0	2.821873E+0
65.300000	3.496270E-1	3.816377E+0	2.889599E+0
65.400000	3.395963E-1	3.780234E+0	2.744112E+0
65.500000	3.521347E-1	3.751191E+0	2.819364E+0
65.600000	3.471194E-1	3.687941E+0	2.756654E+0
65.700000	3.471194E-1	3.607910E+0	2.663843E+0
65.800000	3.496270E-1	3.578221E+0	2.716520E+0
65.900000	3.521347E-1	3.564022E+0	2.708994E+0
66.000000	3.421040E-1	3.547887E+0	2.734078E+0
66.100000	3.421040E-1	3.537560E+0	2.588591E+0
66.200000	3.471194E-1	3.522716E+0	2.693944E+0
66.300000	3.471194E-1	3.506581E+0	2.616183E+0
66.400000	3.395963E-1	3.506581E+0	2.676385E+0
66.500000	3.471194E-1	3.520780E+0	2.751637E+0
66.600000	3.521347E-1	3.520134E+0	2.786755E+0
66.700000	3.521347E-1	3.503999E+0	2.623709E+0
66.800000	3.421040E-1	3.485927E+0	2.744112E+0
66.900000	3.471194E-1	3.481410E+0	2.691436E+0
67.000000	3.546424E-1	3.482700E+0	2.809331E+0
67.100000	3.471194E-1	3.513680E+0	2.749129E+0
67.200000	3.421040E-1	3.585966E+0	2.809331E+0
67.300000	3.496270E-1	3.648571E+0	2.902141E+0
67.400000	3.471194E-1	3.683423E+0	2.962343E+0
67.500000	3.496270E-1	3.698913E+0	3.050137E+0
67.600000	3.471194E-1	3.696976E+0	3.137931E+0
67.700000	3.521347E-1	3.685359E+0	3.020036E+0
67.800000	3.496270E-1	3.662124E+0	2.959835E+0
67.900000	3.521347E-1	3.651152E+0	3.010003E+0
68.000000	3.421040E-1	3.683423E+0	2.999969E+0
68.100000	3.421040E-1	3.754418E+0	2.914683E+0
68.200000	3.521347E-1	3.826704E+0	3.057662E+0
68.300000	3.496270E-1	3.857038E+0	3.160507E+0
68.400000	3.421040E-1	3.912543E+0	3.195625E+0
68.500000	3.471194E-1	3.948041E+0	3.160507E+0
68.600000	3.395963E-1	3.948686E+0	3.100305E+0
68.700000	3.521347E-1	3.873819E+0	3.040104E+0
68.800000	3.421040E-1	3.736992E+0	2.999969E+0
68.900000	3.471194E-1	3.597583E+0	2.929734E+0
69.000000	3.546424E-1	3.519489E+0	2.856990E+0
69.100000	3.496270E-1	3.473665E+0	2.746620E+0
69.200000	3.395963E-1	3.433004E+0	2.646284E+0
69.300000	3.471194E-1	3.378790E+0	2.706486E+0
69.400000	3.521347E-1	3.350391E+0	2.566015E+0
69.500000	3.421040E-1	3.331675E+0	2.616183E+0
69.600000	3.521347E-1	3.309085E+0	2.581066E+0
69.700000	3.521347E-1	3.274879E+0	2.505814E+0
69.800000	3.471194E-1	3.243254E+0	2.377885E+0
69.900000	3.421040E-1	3.232927E+0	2.400461E+0
70.000000	3.471194E-1	3.204529E+0	2.423036E+0
70.100000	3.496270E-1	3.181294E+0	2.550965E+0
70.200000	3.521347E-1	3.162577E+0	2.418020E+0
70.300000	3.521347E-1	3.151605E+0	2.357818E+0
70.400000	3.521347E-1	3.121917E+0	2.377885E+0
70.500000	3.521347E-1	3.098036E+0	2.272532E+0
70.600000	3.471194E-1	3.070929E+0	2.370360E+0
70.700000	3.471194E-1	3.023169E+0	2.202297E+0
70.800000	3.496270E-1	2.962500E+0	2.114503E+0
70.900000	3.521347E-1	2.959273E+0	2.039251E+0
71.000000	3.471194E-1	2.955401E+0	2.004133E+0
71.100000	3.521347E-1	2.952174E+0	2.111994E+0
71.200000	3.471194E-1	2.967018E+0	2.091927E+0
71.300000	3.496270E-1	3.017360E+0	2.149620E+0
71.400000	3.421040E-1	3.052212E+0	2.322700E+0
71.500000	3.521347E-1	3.063830E+0	2.270024E+0
71.600000	3.496270E-1	3.071575E+0	2.212330E+0
71.700000	3.496270E-1	3.076738E+0	2.209822E+0
71.800000	3.471194E-1	3.083192E+0	2.237414E+0
71.900000	3.521347E-1	3.097391E+0	2.275041E+0
72.000000	3.471194E-1	3.119980E+0	2.335242E+0
72.100000	3.521347E-1	3.189039E+0	2.370360E+0
72.200000	3.521347E-1	3.236154E+0	2.468188E+0
72.300000	3.521347E-1	3.291014E+0	2.488255E+0
72.400000	3.521347E-1	3.320057E+0	2.480730E+0
72.500000	3.471194E-1	3.345228E+0	2.455646E+0
72.600000	3.496270E-1	3.365236E+0	2.525881E+0
72.700000	3.471194E-1	3.372981E+0	2.518356E+0
72.800000	3.421040E-1	3.391698E+0	2.540931E+0
72.900000	3.496270E-1	3.419450E+0	2.413003E+0
73.000000	3.521347E-1	3.445912E+0	2.538423E+0
73.100000	3.496270E-1	3.456239E+0	2.543440E+0
73.200000	3.471194E-1	3.486573E+0	2.520864E+0
73.300000	3.521347E-1	3.525297E+0	2.548457E+0
73.400000	3.471194E-1	3.527234E+0	2.513339E+0
73.500000	3.471194E-1	3.537560E+0	2.535915E+0
73.600000	3.521347E-1	3.566604E+0	2.641267E+0
73.700000	3.496270E-1	3.556923E+0	2.638759E+0
73.800000	3.546424E-1	3.509162E+0	2.460662E+0
73.900000	3.496270E-1	3.513680E+0	2.518356E+0
74.000000	3.546424E-1	3.527234E+0	2.545948E+0
74.100000	3.496270E-1	3.525943E+0	2.523373E+0
74.200000	3.496270E-1	3.497545E+0	2.475713E+0
74.300000	3.521347E-1	3.434940E+0	2.397952E+0
74.400000	3.546424E-1	3.399443E+0	2.254973E+0
74.500000	3.496270E-1	3.336838E+0	2.272532E+0
74.600000	3.496270E-1	3.228409E+0	2.382902E+0
74.700000	3.521347E-1	3.161286E+0	2.254973E+0
74.800000	3.395963E-1	3.114817E+0	2.119520E+0
74.900000	3.421040E-1	3.068348E+0	2.217347E+0
75.000000	3.395963E-1	3.014133E+0	2.096944E+0
75.100000	3.471194E-1	2.960564E+0	2.064335E+0
75.200000	3.496270E-1	2.921840E+0	1.853629E+0
75.300000	3.471194E-1	2.911513E+0	1.798444E+0
75.400000	3.521347E-1	2.893442E+0	1.765835E+0
75.500000	3.521347E-1	2.830191E+0	1.622856E+0
75.600000	3.471194E-1	2.776622E+0	1.429709E+0
75.700000	3.496270E-1	2.763714E+0	1.336898E+0
75.800000	3.471194E-1	2.715954E+0	1.133717E+0
75.900000	3.395963E-1	2.692074E+0	1.269171E+0
76.000000	3.521347E-1	2.694010E+0	1.208969E+0
76.100000	3.496270E-1	2.684974E+0	1.123683E+0
76.200000	3.521347E-1	2.684329E+0	1.161309E+0
76.300000	3.471194E-1	2.750161E+0	1.321847E+0
76.400000	3.496270E-1	2.793403E+0	1.535061E+0
76.500000	3.421040E-1	2.807602E+0	1.622856E+0
76.600000	3.471194E-1	2.860526E+0	1.640414E+0
76.700000	3.421040E-1	2.934748E+0	1.821019E+0
76.800000	3.446117E-1	2.994125E+0	1.851120E+0
76.900000	3.521347E-1	3.061248E+0	2.084402E+0
77.000000	3.421040E-1	3.136761E+0	2.345276E+0
77.100000	3.471194E-1	3.195493E+0	2.209822E+0
77.200000	3.521347E-1	3.227764E+0	2.362835E+0
77.300000	3.395963E-1	3.265197E+0	2.315175E+0
77.400000	3.421040E-1	3.313603E+0	2.385410E+0
77.500000	3.546424E-1	3.371045E+0	2.495780E+0
77.600000	3.471194E-1	3.427195E+0	2.593608E+0
77.700000	3.421040E-1	3.466565E+0	2.719028E+0
77.800000	3.421040E-1	3.527234E+0	2.696452E+0
77.900000	3.521347E-1	3.567894E+0	2.708994E+0
78.000000	3.471194E-1	3.613073E+0	2.703978E+0
78.100000	3.471194E-1	3.663415E+0	2.716520E+0
78.200000	3.471194E-1	3.699558E+0	2.681402E+0
78.300000	3.496270E-1	3.735056E+0	2.656318E+0
78.400000	3.446117E-1	3.759581E+0	2.648793E+0
78.500000	3.421040E-1	3.782170E+0	2.774213E+0
78.600000	3.471194E-1	3.815086E+0	2.806822E+0
78.700000	3.421040E-1	3.807987E+0	2.729062E+0
78.800000	3.496270E-1	3.750545E+0	2.681402E+0
78.900000	3.471194E-1	3.643407E+0	2.693944E+0
79.000000	3.421040E-1	3.502063E+0	2.518356E+0
79.100000	3.496270E-1	3.373626E+0	2.488255E+0
79.200000	3.521347E-1	3.220019E+0	2.435578E+0
79.300000	3.471194E-1	3.069638E+0	2.149620E+0
79.400000	3.395963E-1	2.937329E+0	2.024200E+0
79.500000	3.421040E-1	2.794048E+0	1.597772E+0
79.600000	3.471194E-1	2.670775E+0	9.681623E-1
79.700000	3.496270E-1	2.572673E+0	4.464143E-1
79.800000	3.471194E-1	2.526204E+0	1.805235E-1
79.900000	3.471194E-1	2.517813E+0	2.507588E-1
80.000000	3.496270E-1	2.516522E+0	1.479143E-1
80.100000	3.496270E-1	2.517168E+0	1.353723E-1
80.200000	3.521347E-1	2.516522E+0	1.629647E-1
80.300000	3.496270E-1	2.519749E+0	2.633008E-1
80.400000	3.471194E-1	2.516522E+0	2.532672E-1
80.500000	3.496270E-1	2.519104E+0	2.332000E-1
80.600000	3.446117E-1	2.520395E+0	1.905571E-1
80.700000	3.496270E-1	2.517168E+0	2.106244E-1
80.800000	3.471194E-1	2.517168E+0	1.780151E-1
80.900000	3.471194E-1	2.516522E+0	3.335361E-1
81.000000	3.521347E-1	2.517168E+0	3.209941E-1
81.100000	3.395963E-1	2.519104E+0	1.980824E-1
81.200000	3.395963E-1	2.520395E+0	2.181496E-1
81.300000	3.521347E-1	2.517168E+0	1.980824E-1
81.400000	3.471194E-1	2.519104E+0	2.507588E-1
81.500000	3.471194E-1	2.517168E+0	2.181496E-1
81.600000	3.421040E-1	2.519104E+0	2.582840E-1
81.700000	3.421040E-1	2.518459E+0	2.206580E-1
81.800000	3.521347E-1	2.518459E+0	2.030992E-1
81.900000	3.471194E-1	2.519749E+0	2.181496E-1
82.000000	3.496270E-1	2.519749E+0	2.131328E-1
82.100000	3.395963E-1	2.519749E+0	1.729983E-1
82.200000	3.471194E-1	2.516522E+0	1.880487E-1
82.300000	3.471194E-1	2.518459E+0	2.030992E-1
82.400000	3.496270E-1	2.517168E+0	1.880487E-1
82.500000	3.471194E-1	2.518459E+0	2.181496E-1
82.600000	3.421040E-1	2.520395E+0	1.905571E-1
82.700000	3.496270E-1	2.521040E+0	1.579479E-1
82.800000	3.471194E-1	2.517813E+0	1.955739E-1
82.900000	3.421040E-1	2.518459E+0	1.579479E-1
83.000000	3.521347E-1	2.519749E+0	1.704899E-1
83.100000	3.421040E-1	2.574609E+0	3.636370E-1
83.200000	3.471194E-1	2.682393E+0	9.255194E-1
83.300000	3.496270E-1	2.867625E+0	2.026709E+0
83.400000	3.421040E-1	3.081901E+0	2.538423E+0
83.500000	3.471194E-1	3.278106E+0	3.127898E+0
83.600000	3.421040E-1	3.389116E+0	3.228234E+0
83.700000	3.471194E-1	3.460111E+0	3.127898E+0
83.800000	3.521347E-1	3.500126E+0	2.972377E+0
83.900000	3.471194E-1	3.554341E+0	3.270877E+0
84.000000	3.395963E-1	3.617591E+0	3.060171E+0
84.100000	3.446117E-1	3.698267E+0	3.193116E+0
84.200000	3.521347E-1	3.711175E+0	3.135423E+0
84.300000	3.471194E-1	3.727311E+0	2.929734E+0
84.400000	3.471194E-1	3.742155E+0	2.894616E+0
84.500000	3.421040E-1	3.727311E+0	2.856990E+0
84.600000	3.521347E-1	3.713757E+0	2.874549E+0
84.700000	3.521347E-1	3.727311E+0	3.004986E+0
84.800000	3.521347E-1	3.746028E+0	3.140440E+0
84.900000	3.496270E-1	3.763454E+0	3.045120E+0
85.000000	3.446117E-1	3.791206E+0	3.260843E+0
85.100000	3.421040E-1	3.835739E+0	3.125389E+0
85.200000	3.496270E-1	3.884791E+0	3.366196E+0
85.300000	3.471194E-1	3.932551E+0	3.436431E+0
85.400000	3.521347E-1	3.976439E+0	3.639612E+0
85.500000	3.496270E-1	3.989347E+0	3.594461E+0
85.600000	3.471194E-1	3.981602E+0	3.556835E+0
85.700000	3.395963E-1	3.992574E+0	3.544293E+0
85.800000	3.521347E-1	4.031299E+0	3.617036E+0
85.900000	3.496270E-1	4.078413E+0	3.692289E+0
86.000000	3.496270E-1	4.136500E+0	3.772558E+0
86.100000	3.546424E-1	4.176516E+0	3.895469E+0
86.200000	3.546424E-1	4.228148E+0	4.000822E+0
86.300000	3.521347E-1	4.231375E+0	2.947293E+0
86.400000	3.421040E-1	4.256546E+0	2.899633E+0
86.500000	3.471194E-1	4.230085E+0	2.851973E+0
86.600000	3.471194E-1	4.193942E+0	2.922209E+0
86.700000	3.496270E-1	4.142309E+0	2.806822E+0
86.800000	3.521347E-1	4.105521E+0	2.819364E+0
86.900000	3.421040E-1	4.111975E+0	2.789263E+0
87.000000	3.395963E-1	4.104875E+0	2.821873E+0
87.100000	3.421040E-1	4.116493E+0	2.869532E+0
87.200000	3.496270E-1	4.108748E+0	2.879566E+0
87.300000	3.471194E-1	4.108748E+0	2.889599E+0
87.400000	3.496270E-1	4.118429E+0	2.899633E+0
87.500000	3.471194E-1	4.128755E+0	2.892108E+0
87.600000	3.395963E-1	4.143600E+0	2.964852E+0
87.700000	3.496270E-1	4.165544E+0	2.909667E+0
87.800000	3.496270E-1	4.166835E+0	2.854482E+0
87.900000	3.395963E-1	4.161026E+0	2.779230E+0
88.000000	3.471194E-1	4.163607E+0	2.899633E+0
88.100000	3.471194E-1	4.140373E+0	2.917192E+0
88.200000	3.446117E-1	4.115847E+0	2.796788E+0
88.300000	3.471194E-1	4.134564E+0	2.816856E+0
88.400000	3.471194E-1	4.088740E+0	2.754146E+0
88.500000	3.471194E-1	4.075186E+0	2.789263E+0
88.600000	3.546424E-1	4.123592E+0	2.779230E+0
88.700000	3.546424E-1	4.135209E+0	2.834415E+0
88.800000	3.421040E-1	4.143600E+0	2.859499E+0
88.900000	3.521347E-1	4.168771E+0	2.794280E+0
89.000000	3.471194E-1	4.179743E+0	2.806822E+0
89.100000	3.471194E-1	4.119720E+0	2.887091E+0
89.200000	3.496270E-1	4.071959E+0	2.864515E+0
89.300000	3.421040E-1	4.067441E+0	2.909667E+0
89.400000	3.421040E-1	4.057760E+0	2.877057E+0
89.500000	3.521347E-1	4.015809E+0	2.829398E+0
89.600000	3.546424E-1	3.966112E+0	2.849465E+0
89.700000	3.521347E-1	3.906089E+0	2.839431E+0
89.800000	3.395963E-1	3.846711E+0	2.729062E+0
89.900000	3.421040E-1	3.784107E+0	2.841940E+0
90.000000	3.496270E-1	3.729892E+0	2.764179E+0
90.100000	3.521347E-1	3.651152E+0	2.611167E+0
90.200000	3.546424E-1	3.569831E+0	2.613675E+0
90.300000	3.471194E-1	3.473665E+0	2.578557E+0
90.400000	3.471194E-1	3.353619E+0	2.425545E+0
90.500000	3.496270E-1	3.254871E+0	2.402969E+0
90.600000	3.496270E-1	3.183876E+0	2.219856E+0
90.700000	3.521347E-1	3.125789E+0	2.046776E+0
90.800000	3.471194E-1	3.056085E+0	1.951456E+0
90.900000	3.421040E-1	2.971536E+0	1.866171E+0
91.000000	3.521347E-1	2.931521E+0	1.898780E+0
91.100000	3.471194E-1	2.895378E+0	1.856137E+0
91.200000	3.471194E-1	2.826964E+0	1.695599E+0
91.300000	3.471194E-1	2.749515E+0	1.522519E+0
91.400000	3.496270E-1	2.695946E+0	1.321847E+0
91.500000	3.496270E-1	2.672066E+0	1.266662E+0
91.600000	3.471194E-1	2.647541E+0	1.131208E+0
91.700000	3.496270E-1	2.621724E+0	8.051160E-1
91.800000	3.471194E-1	2.603007E+0	6.521034E-1
91.900000	3.471194E-1	2.597199E+0	8.151496E-1
92.000000	3.471194E-1	2.597199E+0	9.756875E-1
92.100000	3.521347E-1	2.629469E+0	1.060973E+0
92.200000	3.521347E-1	2.655931E+0	9.205026E-1
92.300000	3.521347E-1	2.670775E+0	1.111141E+0
92.400000	3.496270E-1	2.692074E+0	1.071007E+0
92.500000	3.496270E-1	2.735316E+0	3.100305E+0
92.600000	3.471194E-1	2.808247E+0	3.418873E+0
92.700000	3.496270E-1	2.896023E+0	3.303486E+0
92.800000	3.421040E-1	2.966373E+0	3.200641E+0
92.900000	3.395963E-1	3.058666E+0	3.391280E+0
93.000000	3.421040E-1	3.149024E+0	3.486599E+0
93.100000	3.395963E-1	3.225827E+0	2.887091E+0
93.200000	3.521347E-1	3.292305E+0	3.248301E+0
93.300000	3.395963E-1	3.378144E+0	3.373721E+0
93.400000	3.521347E-1	3.452366E+0	3.910520E+0
93.500000	3.421040E-1	3.533042E+0	3.423889E+0
93.600000	3.521347E-1	3.582093E+0	3.233251E+0
93.700000	3.471194E-1	3.608555E+0	3.624562E+0
93.800000	3.471194E-1	3.613719E+0	3.785100E+0
93.900000	3.546424E-1	3.631790E+0	3.321045E+0
94.000000	3.496270E-1	3.644053E+0	3.353654E+0
94.100000	3.471194E-1	3.687941E+0	3.667205E+0
94.200000	3.421040E-1	3.713757E+0	3.677238E+0
94.300000	3.521347E-1	3.724729E+0	3.080238E+0
94.400000	3.521347E-1	3.705367E+0	2.939768E+0
94.500000	3.546424E-1	3.644053E+0	3.464024E+0
94.600000	3.496270E-1	3.549178E+0	3.371213E+0
94.700000	3.471194E-1	3.402670E+0	3.130406E+0
94.800000	3.521347E-1	3.258098E+0	3.652154E+0
94.900000	3.521347E-1	3.134179E+0	3.739948E+0
95.000000	3.395963E-1	2.981863E+0	2.606150E+0
95.100000	3.421040E-1	2.882470E+0	2.851973E+0
95.200000	3.546424E-1	2.792758E+0	3.491616E+0
95.300000	3.521347E-1	2.730153E+0	3.383755E+0
95.400000	3.471194E-1	2.666257E+0	1.068498E+0
95.500000	3.395963E-1	2.621079E+0	9.556202E-1
95.600000	3.521347E-1	2.586227E+0	6.621370E-1
95.700000	3.496270E-1	2.575900E+0	5.367168E-1
95.800000	3.521347E-1	2.563637E+0	6.521034E-1
95.900000	3.521347E-1	2.544920E+0	3.611286E-1
96.000000	3.471194E-1	2.538466E+0	3.962462E-1
96.100000	3.446117E-1	2.545566E+0	3.786874E-1
96.200000	3.421040E-1	2.539757E+0	3.711622E-1
96.300000	3.496270E-1	2.541048E+0	3.736706E-1
96.400000	3.521347E-1	2.555892E+0	4.664815E-1
96.500000	3.496270E-1	2.577191E+0	7.223387E-1
96.600000	3.521347E-1	2.604944E+0	7.574564E-1
96.700000	3.521347E-1	2.632051E+0	7.449143E-1
96.800000	3.471194E-1	2.659158E+0	9.280278E-1
96.900000	3.521347E-1	2.697882E+0	3.082747E+0
97.000000	3.496270E-1	2.725635E+0	2.603641E+0
97.100000	3.471194E-1	2.755969E+0	2.806822E+0
97.200000	3.421040E-1	2.754679E+0	2.796788E+0
97.300000	3.521347E-1	2.746934E+0	2.826889E+0
97.400000	3.471194E-1	2.746288E+0	3.107831E+0
97.500000	3.421040E-1	2.749515E+0	3.300978E+0
97.600000	3.471194E-1	2.747579E+0	3.328570E+0
97.700000	3.471194E-1	2.737252E+0	2.754146E+0
97.800000	3.471194E-1	2.723053E+0	3.150473E+0
97.900000	3.471194E-1	2.692074E+0	2.548457E+0
98.000000	3.521347E-1	2.657867E+0	1.093582E+0
98.100000	3.471194E-1	2.635278E+0	1.078532E+0
98.200000	3.521347E-1	2.610107E+0	9.205026E-1
98.300000	3.395963E-1	2.587517E+0	6.671538E-1
98.400000	3.421040E-1	2.566864E+0	5.317000E-1
98.500000	3.496270E-1	2.554602E+0	6.897295E-1
98.600000	3.471194E-1	2.552020E+0	5.241748E-1
98.700000	3.421040E-1	2.552665E+0	5.417336E-1
98.800000	3.521347E-1	2.555892E+0	6.019353E-1
98.900000	3.471194E-1	2.573964E+0	6.019353E-1
99.000000	3.521347E-1	2.609461E+0	7.499311E-1
99.100000	3.521347E-1	2.639796E+0	1.053448E+0
99.200000	3.521347E-1	2.648186E+0	1.294255E+0
99.300000	3.421040E-1	2.650122E+0	1.176360E+0
99.400000	3.496270E-1	2.653349E+0	1.163818E+0
99.500000	3.546424E-1	2.668194E+0	2.746620E+0
99.600000	3.471194E-1	2.704337E+0	3.042612E+0
99.700000	3.395963E-1	2.734025E+0	2.749129E+0
99.800000	3.471194E-1	2.734025E+0	2.490763E+0
99.900000	3.496270E-1	2.734025E+0	2.576049E+0
100.000000	3.521347E-1	2.733380E+0	2.470696E+0
100.100000	3.471194E-1	2.728862E+0	2.576049E+0
100.200000	3.521347E-1	2.723053E+0	2.478221E+0
100.300000	3.496270E-1	2.720472E+0	2.611167E+0
100.400000	3.496270E-1	2.717245E+0	2.475713E+0
100.500000	3.471194E-1	2.697237E+0	1.525028E+0
100.600000	3.496270E-1	2.696592E+0	1.249103E+0
100.700000	3.496270E-1	2.692074E+0	1.121175E+0
100.800000	3.421040E-1	2.676584E+0	8.929102E-1
100.900000	3.496270E-1	2.671421E+0	9.982631E-1
101.000000	3.521347E-1	2.699819E+0	1.339406E+0
101.100000	3.395963E-1	2.735962E+0	1.512486E+0
101.200000	3.421040E-1	2.751451E+0	1.472351E+0
101.300000	3.421040E-1	2.703691E+0	1.078532E+0
101.400000	3.421040E-1	2.683038E+0	2.756654E+0
101.500000	3.395963E-1	2.655931E+0	1.013314E+0
101.600000	3.496270E-1	2.619143E+0	1.023347E+0
101.700000	3.521347E-1	2.588163E+0	9.756875E-1
101.800000	3.471194E-1	2.565574E+0	5.091244E-1
101.900000	3.546424E-1	2.542984E+0	3.385530E-1
102.000000	3.521347E-1	2.526204E+0	3.285193E-1
102.100000	3.471194E-1	2.521040E+0	2.332000E-1
102.200000	3.471194E-1	2.521040E+0	1.855403E-1
102.300000	3.421040E-1	2.519749E+0	2.056076E-1
102.400000	3.421040E-1	2.519104E+0	2.382168E-1
102.500000	3.471194E-1	2.520395E+0	2.407252E-1
102.600000	3.496270E-1	2.521686E+0	2.507588E-1
102.700000	3.471194E-1	2.535239E+0	3.360446E-1
102.800000	3.471194E-1	2.547502E+0	3.460782E-1
102.900000	3.395963E-1	2.559765E+0	4.714983E-1
103.000000	3.471194E-1	2.583000E+0	5.216664E-1
103.100000	3.496270E-1	2.624951E+0	5.517673E-1
103.200000	3.521347E-1	2.650122E+0	6.370530E-1
103.300000	3.521347E-1	2.682393E+0	9.255194E-1
103.400000	3.496270E-1	2.726926E+0	9.832127E-1
103.500000	3.521347E-1	2.759842E+0	2.094435E+0
103.600000	3.421040E-1	2.777913E+0	2.310158E+0
103.700000	3.471194E-1	2.795985E+0	1.994099E+0
103.800000	3.521347E-1	2.785013E+0	1.562654E+0
103.900000	3.521347E-1	2.782431E+0	1.720683E+0
104.000000	3.496270E-1	2.774041E+0	1.888746E+0
104.100000	3.421040E-1	2.759196E+0	2.009150E+0
104.200000	3.421040E-1	2.738543E+0	1.394591E+0
104.300000	3.471194E-1	2.730798E+0	1.143751E+0
104.400000	3.471194E-1	2.708209E+0	9.882295E-1
104.500000	3.421040E-1	2.688201E+0	1.148767E+0
104.600000	3.471194E-1	2.648831E+0	9.556202E-1
104.700000	3.546424E-1	2.637859E+0	8.302001E-1
104.800000	3.496270E-1	2.639150E+0	8.527757E-1
104.900000	3.421040E-1	2.643668E+0	8.527757E-1
105.000000	3.496270E-1	2.658512E+0	8.577925E-1
105.100000	3.471194E-1	2.681747E+0	1.035889E+0
105.200000	3.471194E-1	2.723053E+0	1.181377E+0
105.300000	3.496270E-1	2.769523E+0	2.387919E+0
105.400000	3.395963E-1	2.812765E+0	1.216494E+0
105.500000	3.421040E-1	2.845036E+0	2.101961E+0
105.600000	3.471194E-1	2.914095E+0	3.250810E+0
105.700000	3.421040E-1	2.966373E+0	2.438087E+0
105.800000	3.471194E-1	3.004452E+0	2.693944E+0
105.900000	3.471194E-1	3.065120E+0	2.716520E+0
106.000000	3.521347E-1	3.130307E+0	2.229889E+0
106.100000	3.496270E-1	3.178067E+0	1.881221E+0
106.200000	3.496270E-1	3.205174E+0	2.172196E+0
106.300000	3.496270E-1	3.251644E+0	2.096944E+0
106.400000	3.521347E-1	3.314249E+0	2.292599E+0
106.500000	3.395963E-1	3.314249E+0	2.300125E+0
106.600000	3.421040E-1	3.308440E+0	2.272532E+0
106.700000	3.471194E-1	3.337483E+0	2.332734E+0
106.800000	3.395963E-1	3.374272E+0	2.425545E+0
106.900000	3.521347E-1	3.368463E+0	2.239923E+0
107.000000	3.471194E-1	3.368463E+0	2.448120E+0
107.100000	3.446117E-1	3.389761E+0	2.272532E+0
107.200000	3.521347E-1	3.409124E+0	2.350293E+0
107.300000	3.496270E-1	3.434295E+0	2.478221E+0
107.400000	3.421040E-1	3.465920E+0	2.518356E+0
107.500000	3.546424E-1	3.504644E+0	2.678894E+0
107.600000	3.421040E-1	3.538206E+0	2.716520E+0
107.700000	3.421040E-1	3.588548E+0	2.729062E+0
107.800000	3.471194E-1	3.636308E+0	2.904650E+0
107.900000	3.521347E-1	3.654379E+0	2.836923E+0
108.000000	3.521347E-1	3.656961E+0	2.882074E+0
108.100000	3.471194E-1	3.653734E+0	2.841940E+0
108.200000	3.471194E-1	3.656316E+0	2.781738E+0
108.300000	3.521347E-1	3.670515E+0	2.834415E+0
108.400000	3.421040E-1	3.678260E+0	2.849465E+0
108.500000	3.471194E-1	3.692459E+0	2.882074E+0
108.600000	3.521347E-1	3.712466E+0	2.877057E+0
108.700000	3.471194E-1	3.731829E+0	2.874549E+0
108.800000	3.546424E-1	3.744737E+0	2.751637E+0
108.900000	3.421040E-1	3.763454E+0	2.839431E+0
109.000000	3.471194E-1	3.755709E+0	2.676385E+0
109.100000	3.471194E-1	3.764744E+0	2.874549E+0
109.200000	3.471194E-1	3.769908E+0	2.786755E+0
109.300000	3.395963E-1	3.749255E+0	2.839431E+0
109.400000	3.521347E-1	3.707948E+0	3.025053E+0
109.500000	3.471194E-1	3.705367E+0	3.443957E+0
109.600000	3.471194E-1	3.701494E+0	3.130406E+0
109.700000	3.496270E-1	3.720857E+0	3.087763E+0
109.800000	3.395963E-1	3.722147E+0	3.057662E+0
109.900000	3.496270E-1	3.716984E+0	3.055154E+0
110.000000	3.471194E-1	3.716984E+0	2.979902E+0
110.100000	3.471194E-1	3.711821E+0	3.283419E+0
110.200000	3.471194E-1	3.707303E+0	3.215692E+0
110.300000	3.471194E-1	3.718275E+0	3.521717E+0
110.400000	3.471194E-1	3.721502E+0	3.604494E+0
110.500000	3.395963E-1	3.713757E+0	3.584427E+0
110.600000	3.521347E-1	3.718275E+0	3.601986E+0
110.700000	3.496270E-1	3.736346E+0	3.459007E+0
110.800000	3.421040E-1	3.746028E+0	3.576902E+0
110.900000	3.471194E-1	3.755709E+0	3.584427E+0
111.000000	3.521347E-1	3.751191E+0	3.619545E+0
111.100000	3.471194E-1	3.737637E+0	3.599478E+0
111.200000	3.521347E-1	3.695040E+0	3.446465E+0
111.300000	3.471194E-1	3.692459E+0	3.516700E+0
111.400000	3.496270E-1	3.708594E+0	3.456499E+0
111.500000	3.471194E-1	3.727956E+0	3.421381E+0
111.600000	3.471194E-1	3.740219E+0	3.459007E+0
111.700000	3.446117E-1	3.753127E+0	3.438940E+0
111.800000	3.496270E-1	3.759581E+0	3.441448E+0
111.900000	3.446117E-1	3.755709E+0	3.471549E+0
112.000000	3.471194E-1	3.733119E+0	3.494125E+0
112.100000	3.471194E-1	3.714402E+0	3.541784E+0
112.200000	3.421040E-1	3.733765E+0	3.521717E+0
112.300000	3.421040E-1	3.747318E+0	3.536768E+0
112.400000	3.496270E-1	3.746673E+0	3.551818E+0
112.500000	3.521347E-1	3.758290E+0	3.504158E+0
112.600000	3.496270E-1	3.768617E+0	3.599478E+0
112.700000	3.471194E-1	3.786688E+0	3.566868E+0
112.800000	3.521347E-1	3.791206E+0	3.501650E+0
112.900000	3.471194E-1	3.777653E+0	3.642121E+0
113.000000	3.496270E-1	3.745382E+0	3.674730E+0
113.100000	3.471194E-1	3.628563E+0	3.509175E+0
113.200000	3.471194E-1	3.520780E+0	3.589444E+0
113.300000	3.496270E-1	3.468501E+0	3.506667E+0
113.400000	3.521347E-1	3.498190E+0	3.742457E+0
113.500000	3.421040E-1	3.527234E+0	3.303486E+0
113.600000	3.546424E-1	3.535624E+0	3.351146E+0
113.700000	3.496270E-1	3.516907E+0	3.443957E+0
113.800000	3.471194E-1	3.465920E+0	3.534259E+0
113.900000	3.446117E-1	3.461402E+0	3.571885E+0
114.000000	3.521347E-1	3.472374E+0	3.591952E+0
114.100000	3.471194E-1	3.507226E+0	3.571885E+0
114.200000	3.471194E-1	3.584030E+0	3.569377E+0
114.300000	3.421040E-1	3.649861E+0	3.734931E+0
114.400000	3.446117E-1	3.698913E+0	3.827742E+0
114.500000	3.421040E-1	3.707948E+0	3.840284E+0
114.600000	3.471194E-1	3.707948E+0	3.852826E+0
114.700000	3.471194E-1	3.727311E+0	3.817709E+0
114.800000	3.421040E-1	3.763454E+0	3.830251E+0
114.900000	3.521347E-1	3.837030E+0	4.025906E+0
115.000000	3.521347E-1	3.911898E+0	4.221562E+0
115.100000	3.471194E-1	3.982247E+0	4.073566E+0
115.200000	3.471194E-1	4.044852E+0	4.178919E+0
115.300000	3.521347E-1	4.093258E+0	3.810184E+0
115.400000	3.496270E-1	4.126174E+0	3.652154E+0
115.500000	3.496270E-1	4.160380E+0	3.627070E+0
115.600000	3.471194E-1	4.185551E+0	3.604494E+0
115.700000	3.395963E-1	4.207495E+0	3.373721E+0
115.800000	3.496270E-1	4.241057E+0	3.338604E+0
115.900000	3.521347E-1	4.281072E+0	3.519209E+0
116.000000	3.471194E-1	4.302371E+0	3.481583E+0
116.100000	3.521347E-1	4.309470E+0	3.476566E+0
116.200000	3.421040E-1	4.328832E+0	3.521717E+0
116.300000	3.471194E-1	4.339159E+0	3.521717E+0
116.400000	3.521347E-1	4.358521E+0	3.591952E+0
116.500000	3.521347E-1	4.364975E+0	3.709847E+0
116.600000	3.471194E-1	4.364975E+0	3.569377E+0
116.700000	3.421040E-1	4.370139E+0	3.664696E+0
116.800000	3.471194E-1	4.387565E+0	3.709847E+0
116.900000	3.521347E-1	4.402409E+0	3.785100E+0
117.000000	3.521347E-1	4.406927E+0	3.772558E+0
117.100000	3.421040E-1	4.406281E+0	3.862860E+0
117.200000	3.471194E-1	4.412736E+0	3.762524E+0
117.300000	3.471194E-1	4.390792E+0	3.875402E+0
117.400000	3.471194E-1	4.408863E+0	3.423889E+0
117.500000	3.471194E-1	4.426289E+0	3.622053E+0
117.600000	3.521347E-1	4.446942E+0	3.642121E+0
117.700000	3.471194E-1	4.461787E+0	3.707339E+0
117.800000	3.395963E-1	4.437907E+0	3.722389E+0
117.900000	3.471194E-1	4.348840E+0	3.812692E+0
118.000000	3.496270E-1	4.273327E+0	3.860352E+0
118.100000	3.521347E-1	4.240411E+0	3.805167E+0
118.200000	3.471194E-1	4.204914E+0	3.827742E+0
118.300000	3.521347E-1	4.168125E+0	3.822726E+0
118.400000	3.471194E-1	4.140373E+0	3.802658E+0
118.500000	3.471194E-1	4.142954E+0	3.810184E+0
118.600000	3.496270E-1	4.160380E+0	3.825234E+0
118.700000	3.471194E-1	4.164898E+0	3.840284E+0
118.800000	3.521347E-1	4.177806E+0	3.847810E+0
118.900000	3.471194E-1	4.227503E+0	3.840284E+0
119.000000	3.471194E-1	4.317215E+0	3.870385E+0
119.100000	3.421040E-1	4.378529E+0	3.890452E+0
119.200000	3.521347E-1	4.385628E+0	3.855335E+0
119.300000	3.471194E-1	4.361103E+0	3.857843E+0
119.400000	3.471194E-1	4.273972E+0	3.840284E+0
119.500000	3.471194E-1	4.253319E+0	3.852826E+0
119.600000	3.395963E-1	4.250738E+0	3.857843E+0
119.700000	3.395963E-1	4.170707E+0	3.842793E+0
119.800000	3.471194E-1	3.922870E+0	3.810184E+0
119.900000	3.471194E-1	3.480764E+0	3.845301E+0
120.000000	3.521347E-1	3.143860E+0	3.812692E+0

