0.000000	4.534970E+0	2.517813E+0	5.718345E-1
0.100000	3.521347E-1	2.518459E+0	5.793597E-1
0.200000	3.521347E-1	2.518459E+0	5.818681E-1
0.300000	3.521347E-1	2.517813E+0	5.793597E-1
0.400000	3.395963E-1	2.518459E+0	5.693261E-1
0.500000	3.521347E-1	2.517813E+0	5.768513E-1
0.600000	3.395963E-1	2.517813E+0	5.668177E-1
0.700000	3.521347E-1	2.518459E+0	5.793597E-1
0.800000	3.395963E-1	2.518459E+0	5.693261E-1
0.900000	3.521347E-1	2.516522E+0	5.718345E-1
1.000000	3.521347E-1	2.518459E+0	5.793597E-1
1.100000	3.471194E-1	2.519104E+0	5.743429E-1
1.200000	3.521347E-1	2.518459E+0	5.743429E-1
1.300000	3.471194E-1	2.520395E+0	5.768513E-1
1.400000	3.521347E-1	2.536530E+0	8.603009E-1
1.500000	3.421040E-1	2.563637E+0	1.216494E+0
1.600000	3.395963E-1	2.613979E+0	2.468188E+0
1.700000	3.395963E-1	2.666257E+0	2.661335E+0
1.800000	3.496270E-1	2.725635E+0	2.839431E+0
1.900000	3.521347E-1	2.771459E+0	3.130406E+0
2.000000	3.395963E-1	2.797276E+0	3.042612E+0
2.100000	3.521347E-1	2.848263E+0	3.007494E+0
2.200000	3.471194E-1	2.897314E+0	3.321045E+0
2.300000	3.395963E-1	2.963146E+0	3.278402E+0
2.400000	3.471194E-1	3.038013E+0	3.571885E+0
2.500000	3.471194E-1	3.107718E+0	3.629578E+0
2.600000	3.521347E-1	3.176131E+0	3.644629E+0
2.700000	3.471194E-1	3.281333E+0	4.304339E+0
2.800000	3.496270E-1	3.377499E+0	4.148818E+0
2.900000	3.496270E-1	3.485282E+0	4.688125E+0
3.000000	3.521347E-1	3.589193E+0	4.622906E+0
3.100000	3.421040E-1	3.694395E+0	4.434776E+0
3.200000	3.521347E-1	3.793142E+0	4.833612E+0
3.300000	3.471194E-1	3.888018E+0	4.836121E+0
3.400000	3.421040E-1	3.953204E+0	4.808528E+0
3.500000	3.471194E-1	4.034526E+0	4.793478E+0
3.600000	3.521347E-1	4.106166E+0	4.836121E+0
3.700000	3.521347E-1	4.170707E+0	4.565213E+0
3.800000	3.395963E-1	4.210077E+0	4.625415E+0
3.900000	3.471194E-1	4.265582E+0	4.612873E+0
4.000000	3.496270E-1	4.304952E+0	4.765885E+0
4.100000	3.471194E-1	4.327541E+0	4.655516E+0
4.200000	3.521347E-1	4.375302E+0	4.535112E+0
4.300000	3.521347E-1	4.443070E+0	4.505011E+0
4.400000	3.471194E-1	4.501802E+0	4.647990E+0
4.500000	3.521347E-1	4.531491E+0	4.745818E+0
4.600000	3.471194E-1	4.590869E+0	4.640465E+0
4.700000	3.446117E-1	4.667027E+0	4.655516E+0
4.800000	3.395963E-1	4.684453E+0	4.615381E+0
4.900000	3.471194E-1	4.733504E+0	4.557688E+0
5.000000	3.471194E-1	4.791591E+0	4.560196E+0
5.100000	3.521347E-1	4.789655E+0	4.600331E+0
5.200000	3.471194E-1	4.778037E+0	4.540129E+0
5.300000	3.521347E-1	4.662509E+0	4.545146E+0
5.400000	3.521347E-1	4.694134E+0	4.522570E+0
5.500000	3.471194E-1	4.731568E+0	4.555179E+0
5.600000	3.521347E-1	4.772874E+0	4.525079E+0
5.700000	3.446117E-1	4.799336E+0	4.525079E+0
5.800000	3.521347E-1	4.807081E+0	4.522570E+0
5.900000	3.521347E-1	4.812889E+0	4.520062E+0
6.000000	3.471194E-1	4.816762E+0	4.545146E+0
6.100000	3.521347E-1	4.850323E+0	4.530095E+0
6.200000	3.521347E-1	4.898729E+0	4.560196E+0
6.300000	3.471194E-1	4.957461E+0	4.527587E+0
6.400000	3.496270E-1	5.025875E+0	4.655516E+0
6.500000	3.395963E-1	5.054273E+0	4.693142E+0
6.600000	3.471194E-1	5.056209E+0	4.658024E+0
6.700000	3.471194E-1	5.058145E+0	4.640465E+0
6.800000	3.471194E-1	5.058790E+0	4.653007E+0
6.900000	3.471194E-1	5.059436E+0	4.693142E+0
7.000000	3.421040E-1	5.058145E+0	4.552671E+0
7.100000	3.496270E-1	5.056854E+0	4.627923E+0
7.200000	3.471194E-1	5.058145E+0	4.647990E+0
7.300000	3.471194E-1	5.058145E+0	4.635448E+0
7.400000	3.421040E-1	5.058145E+0	4.622906E+0
7.500000	3.395963E-1	5.058790E+0	4.555179E+0
7.600000	3.395963E-1	5.060081E+0	4.582772E+0
7.700000	3.471194E-1	5.058790E+0	4.597822E+0
7.800000	3.521347E-1	5.058790E+0	4.555179E+0
7.900000	3.496270E-1	5.056854E+0	4.575247E+0
8.000000	3.471194E-1	5.056854E+0	4.635448E+0
8.100000	3.471194E-1	5.056854E+0	4.632940E+0
8.200000	3.471194E-1	5.059436E+0	4.617890E+0
8.300000	3.471194E-1	5.060081E+0	4.647990E+0
8.400000	3.521347E-1	5.056854E+0	4.645482E+0
8.500000	3.521347E-1	5.058145E+0	4.587789E+0
8.600000	3.471194E-1	4.972951E+0	4.552671E+0
8.700000	3.471194E-1	4.841287E+0	4.577755E+0
8.800000	3.471194E-1	4.742540E+0	4.575247E+0
8.900000	3.521347E-1	4.646374E+0	4.542637E+0
9.000000	3.471194E-1	4.521810E+0	4.525079E+0
9.100000	3.471194E-1	4.385628E+0	4.502503E+0
9.200000	3.521347E-1	4.246865E+0	4.489961E+0
9.300000	3.395963E-1	4.118429E+0	4.394642E+0
9.400000	3.471194E-1	4.018390E+0	4.422234E+0
9.500000	3.496270E-1	3.928033E+0	4.409692E+0
9.600000	3.471194E-1	3.873173E+0	4.364541E+0
9.700000	3.421040E-1	3.833803E+0	4.339457E+0
9.800000	3.521347E-1	3.804760E+0	4.369558E+0
9.900000	3.471194E-1	3.791852E+0	4.326915E+0
10.000000	3.421040E-1	3.769262E+0	4.346982E+0
10.100000	3.471194E-1	3.757645E+0	4.372066E+0
10.200000	3.521347E-1	3.742155E+0	4.319389E+0
10.300000	3.496270E-1	3.736992E+0	4.367049E+0
10.400000	3.471194E-1	3.724729E+0	4.316881E+0
10.500000	3.521347E-1	3.707303E+0	4.274238E+0
10.600000	3.471194E-1	3.691168E+0	4.389625E+0
10.700000	3.521347E-1	3.667288E+0	4.331932E+0
10.800000	3.471194E-1	3.660188E+0	4.397150E+0
10.900000	3.521347E-1	3.631790E+0	4.382100E+0
11.000000	3.521347E-1	3.589838E+0	4.326915E+0
11.100000	3.471194E-1	3.547887E+0	4.264205E+0
11.200000	3.521347E-1	3.517553E+0	4.311864E+0
11.300000	3.521347E-1	3.492382E+0	4.289289E+0
11.400000	3.521347E-1	3.482055E+0	4.331932E+0
11.500000	3.395963E-1	3.473019E+0	4.334440E+0
11.600000	3.421040E-1	3.453657E+0	4.241629E+0
11.700000	3.521347E-1	3.416869E+0	4.224070E+0
11.800000	3.421040E-1	3.378144E+0	4.221562E+0
11.900000	3.521347E-1	3.340710E+0	4.113700E+0
12.000000	3.521347E-1	3.313603E+0	4.153835E+0
12.100000	3.395963E-1	3.291014E+0	4.156343E+0
12.200000	3.521347E-1	3.260034E+0	4.091125E+0
12.300000	3.471194E-1	3.241963E+0	4.123734E+0
12.400000	3.471194E-1	3.221310E+0	4.043465E+0
12.500000	3.521347E-1	3.202593E+0	4.096142E+0
12.600000	3.471194E-1	3.188394E+0	4.086108E+0
12.700000	3.395963E-1	3.167095E+0	4.081091E+0
12.800000	3.521347E-1	3.138697E+0	4.045973E+0
12.900000	3.471194E-1	3.117399E+0	4.035940E+0
13.000000	3.471194E-1	3.090291E+0	3.980755E+0
13.100000	3.496270E-1	3.090937E+0	4.045973E+0
13.200000	3.471194E-1	3.076738E+0	3.890452E+0
13.300000	3.521347E-1	3.047049E+0	3.862860E+0
13.400000	3.471194E-1	3.012197E+0	3.890452E+0
13.500000	3.471194E-1	2.990898E+0	3.850318E+0
13.600000	3.521347E-1	2.972182E+0	3.787608E+0
13.700000	3.421040E-1	2.962500E+0	3.762524E+0
13.800000	3.496270E-1	2.947656E+0	3.679747E+0
13.900000	3.521347E-1	2.929584E+0	3.624562E+0
14.000000	3.395963E-1	2.923130E+0	3.692289E+0
14.100000	3.395963E-1	2.905704E+0	3.579410E+0
14.200000	3.471194E-1	2.887633E+0	3.677238E+0
14.300000	3.395963E-1	2.871498E+0	3.707339E+0
14.400000	3.471194E-1	2.850199E+0	3.521717E+0
14.500000	3.471194E-1	2.838582E+0	3.531751E+0
14.600000	3.521347E-1	2.815347E+0	3.556835E+0
14.700000	3.395963E-1	2.798566E+0	3.499142E+0
14.800000	3.496270E-1	2.774686E+0	3.356163E+0
14.900000	3.471194E-1	2.757906E+0	3.168032E+0
15.000000	3.471194E-1	2.746288E+0	3.383755E+0
15.100000	3.521347E-1	2.729508E+0	3.371213E+0
15.200000	3.471194E-1	2.712727E+0	3.341112E+0
15.300000	3.471194E-1	2.683038E+0	2.994952E+0
15.400000	3.446117E-1	2.668194E+0	2.796788E+0
15.500000	3.421040E-1	2.654640E+0	2.739095E+0
15.600000	3.421040E-1	2.637859E+0	2.821873E+0
15.700000	3.521347E-1	2.632051E+0	2.867024E+0
15.800000	3.521347E-1	2.624306E+0	2.623709E+0
15.900000	3.471194E-1	2.612043E+0	2.480730E+0
16.000000	3.546424E-1	2.606234E+0	2.327717E+0
16.100000	3.471194E-1	2.604298E+0	2.430562E+0
16.200000	3.496270E-1	2.597844E+0	2.382902E+0
16.300000	3.421040E-1	2.601071E+0	2.433070E+0
16.400000	3.395963E-1	2.595262E+0	2.267515E+0
16.500000	3.471194E-1	2.589454E+0	2.405478E+0
16.600000	3.471194E-1	2.589454E+0	2.443104E+0
16.700000	3.521347E-1	2.587517E+0	2.199788E+0
16.800000	3.471194E-1	2.580418E+0	2.194772E+0
16.900000	3.471194E-1	2.572673E+0	1.886238E+0
17.000000	3.471194E-1	2.565574E+0	2.109486E+0
17.100000	3.395963E-1	2.573318E+0	1.903797E+0
17.200000	3.395963E-1	2.555892E+0	2.039251E+0
17.300000	3.471194E-1	2.548147E+0	1.652956E+0
17.400000	3.471194E-1	2.541693E+0	2.039251E+0
17.500000	3.395963E-1	2.536530E+0	1.753293E+0
17.600000	3.521347E-1	2.536530E+0	1.673024E+0
17.700000	3.395963E-1	2.532012E+0	1.552620E+0
17.800000	3.395963E-1	2.529431E+0	1.866171E+0
17.900000	3.496270E-1	2.526204E+0	1.655465E+0
18.000000	3.546424E-1	2.524267E+0	1.153784E+0
18.100000	3.471194E-1	2.522976E+0	1.873696E+0
18.200000	3.521347E-1	2.519104E+0	1.437234E+0
18.300000	3.521347E-1	2.519104E+0	1.575196E+0
18.400000	3.471194E-1	2.518459E+0	1.148767E+0
18.500000	3.471194E-1	2.518459E+0	1.251612E+0
18.600000	3.421040E-1	2.519104E+0	1.301780E+0
18.700000	3.521347E-1	2.517168E+0	1.241578E+0
18.800000	3.496270E-1	2.519104E+0	8.226749E-1
18.900000	3.521347E-1	2.517168E+0	1.216494E+0
19.000000	3.521347E-1	2.516522E+0	1.206461E+0
19.100000	3.471194E-1	2.519749E+0	1.076024E+0
19.200000	3.471194E-1	2.516522E+0	8.452505E-1
19.300000	3.471194E-1	2.518459E+0	8.377253E-1
19.400000	3.395963E-1	2.520395E+0	1.048431E+0
19.500000	3.395963E-1	2.518459E+0	1.269171E+0
19.600000	3.395963E-1	2.519104E+0	9.255194E-1
19.700000	3.421040E-1	2.519104E+0	9.430782E-1
19.800000	3.521347E-1	2.518459E+0	7.499311E-1
19.900000	3.521347E-1	2.516522E+0	7.875572E-1
20.000000	3.521347E-1	2.519104E+0	9.280278E-1
20.100000	3.521347E-1	2.518459E+0	1.131208E+0
20.200000	3.521347E-1	2.516522E+0	1.183885E+0
20.300000	3.521347E-1	2.517813E+0	9.280278E-1
20.400000	3.471194E-1	2.516522E+0	9.681623E-1
20.500000	3.496270E-1	2.517813E+0	1.191410E+0
20.600000	3.496270E-1	2.518459E+0	9.606371E-1
20.700000	3.496270E-1	2.519749E+0	9.807043E-1
20.800000	3.471194E-1	2.519104E+0	9.129774E-1
20.900000	3.496270E-1	2.517813E+0	6.997631E-1
21.000000	3.471194E-1	2.515877E+0	6.746790E-1
21.100000	3.471194E-1	2.517813E+0	6.746790E-1
21.200000	3.471194E-1	2.517813E+0	9.932463E-1
21.300000	3.471194E-1	2.516522E+0	1.015822E+0
21.400000	3.471194E-1	2.519104E+0	9.430782E-1
21.500000	3.421040E-1	2.519749E+0	9.756875E-1
21.600000	3.471194E-1	2.517813E+0	1.003280E+0
21.700000	3.471194E-1	2.516522E+0	1.111141E+0
21.800000	3.496270E-1	2.519104E+0	9.581286E-1
21.900000	3.521347E-1	2.518459E+0	1.128700E+0
22.000000	3.471194E-1	2.515877E+0	1.040906E+0
22.100000	3.421040E-1	2.519104E+0	1.053448E+0
22.200000	3.471194E-1	2.517813E+0	1.060973E+0
22.300000	3.471194E-1	2.518459E+0	1.048431E+0
22.400000	3.471194E-1	2.516522E+0	1.013314E+0
22.500000	3.496270E-1	2.517813E+0	9.129774E-1
22.600000	3.471194E-1	2.519749E+0	7.072883E-1
22.700000	3.521347E-1	2.517168E+0	7.097967E-1
22.800000	3.471194E-1	2.516522E+0	7.398975E-1
22.900000	3.446117E-1	2.519104E+0	6.872211E-1
23.000000	3.395963E-1	2.519104E+0	8.226749E-1
23.100000	3.395963E-1	2.517813E+0	9.205026E-1
23.200000	3.395963E-1	2.519104E+0	8.703345E-1
23.300000	3.421040E-1	2.517813E+0	9.129774E-1
23.400000	3.395963E-1	2.519749E+0	9.280278E-1
23.500000	3.521347E-1	2.516522E+0	7.750152E-1
23.600000	3.521347E-1	2.518459E+0	6.847127E-1
23.700000	3.421040E-1	2.518459E+0	7.123051E-1
23.800000	3.521347E-1	2.516522E+0	6.646454E-1
23.900000	3.471194E-1	2.518459E+0	7.273555E-1
24.000000	3.471194E-1	2.516522E+0	7.123051E-1
24.100000	3.471194E-1	2.517813E+0	6.546118E-1
24.200000	3.471194E-1	2.518459E+0	6.270194E-1
24.300000	3.521347E-1	2.518459E+0	5.919017E-1
24.400000	3.471194E-1	2.516522E+0	5.818681E-1
24.500000	3.471194E-1	2.517168E+0	5.868849E-1
24.600000	3.546424E-1	2.518459E+0	5.919017E-1
24.700000	3.421040E-1	2.520395E+0	6.019353E-1
24.800000	3.546424E-1	2.519749E+0	6.420698E-1
24.900000	3.471194E-1	2.528785E+0	1.394591E+0
25.000000	3.446117E-1	2.554602E+0	1.276696E+0
25.100000	3.395963E-1	2.591390E+0	1.612822E+0
25.200000	3.521347E-1	2.632051E+0	2.583574E+0
25.300000	3.471194E-1	2.661740E+0	2.372868E+0
25.400000	3.546424E-1	2.705627E+0	2.688927E+0
25.500000	3.521347E-1	2.761778E+0	3.045120E+0
25.600000	3.471194E-1	2.811475E+0	3.331078E+0
25.700000	3.471194E-1	2.849554E+0	3.208167E+0
25.800000	3.471194E-1	2.886987E+0	3.275894E+0
25.900000	3.496270E-1	2.925067E+0	3.353654E+0
26.000000	3.471194E-1	2.956046E+0	3.481583E+0
26.100000	3.471194E-1	2.967018E+0	3.569377E+0
26.200000	3.521347E-1	2.967664E+0	3.509175E+0
26.300000	3.395963E-1	2.960564E+0	3.499142E+0
26.400000	3.521347E-1	2.963791E+0	3.561852E+0
26.500000	3.395963E-1	2.980572E+0	3.659679E+0
26.600000	3.471194E-1	2.997352E+0	3.622053E+0
26.700000	3.471194E-1	2.988317E+0	3.489108E+0
26.800000	3.421040E-1	2.981217E+0	3.438940E+0
26.900000	3.496270E-1	2.990898E+0	3.516700E+0
27.000000	3.471194E-1	2.999289E+0	3.777574E+0
27.100000	3.546424E-1	2.975409E+0	3.534259E+0
27.200000	3.471194E-1	2.943138E+0	3.546801E+0
27.300000	3.471194E-1	2.934748E+0	3.443957E+0
27.400000	3.395963E-1	2.928939E+0	3.539276E+0
27.500000	3.471194E-1	2.954755E+0	3.672221E+0
27.600000	3.395963E-1	2.960564E+0	3.657171E+0
27.700000	3.421040E-1	2.972827E+0	3.682255E+0
27.800000	3.471194E-1	3.027687E+0	3.830251E+0
27.900000	3.471194E-1	3.063830E+0	3.882927E+0
28.000000	3.446117E-1	3.087710E+0	3.815200E+0
28.100000	3.446117E-1	3.129661E+0	3.825234E+0
28.200000	3.421040E-1	3.148378E+0	3.792625E+0
28.300000	3.421040E-1	3.163868E+0	4.301831E+0
28.400000	3.395963E-1	3.190975E+0	4.344474E+0
28.500000	3.521347E-1	3.224537E+0	4.532604E+0
28.600000	3.521347E-1	3.257453E+0	4.462368E+0
28.700000	3.395963E-1	3.298113E+0	4.211528E+0
28.800000	3.421040E-1	3.319412E+0	4.620398E+0
28.900000	3.471194E-1	3.327802E+0	4.251663E+0
29.000000	3.395963E-1	3.332320E+0	4.309356E+0
29.100000	3.471194E-1	3.333611E+0	4.459860E+0
29.200000	3.471194E-1	3.337483E+0	4.487453E+0
29.300000	3.521347E-1	3.328448E+0	4.499995E+0
29.400000	3.521347E-1	3.340065E+0	4.379591E+0
29.500000	3.521347E-1	3.350391E+0	4.341965E+0
29.600000	3.471194E-1	3.370399E+0	4.459860E+0
29.700000	3.471194E-1	3.419450E+0	4.562705E+0
29.800000	3.471194E-1	3.451075E+0	4.484944E+0
29.900000	3.395963E-1	3.483346E+0	4.377083E+0
30.000000	3.471194E-1	3.505290E+0	4.193969E+0
30.100000	3.395963E-1	3.534333E+0	4.204003E+0
30.200000	3.471194E-1	3.560150E+0	4.153835E+0
30.300000	3.471194E-1	3.590484E+0	4.183936E+0
30.400000	3.471194E-1	3.633726E+0	4.467385E+0
30.500000	3.521347E-1	3.668578E+0	4.550163E+0
30.600000	3.395963E-1	3.686004E+0	4.299322E+0
30.700000	3.496270E-1	3.704721E+0	4.214037E+0
30.800000	3.471194E-1	3.739573E+0	4.642974E+0
30.900000	3.395963E-1	3.775716E+0	4.512537E+0
31.000000	3.471194E-1	3.807987E+0	4.515045E+0
31.100000	3.471194E-1	3.838321E+0	4.389625E+0
31.200000	3.471194E-1	3.873819E+0	4.525079E+0
31.300000	3.521347E-1	3.907380E+0	4.444810E+0
31.400000	3.521347E-1	3.958367E+0	4.427251E+0
31.500000	3.521347E-1	3.969339E+0	4.442301E+0
31.600000	3.521347E-1	3.999028E+0	4.459860E+0
31.700000	3.521347E-1	4.024844E+0	4.294305E+0
31.800000	3.421040E-1	4.046788E+0	4.412200E+0
31.900000	3.521347E-1	4.049370E+0	4.384608E+0
32.000000	3.521347E-1	4.114556E+0	4.392133E+0
32.100000	3.521347E-1	4.209432E+0	4.407184E+0
32.200000	3.471194E-1	4.294626E+0	4.442301E+0
32.300000	3.521347E-1	4.354003E+0	4.409692E+0
32.400000	3.496270E-1	4.397891E+0	4.414709E+0
32.500000	3.521347E-1	4.436616E+0	4.419726E+0
32.600000	3.496270E-1	4.416608E+0	4.454843E+0
32.700000	3.471194E-1	4.437261E+0	4.452335E+0
32.800000	3.471194E-1	4.483085E+0	4.452335E+0
32.900000	3.496270E-1	4.533427E+0	4.477419E+0
33.000000	3.471194E-1	4.577315E+0	4.469894E+0
33.100000	3.471194E-1	4.617330E+0	4.479927E+0
33.200000	3.471194E-1	4.643792E+0	4.525079E+0
33.300000	3.471194E-1	4.652828E+0	4.550163E+0
33.400000	3.521347E-1	4.665091E+0	4.532604E+0
33.500000	3.471194E-1	4.718014E+0	4.555179E+0
33.600000	3.421040E-1	4.761902E+0	4.542637E+0
33.700000	3.471194E-1	4.815471E+0	4.525079E+0
33.800000	3.471194E-1	4.840642E+0	4.540129E+0
33.900000	3.496270E-1	4.875494E+0	4.572738E+0
34.000000	3.521347E-1	4.900665E+0	4.600331E+0
34.100000	3.471194E-1	4.952943E+0	4.570230E+0
34.200000	3.471194E-1	4.979405E+0	4.602839E+0
34.300000	3.471194E-1	4.982632E+0	4.585280E+0
34.400000	3.546424E-1	5.022002E+0	4.602839E+0
34.500000	3.471194E-1	4.999413E+0	4.570230E+0
34.600000	3.471194E-1	4.929063E+0	4.587789E+0
34.700000	3.521347E-1	4.804499E+0	4.585280E+0
34.800000	3.521347E-1	4.734149E+0	4.587789E+0
34.900000	3.471194E-1	4.719950E+0	4.580263E+0
35.000000	3.471194E-1	4.721887E+0	4.590297E+0
35.100000	3.521347E-1	4.761902E+0	4.600331E+0
35.200000	3.471194E-1	4.790300E+0	4.592805E+0
35.300000	3.471194E-1	4.839997E+0	4.582772E+0
35.400000	3.496270E-1	4.875494E+0	4.595314E+0
35.500000	3.471194E-1	4.898083E+0	4.625415E+0
35.600000	3.471194E-1	4.910992E+0	4.607856E+0
35.700000	3.471194E-1	4.915510E+0	4.625415E+0
35.800000	3.471194E-1	4.935517E+0	4.562705E+0
35.900000	3.521347E-1	4.963915E+0	4.565213E+0
36.000000	3.471194E-1	5.007803E+0	4.612873E+0
36.100000	3.471194E-1	5.058145E+0	4.580263E+0
36.200000	3.395963E-1	5.060727E+0	4.597822E+0
36.300000	3.395963E-1	5.058790E+0	4.625415E+0
36.400000	3.471194E-1	5.058790E+0	4.640465E+0
36.500000	3.395963E-1	5.060081E+0	4.615381E+0
36.600000	3.395963E-1	5.058145E+0	4.600331E+0
36.700000	3.446117E-1	5.059436E+0	4.620398E+0
36.800000	3.471194E-1	5.058145E+0	4.630432E+0
36.900000	3.395963E-1	5.060081E+0	4.625415E+0
37.000000	3.471194E-1	5.057500E+0	4.622906E+0
37.100000	3.471194E-1	5.056854E+0	4.615381E+0
37.200000	3.471194E-1	5.059436E+0	4.637957E+0
37.300000	3.446117E-1	5.057500E+0	4.622906E+0
37.400000	3.471194E-1	5.060081E+0	4.660532E+0
37.500000	3.471194E-1	5.056209E+0	4.637957E+0
37.600000	3.521347E-1	4.955525E+0	4.610364E+0
37.700000	3.421040E-1	4.834188E+0	4.572738E+0
37.800000	3.395963E-1	4.720596E+0	4.585280E+0
37.900000	3.395963E-1	4.701234E+0	4.565213E+0
38.000000	3.521347E-1	4.689616E+0	4.565213E+0
38.100000	3.421040E-1	4.697361E+0	4.580263E+0
38.200000	3.446117E-1	4.679935E+0	4.590297E+0
38.300000	3.471194E-1	4.682517E+0	4.592805E+0
38.400000	3.521347E-1	4.621848E+0	4.582772E+0
38.500000	3.521347E-1	4.601841E+0	4.552671E+0
38.600000	3.521347E-1	4.607004E+0	4.565213E+0
38.700000	3.421040E-1	4.597968E+0	4.570230E+0
38.800000	3.395963E-1	4.506320E+0	4.527587E+0
38.900000	3.395963E-1	4.433389E+0	4.545146E+0
39.000000	3.395963E-1	4.368202E+0	4.505011E+0
39.100000	3.521347E-1	4.324314E+0	4.515045E+0
39.200000	3.521347E-1	4.270745E+0	4.502503E+0
39.300000	3.471194E-1	4.224921E+0	4.482436E+0
39.400000	3.521347E-1	4.131982E+0	4.474911E+0
39.500000	3.471194E-1	3.969339E+0	4.432268E+0
39.600000	3.446117E-1	3.660188E+0	4.281763E+0
39.700000	3.521347E-1	3.342647E+0	4.239121E+0
39.800000	3.471194E-1	3.090291E+0	3.857843E+0
39.900000	3.395963E-1	2.902477E+0	3.772558E+0
40.000000	3.471194E-1	2.805666E+0	3.484091E+0
40.100000	3.471194E-1	2.754033E+0	3.346129E+0
40.200000	3.471194E-1	2.699819E+0	3.416364E+0
40.300000	3.395963E-1	2.663030E+0	3.127898E+0
40.400000	3.421040E-1	2.655285E+0	2.964852E+0
40.500000	3.446117E-1	2.641086E+0	2.811839E+0
40.600000	3.395963E-1	2.633342E+0	2.839431E+0
40.700000	3.521347E-1	2.617206E+0	2.626217E+0
40.800000	3.521347E-1	2.599780E+0	2.498288E+0
40.900000	3.521347E-1	2.568801E+0	2.445612E+0
41.000000	3.421040E-1	2.547502E+0	1.635398E+0
41.100000	3.446117E-1	2.527494E+0	2.367851E+0
41.200000	3.521347E-1	2.517813E+0	1.356965E+0
41.300000	3.521347E-1	2.518459E+0	2.006641E+0
41.400000	3.521347E-1	2.518459E+0	2.019183E+0
41.500000	3.471194E-1	2.519749E+0	1.871188E+0
41.600000	3.521347E-1	2.517168E+0	1.848612E+0
41.700000	3.471194E-1	2.518459E+0	2.009150E+0
41.800000	3.395963E-1	2.519104E+0	2.026709E+0
41.900000	3.446117E-1	2.519104E+0	1.813494E+0
42.000000	3.446117E-1	2.517168E+0	1.763326E+0
42.100000	3.471194E-1	2.519104E+0	1.976541E+0
42.200000	3.521347E-1	2.518459E+0	1.655465E+0
42.300000	3.370886E-1	2.518459E+0	1.304288E+0
42.400000	3.521347E-1	2.517168E+0	1.291746E+0
42.500000	3.496270E-1	2.516522E+0	1.557637E+0
42.600000	3.496270E-1	2.516522E+0	1.708141E+0
42.700000	3.496270E-1	2.517168E+0	1.572688E+0
42.800000	3.521347E-1	2.518459E+0	1.224019E+0
42.900000	3.395963E-1	2.528785E+0	1.464826E+0
43.000000	3.521347E-1	2.552665E+0	1.733225E+0
43.100000	3.395963E-1	2.610107E+0	2.505814E+0
43.200000	3.521347E-1	2.682393E+0	2.922209E+0
43.300000	3.521347E-1	2.784367E+0	3.280910E+0
43.400000	3.446117E-1	2.915385E+0	3.777574E+0
43.500000	3.421040E-1	3.053503E+0	4.640465E+0
43.600000	3.446117E-1	3.163223E+0	4.605348E+0
43.700000	3.521347E-1	3.283914E+0	4.650499E+0
43.800000	3.471194E-1	3.396861E+0	4.590297E+0
43.900000	3.471194E-1	3.486573E+0	4.660532E+0
44.000000	3.421040E-1	3.549823E+0	4.660532E+0
44.100000	3.471194E-1	3.591775E+0	4.640465E+0
44.200000	3.521347E-1	3.644053E+0	4.658024E+0
44.300000	3.521347E-1	3.724729E+0	4.665549E+0
44.400000	3.471194E-1	3.854456E+0	4.715717E+0
44.500000	3.471194E-1	3.966112E+0	4.637957E+0
44.600000	3.446117E-1	4.046788E+0	4.690633E+0
44.700000	3.496270E-1	4.136500E+0	4.743310E+0
44.800000	3.521347E-1	4.192005E+0	4.738293E+0
44.900000	3.521347E-1	4.230730E+0	4.745818E+0
45.000000	3.471194E-1	4.314633E+0	4.730768E+0
45.100000	3.421040E-1	4.425644E+0	4.680600E+0
45.200000	3.471194E-1	4.471468E+0	4.798495E+0
45.300000	3.521347E-1	4.529555E+0	4.530095E+0
45.400000	3.395963E-1	4.592159E+0	4.432268E+0
45.500000	3.471194E-1	4.665736E+0	4.499995E+0
45.600000	3.395963E-1	4.723178E+0	4.464877E+0
45.700000	3.446117E-1	4.787718E+0	4.494978E+0
45.800000	3.471194E-1	4.867749E+0	4.484944E+0
45.900000	3.395963E-1	4.906474E+0	4.515045E+0
46.000000	3.521347E-1	4.963915E+0	4.560196E+0
46.100000	3.471194E-1	4.980696E+0	4.542637E+0
46.200000	3.395963E-1	4.943262E+0	4.505011E+0
46.300000	3.395963E-1	4.888402E+0	4.522570E+0
46.400000	3.471194E-1	4.755448E+0	4.547654E+0
46.500000	3.521347E-1	4.567634E+0	4.527587E+0
46.600000	3.471194E-1	4.267518E+0	4.522570E+0
46.700000	3.471194E-1	3.773780E+0	4.321898E+0
46.800000	3.521347E-1	3.625981E+0	4.271730E+0
46.900000	3.471194E-1	3.518198E+0	4.256679E+0
47.000000	3.395963E-1	3.420096E+0	4.141293E+0
47.100000	3.521347E-1	3.347810E+0	4.181427E+0
47.200000	3.496270E-1	3.265197E+0	4.066041E+0
47.300000	3.471194E-1	3.196139E+0	4.020889E+0
47.400000	3.496270E-1	3.123207E+0	4.010856E+0
47.500000	3.496270E-1	3.094809E+0	3.920553E+0
47.600000	3.471194E-1	3.030914E+0	3.900486E+0
47.700000	3.471194E-1	2.939911E+0	3.780083E+0
47.800000	3.395963E-1	2.859235E+0	3.541784E+0
47.900000	3.471194E-1	2.783722E+0	3.539276E+0
48.000000	3.471194E-1	2.740479E+0	3.070204E+0
48.100000	3.395963E-1	2.724344E+0	3.238268E+0
48.200000	3.471194E-1	2.695946E+0	3.020036E+0
48.300000	3.395963E-1	2.671421E+0	2.839431E+0
48.400000	3.521347E-1	2.649477E+0	2.856990E+0
48.500000	3.471194E-1	2.627533E+0	2.781738E+0
48.600000	3.446117E-1	2.613979E+0	2.578557E+0
48.700000	3.521347E-1	2.592035E+0	2.337751E+0
48.800000	3.421040E-1	2.588808E+0	2.365343E+0
48.900000	3.446117E-1	2.573964E+0	1.941423E+0
49.000000	3.521347E-1	2.556538E+0	1.542587E+0
49.100000	3.521347E-1	2.540403E+0	1.961490E+0
49.200000	3.446117E-1	2.528140E+0	1.795935E+0
49.300000	3.471194E-1	2.519749E+0	1.477368E+0
49.400000	3.496270E-1	2.518459E+0	1.630381E+0
49.500000	3.496270E-1	2.519749E+0	1.309305E+0
49.600000	3.395963E-1	2.517813E+0	1.680549E+0
49.700000	3.521347E-1	2.517168E+0	1.457301E+0
49.800000	3.471194E-1	2.516522E+0	1.778377E+0
49.900000	3.471194E-1	2.519749E+0	1.334389E+0
50.000000	3.446117E-1	2.542984E+0	1.813494E+0
50.100000	3.395963E-1	2.581063E+0	2.287583E+0
50.200000	3.421040E-1	2.728862E+0	3.107831E+0
50.300000	3.521347E-1	2.967664E+0	4.675583E+0
50.400000	3.496270E-1	3.360718E+0	4.321898E+0
50.500000	3.521347E-1	3.775071E+0	4.321898E+0
50.600000	3.521347E-1	4.048079E+0	4.372066E+0
50.700000	3.471194E-1	4.253965E+0	4.349490E+0
50.800000	3.421040E-1	4.565698E+0	4.517553E+0
50.900000	3.496270E-1	4.985214E+0	4.510028E+0
51.000000	3.421040E-1	5.060081E+0	4.595314E+0
51.100000	3.521347E-1	5.058790E+0	4.607856E+0
51.200000	3.521347E-1	5.058790E+0	4.595314E+0
51.300000	3.395963E-1	4.860650E+0	4.535112E+0
51.400000	3.471194E-1	3.956431E+0	4.354507E+0
51.500000	3.446117E-1	3.418805E+0	4.341965E+0
51.600000	3.521347E-1	3.120626E+0	4.409692E+0
51.700000	3.446117E-1	2.892796E+0	4.173902E+0
51.800000	3.471194E-1	2.685620E+0	2.769196E+0
51.900000	3.471194E-1	2.581709E+0	2.387919E+0
52.000000	3.395963E-1	2.518459E+0	1.151276E+0
52.100000	3.521347E-1	2.517168E+0	9.230110E-1
52.200000	3.471194E-1	2.517813E+0	1.045923E+0
52.300000	3.395963E-1	2.518459E+0	1.121175E+0
52.400000	3.395963E-1	2.519749E+0	1.244087E+0
52.500000	3.471194E-1	2.520395E+0	1.148767E+0
52.600000	3.471194E-1	2.575255E+0	2.317683E+0
52.700000	3.446117E-1	2.736607E+0	2.979902E+0
52.800000	3.521347E-1	3.171613E+0	4.542637E+0
52.900000	3.471194E-1	3.633726E+0	4.655516E+0
53.000000	3.446117E-1	4.150699E+0	4.708192E+0
53.100000	3.521347E-1	4.607649E+0	4.665549E+0
53.200000	3.395963E-1	5.039428E+0	4.520062E+0
53.300000	3.521347E-1	5.056854E+0	4.600331E+0
53.400000	3.471194E-1	5.056854E+0	4.605348E+0
53.500000	3.496270E-1	5.056209E+0	4.535112E+0
53.600000	3.521347E-1	4.487603E+0	4.427251E+0
53.700000	3.395963E-1	3.706012E+0	4.206511E+0
53.800000	3.496270E-1	3.178067E+0	3.905503E+0
53.900000	3.395963E-1	2.831482E+0	3.489108E+0
54.000000	3.471194E-1	2.659803E+0	2.826889E+0
54.100000	3.471194E-1	2.584936E+0	2.327717E+0
54.200000	3.471194E-1	2.532012E+0	1.617839E+0
54.300000	3.471194E-1	2.518459E+0	8.477589E-1
54.400000	3.446117E-1	2.519104E+0	1.592755E+0
54.500000	3.471194E-1	2.517168E+0	1.033381E+0
54.600000	3.446117E-1	2.518459E+0	8.226749E-1
54.700000	3.395963E-1	2.519749E+0	1.540078E+0
54.800000	3.521347E-1	2.516522E+0	1.196427E+0
54.900000	3.521347E-1	2.521686E+0	1.783393E+0
55.000000	3.471194E-1	2.608171E+0	2.345276E+0
55.100000	3.421040E-1	2.877952E+0	3.461515E+0
55.200000	3.446117E-1	3.202593E+0	4.703175E+0
55.300000	3.471194E-1	3.628563E+0	4.279255E+0
55.400000	3.421040E-1	4.111975E+0	4.387116E+0
55.500000	3.471194E-1	4.559243E+0	4.424742E+0
55.600000	3.421040E-1	4.992313E+0	4.494978E+0
55.700000	3.471194E-1	5.059436E+0	4.678091E+0
55.800000	3.471194E-1	5.059436E+0	4.653007E+0
55.900000	3.395963E-1	5.059436E+0	4.577755E+0
56.000000	3.471194E-1	4.796109E+0	4.507520E+0
56.100000	3.496270E-1	3.844775E+0	4.251663E+0
56.200000	3.471194E-1	3.424614E+0	3.963196E+0
56.300000	3.471194E-1	2.976699E+0	3.649646E+0
56.400000	3.471194E-1	2.722408E+0	2.969868E+0
56.500000	3.521347E-1	2.590744E+0	2.101961E+0
56.600000	3.521347E-1	2.533303E+0	2.036742E+0
56.700000	3.421040E-1	2.519104E+0	1.409641E+0
56.800000	3.471194E-1	2.518459E+0	1.843595E+0
56.900000	3.471194E-1	2.519104E+0	1.780885E+0
57.000000	3.446117E-1	2.517813E+0	1.537570E+0
57.100000	3.395963E-1	2.519104E+0	1.903797E+0
57.200000	3.471194E-1	2.518459E+0	1.936406E+0
57.300000	3.496270E-1	2.518459E+0	1.826036E+0
57.400000	3.395963E-1	2.519749E+0	1.773360E+0
57.500000	3.395963E-1	2.523622E+0	1.833562E+0
57.600000	3.395963E-1	2.588163E+0	2.267515E+0
57.700000	3.521347E-1	2.747579E+0	3.057662E+0
57.800000	3.521347E-1	2.976054E+0	4.479927E+0
57.900000	3.521347E-1	3.238090E+0	4.745818E+0
58.000000	3.471194E-1	3.483991E+0	4.788461E+0
58.100000	3.471194E-1	3.737637E+0	4.625415E+0
58.200000	3.446117E-1	3.923515E+0	4.673074E+0
58.300000	3.521347E-1	3.866719E+0	4.482436E+0
58.400000	3.395963E-1	3.771844E+0	4.306847E+0
58.500000	3.421040E-1	3.493672E+0	4.572738E+0
58.600000	3.421040E-1	3.210983E+0	4.098650E+0
58.700000	3.471194E-1	3.049631E+0	4.412200E+0
58.800000	3.395963E-1	2.928939E+0	4.131259E+0
58.900000	3.471194E-1	2.841163E+0	4.387116E+0
59.000000	3.471194E-1	2.762423E+0	3.288436E+0
59.100000	3.471194E-1	2.701110E+0	3.193116E+0
59.200000	3.471194E-1	2.676584E+0	2.769196E+0
59.300000	3.496270E-1	2.703691E+0	2.989936E+0
59.400000	3.521347E-1	2.769523E+0	3.850318E+0
59.500000	3.395963E-1	2.821156E+0	4.113700E+0
59.600000	3.496270E-1	2.929584E+0	4.482436E+0
59.700000	3.471194E-1	3.034786E+0	4.256679E+0
59.800000	3.521347E-1	3.147087E+0	4.231595E+0
59.900000	3.395963E-1	3.172904E+0	4.359524E+0
60.000000	3.521347E-1	3.138697E+0	4.622906E+0
60.100000	3.521347E-1	3.068348E+0	4.469894E+0
60.200000	3.471194E-1	2.958628E+0	4.550163E+0
60.300000	3.421040E-1	2.911513E+0	4.118717E+0
60.400000	3.521347E-1	2.864398E+0	4.565213E+0
60.500000	3.521347E-1	2.825674E+0	4.675583E+0
60.600000	3.395963E-1	2.773395E+0	3.441448E+0
60.700000	3.395963E-1	2.728862E+0	3.255826E+0
60.800000	3.471194E-1	2.717245E+0	3.453990E+0
60.900000	3.521347E-1	2.694655E+0	3.260843E+0
61.000000	3.471194E-1	2.661740E+0	3.381247E+0
61.100000	3.521347E-1	2.635923E+0	2.776721E+0
61.200000	3.521347E-1	2.628178E+0	2.598625E+0
61.300000	3.446117E-1	2.625597E+0	2.641267E+0
61.400000	3.395963E-1	2.623660E+0	2.643776E+0
61.500000	3.521347E-1	2.640441E+0	2.967360E+0
61.600000	3.521347E-1	2.669484E+0	2.869532E+0
61.700000	3.471194E-1	2.697237E+0	2.969868E+0
61.800000	3.521347E-1	2.730153E+0	3.371213E+0
61.900000	3.471194E-1	2.786949E+0	4.454843E+0
62.000000	3.471194E-1	2.838582E+0	4.597822E+0
62.100000	3.496270E-1	2.914095E+0	4.392133E+0
62.200000	3.471194E-1	2.976054E+0	4.683108E+0
62.300000	3.395963E-1	3.059312E+0	4.788461E+0
62.400000	3.421040E-1	3.141924E+0	4.753343E+0
62.500000	3.446117E-1	3.227764E+0	4.703175E+0
62.600000	3.395963E-1	3.312312E+0	4.790969E+0
62.700000	3.496270E-1	3.391052E+0	4.798495E+0
62.800000	3.471194E-1	3.435586E+0	4.753343E+0
62.900000	3.471194E-1	3.523361E+0	4.740801E+0
63.000000	3.471194E-1	3.600165E+0	4.738293E+0
63.100000	3.521347E-1	3.534333E+0	4.795986E+0
63.200000	3.471194E-1	3.278106E+0	4.417217E+0
63.300000	3.395963E-1	3.027041E+0	4.384608E+0
63.400000	3.421040E-1	2.896669E+0	4.269221E+0
63.500000	3.471194E-1	2.823737E+0	3.830251E+0
63.600000	3.471194E-1	2.761778E+0	3.566868E+0
63.700000	3.421040E-1	2.715309E+0	3.208167E+0
63.800000	3.471194E-1	2.675293E+0	3.416364E+0
63.900000	3.471194E-1	2.645604E+0	3.100305E+0
64.000000	3.446117E-1	2.627533E+0	2.721536E+0
64.100000	3.521347E-1	2.617206E+0	2.851973E+0
64.200000	3.471194E-1	2.608171E+0	2.809331E+0
64.300000	3.521347E-1	2.595908E+0	2.786755E+0
64.400000	3.521347E-1	2.583000E+0	2.616183E+0
64.500000	3.471194E-1	2.570091E+0	2.259990E+0
64.600000	3.395963E-1	2.562992E+0	2.518356E+0
64.700000	3.471194E-1	2.557829E+0	2.117011E+0
64.800000	3.446117E-1	2.553311E+0	2.405478E+0
64.900000	3.521347E-1	2.547502E+0	1.856137E+0
65.000000	3.446117E-1	2.532658E+0	1.394591E+0
65.100000	3.471194E-1	2.526849E+0	1.392082E+0
65.200000	3.521347E-1	2.522331E+0	1.622856E+0
65.300000	3.521347E-1	2.519749E+0	1.384557E+0
65.400000	3.521347E-1	2.518459E+0	9.882295E-1
65.500000	3.521347E-1	2.517168E+0	1.088566E+0
65.600000	3.471194E-1	2.516522E+0	9.230110E-1
65.700000	3.471194E-1	2.519104E+0	1.040906E+0
65.800000	3.395963E-1	2.518459E+0	7.599648E-1
65.900000	3.395963E-1	2.518459E+0	1.040906E+0
66.000000	3.471194E-1	2.533948E+0	1.023347E+0
66.100000	3.521347E-1	2.542984E+0	1.198935E+0
66.200000	3.395963E-1	2.565574E+0	1.615330E+0
66.300000	3.446117E-1	2.625597E+0	2.598625E+0
66.400000	3.496270E-1	2.721117E+0	3.057662E+0
66.500000	3.471194E-1	2.849554E+0	3.373721E+0
66.600000	3.446117E-1	3.010906E+0	3.504158E+0
66.700000	3.395963E-1	3.203238E+0	3.983263E+0
66.800000	3.521347E-1	3.389761E+0	4.745818E+0
66.900000	3.471194E-1	3.576285E+0	4.502503E+0
67.000000	3.446117E-1	3.765390E+0	4.417217E+0
67.100000	3.521347E-1	3.920933E+0	4.369558E+0
67.200000	3.446117E-1	4.006128E+0	4.367049E+0
67.300000	3.446117E-1	4.039689E+0	4.610364E+0
67.400000	3.446117E-1	4.040334E+0	4.693142E+0
67.500000	3.421040E-1	3.949977E+0	4.447318E+0
67.600000	3.521347E-1	3.533042E+0	4.469894E+0
67.700000	3.521347E-1	2.978636E+0	3.609511E+0
67.800000	3.471194E-1	2.672066E+0	3.155490E+0
67.900000	3.471194E-1	2.524267E+0	1.690583E+0
68.000000	3.471194E-1	2.517168E+0	9.154858E-1
68.100000	3.471194E-1	2.519104E+0	7.825404E-1
68.200000	3.521347E-1	2.517813E+0	9.230110E-1
68.300000	3.421040E-1	2.519104E+0	9.631455E-1
68.400000	3.496270E-1	2.519104E+0	9.506034E-1
68.500000	3.521347E-1	2.518459E+0	9.706707E-1
68.600000	3.471194E-1	2.521040E+0	8.477589E-1
68.700000	3.395963E-1	2.562346E+0	1.532553E+0
68.800000	3.471194E-1	2.660449E+0	2.558490E+0
68.900000	3.546424E-1	2.890860E+0	3.205658E+0
69.000000	3.521347E-1	3.150960E+0	3.820217E+0
69.100000	3.421040E-1	3.403960E+0	3.908011E+0
69.200000	3.471194E-1	3.621463E+0	4.166377E+0
69.300000	3.471194E-1	3.782170E+0	4.126242E+0
69.400000	3.496270E-1	3.872528E+0	4.319389E+0
69.500000	3.395963E-1	3.926742E+0	4.264205E+0
69.600000	3.521347E-1	3.997092E+0	4.304339E+0
69.700000	3.421040E-1	4.039043E+0	4.336948E+0
69.800000	3.471194E-1	4.060342E+0	4.276747E+0
69.900000	3.395963E-1	4.032589E+0	4.226579E+0
70.000000	3.471194E-1	4.011291E+0	4.311864E+0
70.100000	3.421040E-1	4.024199E+0	4.334440E+0
70.200000	3.395963E-1	4.050015E+0	4.269221E+0
70.300000	3.471194E-1	4.095194E+0	4.304339E+0
70.400000	3.471194E-1	4.170707E+0	4.294305E+0
70.500000	3.395963E-1	4.202332E+0	4.364541E+0
70.600000	3.471194E-1	4.235893E+0	4.346982E+0
70.700000	3.395963E-1	4.250092E+0	4.357016E+0
70.800000	3.521347E-1	4.245574E+0	4.201495E+0
70.900000	3.471194E-1	4.169416E+0	4.158852E+0
71.000000	3.521347E-1	4.161026E+0	4.204003E+0
71.100000	3.471194E-1	4.182970E+0	4.219053E+0
71.200000	3.471194E-1	4.215240E+0	4.224070E+0
71.300000	3.395963E-1	4.367557E+0	4.357016E+0
71.400000	3.521347E-1	4.579897E+0	4.449826E+0
71.500000	3.521347E-1	4.807726E+0	4.484944E+0
71.600000	3.395963E-1	4.983278E+0	4.492469E+0
71.700000	3.471194E-1	5.059436E+0	4.530095E+0
71.800000	3.471194E-1	5.056209E+0	4.505011E+0
71.900000	3.421040E-1	4.802563E+0	4.462368E+0
72.000000	3.471194E-1	4.437907E+0	4.344474E+0
72.100000	3.421040E-1	4.104875E+0	4.359524E+0
72.200000	3.471194E-1	3.797015E+0	4.234104E+0
72.300000	3.421040E-1	3.582739E+0	4.141293E+0
72.400000	3.471194E-1	3.427195E+0	4.171394E+0
72.500000	3.521347E-1	3.296822E+0	4.146310E+0
72.600000	3.521347E-1	3.108363E+0	4.023398E+0
72.700000	3.421040E-1	2.906995E+0	3.481583E+0
72.800000	3.521347E-1	2.744352E+0	3.514192E+0
72.900000	3.496270E-1	2.645604E+0	2.538423E+0
73.000000	3.471194E-1	2.594617E+0	2.678894E+0
73.100000	3.471194E-1	2.544275E+0	1.504961E+0
73.200000	3.496270E-1	2.520395E+0	1.133717E+0
73.300000	3.421040E-1	2.518459E+0	1.637906E+0
73.400000	3.395963E-1	2.519104E+0	1.254120E+0
73.500000	3.471194E-1	2.518459E+0	1.467335E+0
73.600000	3.471194E-1	2.519749E+0	1.309305E+0
73.700000	3.446117E-1	2.519749E+0	1.424692E+0
73.800000	3.521347E-1	2.517168E+0	1.507469E+0
73.900000	3.471194E-1	2.520395E+0	1.309305E+0
74.000000	3.395963E-1	2.519749E+0	1.675532E+0
74.100000	3.496270E-1	2.516522E+0	1.542587E+0
74.200000	3.471194E-1	2.548147E+0	2.021692E+0
74.300000	3.471194E-1	2.615270E+0	2.177213E+0
74.400000	3.446117E-1	2.794694E+0	3.107831E+0
74.500000	3.471194E-1	3.013488E+0	3.343620E+0
74.600000	3.496270E-1	3.287787E+0	3.827742E+0
74.700000	3.395963E-1	3.540787E+0	4.111192E+0
74.800000	3.471194E-1	3.760872E+0	4.239121E+0
74.900000	3.471194E-1	3.970630E+0	4.261696E+0
75.000000	3.521347E-1	4.146181E+0	4.311864E+0
75.100000	3.395963E-1	4.298498E+0	4.334440E+0
75.200000	3.471194E-1	4.441134E+0	4.314373E+0
75.300000	3.471194E-1	4.532136E+0	4.384608E+0
75.400000	3.521347E-1	4.596677E+0	4.409692E+0
75.500000	3.471194E-1	4.691552E+0	4.424742E+0
75.600000	3.471194E-1	4.772874E+0	4.434776E+0
75.700000	3.395963E-1	4.840642E+0	4.492469E+0
75.800000	3.421040E-1	4.866458E+0	4.474911E+0
75.900000	3.471194E-1	4.824507E+0	4.419726E+0
76.000000	3.521347E-1	4.659282E+0	4.434776E+0
76.100000	3.471194E-1	4.263646E+0	4.452335E+0
76.200000	3.521347E-1	3.775716E+0	4.324406E+0
76.300000	3.446117E-1	3.460757E+0	4.093633E+0
76.400000	3.395963E-1	3.260034E+0	3.980755E+0
76.500000	3.521347E-1	3.145797E+0	3.880419E+0
76.600000	3.471194E-1	3.071575E+0	3.822726E+0
76.700000	3.496270E-1	2.980572E+0	3.734931E+0
76.800000	3.521347E-1	2.848908E+0	3.596969E+0
76.900000	3.471194E-1	2.721763E+0	3.055154E+0
77.000000	3.521347E-1	2.621079E+0	2.224872E+0
77.100000	3.471194E-1	2.541048E+0	1.402116E+0
77.200000	3.471194E-1	2.519104E+0	1.331881E+0
77.300000	3.471194E-1	2.519749E+0	1.354456E+0
77.400000	3.521347E-1	2.518459E+0	1.108633E+0
77.500000	3.471194E-1	2.519104E+0	1.364490E+0
77.600000	3.521347E-1	2.518459E+0	1.334389E+0
77.700000	3.521347E-1	2.521040E+0	1.221511E+0
77.800000	3.471194E-1	2.608171E+0	2.275041E+0
77.900000	3.496270E-1	2.794048E+0	3.160507E+0
78.000000	3.471194E-1	2.996062E+0	3.504158E+0
78.100000	3.471194E-1	3.145797E+0	3.717373E+0
78.200000	3.521347E-1	3.296177E+0	3.930587E+0
78.300000	3.471194E-1	3.466565E+0	4.083600E+0
78.400000	3.395963E-1	3.609201E+0	4.254171E+0
78.500000	3.496270E-1	3.799596E+0	4.254171E+0
78.600000	3.471194E-1	3.939005E+0	4.304339E+0
78.700000	3.471194E-1	4.153281E+0	4.324406E+0
78.800000	3.521347E-1	4.273327E+0	4.402167E+0
78.900000	3.421040E-1	4.488894E+0	4.427251E+0
79.000000	3.521347E-1	4.663154E+0	4.464877E+0
79.100000	3.521347E-1	4.759320E+0	4.454843E+0
79.200000	3.395963E-1	4.878721E+0	4.487453E+0
79.300000	3.471194E-1	5.038783E+0	4.484944E+0
79.400000	3.395963E-1	5.058790E+0	4.525079E+0
79.500000	3.521347E-1	5.058790E+0	4.535112E+0
79.600000	3.471194E-1	5.047173E+0	4.545146E+0
79.700000	3.395963E-1	5.039428E+0	4.550163E+0
79.800000	3.446117E-1	5.018130E+0	4.547654E+0
79.900000	3.446117E-1	5.012966E+0	4.512537E+0
80.000000	3.521347E-1	4.893566E+0	4.552671E+0
80.100000	3.496270E-1	4.749639E+0	4.499995E+0
80.200000	3.446117E-1	4.610231E+0	4.499995E+0
80.300000	3.521347E-1	4.456623E+0	4.427251E+0
80.400000	3.521347E-1	4.374011E+0	4.477419E+0
80.500000	3.471194E-1	4.335286E+0	4.459860E+0
80.600000	3.421040E-1	4.317215E+0	4.442301E+0
80.700000	3.471194E-1	4.307534E+0	4.469894E+0
80.800000	3.521347E-1	4.262355E+0	4.467385E+0
80.900000	3.471194E-1	4.168771E+0	4.397150E+0
81.000000	3.421040E-1	4.102294E+0	4.351999E+0
81.100000	3.521347E-1	4.056469E+0	4.331932E+0
81.200000	3.471194E-1	4.031944E+0	4.354507E+0
81.300000	3.521347E-1	4.010000E+0	4.387116E+0
81.400000	3.446117E-1	3.949977E+0	4.414709E+0
81.500000	3.521347E-1	3.897053E+0	4.362032E+0
81.600000	3.521347E-1	3.832512E+0	4.329423E+0
81.700000	3.446117E-1	3.804114E+0	4.291797E+0
81.800000	3.546424E-1	3.791206E+0	4.289289E+0
81.900000	3.521347E-1	3.782170E+0	4.299322E+0
82.000000	3.395963E-1	3.776362E+0	4.299322E+0
82.100000	3.395963E-1	3.776362E+0	4.264205E+0
82.200000	3.395963E-1	3.752482E+0	4.284272E+0
82.300000	3.521347E-1	3.691813E+0	4.331932E+0
82.400000	3.395963E-1	3.629854E+0	4.231595E+0
82.500000	3.471194E-1	3.574994E+0	4.214037E+0
82.600000	3.471194E-1	3.528525E+0	4.264205E+0
82.700000	3.521347E-1	3.499481E+0	4.168885E+0
82.800000	3.395963E-1	3.468501E+0	4.133768E+0
82.900000	3.395963E-1	3.432358E+0	4.101158E+0
83.000000	3.421040E-1	3.395570E+0	4.030923E+0
83.100000	3.471194E-1	3.356200E+0	4.048482E+0
83.200000	3.521347E-1	3.318121E+0	4.083600E+0
83.300000	3.546424E-1	3.283269E+0	3.983263E+0
83.400000	3.471194E-1	3.249708E+0	4.020889E+0
83.500000	3.521347E-1	3.226473E+0	4.013364E+0
83.600000	3.471194E-1	3.178713E+0	3.998314E+0
83.700000	3.471194E-1	3.133534E+0	3.867877E+0
83.800000	3.521347E-1	3.099327E+0	3.892961E+0
83.900000	3.395963E-1	3.087710E+0	3.702322E+0
84.000000	3.471194E-1	3.067702E+0	3.697305E+0
84.100000	3.521347E-1	3.054149E+0	3.737440E+0
84.200000	3.395963E-1	3.050276E+0	3.780083E+0
84.300000	3.521347E-1	3.014779E+0	3.797642E+0
84.400000	3.521347E-1	2.997998E+0	3.712356E+0
84.500000	3.446117E-1	2.977990E+0	3.827742E+0
84.600000	3.521347E-1	2.947011E+0	3.637104E+0
84.700000	3.521347E-1	2.934748E+0	3.689780E+0
84.800000	3.471194E-1	2.918613E+0	3.627070E+0
84.900000	3.421040E-1	2.890860E+0	3.469041E+0
85.000000	3.395963E-1	2.859235E+0	3.880419E+0
85.100000	3.395963E-1	2.831482E+0	3.491616E+0
85.200000	3.471194E-1	2.791467E+0	3.411347E+0
85.300000	3.471194E-1	2.766296E+0	3.112847E+0
85.400000	3.471194E-1	2.735316E+0	3.132915E+0
85.500000	3.471194E-1	2.717890E+0	2.806822E+0
85.600000	3.395963E-1	2.694010E+0	2.804314E+0
85.700000	3.521347E-1	2.679166E+0	2.716520E+0
85.800000	3.471194E-1	2.663030E+0	2.603641E+0
85.900000	3.421040E-1	2.656576E+0	2.766688E+0
86.000000	3.521347E-1	2.641086E+0	2.726553E+0
86.100000	3.395963E-1	2.627533E+0	2.560999E+0
86.200000	3.395963E-1	2.619143E+0	2.824381E+0
86.300000	3.421040E-1	2.619788E+0	2.475713E+0
86.400000	3.496270E-1	2.633987E+0	2.643776E+0
86.500000	3.521347E-1	2.675939E+0	2.849465E+0
86.600000	3.496270E-1	2.726926E+0	2.889599E+0
86.700000	3.395963E-1	2.767587E+0	3.203150E+0
86.800000	3.395963E-1	2.805020E+0	3.223217E+0
86.900000	3.496270E-1	2.827610E+0	3.328570E+0
87.000000	3.521347E-1	2.848908E+0	3.323553E+0
87.100000	3.496270E-1	2.866980E+0	3.674730E+0
87.200000	3.446117E-1	2.880533E+0	3.469041E+0
87.300000	3.471194E-1	2.891505E+0	3.689780E+0
87.400000	3.496270E-1	2.915385E+0	3.682255E+0
87.500000	3.521347E-1	2.964437E+0	3.441448E+0
87.600000	3.395963E-1	3.001225E+0	3.644629E+0
87.700000	3.471194E-1	3.040595E+0	3.684763E+0
87.800000	3.471194E-1	3.080610E+0	3.739948E+0
87.900000	3.446117E-1	3.130307E+0	3.877910E+0
88.000000	3.471194E-1	3.225827E+0	3.908011E+0
88.100000	3.446117E-1	3.280687E+0	4.081091E+0
88.200000	3.395963E-1	3.309731E+0	4.015873E+0
88.300000	3.471194E-1	3.372335E+0	4.091125E+0
88.400000	3.395963E-1	3.447848E+0	4.171394E+0
88.500000	3.421040E-1	3.487218E+0	4.121226E+0
88.600000	3.471194E-1	3.529815E+0	4.158852E+0
88.700000	3.471194E-1	3.614364E+0	4.178919E+0
88.800000	3.521347E-1	3.679550E+0	4.214037E+0
88.900000	3.471194E-1	3.735056E+0	4.178919E+0
89.000000	3.471194E-1	3.774426E+0	4.309356E+0
89.100000	3.521347E-1	3.828640E+0	4.291797E+0
89.200000	3.471194E-1	3.898344E+0	4.402167E+0
89.300000	3.471194E-1	3.953204E+0	4.354507E+0
89.400000	3.471194E-1	4.006773E+0	4.384608E+0
89.500000	3.395963E-1	4.082286E+0	4.331932E+0
89.600000	3.421040E-1	4.162962E+0	4.339457E+0
89.700000	3.471194E-1	4.233312E+0	4.439793E+0
89.800000	3.421040E-1	4.341740E+0	4.377083E+0
89.900000	3.496270E-1	4.433389E+0	4.424742E+0
90.000000	3.521347E-1	4.508902E+0	4.454843E+0
90.100000	3.370886E-1	4.548917E+0	4.412200E+0
90.200000	3.395963E-1	4.629593E+0	4.459860E+0
90.300000	3.421040E-1	4.683162E+0	4.474911E+0
90.400000	3.521347E-1	4.774165E+0	4.482436E+0
90.500000	3.471194E-1	4.829025E+0	4.545146E+0
90.600000	3.471194E-1	4.897438E+0	4.560196E+0
90.700000	3.496270E-1	4.932936E+0	4.572738E+0
90.800000	3.446117E-1	4.961979E+0	4.582772E+0
90.900000	3.521347E-1	5.003285E+0	4.577755E+0
91.000000	3.496270E-1	5.057500E+0	4.565213E+0
91.100000	3.395963E-1	5.059436E+0	4.597822E+0
91.200000	3.471194E-1	5.060727E+0	4.577755E+0
91.300000	3.496270E-1	5.056854E+0	4.612873E+0
91.400000	3.446117E-1	5.058145E+0	4.605348E+0
91.500000	3.471194E-1	5.060081E+0	4.602839E+0
91.600000	3.446117E-1	5.056854E+0	4.585280E+0
91.700000	3.471194E-1	5.060727E+0	4.602839E+0
91.800000	3.471194E-1	5.058145E+0	4.575247E+0
91.900000	3.395963E-1	4.956170E+0	4.527587E+0
92.000000	3.496270E-1	4.864522E+0	4.517553E+0
92.100000	3.395963E-1	4.723823E+0	4.515045E+0
92.200000	3.521347E-1	4.594096E+0	4.479927E+0
92.300000	3.395963E-1	4.512129E+0	4.502503E+0
92.400000	3.471194E-1	4.463723E+0	4.482436E+0
92.500000	3.395963E-1	4.446942E+0	4.474911E+0
92.600000	3.446117E-1	4.436616E+0	4.454843E+0
92.700000	3.446117E-1	4.443070E+0	4.492469E+0
92.800000	3.471194E-1	4.418544E+0	4.499995E+0
92.900000	3.471194E-1	4.368202E+0	4.472402E+0
93.000000	3.471194E-1	4.304952E+0	4.439793E+0
93.100000	3.496270E-1	4.237830E+0	4.432268E+0
93.200000	3.521347E-1	4.207495E+0	4.444810E+0
93.300000	3.471194E-1	4.189424E+0	4.422234E+0
93.400000	3.395963E-1	4.147472E+0	4.432268E+0
93.500000	3.521347E-1	4.092612E+0	4.369558E+0
93.600000	3.471194E-1	4.051952E+0	4.409692E+0
93.700000	3.446117E-1	4.026135E+0	4.407184E+0
93.800000	3.521347E-1	4.024844E+0	4.379591E+0
93.900000	3.446117E-1	4.017745E+0	4.402167E+0
94.000000	3.421040E-1	4.006773E+0	4.382100E+0
94.100000	3.395963E-1	3.993865E+0	4.351999E+0
94.200000	3.471194E-1	3.993865E+0	4.341965E+0
94.300000	3.521347E-1	3.997737E+0	4.354507E+0
94.400000	3.471194E-1	3.976439E+0	4.339457E+0
94.500000	3.471194E-1	3.959658E+0	4.364541E+0
94.600000	3.471194E-1	3.939005E+0	4.359524E+0
94.700000	3.421040E-1	3.929969E+0	4.372066E+0
94.800000	3.471194E-1	3.918997E+0	4.341965E+0
94.900000	3.521347E-1	3.908025E+0	4.326915E+0
95.000000	3.521347E-1	3.892535E+0	4.324406E+0
95.100000	3.521347E-1	3.879627E+0	4.349490E+0
95.200000	3.395963E-1	3.861556E+0	4.362032E+0
95.300000	3.471194E-1	3.821540E+0	4.354507E+0
95.400000	3.395963E-1	3.755709E+0	4.339457E+0
95.500000	3.446117E-1	3.675032E+0	4.304339E+0
95.600000	3.521347E-1	3.620818E+0	4.321898E+0
95.700000	3.471194E-1	3.592420E+0	4.341965E+0
95.800000	3.446117E-1	3.576285E+0	4.301831E+0
95.900000	3.471194E-1	3.554986E+0	4.279255E+0
96.000000	3.521347E-1	3.538206E+0	4.357016E+0
96.100000	3.395963E-1	3.535624E+0	4.379591E+0
96.200000	3.496270E-1	3.560795E+0	4.417217E+0
96.300000	3.395963E-1	3.567894E+0	4.379591E+0
96.400000	3.395963E-1	3.549823E+0	4.389625E+0
96.500000	3.471194E-1	3.527879E+0	4.346982E+0
96.600000	3.471194E-1	3.507871E+0	4.326915E+0
96.700000	3.471194E-1	3.497545E+0	4.264205E+0
96.800000	3.521347E-1	3.448494E+0	4.274238E+0
96.900000	3.395963E-1	3.420096E+0	4.186444E+0
97.000000	3.521347E-1	3.386534E+0	4.186444E+0
97.100000	3.471194E-1	3.355555E+0	4.188953E+0
97.200000	3.471194E-1	3.282623E+0	4.126242E+0
97.300000	3.521347E-1	3.225182E+0	4.068549E+0
97.400000	3.395963E-1	3.201947E+0	4.083600E+0
97.500000	3.471194E-1	3.176131E+0	3.970721E+0
97.600000	3.446117E-1	3.160641E+0	4.018381E+0
97.700000	3.421040E-1	3.136761E+0	3.940621E+0
97.800000	3.521347E-1	3.118689E+0	3.832759E+0
97.900000	3.471194E-1	3.109654E+0	3.943129E+0
98.000000	3.446117E-1	3.098682E+0	3.943129E+0
98.100000	3.521347E-1	3.087710E+0	3.880419E+0
98.200000	3.521347E-1	3.068993E+0	3.847810E+0
98.300000	3.395963E-1	3.060603E+0	3.792625E+0
98.400000	3.521347E-1	3.046404E+0	3.897978E+0
98.500000	3.446117E-1	3.033495E+0	3.782591E+0
98.600000	3.471194E-1	2.999289E+0	3.607003E+0
98.700000	3.521347E-1	2.940556E+0	3.770049E+0
98.800000	3.521347E-1	2.910868E+0	3.624562E+0
98.900000	3.395963E-1	2.902477E+0	3.747473E+0
99.000000	3.421040E-1	2.885697E+0	3.511684E+0
99.100000	3.521347E-1	2.877306E+0	3.579410E+0
99.200000	3.471194E-1	2.881179E+0	3.644629E+0
99.300000	3.471194E-1	2.886987E+0	3.717373E+0
99.400000	3.446117E-1	2.884406E+0	3.574394E+0
99.500000	3.421040E-1	2.882470E+0	3.541784E+0
99.600000	3.446117E-1	2.877306E+0	3.541784E+0
99.700000	3.446117E-1	2.876015E+0	3.514192E+0
99.800000	3.471194E-1	2.869561E+0	3.469041E+0
99.900000	3.471194E-1	2.867625E+0	3.652154E+0
100.000000	3.521347E-1	2.863753E+0	3.619545E+0
100.100000	3.471194E-1	2.856008E+0	3.474057E+0
100.200000	3.421040E-1	2.833418E+0	3.436431E+0
100.300000	3.471194E-1	2.815992E+0	3.499142E+0
100.400000	3.521347E-1	2.803084E+0	3.464024E+0
100.500000	3.471194E-1	2.795339E+0	3.519209E+0
100.600000	3.471194E-1	2.776622E+0	3.431415E+0
100.700000	3.471194E-1	2.764360E+0	3.373721E+0
100.800000	3.471194E-1	2.748224E+0	3.087763E+0
100.900000	3.471194E-1	2.739834E+0	3.155490E+0
101.000000	3.521347E-1	2.732089E+0	3.188099E+0
101.100000	3.395963E-1	2.723699E+0	3.037595E+0
101.200000	3.446117E-1	2.707564E+0	2.799297E+0
101.300000	3.521347E-1	2.695301E+0	2.862007E+0
101.400000	3.496270E-1	2.681102E+0	2.668860E+0
101.500000	3.395963E-1	2.670130E+0	2.809331E+0
101.600000	3.471194E-1	2.669484E+0	2.979902E+0
101.700000	3.471194E-1	2.698528E+0	2.819364E+0
101.800000	3.471194E-1	2.749515E+0	2.979902E+0
101.900000	3.421040E-1	2.801148E+0	3.173049E+0
102.000000	3.421040E-1	2.829546E+0	3.233251E+0
102.100000	3.521347E-1	2.866334E+0	3.401314E+0
102.200000	3.395963E-1	2.923130E+0	3.516700E+0
102.300000	3.446117E-1	2.967664E+0	3.601986E+0
102.400000	3.521347E-1	3.006388E+0	3.687272E+0
102.500000	3.471194E-1	3.048340E+0	3.827742E+0
102.600000	3.395963E-1	3.116753E+0	3.918045E+0
102.700000	3.496270E-1	3.156123E+0	3.900486E+0
102.800000	3.471194E-1	3.182585E+0	4.000822E+0
102.900000	3.471194E-1	3.197429E+0	3.990789E+0
103.000000	3.446117E-1	3.225827E+0	4.028415E+0
103.100000	3.521347E-1	3.244544E+0	4.103667E+0
103.200000	3.395963E-1	3.256162E+0	4.103667E+0
103.300000	3.521347E-1	3.285851E+0	4.101158E+0
103.400000	3.521347E-1	3.330384E+0	4.183936E+0
103.500000	3.471194E-1	3.360718E+0	4.123734E+0
103.600000	3.446117E-1	3.355555E+0	4.123734E+0
103.700000	3.471194E-1	3.348455E+0	4.111192E+0
103.800000	3.471194E-1	3.348455E+0	4.151326E+0
103.900000	3.395963E-1	3.342001E+0	4.173902E+0
104.000000	3.521347E-1	3.329738E+0	4.131259E+0
104.100000	3.521347E-1	3.327802E+0	4.103667E+0
104.200000	3.521347E-1	3.322639E+0	4.073566E+0
104.300000	3.446117E-1	3.324575E+0	4.068549E+0
104.400000	3.471194E-1	3.328448E+0	4.073566E+0
104.500000	3.421040E-1	3.324575E+0	4.096142E+0
104.600000	3.446117E-1	3.318766E+0	4.111192E+0
104.700000	3.471194E-1	3.303277E+0	4.116209E+0
104.800000	3.496270E-1	3.303922E+0	4.103667E+0
104.900000	3.471194E-1	3.301340E+0	4.083600E+0
105.000000	3.421040E-1	3.314249E+0	4.121226E+0
105.100000	3.471194E-1	3.351037E+0	4.163868E+0
105.200000	3.521347E-1	3.405251E+0	4.224070E+0
105.300000	3.471194E-1	3.429131E+0	4.204003E+0
105.400000	3.496270E-1	3.435586E+0	4.201495E+0
105.500000	3.471194E-1	3.436231E+0	4.188953E+0
105.600000	3.521347E-1	3.441394E+0	4.178919E+0
105.700000	3.471194E-1	3.449785E+0	4.136276E+0
105.800000	3.395963E-1	3.454948E+0	4.183936E+0
105.900000	3.471194E-1	3.458820E+0	4.193969E+0
106.000000	3.521347E-1	3.480764E+0	4.143801E+0
106.100000	3.446117E-1	3.491091E+0	4.196478E+0
106.200000	3.471194E-1	3.502708E+0	4.219053E+0
106.300000	3.471194E-1	3.514971E+0	4.214037E+0
106.400000	3.521347E-1	3.518843E+0	4.264205E+0
106.500000	3.521347E-1	3.505935E+0	4.274238E+0
106.600000	3.521347E-1	3.482700E+0	4.231595E+0
106.700000	3.521347E-1	3.505290E+0	4.251663E+0
106.800000	3.521347E-1	3.520780E+0	4.281763E+0
106.900000	3.446117E-1	3.520134E+0	4.236612E+0
107.000000	3.471194E-1	3.522716E+0	4.244137E+0
107.100000	3.421040E-1	3.534333E+0	4.264205E+0
107.200000	3.521347E-1	3.538206E+0	4.256679E+0
107.300000	3.471194E-1	3.544014E+0	4.274238E+0
107.400000	3.395963E-1	3.558859E+0	4.266713E+0
107.500000	3.496270E-1	3.564667E+0	4.234104E+0
107.600000	3.471194E-1	3.567894E+0	4.276747E+0
107.700000	3.521347E-1	3.561440E+0	4.256679E+0
107.800000	3.395963E-1	3.560795E+0	4.246646E+0
107.900000	3.471194E-1	3.554341E+0	4.246646E+0
108.000000	3.471194E-1	3.539496E+0	4.244137E+0
108.100000	3.496270E-1	3.539496E+0	4.221562E+0
108.200000	3.395963E-1	3.531752E+0	4.241629E+0
108.300000	3.395963E-1	3.531752E+0	4.211528E+0
108.400000	3.446117E-1	3.529815E+0	4.241629E+0
108.500000	3.471194E-1	3.522070E+0	4.261696E+0
108.600000	3.471194E-1	3.513680E+0	4.271730E+0
108.700000	3.395963E-1	3.491736E+0	4.221562E+0
108.800000	3.471194E-1	3.489800E+0	4.304339E+0
108.900000	3.471194E-1	3.481410E+0	4.334440E+0
109.000000	3.421040E-1	3.453657E+0	4.206511E+0
109.100000	3.446117E-1	3.460757E+0	4.239121E+0
109.200000	3.446117E-1	3.466565E+0	4.249154E+0
109.300000	3.446117E-1	3.446557E+0	4.236612E+0
109.400000	3.395963E-1	3.456239E+0	4.259188E+0
109.500000	3.421040E-1	3.473665E+0	4.274238E+0
109.600000	3.471194E-1	3.494963E+0	4.291797E+0
109.700000	3.395963E-1	3.544014E+0	4.326915E+0
109.800000	3.471194E-1	3.572412E+0	4.294305E+0
109.900000	3.395963E-1	3.602747E+0	4.301831E+0
110.000000	3.421040E-1	3.621463E+0	4.309356E+0
110.100000	3.421040E-1	3.625336E+0	4.341965E+0
110.200000	3.521347E-1	3.627272E+0	4.326915E+0
110.300000	3.471194E-1	3.631145E+0	4.281763E+0
110.400000	3.421040E-1	3.633081E+0	4.301831E+0
110.500000	3.471194E-1	3.640826E+0	4.296814E+0
110.600000	3.471194E-1	3.633081E+0	4.299322E+0
110.700000	3.496270E-1	3.638890E+0	4.274238E+0
110.800000	3.471194E-1	3.633081E+0	4.299322E+0
110.900000	3.471194E-1	3.649216E+0	4.336948E+0
111.000000	3.471194E-1	3.646634E+0	4.341965E+0
111.100000	3.471194E-1	3.664061E+0	4.294305E+0
111.200000	3.446117E-1	3.667288E+0	4.324406E+0
111.300000	3.496270E-1	3.674387E+0	4.354507E+0
111.400000	3.471194E-1	3.684714E+0	4.336948E+0
111.500000	3.446117E-1	3.686004E+0	4.344474E+0
111.600000	3.471194E-1	3.684714E+0	4.344474E+0
111.700000	3.395963E-1	3.689231E+0	4.324406E+0
111.800000	3.471194E-1	3.687295E+0	4.314373E+0
111.900000	3.521347E-1	3.700203E+0	4.311864E+0
112.000000	3.395963E-1	3.711821E+0	4.357016E+0
112.100000	3.471194E-1	3.713112E+0	4.331932E+0
112.200000	3.471194E-1	3.712466E+0	4.319389E+0
112.300000	3.421040E-1	3.726665E+0	4.349490E+0
112.400000	3.471194E-1	3.722793E+0	4.334440E+0
112.500000	3.395963E-1	3.726020E+0	4.339457E+0
112.600000	3.521347E-1	3.727311E+0	4.357016E+0
112.700000	3.395963E-1	3.728601E+0	4.329423E+0
112.800000	3.395963E-1	3.722147E+0	4.306847E+0
112.900000	3.521347E-1	3.733119E+0	4.346982E+0
113.000000	3.496270E-1	3.758936E+0	4.351999E+0
113.100000	3.471194E-1	3.778298E+0	4.334440E+0
113.200000	3.471194E-1	3.781525E+0	4.354507E+0
113.300000	3.471194E-1	3.793788E+0	4.304339E+0
113.400000	3.471194E-1	3.795079E+0	4.339457E+0
113.500000	3.471194E-1	3.801533E+0	4.334440E+0
113.600000	3.471194E-1	3.808632E+0	4.351999E+0
113.700000	3.395963E-1	3.782816E+0	4.331932E+0
113.800000	3.471194E-1	3.746028E+0	4.339457E+0
113.900000	3.446117E-1	3.680196E+0	4.309356E+0
114.000000	3.521347E-1	3.648571E+0	4.316881E+0
114.100000	3.521347E-1	3.640180E+0	4.349490E+0
114.200000	3.395963E-1	3.575639E+0	4.259188E+0
114.300000	3.471194E-1	3.528525E+0	4.261696E+0
114.400000	3.395963E-1	3.533688E+0	4.234104E+0
114.500000	3.471194E-1	3.550468E+0	4.254171E+0
114.600000	3.496270E-1	3.567249E+0	4.269221E+0
114.700000	3.471194E-1	3.591775E+0	4.324406E+0
114.800000	3.395963E-1	3.596293E+0	4.349490E+0
114.900000	3.496270E-1	3.583384E+0	4.374574E+0
115.000000	3.421040E-1	3.560150E+0	4.334440E+0
115.100000	3.471194E-1	3.571767E+0	4.339457E+0
115.200000	3.471194E-1	3.563377E+0	4.334440E+0
115.300000	3.446117E-1	3.565313E+0	4.331932E+0
115.400000	3.471194E-1	3.569831E+0	4.341965E+0
115.500000	3.395963E-1	3.582739E+0	4.346982E+0
115.600000	3.395963E-1	3.587902E+0	4.351999E+0
115.700000	3.471194E-1	3.577576E+0	4.349490E+0
115.800000	3.521347E-1	3.565958E+0	4.344474E+0
115.900000	3.471194E-1	3.549178E+0	4.336948E+0
116.000000	3.471194E-1	3.527234E+0	4.359524E+0
116.100000	3.471194E-1	3.512389E+0	4.344474E+0
116.200000	3.471194E-1	3.520134E+0	4.364541E+0
116.300000	3.521347E-1	3.556277E+0	4.379591E+0
116.400000	3.471194E-1	3.550468E+0	4.384608E+0
116.500000	3.471194E-1	3.531752E+0	4.377083E+0
116.600000	3.521347E-1	3.516907E+0	4.364541E+0
116.700000	3.446117E-1	3.505935E+0	4.329423E+0
116.800000	3.446117E-1	3.513035E+0	4.334440E+0
116.900000	3.471194E-1	3.514325E+0	4.336948E+0
117.000000	3.446117E-1	3.512389E+0	4.334440E+0
117.100000	3.471194E-1	3.515616E+0	4.329423E+0
117.200000	3.471194E-1	3.482700E+0	4.294305E+0
117.300000	3.496270E-1	3.424614E+0	4.239121E+0
117.400000	3.521347E-1	3.383307E+0	4.198986E+0
117.500000	3.496270E-1	3.368463E+0	4.236612E+0
117.600000	3.421040E-1	3.345228E+0	4.166377E+0
117.700000	3.546424E-1	3.360718E+0	4.204003E+0
117.800000	3.521347E-1	3.378790E+0	4.196478E+0
117.900000	3.471194E-1	3.404606E+0	4.204003E+0
118.000000	3.471194E-1	3.430422E+0	4.241629E+0
118.100000	3.471194E-1	3.450430E+0	4.241629E+0
118.200000	3.395963E-1	3.474956E+0	4.178919E+0
118.300000	3.446117E-1	3.498836E+0	4.254171E+0
118.400000	3.395963E-1	3.522716E+0	4.274238E+0
118.500000	3.521347E-1	3.549178E+0	4.299322E+0
118.600000	3.521347E-1	3.570476E+0	4.284272E+0
118.700000	3.421040E-1	3.595647E+0	4.294305E+0
118.800000	3.471194E-1	3.605974E+0	4.289289E+0
118.900000	3.521347E-1	3.622109E+0	4.301831E+0
119.000000	3.546424E-1	3.645344E+0	4.304339E+0
119.100000	3.395963E-1	3.677614E+0	4.256679E+0
119.200000	3.471194E-1	3.680196E+0	4.236612E+0
119.300000	3.471194E-1	3.675678E+0	4.324406E+0
119.400000	3.395963E-1	3.658897E+0	4.324406E+0
119.500000	3.395963E-1	3.650507E+0	4.329423E+0
119.600000	3.446117E-1	3.656961E+0	4.334440E+0
119.700000	3.471194E-1	3.662124E+0	4.334440E+0
119.800000	3.395963E-1	3.665997E+0	4.336948E+0
119.900000	3.471194E-1	3.668578E+0	4.331932E+0
120.000000	3.471194E-1	3.656316E+0	4.341965E+0

