0.000000	4.539985E+0	2.516522E+0	4.439059E-1
0.100000	3.421040E-1	2.520395E+0	4.514311E-1
0.200000	3.471194E-1	2.520395E+0	4.489227E-1
0.300000	3.496270E-1	2.519749E+0	4.539395E-1
0.400000	3.471194E-1	2.518459E+0	4.464143E-1
0.500000	3.421040E-1	2.519749E+0	4.514311E-1
0.600000	3.421040E-1	2.519104E+0	4.464143E-1
0.700000	3.546424E-1	2.519104E+0	4.539395E-1
0.800000	3.521347E-1	2.517813E+0	4.539395E-1
0.900000	3.395963E-1	2.519104E+0	4.464143E-1
1.000000	3.496270E-1	2.518459E+0	4.564479E-1
1.100000	3.471194E-1	2.518459E+0	4.489227E-1
1.200000	3.421040E-1	2.518459E+0	4.514311E-1
1.300000	3.546424E-1	2.518459E+0	4.489227E-1
1.400000	3.395963E-1	2.520395E+0	4.489227E-1
1.500000	3.421040E-1	2.519104E+0	4.464143E-1
1.600000	3.471194E-1	2.520395E+0	4.564479E-1
1.700000	3.421040E-1	2.521040E+0	4.514311E-1
1.800000	3.496270E-1	2.520395E+0	4.564479E-1
1.900000	3.471194E-1	2.534594E+0	5.668177E-1
2.000000	3.471194E-1	2.551375E+0	6.796958E-1
2.100000	3.421040E-1	2.586227E+0	1.068498E+0
2.200000	3.395963E-1	2.613979E+0	1.387066E+0
2.300000	3.421040E-1	2.644959E+0	1.582721E+0
2.400000	3.471194E-1	2.674648E+0	2.026709E+0
2.500000	3.471194E-1	2.723053E+0	2.129553E+0
2.600000	3.421040E-1	2.765650E+0	2.036742E+0
2.700000	3.471194E-1	2.789531E+0	2.267515E+0
2.800000	3.496270E-1	2.815992E+0	2.641267E+0
2.900000	3.546424E-1	2.840518E+0	2.628725E+0
3.000000	3.421040E-1	2.862462E+0	2.641267E+0
3.100000	3.521347E-1	2.904414E+0	2.761671E+0
3.200000	3.496270E-1	2.955401E+0	2.912175E+0
3.300000	3.496270E-1	3.016069E+0	3.047629E+0
3.400000	3.496270E-1	3.074156E+0	2.949801E+0
3.500000	3.496270E-1	3.117399E+0	3.140440E+0
3.600000	3.496270E-1	3.174840E+0	3.975738E+0
3.700000	3.496270E-1	3.239381E+0	4.349490E+0
3.800000	3.421040E-1	3.298113E+0	4.494978E+0
3.900000	3.546424E-1	3.345228E+0	4.003331E+0
4.000000	3.496270E-1	3.414932E+0	3.617036E+0
4.100000	3.496270E-1	3.469792E+0	3.895469E+0
4.200000	3.421040E-1	3.492382E+0	3.900486E+0
4.300000	3.521347E-1	3.531106E+0	4.660532E+0
4.400000	3.421040E-1	3.587257E+0	4.597822E+0
4.500000	3.521347E-1	3.597583E+0	4.464877E+0
4.600000	3.471194E-1	3.561440E+0	4.341965E+0
4.700000	3.471194E-1	3.613719E+0	4.274238E+0
4.800000	3.471194E-1	3.687941E+0	4.274238E+0
4.900000	3.471194E-1	3.775071E+0	4.246646E+0
5.000000	3.471194E-1	3.827349E+0	4.236612E+0
5.100000	3.496270E-1	3.874464E+0	4.226579E+0
5.200000	3.421040E-1	3.914479E+0	4.201495E+0
5.300000	3.496270E-1	3.937069E+0	4.214037E+0
5.400000	3.496270E-1	3.966112E+0	3.938112E+0
5.500000	3.421040E-1	3.989347E+0	3.890452E+0
5.600000	3.546424E-1	4.018390E+0	3.943129E+0
5.700000	3.471194E-1	4.059697E+0	3.973230E+0
5.800000	3.496270E-1	4.051952E+0	4.028415E+0
5.900000	3.471194E-1	4.074541E+0	4.091125E+0
6.000000	3.471194E-1	4.069378E+0	3.985772E+0
6.100000	3.471194E-1	4.106166E+0	4.061024E+0
6.200000	3.496270E-1	4.150699E+0	4.086108E+0
6.300000	3.496270E-1	4.179743E+0	4.106175E+0
6.400000	3.471194E-1	4.210077E+0	4.083600E+0
6.500000	3.496270E-1	4.222340E+0	4.086108E+0
6.600000	3.546424E-1	4.258483E+0	4.093633E+0
6.700000	3.421040E-1	4.252029E+0	4.103667E+0
6.800000	3.521347E-1	4.265582E+0	4.138784E+0
6.900000	3.521347E-1	4.310115E+0	4.066041E+0
7.000000	3.521347E-1	4.296562E+0	4.015873E+0
7.100000	3.421040E-1	4.324314E+0	4.083600E+0
7.200000	3.395963E-1	4.353358E+0	4.066041E+0
7.300000	3.471194E-1	4.416608E+0	4.106175E+0
7.400000	3.421040E-1	4.425644E+0	4.138784E+0
7.500000	3.496270E-1	4.446297E+0	4.146310E+0
7.600000	3.471194E-1	4.477922E+0	4.146310E+0
7.700000	3.471194E-1	4.508256E+0	4.151326E+0
7.800000	3.521347E-1	4.532136E+0	4.153835E+0
7.900000	3.471194E-1	4.557953E+0	4.136276E+0
8.000000	3.446117E-1	4.594741E+0	4.153835E+0
8.100000	3.546424E-1	4.610231E+0	4.193969E+0
8.200000	3.546424E-1	4.572152E+0	4.181427E+0
8.300000	3.546424E-1	4.560534E+0	4.131259E+0
8.400000	3.421040E-1	4.587642E+0	4.121226E+0
8.500000	3.421040E-1	4.532782E+0	4.121226E+0
8.600000	3.421040E-1	4.520519E+0	4.196478E+0
8.700000	3.471194E-1	4.574088E+0	4.266713E+0
8.800000	3.421040E-1	4.583769E+0	4.239121E+0
8.900000	3.521347E-1	4.519228E+0	4.093633E+0
9.000000	3.521347E-1	4.525037E+0	4.146310E+0
9.100000	3.471194E-1	4.550208E+0	4.158852E+0
9.200000	3.471194E-1	4.581833E+0	4.163868E+0
9.300000	3.471194E-1	4.566343E+0	4.181427E+0
9.400000	3.421040E-1	4.573442E+0	4.113700E+0
9.500000	3.471194E-1	4.592805E+0	4.081091E+0
9.600000	3.471194E-1	4.608295E+0	4.083600E+0
9.700000	3.496270E-1	4.625075E+0	4.093633E+0
9.800000	3.471194E-1	4.633466E+0	4.101158E+0
9.900000	3.421040E-1	4.650892E+0	4.143801E+0
10.000000	3.496270E-1	4.623784E+0	4.191461E+0
10.100000	3.471194E-1	4.621848E+0	4.219053E+0
10.200000	3.521347E-1	4.601195E+0	4.181427E+0
10.300000	3.546424E-1	4.610231E+0	4.146310E+0
10.400000	3.521347E-1	4.630239E+0	4.221562E+0
10.500000	3.546424E-1	4.630239E+0	4.219053E+0
10.600000	3.471194E-1	4.575379E+0	4.204003E+0
10.700000	3.471194E-1	4.521810E+0	4.214037E+0
10.800000	3.546424E-1	4.455333E+0	4.201495E+0
10.900000	3.471194E-1	4.397891E+0	4.206511E+0
11.000000	3.471194E-1	4.339159E+0	4.148818E+0
11.100000	3.395963E-1	4.246220E+0	4.141293E+0
11.200000	3.496270E-1	4.235893E+0	4.128751E+0
11.300000	3.471194E-1	4.235893E+0	4.103667E+0
11.400000	3.521347E-1	4.168771E+0	4.040957E+0
11.500000	3.471194E-1	3.915125E+0	3.980755E+0
11.600000	3.496270E-1	3.702140E+0	3.845301E+0
11.700000	3.496270E-1	3.530461E+0	3.760015E+0
11.800000	3.521347E-1	3.314894E+0	3.504158E+0
11.900000	3.471194E-1	3.114172E+0	3.393789E+0
12.000000	3.496270E-1	2.970891E+0	3.168032E+0
12.100000	3.496270E-1	2.873434E+0	2.957326E+0
12.200000	3.496270E-1	2.774041E+0	2.734078E+0
12.300000	3.546424E-1	2.707564E+0	2.300125E+0
12.400000	3.421040E-1	2.658512E+0	1.908814E+0
12.500000	3.421040E-1	2.627533E+0	1.996608E+0
12.600000	3.496270E-1	2.595262E+0	1.685566E+0
12.700000	3.521347E-1	2.568801E+0	9.330446E-1
12.800000	3.471194E-1	2.531367E+0	9.104690E-1
12.900000	3.421040E-1	2.519749E+0	6.395614E-1
13.000000	3.496270E-1	2.518459E+0	6.420698E-1
13.100000	3.471194E-1	2.520395E+0	6.169858E-1
13.200000	3.421040E-1	2.519104E+0	9.179942E-1
13.300000	3.521347E-1	2.517168E+0	7.524396E-1
13.400000	3.546424E-1	2.516522E+0	9.255194E-1
13.500000	3.471194E-1	2.520395E+0	8.628093E-1
13.600000	3.471194E-1	2.519104E+0	6.746790E-1
13.700000	3.496270E-1	2.518459E+0	6.822042E-1
13.800000	3.471194E-1	2.517813E+0	7.925740E-1
13.900000	3.421040E-1	2.526204E+0	9.706707E-1
14.000000	3.496270E-1	2.530721E+0	7.298639E-1
14.100000	3.521347E-1	2.550729E+0	7.649816E-1
14.200000	3.471194E-1	2.645604E+0	1.662990E+0
14.300000	3.546424E-1	2.811475E+0	2.736587E+0
14.400000	3.496270E-1	3.012197E+0	3.027562E+0
14.500000	3.471194E-1	3.151605E+0	3.398805E+0
14.600000	3.496270E-1	3.259389E+0	3.393789E+0
14.700000	3.521347E-1	3.329093E+0	3.596969E+0
14.800000	3.496270E-1	3.394279E+0	3.576902E+0
14.900000	3.496270E-1	3.461402E+0	3.541784E+0
15.000000	3.421040E-1	3.513035E+0	3.647137E+0
15.100000	3.471194E-1	3.514971E+0	3.702322E+0
15.200000	3.521347E-1	3.494963E+0	3.642121E+0
15.300000	3.471194E-1	3.484637E+0	3.551818E+0
15.400000	3.496270E-1	3.508517E+0	3.749982E+0
15.500000	3.496270E-1	3.549823E+0	3.604494E+0
15.600000	3.496270E-1	3.568540E+0	3.840284E+0
15.700000	3.421040E-1	3.577576E+0	3.752490E+0
15.800000	3.521347E-1	3.569831E+0	3.777574E+0
15.900000	3.421040E-1	3.572412E+0	3.767541E+0
16.000000	3.521347E-1	3.581448E+0	3.812692E+0
16.100000	3.496270E-1	3.607910E+0	3.802658E+0
16.200000	3.471194E-1	3.696976E+0	3.900486E+0
16.300000	3.496270E-1	3.777653E+0	3.860352E+0
16.400000	3.421040E-1	3.871882E+0	4.003331E+0
16.500000	3.421040E-1	3.964821E+0	3.980755E+0
16.600000	3.496270E-1	4.021617E+0	4.093633E+0
16.700000	3.471194E-1	4.059051E+0	4.153835E+0
16.800000	3.471194E-1	4.084222E+0	4.113700E+0
16.900000	3.395963E-1	4.095194E+0	4.126242E+0
17.000000	3.496270E-1	4.082931E+0	4.093633E+0
17.100000	3.446117E-1	4.057115E+0	4.178919E+0
17.200000	3.521347E-1	4.070668E+0	4.151326E+0
17.300000	3.546424E-1	4.090676E+0	4.209020E+0
17.400000	3.421040E-1	4.086158E+0	4.264205E+0
17.500000	3.421040E-1	4.088740E+0	4.163868E+0
17.600000	3.471194E-1	4.082286E+0	4.123734E+0
17.700000	3.521347E-1	4.124883E+0	4.025906E+0
17.800000	3.471194E-1	4.204268E+0	4.186444E+0
17.900000	3.521347E-1	4.283008E+0	4.201495E+0
18.000000	3.421040E-1	4.326896E+0	4.204003E+0
18.100000	3.546424E-1	4.346904E+0	4.231595E+0
18.200000	3.496270E-1	4.344968E+0	4.274238E+0
18.300000	3.446117E-1	4.379174E+0	4.264205E+0
18.400000	3.546424E-1	4.386919E+0	4.211528E+0
18.500000	3.496270E-1	4.392082E+0	4.276747E+0
18.600000	3.471194E-1	4.419835E+0	4.204003E+0
18.700000	3.496270E-1	4.424353E+0	4.191461E+0
18.800000	3.521347E-1	4.463723E+0	4.244137E+0
18.900000	3.471194E-1	4.504384E+0	4.108684E+0
19.000000	3.471194E-1	4.537945E+0	4.341965E+0
19.100000	3.421040E-1	4.588287E+0	4.246646E+0
19.200000	3.471194E-1	4.584414E+0	4.251663E+0
19.300000	3.521347E-1	4.566343E+0	4.271730E+0
19.400000	3.521347E-1	4.534718E+0	4.259188E+0
19.500000	3.496270E-1	4.522455E+0	4.294305E+0
19.600000	3.471194E-1	4.479858E+0	4.279255E+0
19.700000	3.496270E-1	4.454042E+0	4.224070E+0
19.800000	3.421040E-1	4.433389E+0	4.168885E+0
19.900000	3.496270E-1	4.272036E+0	4.078583E+0
20.000000	3.546424E-1	4.088095E+0	4.241629E+0
20.100000	3.471194E-1	4.092612E+0	4.206511E+0
20.200000	3.496270E-1	4.061633E+0	4.103667E+0
20.300000	3.496270E-1	3.999028E+0	4.086108E+0
20.400000	3.521347E-1	4.017100E+0	4.081091E+0
20.500000	3.521347E-1	3.956431E+0	4.128751E+0
20.600000	3.421040E-1	3.912543E+0	4.038448E+0
20.700000	3.496270E-1	3.946750E+0	4.136276E+0
20.800000	3.521347E-1	3.905444E+0	4.113700E+0
20.900000	3.521347E-1	3.877691E+0	4.173902E+0
21.000000	3.471194E-1	3.882209E+0	4.239121E+0
21.100000	3.521347E-1	3.886727E+0	4.153835E+0
21.200000	3.471194E-1	3.886727E+0	4.113700E+0
21.300000	3.546424E-1	3.902217E+0	4.279255E+0
21.400000	3.496270E-1	3.902862E+0	4.061024E+0
21.500000	3.521347E-1	3.849293E+0	4.214037E+0
21.600000	3.446117E-1	3.713112E+0	4.083600E+0
21.700000	3.496270E-1	3.525943E+0	3.940621E+0
21.800000	3.471194E-1	3.332320E+0	3.837776E+0
21.900000	3.421040E-1	3.176776E+0	3.617036E+0
22.000000	3.421040E-1	3.042531E+0	3.290944E+0
22.100000	3.421040E-1	2.874725E+0	2.944784E+0
22.200000	3.496270E-1	2.704337E+0	2.337751E+0
22.300000	3.471194E-1	2.617852E+0	1.693091E+0
22.400000	3.521347E-1	2.533303E+0	8.201664E-1
22.500000	3.421040E-1	2.519104E+0	6.395614E-1
22.600000	3.421040E-1	2.518459E+0	6.972547E-1
22.700000	3.546424E-1	2.517168E+0	7.047799E-1
22.800000	3.521347E-1	2.518459E+0	7.549480E-1
22.900000	3.446117E-1	2.519104E+0	6.746790E-1
23.000000	3.421040E-1	2.521040E+0	1.023347E+0
23.100000	3.496270E-1	2.519749E+0	6.997631E-1
23.200000	3.471194E-1	2.519104E+0	6.521034E-1
23.300000	3.496270E-1	2.520395E+0	9.430782E-1
23.400000	3.521347E-1	2.517813E+0	1.018330E+0
23.500000	3.471194E-1	2.518459E+0	7.323723E-1
23.600000	3.496270E-1	2.528140E+0	1.203952E+0
23.700000	3.496270E-1	2.524913E+0	1.048431E+0
23.800000	3.471194E-1	2.532658E+0	6.922379E-1
23.900000	3.521347E-1	2.601071E+0	1.387066E+0
24.000000	3.521347E-1	2.760487E+0	2.345276E+0
24.100000	3.496270E-1	3.019942E+0	3.140440E+0
24.200000	3.496270E-1	3.345228E+0	3.413856E+0
24.300000	3.421040E-1	3.775716E+0	3.739948E+0
24.400000	3.546424E-1	4.080995E+0	3.817709E+0
24.500000	3.471194E-1	4.324314E+0	4.050990E+0
24.600000	3.395963E-1	4.453396E+0	4.151326E+0
24.700000	3.496270E-1	4.516001E+0	4.043465E+0
24.800000	3.496270E-1	4.543108E+0	4.126242E+0
24.900000	3.546424E-1	4.529555E+0	4.161360E+0
25.000000	3.521347E-1	4.544399E+0	4.111192E+0
25.100000	3.395963E-1	4.519874E+0	4.045973E+0
25.200000	3.395963E-1	4.426935E+0	4.118717E+0
25.300000	3.521347E-1	4.279781E+0	4.056007E+0
25.400000	3.471194E-1	4.149408E+0	4.083600E+0
25.500000	3.421040E-1	4.055824E+0	4.030923E+0
25.600000	3.421040E-1	3.962240E+0	3.908011E+0
25.700000	3.496270E-1	3.866074E+0	3.892961E+0
25.800000	3.521347E-1	3.837676E+0	3.923062E+0
25.900000	3.496270E-1	3.843484E+0	3.862860E+0
26.000000	3.521347E-1	3.852520E+0	3.925570E+0
26.100000	3.496270E-1	3.780880E+0	3.805167E+0
26.200000	3.471194E-1	3.740219E+0	3.805167E+0
26.300000	3.471194E-1	3.824122E+0	3.870385E+0
26.400000	3.421040E-1	3.882209E+0	3.785100E+0
26.500000	3.496270E-1	3.965467E+0	3.790116E+0
26.600000	3.521347E-1	4.011936E+0	3.978247E+0
26.700000	3.421040E-1	4.025490E+0	3.930587E+0
26.800000	3.496270E-1	4.062924E+0	3.970721E+0
26.900000	3.421040E-1	4.082931E+0	4.038448E+0
27.000000	3.496270E-1	4.028717E+0	3.975738E+0
27.100000	3.471194E-1	4.004191E+0	3.980755E+0
27.200000	3.496270E-1	4.051306E+0	3.950654E+0
27.300000	3.471194E-1	4.061633E+0	4.013364E+0
27.400000	3.496270E-1	4.046788E+0	3.882927E+0
27.500000	3.421040E-1	4.048079E+0	3.822726E+0
27.600000	3.496270E-1	4.074541E+0	4.023398E+0
27.700000	3.546424E-1	4.111329E+0	4.191461E+0
27.800000	3.546424E-1	4.143600E+0	3.998314E+0
27.900000	3.471194E-1	4.200396E+0	4.068549E+0
28.000000	3.421040E-1	4.244929E+0	4.141293E+0
28.100000	3.395963E-1	4.379820E+0	4.093633E+0
28.200000	3.521347E-1	4.472759E+0	4.138784E+0
28.300000	3.421040E-1	4.467595E+0	4.241629E+0
28.400000	3.496270E-1	4.485667E+0	4.246646E+0
28.500000	3.421040E-1	4.499220E+0	4.264205E+0
28.600000	3.421040E-1	4.540527E+0	4.271730E+0
28.700000	3.471194E-1	4.510838E+0	4.269221E+0
28.800000	3.421040E-1	4.465659E+0	4.181427E+0
28.900000	3.521347E-1	4.451460E+0	4.204003E+0
29.000000	3.496270E-1	4.437907E+0	4.221562E+0
29.100000	3.521347E-1	4.324960E+0	4.126242E+0
29.200000	3.496270E-1	4.231375E+0	4.141293E+0
29.300000	3.546424E-1	4.033235E+0	4.073566E+0
29.400000	3.496270E-1	3.817023E+0	4.018381E+0
29.500000	3.471194E-1	3.609201E+0	3.983263E+0
29.600000	3.496270E-1	3.517553E+0	3.674730E+0
29.700000	3.471194E-1	3.502063E+0	3.835268E+0
29.800000	3.421040E-1	3.475601E+0	3.978247E+0
29.900000	3.471194E-1	3.386534E+0	3.719881E+0
30.000000	3.546424E-1	3.240672E+0	3.393789E+0
30.100000	3.496270E-1	3.061248E+0	3.230742E+0
30.200000	3.521347E-1	2.912158E+0	2.969868E+0
30.300000	3.496270E-1	2.901186E+0	2.874549E+0
30.400000	3.521347E-1	2.898605E+0	3.017528E+0
30.500000	3.521347E-1	2.912158E+0	3.235759E+0
30.600000	3.421040E-1	2.929584E+0	3.173049E+0
30.700000	3.521347E-1	2.924421E+0	3.155490E+0
30.800000	3.395963E-1	2.919258E+0	3.132915E+0
30.900000	3.496270E-1	2.903768E+0	2.974885E+0
31.000000	3.421040E-1	2.903768E+0	2.994952E+0
31.100000	3.521347E-1	2.883115E+0	2.944784E+0
31.200000	3.521347E-1	2.868916E+0	2.974885E+0
31.300000	3.471194E-1	2.859880E+0	2.969868E+0
31.400000	3.471194E-1	2.854072E+0	2.836923E+0
31.500000	3.421040E-1	2.828901E+0	2.726553E+0
31.600000	3.471194E-1	2.783722E+0	2.435578E+0
31.700000	3.496270E-1	2.744352E+0	2.553473E+0
31.800000	3.496270E-1	2.679811E+0	2.310158E+0
31.900000	3.421040E-1	2.636569E+0	1.853629E+0
32.000000	3.521347E-1	2.617206E+0	1.605297E+0
32.100000	3.471194E-1	2.595908E+0	1.562654E+0
32.200000	3.395963E-1	2.570737E+0	1.224019E+0
32.300000	3.496270E-1	2.522331E+0	7.599648E-1
32.400000	3.471194E-1	2.519104E+0	6.019353E-1
32.500000	3.471194E-1	2.519104E+0	5.592925E-1
32.600000	3.421040E-1	2.518459E+0	6.194942E-1
32.700000	3.421040E-1	2.521040E+0	1.193919E+0
32.800000	3.496270E-1	2.517168E+0	8.753513E-1
32.900000	3.471194E-1	2.518459E+0	1.269171E+0
33.000000	3.521347E-1	2.518459E+0	5.216664E-1
33.100000	3.496270E-1	2.517813E+0	5.793597E-1
33.200000	3.496270E-1	2.516522E+0	5.919017E-1
33.300000	3.546424E-1	2.518459E+0	7.097967E-1
33.400000	3.546424E-1	2.518459E+0	6.571202E-1
33.500000	3.521347E-1	2.516522E+0	6.094605E-1
33.600000	3.521347E-1	2.518459E+0	6.069521E-1
33.700000	3.496270E-1	2.530721E+0	1.241578E+0
33.800000	3.521347E-1	2.530721E+0	8.176580E-1
33.900000	3.521347E-1	2.517168E+0	6.546118E-1
34.000000	3.496270E-1	2.518459E+0	7.198303E-1
34.100000	3.496270E-1	2.517168E+0	6.546118E-1
34.200000	3.521347E-1	2.518459E+0	5.743429E-1
34.300000	3.471194E-1	2.531367E+0	6.470866E-1
34.400000	3.546424E-1	2.524267E+0	9.480950E-1
34.500000	3.496270E-1	2.589454E+0	1.133717E+0
34.600000	3.521347E-1	2.536530E+0	8.979270E-1
34.700000	3.395963E-1	2.518459E+0	6.872211E-1
34.800000	3.421040E-1	2.518459E+0	6.245110E-1
34.900000	3.421040E-1	2.519749E+0	5.919017E-1
35.000000	3.521347E-1	2.520395E+0	6.521034E-1
35.100000	3.521347E-1	2.521040E+0	7.148135E-1
35.200000	3.521347E-1	2.576545E+0	1.339406E+0
35.300000	3.471194E-1	2.664967E+0	1.999116E+0
35.400000	3.496270E-1	2.808247E+0	2.295108E+0
35.500000	3.471194E-1	2.958628E+0	2.791772E+0
35.600000	3.521347E-1	3.101263E+0	3.107831E+0
35.700000	3.521347E-1	3.265843E+0	3.275894E+0
35.800000	3.546424E-1	3.414287E+0	3.461515E+0
35.900000	3.546424E-1	3.578866E+0	3.702322E+0
36.000000	3.421040E-1	3.781525E+0	3.775066E+0
36.100000	3.496270E-1	3.912543E+0	3.772558E+0
36.200000	3.546424E-1	3.985474E+0	3.920553E+0
36.300000	3.471194E-1	4.070668E+0	3.960688E+0
36.400000	3.471194E-1	4.126174E+0	3.973230E+0
36.500000	3.471194E-1	4.031299E+0	3.918045E+0
36.600000	3.471194E-1	3.667288E+0	3.669713E+0
36.700000	3.421040E-1	3.291014E+0	3.541784E+0
36.800000	3.521347E-1	3.243254E+0	3.300978E+0
36.900000	3.496270E-1	3.194848E+0	3.311011E+0
37.000000	3.496270E-1	3.150315E+0	3.351146E+0
37.100000	3.471194E-1	3.150960E+0	3.366196E+0
37.200000	3.496270E-1	3.148378E+0	3.581919E+0
37.300000	3.421040E-1	3.108363E+0	3.233251E+0
37.400000	3.471194E-1	3.119335E+0	3.215692E+0
37.500000	3.395963E-1	3.113526E+0	3.436431E+0
37.600000	3.521347E-1	3.107718E+0	3.438940E+0
37.700000	3.421040E-1	3.101909E+0	3.245793E+0
37.800000	3.521347E-1	3.093518E+0	3.311011E+0
37.900000	3.471194E-1	3.083192E+0	3.484091E+0
38.000000	3.521347E-1	3.066411E+0	3.318536E+0
38.100000	3.546424E-1	3.050276E+0	3.423889E+0
38.200000	3.471194E-1	3.053503E+0	3.298469E+0
38.300000	3.496270E-1	3.070284E+0	3.305994E+0
38.400000	3.471194E-1	3.078029E+0	3.361179E+0
38.500000	3.521347E-1	3.079965E+0	3.388772E+0
38.600000	3.496270E-1	3.086419E+0	3.428906E+0
38.700000	3.471194E-1	3.099327E+0	3.318536E+0
38.800000	3.521347E-1	3.087710E+0	3.188099E+0
38.900000	3.421040E-1	3.074802E+0	3.102814E+0
39.000000	3.521347E-1	3.057376E+0	3.168032E+0
39.100000	3.496270E-1	3.042531E+0	3.155490E+0
39.200000	3.471194E-1	3.041240E+0	3.238268E+0
39.300000	3.421040E-1	3.039304E+0	3.188099E+0
39.400000	3.546424E-1	3.036077E+0	3.238268E+0
39.500000	3.421040E-1	3.025105E+0	2.977394E+0
39.600000	3.496270E-1	3.018006E+0	2.974885E+0
39.700000	3.496270E-1	3.007034E+0	3.180574E+0
39.800000	3.421040E-1	2.994125E+0	2.974885E+0
39.900000	3.521347E-1	2.980572E+0	3.183083E+0
40.000000	3.496270E-1	2.960564E+0	3.072713E+0
40.100000	3.421040E-1	2.957983E+0	2.859499E+0
40.200000	3.521347E-1	2.952174E+0	2.774213E+0
40.300000	3.421040E-1	2.954110E+0	2.879566E+0
40.400000	3.496270E-1	2.957983E+0	2.982410E+0
40.500000	3.521347E-1	2.957983E+0	3.025053E+0
40.600000	3.496270E-1	2.939266E+0	3.050137E+0
40.700000	3.496270E-1	2.941847E+0	2.959835E+0
40.800000	3.421040E-1	2.931521E+0	2.999969E+0
40.900000	3.546424E-1	2.900541E+0	2.972377E+0
41.000000	3.521347E-1	2.890860E+0	2.897125E+0
41.100000	3.496270E-1	2.903123E+0	2.708994E+0
41.200000	3.496270E-1	2.930230E+0	3.010003E+0
41.300000	3.421040E-1	2.936039E+0	2.859499E+0
41.400000	3.421040E-1	2.952174E+0	2.889599E+0
41.500000	3.496270E-1	2.958628E+0	2.997461E+0
41.600000	3.471194E-1	2.968954E+0	3.090272E+0
41.700000	3.471194E-1	2.970891E+0	3.115356E+0
41.800000	3.546424E-1	2.982508E+0	2.917192E+0
41.900000	3.471194E-1	2.983153E+0	3.060171E+0
42.000000	3.471194E-1	3.058666E+0	3.032578E+0
42.100000	3.421040E-1	3.190330E+0	3.178066E+0
42.200000	3.496270E-1	3.285851E+0	3.285927E+0
42.300000	3.471194E-1	3.482700E+0	3.564360E+0
42.400000	3.521347E-1	3.671805E+0	3.704831E+0
42.500000	3.471194E-1	3.918352E+0	3.817709E+0
42.600000	3.471194E-1	4.080995E+0	3.900486E+0
42.700000	3.521347E-1	4.204268E+0	3.920553E+0
42.800000	3.471194E-1	4.319797E+0	3.902994E+0
42.900000	3.496270E-1	4.423062E+0	3.993297E+0
43.000000	3.395963E-1	4.497930E+0	4.056007E+0
43.100000	3.496270E-1	4.650246E+0	4.091125E+0
43.200000	3.471194E-1	4.739313E+0	4.071058E+0
43.300000	3.421040E-1	4.790300E+0	4.166377E+0
43.400000	3.521347E-1	4.819989E+0	4.118717E+0
43.500000	3.471194E-1	4.805790E+0	4.158852E+0
43.600000	3.421040E-1	4.790300E+0	4.153835E+0
43.700000	3.421040E-1	4.736731E+0	4.143801E+0
43.800000	3.546424E-1	4.719950E+0	4.123734E+0
43.900000	3.421040E-1	4.700588E+0	4.123734E+0
44.000000	3.471194E-1	4.631529E+0	4.045973E+0
44.100000	3.496270E-1	4.630884E+0	4.043465E+0
44.200000	3.421040E-1	4.659282E+0	4.093633E+0
44.300000	3.546424E-1	4.653473E+0	4.158852E+0
44.400000	3.496270E-1	4.666381E+0	4.111192E+0
44.500000	3.471194E-1	4.691552E+0	4.158852E+0
44.600000	3.471194E-1	4.705106E+0	4.136276E+0
44.700000	3.496270E-1	4.743831E+0	4.146310E+0
44.800000	3.521347E-1	4.753512E+0	4.138784E+0
44.900000	3.521347E-1	4.807726E+0	4.148818E+0
45.000000	3.521347E-1	4.835479E+0	4.183936E+0
45.100000	3.496270E-1	4.809017E+0	4.151326E+0
45.200000	3.471194E-1	4.813535E+0	4.204003E+0
45.300000	3.521347E-1	4.785137E+0	4.186444E+0
45.400000	3.471194E-1	4.799336E+0	4.229087E+0
45.500000	3.471194E-1	4.775456E+0	4.209020E+0
45.600000	3.496270E-1	4.787718E+0	4.168885E+0
45.700000	3.496270E-1	4.776101E+0	4.171394E+0
45.800000	3.496270E-1	4.787073E+0	4.166377E+0
45.900000	3.471194E-1	4.794173E+0	4.206511E+0
46.000000	3.471194E-1	4.768356E+0	4.168885E+0
46.100000	3.421040E-1	4.750285E+0	4.168885E+0
46.200000	3.496270E-1	4.752866E+0	4.231595E+0
46.300000	3.421040E-1	4.734149E+0	4.191461E+0
46.400000	3.521347E-1	4.705751E+0	4.221562E+0
46.500000	3.496270E-1	4.721887E+0	4.221562E+0
46.600000	3.471194E-1	4.690262E+0	4.241629E+0
46.700000	3.546424E-1	4.710915E+0	4.244137E+0
46.800000	3.496270E-1	4.731568E+0	4.196478E+0
46.900000	3.496270E-1	4.757384E+0	4.259188E+0
47.000000	3.471194E-1	4.752221E+0	4.219053E+0
47.100000	3.496270E-1	4.753512E+0	4.264205E+0
47.200000	3.471194E-1	4.747703E+0	4.261696E+0
47.300000	3.471194E-1	4.748348E+0	4.266713E+0
47.400000	3.471194E-1	4.749639E+0	4.261696E+0
47.500000	3.496270E-1	4.733504E+0	4.226579E+0
47.600000	3.471194E-1	4.736731E+0	4.226579E+0
47.700000	3.496270E-1	4.738022E+0	4.143801E+0
47.800000	3.521347E-1	4.717369E+0	4.193969E+0
47.900000	3.421040E-1	4.745121E+0	4.231595E+0
48.000000	3.421040E-1	4.743185E+0	4.281763E+0
48.100000	3.496270E-1	4.754803E+0	4.274238E+0
48.200000	3.395963E-1	4.723178E+0	4.178919E+0
48.300000	3.496270E-1	4.719305E+0	4.224070E+0
48.400000	3.496270E-1	4.775456E+0	4.231595E+0
48.500000	3.421040E-1	4.783846E+0	4.264205E+0
48.600000	3.496270E-1	4.810308E+0	4.161360E+0
48.700000	3.471194E-1	4.764484E+0	4.271730E+0
48.800000	3.496270E-1	4.780619E+0	4.246646E+0
48.900000	3.496270E-1	4.754803E+0	4.161360E+0
49.000000	3.496270E-1	4.731568E+0	4.284272E+0
49.100000	3.521347E-1	4.747058E+0	4.209020E+0
49.200000	3.521347E-1	4.683808E+0	4.146310E+0
49.300000	3.521347E-1	4.747703E+0	4.193969E+0
49.400000	3.471194E-1	4.778037E+0	4.158852E+0
49.500000	3.471194E-1	4.843869E+0	4.173902E+0
49.600000	3.546424E-1	4.869040E+0	4.148818E+0
49.700000	3.421040E-1	4.886466E+0	4.111192E+0
49.800000	3.421040E-1	4.914864E+0	4.183936E+0
49.900000	3.496270E-1	4.918737E+0	4.211528E+0
50.000000	3.421040E-1	4.922609E+0	4.234104E+0
50.100000	3.496270E-1	4.913573E+0	4.234104E+0
50.200000	3.471194E-1	4.908410E+0	4.259188E+0
50.300000	3.496270E-1	4.870976E+0	4.276747E+0
50.400000	3.421040E-1	4.852259E+0	4.209020E+0
50.500000	3.421040E-1	4.837415E+0	4.249154E+0
50.600000	3.546424E-1	4.841933E+0	4.221562E+0
50.700000	3.395963E-1	4.838706E+0	4.219053E+0
50.800000	3.521347E-1	4.842578E+0	4.244137E+0
50.900000	3.521347E-1	4.846451E+0	4.251663E+0
51.000000	3.521347E-1	4.821280E+0	4.259188E+0
51.100000	3.521347E-1	4.824507E+0	4.251663E+0
51.200000	3.521347E-1	4.783846E+0	4.234104E+0
51.300000	3.421040E-1	4.786428E+0	4.224070E+0
51.400000	3.421040E-1	4.779328E+0	4.264205E+0
51.500000	3.395963E-1	4.768356E+0	4.234104E+0
51.600000	3.521347E-1	4.757384E+0	4.306847E+0
51.700000	3.421040E-1	4.756093E+0	4.226579E+0
51.800000	3.546424E-1	4.753512E+0	4.239121E+0
51.900000	3.421040E-1	4.754803E+0	4.244137E+0
52.000000	3.421040E-1	4.688325E+0	4.161360E+0
52.100000	3.521347E-1	4.586996E+0	4.143801E+0
52.200000	3.421040E-1	4.530200E+0	4.163868E+0
52.300000	3.521347E-1	4.485667E+0	4.204003E+0
52.400000	3.421040E-1	4.431452E+0	4.166377E+0
52.500000	3.496270E-1	4.375947E+0	4.143801E+0
52.600000	3.421040E-1	4.329478E+0	4.143801E+0
52.700000	3.521347E-1	4.249447E+0	4.005839E+0
52.800000	3.496270E-1	4.136500E+0	4.045973E+0
52.900000	3.496270E-1	4.017745E+0	3.930587E+0
53.000000	3.421040E-1	3.885436E+0	3.918045E+0
53.100000	3.521347E-1	3.802178E+0	3.905503E+0
53.200000	3.496270E-1	3.653089E+0	3.817709E+0
53.300000	3.471194E-1	3.539496E+0	3.702322E+0
53.400000	3.521347E-1	3.540787E+0	3.800150E+0
53.500000	3.471194E-1	3.594356E+0	3.900486E+0
53.600000	3.395963E-1	3.624045E+0	3.830251E+0
53.700000	3.395963E-1	3.600810E+0	3.862860E+0
53.800000	3.496270E-1	3.540142E+0	3.862860E+0
53.900000	3.395963E-1	3.491736E+0	3.900486E+0
54.000000	3.546424E-1	3.433004E+0	3.704831E+0
54.100000	3.521347E-1	3.418159E+0	3.772558E+0
54.200000	3.521347E-1	3.430422E+0	3.857843E+0
54.300000	3.521347E-1	3.453012E+0	3.749982E+0
54.400000	3.496270E-1	3.473665E+0	3.775066E+0
54.500000	3.496270E-1	3.466565E+0	3.757507E+0
54.600000	3.546424E-1	3.493027E+0	3.950654E+0
54.700000	3.421040E-1	3.498190E+0	3.943129E+0
54.800000	3.471194E-1	3.507226E+0	3.963196E+0
54.900000	3.421040E-1	3.529170E+0	3.943129E+0
55.000000	3.421040E-1	3.530461E+0	3.945637E+0
55.100000	3.496270E-1	3.526588E+0	3.902994E+0
55.200000	3.395963E-1	3.528525E+0	3.915537E+0
55.300000	3.395963E-1	3.514325E+0	3.862860E+0
55.400000	3.521347E-1	3.438167E+0	3.780083E+0
55.500000	3.496270E-1	3.306504E+0	3.622053E+0
55.600000	3.521347E-1	3.206465E+0	3.516700E+0
55.700000	3.496270E-1	3.105781E+0	3.501650E+0
55.800000	3.421040E-1	3.047049E+0	3.328570E+0
55.900000	3.496270E-1	2.948301E+0	3.183083E+0
56.000000	3.496270E-1	2.814056E+0	2.673877E+0
56.100000	3.521347E-1	2.682393E+0	2.400461E+0
56.200000	3.471194E-1	2.597844E+0	1.733225E+0
56.300000	3.395963E-1	2.547502E+0	1.361982E+0
56.400000	3.496270E-1	2.519749E+0	5.517673E-1
56.500000	3.471194E-1	2.519749E+0	6.445782E-1
56.600000	3.521347E-1	2.518459E+0	8.226749E-1
56.700000	3.521347E-1	2.517168E+0	8.126412E-1
56.800000	3.496270E-1	2.517168E+0	6.822042E-1
56.900000	3.521347E-1	2.517813E+0	1.123683E+0
57.000000	3.421040E-1	2.519104E+0	6.872211E-1
57.100000	3.521347E-1	2.519104E+0	6.947463E-1
57.200000	3.395963E-1	2.520395E+0	8.201664E-1
57.300000	3.521347E-1	2.570737E+0	1.208969E+0
57.400000	3.546424E-1	2.635278E+0	1.963998E+0
57.500000	3.496270E-1	2.817283E+0	2.535915E+0
57.600000	3.471194E-1	3.103200E+0	3.180574E+0
57.700000	3.471194E-1	3.513035E+0	3.664696E+0
57.800000	3.496270E-1	3.823477E+0	3.767541E+0
57.900000	3.521347E-1	4.070668E+0	3.847810E+0
58.000000	3.546424E-1	4.248802E+0	4.043465E+0
58.100000	3.521347E-1	4.405636E+0	4.008347E+0
58.200000	3.421040E-1	4.497930E+0	4.111192E+0
58.300000	3.496270E-1	4.346904E+0	3.933095E+0
58.400000	3.421040E-1	3.985474E+0	3.837776E+0
58.500000	3.421040E-1	3.461402E+0	3.393789E+0
58.600000	3.521347E-1	3.171613E+0	3.170541E+0
58.700000	3.471194E-1	3.036077E+0	2.899633E+0
58.800000	3.521347E-1	3.004452E+0	3.135423E+0
58.900000	3.471194E-1	2.952819E+0	2.836923E+0
59.000000	3.521347E-1	2.988962E+0	3.037595E+0
59.100000	3.421040E-1	2.947656E+0	2.854482E+0
59.200000	3.521347E-1	2.904414E+0	2.952310E+0
59.300000	3.471194E-1	2.846972E+0	2.661335E+0
59.400000	3.496270E-1	2.809538E+0	2.566015E+0
59.500000	3.496270E-1	2.801793E+0	2.540931E+0
59.600000	3.521347E-1	2.778559E+0	2.470696E+0
59.700000	3.421040E-1	2.783077E+0	2.443104E+0
59.800000	3.546424E-1	2.791467E+0	2.523373E+0
59.900000	3.496270E-1	2.815992E+0	2.673877E+0
60.000000	3.471194E-1	2.857299E+0	3.010003E+0
60.100000	3.471194E-1	2.897959E+0	2.967360E+0
60.200000	3.521347E-1	2.903768E+0	2.924717E+0
60.300000	3.496270E-1	2.913449E+0	3.040104E+0
60.400000	3.496270E-1	2.980572E+0	2.897125E+0
60.500000	3.496270E-1	3.132888E+0	3.175557E+0
60.600000	3.471194E-1	3.463984E+0	3.446465E+0
60.700000	3.496270E-1	3.680196E+0	3.662188E+0
60.800000	3.471194E-1	3.817668E+0	3.707339E+0
60.900000	3.496270E-1	3.828640E+0	3.732423E+0
61.000000	3.421040E-1	3.843484E+0	3.817709E+0
61.100000	3.521347E-1	3.788625E+0	3.692289E+0
61.200000	3.471194E-1	3.360718E+0	3.381247E+0
61.300000	3.496270E-1	2.906350E+0	2.779230E+0
61.400000	3.471194E-1	2.617206E+0	1.632889E+0
61.500000	3.421040E-1	2.520395E+0	5.793597E-1
61.600000	3.421040E-1	2.520395E+0	7.273555E-1
61.700000	3.546424E-1	2.519104E+0	6.571202E-1
61.800000	3.421040E-1	2.518459E+0	1.023347E+0
61.900000	3.496270E-1	2.517168E+0	9.932463E-1
62.000000	3.471194E-1	2.520395E+0	6.420698E-1
62.100000	3.496270E-1	2.519749E+0	6.596286E-1
62.200000	3.521347E-1	2.517168E+0	5.517673E-1
62.300000	3.421040E-1	2.520395E+0	5.793597E-1
62.400000	3.421040E-1	2.518459E+0	5.994269E-1
62.500000	3.521347E-1	2.517168E+0	7.499311E-1
62.600000	3.471194E-1	2.531367E+0	1.231545E+0
62.700000	3.496270E-1	2.617206E+0	1.577704E+0
62.800000	3.471194E-1	2.831482E+0	2.902141E+0
62.900000	3.496270E-1	3.127080E+0	3.280910E+0
63.000000	3.471194E-1	3.447848E+0	3.494125E+0
63.100000	3.421040E-1	3.724084E+0	3.867877E+0
63.200000	3.421040E-1	3.965467E+0	3.973230E+0
63.300000	3.496270E-1	4.151990E+0	3.978247E+0
63.400000	3.521347E-1	4.168771E+0	4.071058E+0
63.500000	3.521347E-1	4.198460E+0	4.133768E+0
63.600000	3.471194E-1	3.988701E+0	4.136276E+0
63.700000	3.546424E-1	3.397506E+0	3.862860E+0
63.800000	3.496270E-1	2.911513E+0	3.173049E+0
63.900000	3.421040E-1	2.585581E+0	1.111141E+0
64.000000	3.521347E-1	2.518459E+0	6.671538E-1
64.100000	3.521347E-1	2.517168E+0	5.718345E-1
64.200000	3.395963E-1	2.519104E+0	6.470866E-1
64.300000	3.471194E-1	2.517168E+0	5.317000E-1
64.400000	3.546424E-1	2.519104E+0	5.517673E-1
64.500000	3.421040E-1	2.521040E+0	5.191580E-1
64.600000	3.496270E-1	2.583000E+0	1.168835E+0
64.700000	3.546424E-1	2.712727E+0	2.179721E+0
64.800000	3.471194E-1	2.977990E+0	2.942276E+0
64.900000	3.471194E-1	3.371690E+0	3.674730E+0
65.000000	3.421040E-1	3.735056E+0	3.958179E+0
65.100000	3.421040E-1	4.004837E+0	3.965705E+0
65.200000	3.471194E-1	4.284299E+0	4.020889E+0
65.300000	3.421040E-1	4.375947E+0	4.181427E+0
65.400000	3.546424E-1	4.057115E+0	4.045973E+0
65.500000	3.496270E-1	3.519489E+0	3.659679E+0
65.600000	3.521347E-1	3.065766E+0	3.316028E+0
65.700000	3.421040E-1	2.732735E+0	2.089419E+0
65.800000	3.496270E-1	2.544920E+0	9.807043E-1
65.900000	3.471194E-1	2.516522E+0	5.517673E-1
66.000000	3.496270E-1	2.519104E+0	6.370530E-1
66.100000	3.496270E-1	2.517168E+0	7.123051E-1
66.200000	3.395963E-1	2.519104E+0	6.220026E-1
66.300000	3.421040E-1	2.518459E+0	7.097967E-1
66.400000	3.471194E-1	2.520395E+0	7.348807E-1
66.500000	3.496270E-1	2.520395E+0	6.696622E-1
66.600000	3.471194E-1	2.568801E+0	7.875572E-1
66.700000	3.421040E-1	2.667548E+0	1.540078E+0
66.800000	3.521347E-1	2.898605E+0	2.651301E+0
66.900000	3.496270E-1	3.212919E+0	3.285927E+0
67.000000	3.421040E-1	3.490445E+0	3.805167E+0
67.100000	3.471194E-1	3.811214E+0	3.920553E+0
67.200000	3.546424E-1	4.070023E+0	4.131259E+0
67.300000	3.471194E-1	4.339159E+0	4.128751E+0
67.400000	3.521347E-1	4.599259E+0	4.138784E+0
67.500000	3.421040E-1	4.690262E+0	4.126242E+0
67.600000	3.421040E-1	4.585705E+0	4.118717E+0
67.700000	3.546424E-1	4.074541E+0	3.892961E+0
67.800000	3.546424E-1	3.404606E+0	3.581919E+0
67.900000	3.471194E-1	2.970245E+0	3.230742E+0
68.000000	3.471194E-1	2.711436E+0	2.560999E+0
68.100000	3.421040E-1	2.535885E+0	6.445782E-1
68.200000	3.471194E-1	2.517168E+0	6.144774E-1
68.300000	3.471194E-1	2.517813E+0	7.373891E-1
68.400000	3.496270E-1	2.520395E+0	5.818681E-1
68.500000	3.496270E-1	2.519749E+0	5.015992E-1
68.600000	3.421040E-1	2.520395E+0	5.291916E-1
68.700000	3.421040E-1	2.518459E+0	6.721706E-1
68.800000	3.521347E-1	2.518459E+0	8.552841E-1
68.900000	3.421040E-1	2.519749E+0	1.053448E+0
69.000000	3.546424E-1	2.519749E+0	5.768513E-1
69.100000	3.521347E-1	2.518459E+0	5.643093E-1
69.200000	3.521347E-1	2.536530E+0	6.220026E-1
69.300000	3.496270E-1	2.602362E+0	1.234053E+0
69.400000	3.496270E-1	2.733380E+0	2.081893E+0
69.500000	3.521347E-1	2.918613E+0	2.686419E+0
69.600000	3.546424E-1	3.124498E+0	3.115356E+0
69.700000	3.521347E-1	3.345874E+0	3.363688E+0
69.800000	3.471194E-1	3.584030E+0	3.649646E+0
69.900000	3.471194E-1	3.713757E+0	3.830251E+0
70.000000	3.395963E-1	3.811859E+0	3.770049E+0
70.100000	3.546424E-1	3.975793E+0	4.081091E+0
70.200000	3.421040E-1	4.132628E+0	4.086108E+0
70.300000	3.496270E-1	4.262355E+0	4.043465E+0
70.400000	3.471194E-1	4.342386E+0	4.073566E+0
70.500000	3.471194E-1	4.302371E+0	4.091125E+0
70.600000	3.496270E-1	4.242993E+0	4.158852E+0
70.700000	3.496270E-1	4.168771E+0	4.081091E+0
70.800000	3.421040E-1	3.993219E+0	4.088616E+0
70.900000	3.496270E-1	3.811859E+0	3.830251E+0
71.000000	3.421040E-1	3.568540E+0	3.850318E+0
71.100000	3.546424E-1	3.343292E+0	3.596969E+0
71.200000	3.421040E-1	3.267779E+0	3.727406E+0
71.300000	3.421040E-1	3.252289E+0	3.534259E+0
71.400000	3.395963E-1	3.196784E+0	3.526734E+0
71.500000	3.471194E-1	3.161286E+0	3.438940E+0
71.600000	3.421040E-1	3.164514E+0	3.300978E+0
71.700000	3.421040E-1	3.127725E+0	3.223217E+0
71.800000	3.471194E-1	3.042531E+0	3.102814E+0
71.900000	3.471194E-1	2.988962E+0	3.215692E+0
72.000000	3.496270E-1	2.910222E+0	2.922209E+0
72.100000	3.421040E-1	2.905059E+0	2.889599E+0
72.200000	3.521347E-1	2.906995E+0	2.799297E+0
72.300000	3.496270E-1	2.898605E+0	2.746620E+0
72.400000	3.546424E-1	2.894732E+0	3.115356E+0
72.500000	3.421040E-1	2.930230E+0	2.987427E+0
72.600000	3.521347E-1	2.981863E+0	3.135423E+0
72.700000	3.421040E-1	2.993480E+0	3.183083E+0
72.800000	3.521347E-1	3.001870E+0	3.015020E+0
72.900000	3.471194E-1	3.012197E+0	3.238268E+0
73.000000	3.421040E-1	3.009615E+0	3.225726E+0
73.100000	3.496270E-1	2.992189E+0	3.318536E+0
73.200000	3.496270E-1	2.987671E+0	3.243284E+0
73.300000	3.521347E-1	2.998643E+0	3.341112E+0
73.400000	3.496270E-1	3.019296E+0	3.255826E+0
73.500000	3.521347E-1	3.015424E+0	3.152982E+0
73.600000	3.446117E-1	2.992835E+0	3.240776E+0
73.700000	3.446117E-1	2.967018E+0	3.145457E+0
73.800000	3.546424E-1	2.955401E+0	3.122881E+0
73.900000	3.546424E-1	2.939911E+0	2.974885E+0
74.000000	3.446117E-1	2.930230E+0	2.977394E+0
74.100000	3.421040E-1	2.923130E+0	2.959835E+0
74.200000	3.421040E-1	2.918613E+0	2.987427E+0
74.300000	3.496270E-1	2.948301E+0	3.067696E+0
74.400000	3.546424E-1	3.048340E+0	3.127898E+0
74.500000	3.496270E-1	3.275524E+0	3.566868E+0
74.600000	3.421040E-1	3.518198E+0	3.775066E+0
74.700000	3.546424E-1	3.703430E+0	3.852826E+0
74.800000	3.546424E-1	3.861556E+0	3.948146E+0
74.900000	3.546424E-1	3.982247E+0	3.880419E+0
75.000000	3.521347E-1	4.102939E+0	4.000822E+0
75.100000	3.446117E-1	4.182324E+0	4.121226E+0
75.200000	3.395963E-1	4.181034E+0	4.086108E+0
75.300000	3.395963E-1	4.107457E+0	4.048482E+0
75.400000	3.546424E-1	3.803469E+0	3.882927E+0
75.500000	3.421040E-1	3.636953E+0	3.820217E+0
75.600000	3.521347E-1	3.642117E+0	4.013364E+0
75.700000	3.521347E-1	3.669869E+0	4.020889E+0
75.800000	3.471194E-1	3.682132E+0	4.033431E+0
75.900000	3.421040E-1	3.663415E+0	4.048482E+0
76.000000	3.421040E-1	3.635662E+0	4.061024E+0
76.100000	3.471194E-1	3.637599E+0	4.063532E+0
76.200000	3.496270E-1	3.642762E+0	4.043465E+0
76.300000	3.471194E-1	3.665997E+0	4.058516E+0
76.400000	3.421040E-1	3.686650E+0	3.998314E+0
76.500000	3.421040E-1	3.700203E+0	4.050990E+0
76.600000	3.421040E-1	3.713757E+0	3.958179E+0
76.700000	3.546424E-1	3.714402E+0	4.093633E+0
76.800000	3.496270E-1	3.723438E+0	4.058516E+0
76.900000	3.496270E-1	3.728601E+0	4.043465E+0
77.000000	3.471194E-1	3.729892E+0	4.061024E+0
77.100000	3.496270E-1	3.721502E+0	4.053499E+0
77.200000	3.496270E-1	3.710530E+0	4.010856E+0
77.300000	3.496270E-1	3.701494E+0	3.910520E+0
77.400000	3.521347E-1	3.700203E+0	4.033431E+0
77.500000	3.471194E-1	3.695040E+0	4.086108E+0
77.600000	3.471194E-1	3.688586E+0	4.151326E+0
77.700000	3.496270E-1	3.676323E+0	4.106175E+0
77.800000	3.496270E-1	3.671805E+0	4.043465E+0
77.900000	3.496270E-1	3.667288E+0	4.020889E+0
78.000000	3.421040E-1	3.662770E+0	3.940621E+0
78.100000	3.521347E-1	3.656961E+0	3.955671E+0
78.200000	3.496270E-1	3.663415E+0	4.038448E+0
78.300000	3.496270E-1	3.667933E+0	4.078583E+0
78.400000	3.421040E-1	3.664061E+0	4.066041E+0
78.500000	3.471194E-1	3.660833E+0	4.078583E+0
78.600000	3.471194E-1	3.660833E+0	3.970721E+0
78.700000	3.421040E-1	3.652443E+0	3.998314E+0
78.800000	3.496270E-1	3.657606E+0	3.955671E+0
78.900000	3.446117E-1	3.662770E+0	3.990789E+0
79.000000	3.471194E-1	3.660188E+0	4.010856E+0
79.100000	3.521347E-1	3.665997E+0	3.993297E+0
79.200000	3.421040E-1	3.669869E+0	4.043465E+0
79.300000	3.521347E-1	3.653734E+0	4.053499E+0
79.400000	3.521347E-1	3.636953E+0	4.023398E+0
79.500000	3.546424E-1	3.629208E+0	4.030923E+0
79.600000	3.421040E-1	3.605328E+0	4.043465E+0
79.700000	3.471194E-1	3.600165E+0	4.023398E+0
79.800000	3.471194E-1	3.621463E+0	4.061024E+0
79.900000	3.496270E-1	3.642762E+0	4.081091E+0
80.000000	3.521347E-1	3.667288E+0	4.098650E+0
80.100000	3.546424E-1	3.689877E+0	4.126242E+0
80.200000	3.421040E-1	3.687941E+0	4.058516E+0
80.300000	3.496270E-1	3.691168E+0	4.123734E+0
80.400000	3.521347E-1	3.665997E+0	3.965705E+0
80.500000	3.471194E-1	3.662770E+0	4.013364E+0
80.600000	3.546424E-1	3.654379E+0	4.091125E+0
80.700000	3.496270E-1	3.667288E+0	4.133768E+0
80.800000	3.471194E-1	3.675032E+0	4.138784E+0
80.900000	3.521347E-1	3.657606E+0	4.106175E+0
81.000000	3.421040E-1	3.661479E+0	4.133768E+0
81.100000	3.471194E-1	3.690522E+0	4.156343E+0
81.200000	3.395963E-1	3.709239E+0	4.113700E+0
81.300000	3.496270E-1	3.745382E+0	4.113700E+0
81.400000	3.471194E-1	3.760227E+0	4.108684E+0
81.500000	3.496270E-1	3.798951E+0	4.101158E+0
81.600000	3.546424E-1	3.829285E+0	4.166377E+0
81.700000	3.395963E-1	3.861556E+0	4.123734E+0
81.800000	3.546424E-1	3.896408E+0	4.123734E+0
81.900000	3.395963E-1	3.915770E+0	4.141293E+0
82.000000	3.521347E-1	3.911252E+0	4.121226E+0
82.100000	3.546424E-1	3.909316E+0	4.141293E+0
82.200000	3.471194E-1	3.915770E+0	4.083600E+0
82.300000	3.421040E-1	3.926742E+0	4.126242E+0
82.400000	3.471194E-1	3.938360E+0	4.128751E+0
82.500000	3.496270E-1	3.956431E+0	4.166377E+0
82.600000	3.421040E-1	3.964821E+0	4.193969E+0
82.700000	3.521347E-1	3.963531E+0	4.206511E+0
82.800000	3.496270E-1	3.960303E+0	4.196478E+0
82.900000	3.395963E-1	3.961594E+0	4.186444E+0
83.000000	3.546424E-1	3.966112E+0	4.204003E+0
83.100000	3.421040E-1	3.980311E+0	4.173902E+0
83.200000	3.496270E-1	3.982247E+0	4.241629E+0
83.300000	3.496270E-1	3.979666E+0	4.131259E+0
83.400000	3.421040E-1	3.961594E+0	4.178919E+0
83.500000	3.471194E-1	3.979666E+0	4.221562E+0
83.600000	3.471194E-1	3.993219E+0	4.209020E+0
83.700000	3.471194E-1	3.985474E+0	4.136276E+0
83.800000	3.496270E-1	3.983538E+0	4.121226E+0
83.900000	3.471194E-1	3.997092E+0	4.219053E+0
84.000000	3.496270E-1	4.008709E+0	4.173902E+0
84.100000	3.521347E-1	4.031299E+0	4.193969E+0
84.200000	3.446117E-1	4.095839E+0	4.158852E+0
84.300000	3.496270E-1	4.137146E+0	4.191461E+0
84.400000	3.421040E-1	4.182970E+0	4.206511E+0
84.500000	3.546424E-1	4.176516E+0	4.241629E+0
84.600000	3.496270E-1	4.192005E+0	4.239121E+0
84.700000	3.446117E-1	4.235893E+0	4.176410E+0
84.800000	3.421040E-1	4.269455E+0	4.246646E+0
84.900000	3.471194E-1	4.256546E+0	4.244137E+0
85.000000	3.496270E-1	4.264291E+0	4.279255E+0
85.100000	3.521347E-1	4.285590E+0	4.224070E+0
85.200000	3.471194E-1	4.317215E+0	4.204003E+0
85.300000	3.496270E-1	4.338513E+0	4.193969E+0
85.400000	3.521347E-1	4.354649E+0	4.256679E+0
85.500000	3.496270E-1	4.392728E+0	4.229087E+0
85.600000	3.546424E-1	4.396600E+0	4.224070E+0
85.700000	3.471194E-1	4.437907E+0	4.264205E+0
85.800000	3.471194E-1	4.422417E+0	4.198986E+0
85.900000	3.496270E-1	4.449524E+0	4.201495E+0
86.000000	3.471194E-1	4.450169E+0	4.249154E+0
86.100000	3.496270E-1	4.459850E+0	4.153835E+0
86.200000	3.521347E-1	4.461141E+0	4.183936E+0
86.300000	3.496270E-1	4.456623E+0	4.191461E+0
86.400000	3.521347E-1	4.445006E+0	4.224070E+0
86.500000	3.471194E-1	4.452751E+0	4.211528E+0
86.600000	3.496270E-1	4.454687E+0	4.204003E+0
86.700000	3.471194E-1	4.475986E+0	4.261696E+0
86.800000	3.521347E-1	4.466950E+0	4.241629E+0
86.900000	3.471194E-1	4.488248E+0	4.211528E+0
87.000000	3.496270E-1	4.493412E+0	4.229087E+0
87.100000	3.421040E-1	4.504384E+0	4.226579E+0
87.200000	3.421040E-1	4.508902E+0	4.294305E+0
87.300000	3.496270E-1	4.505029E+0	4.251663E+0
87.400000	3.496270E-1	4.490830E+0	4.211528E+0
87.500000	3.421040E-1	4.481149E+0	4.216545E+0
87.600000	3.546424E-1	4.500511E+0	4.211528E+0
87.700000	3.446117E-1	4.486312E+0	4.249154E+0
87.800000	3.496270E-1	4.523746E+0	4.244137E+0
87.900000	3.521347E-1	4.526973E+0	4.224070E+0
88.000000	3.471194E-1	4.585060E+0	4.251663E+0
88.100000	3.421040E-1	4.643147E+0	4.311864E+0
88.200000	3.395963E-1	4.685098E+0	4.276747E+0
88.300000	3.521347E-1	4.721241E+0	4.271730E+0
88.400000	3.395963E-1	4.745767E+0	4.294305E+0
88.500000	3.521347E-1	4.738022E+0	4.314373E+0
88.600000	3.421040E-1	4.727695E+0	4.299322E+0
88.700000	3.471194E-1	4.710269E+0	4.329423E+0
88.800000	3.521347E-1	4.718660E+0	4.331932E+0
88.900000	3.471194E-1	4.725759E+0	4.326915E+0
89.000000	3.496270E-1	4.743831E+0	4.306847E+0
89.100000	3.421040E-1	4.705751E+0	4.261696E+0
89.200000	3.521347E-1	4.745767E+0	4.311864E+0
89.300000	3.471194E-1	4.752866E+0	4.326915E+0
89.400000	3.446117E-1	4.767065E+0	4.304339E+0
89.500000	3.421040E-1	4.787073E+0	4.326915E+0
89.600000	3.496270E-1	4.744476E+0	4.306847E+0
89.700000	3.496270E-1	4.734149E+0	4.331932E+0
89.800000	3.546424E-1	4.727050E+0	4.344474E+0
89.900000	3.496270E-1	4.754157E+0	4.321898E+0
90.000000	3.471194E-1	4.770292E+0	4.264205E+0
90.100000	3.395963E-1	4.806435E+0	4.271730E+0
90.200000	3.496270E-1	4.843224E+0	4.221562E+0
90.300000	3.421040E-1	4.857423E+0	4.261696E+0
90.400000	3.496270E-1	4.854196E+0	4.281763E+0
90.500000	3.421040E-1	4.794173E+0	4.211528E+0
90.600000	3.496270E-1	4.776101E+0	4.274238E+0
90.700000	3.421040E-1	4.755448E+0	4.183936E+0
90.800000	3.471194E-1	4.731568E+0	4.281763E+0
90.900000	3.521347E-1	4.717369E+0	4.211528E+0
91.000000	3.471194E-1	4.714787E+0	4.316881E+0
91.100000	3.496270E-1	4.715433E+0	4.294305E+0
91.200000	3.421040E-1	4.708333E+0	4.291797E+0
91.300000	3.546424E-1	4.721241E+0	4.329423E+0
91.400000	3.471194E-1	4.710269E+0	4.354507E+0
91.500000	3.421040E-1	4.714142E+0	4.354507E+0
91.600000	3.421040E-1	4.729632E+0	4.374574E+0
91.700000	3.521347E-1	4.724468E+0	4.374574E+0
91.800000	3.421040E-1	4.722532E+0	4.362032E+0
91.900000	3.546424E-1	4.724468E+0	4.374574E+0
92.000000	3.496270E-1	4.759320E+0	4.326915E+0
92.100000	3.521347E-1	4.765775E+0	4.397150E+0
92.200000	3.421040E-1	4.792882E+0	4.397150E+0
92.300000	3.471194E-1	4.787718E+0	4.399658E+0
92.400000	3.496270E-1	4.783846E+0	4.399658E+0
92.500000	3.421040E-1	4.761902E+0	4.354507E+0
92.600000	3.421040E-1	4.747058E+0	4.351999E+0
92.700000	3.546424E-1	4.745767E+0	4.367049E+0
92.800000	3.521347E-1	4.710915E+0	4.379591E+0
92.900000	3.471194E-1	4.711560E+0	4.329423E+0
93.000000	3.496270E-1	4.716078E+0	4.351999E+0
93.100000	3.421040E-1	4.746412E+0	4.351999E+0
93.200000	3.395963E-1	4.745767E+0	4.394642E+0
93.300000	3.496270E-1	4.739313E+0	4.402167E+0
93.400000	3.446117E-1	4.765129E+0	4.392133E+0
93.500000	3.496270E-1	4.752221E+0	4.404675E+0
93.600000	3.496270E-1	4.819989E+0	4.427251E+0
93.700000	3.395963E-1	4.841933E+0	4.369558E+0
93.800000	3.421040E-1	4.878721E+0	4.334440E+0
93.900000	3.546424E-1	4.947135E+0	4.367049E+0
94.000000	3.496270E-1	5.011030E+0	4.367049E+0
94.100000	3.496270E-1	5.003285E+0	4.374574E+0
94.200000	3.421040E-1	4.990377E+0	4.374574E+0
94.300000	3.421040E-1	4.961979E+0	4.346982E+0
94.400000	3.471194E-1	4.949071E+0	4.379591E+0
94.500000	3.521347E-1	4.926481E+0	4.364541E+0
94.600000	3.496270E-1	4.932936E+0	4.367049E+0
94.700000	3.395963E-1	4.935517E+0	4.389625E+0
94.800000	3.521347E-1	4.952298E+0	4.407184E+0
94.900000	3.395963E-1	4.937453E+0	4.377083E+0
95.000000	3.471194E-1	4.947780E+0	4.362032E+0
95.100000	3.471194E-1	4.942617E+0	4.357016E+0
95.200000	3.496270E-1	4.985859E+0	4.379591E+0
95.300000	3.496270E-1	5.011676E+0	4.397150E+0
95.400000	3.421040E-1	5.002640E+0	4.374574E+0
95.500000	3.546424E-1	5.005221E+0	4.372066E+0
95.600000	3.496270E-1	5.017484E+0	4.367049E+0
95.700000	3.395963E-1	4.997477E+0	4.377083E+0
95.800000	3.496270E-1	5.009094E+0	4.357016E+0
95.900000	3.496270E-1	5.038783E+0	4.289289E+0
96.000000	3.496270E-1	5.036847E+0	4.299322E+0
96.100000	3.496270E-1	5.034265E+0	4.311864E+0
96.200000	3.521347E-1	5.051691E+0	4.424742E+0
96.300000	3.546424E-1	5.058790E+0	4.462368E+0
96.400000	3.421040E-1	5.058790E+0	4.402167E+0
96.500000	3.521347E-1	5.047818E+0	4.427251E+0
96.600000	3.471194E-1	5.058790E+0	4.427251E+0
96.700000	3.471194E-1	5.058145E+0	4.402167E+0
96.800000	3.421040E-1	5.060727E+0	4.424742E+0
96.900000	3.496270E-1	5.060081E+0	4.432268E+0
97.000000	3.546424E-1	5.058790E+0	4.474911E+0
97.100000	3.471194E-1	5.057500E+0	4.432268E+0
97.200000	3.496270E-1	5.060081E+0	4.402167E+0
97.300000	3.471194E-1	5.059436E+0	4.437284E+0
97.400000	3.471194E-1	5.059436E+0	4.429759E+0
97.500000	3.496270E-1	5.059436E+0	4.414709E+0
97.600000	3.496270E-1	5.060727E+0	4.457352E+0
97.700000	3.496270E-1	5.058145E+0	4.452335E+0
97.800000	3.471194E-1	5.059436E+0	4.454843E+0
97.900000	3.546424E-1	5.058145E+0	4.432268E+0
98.000000	3.521347E-1	5.058145E+0	4.464877E+0
98.100000	3.546424E-1	5.058145E+0	4.454843E+0
98.200000	3.421040E-1	5.060081E+0	4.472402E+0
98.300000	3.496270E-1	5.057500E+0	4.462368E+0
98.400000	3.421040E-1	5.060081E+0	4.474911E+0
98.500000	3.546424E-1	5.058145E+0	4.459860E+0
98.600000	3.521347E-1	5.056854E+0	4.494978E+0
98.700000	3.395963E-1	5.058145E+0	4.454843E+0
98.800000	3.496270E-1	5.056854E+0	4.467385E+0
98.900000	3.521347E-1	5.058790E+0	4.474911E+0
99.000000	3.471194E-1	5.056854E+0	4.449826E+0
99.100000	3.496270E-1	5.058790E+0	4.487453E+0
99.200000	3.546424E-1	5.058145E+0	4.512537E+0
99.300000	3.521347E-1	5.058145E+0	4.489961E+0
99.400000	3.546424E-1	5.056854E+0	4.522570E+0
99.500000	3.496270E-1	5.058790E+0	4.512537E+0
99.600000	3.496270E-1	5.056854E+0	4.535112E+0
99.700000	3.546424E-1	5.056854E+0	4.520062E+0
99.800000	3.471194E-1	5.060081E+0	4.545146E+0
99.900000	3.521347E-1	5.057500E+0	4.532604E+0
100.000000	3.496270E-1	5.057500E+0	4.532604E+0
100.100000	3.421040E-1	5.060727E+0	4.527587E+0
100.200000	3.496270E-1	5.058145E+0	4.459860E+0
100.300000	3.471194E-1	5.058790E+0	4.479927E+0
100.400000	3.521347E-1	5.058145E+0	4.550163E+0
100.500000	3.496270E-1	5.058145E+0	4.520062E+0
100.600000	3.496270E-1	5.060081E+0	4.497486E+0
100.700000	3.546424E-1	5.058790E+0	4.505011E+0
100.800000	3.521347E-1	5.058790E+0	4.507520E+0
100.900000	3.496270E-1	5.059436E+0	4.535112E+0
101.000000	3.421040E-1	5.060081E+0	4.510028E+0
101.100000	3.496270E-1	5.058790E+0	4.510028E+0
101.200000	3.521347E-1	5.016193E+0	4.447318E+0
101.300000	3.496270E-1	5.054918E+0	4.479927E+0
101.400000	3.421040E-1	5.060081E+0	4.482436E+0
101.500000	3.521347E-1	5.056854E+0	4.467385E+0
101.600000	3.421040E-1	5.059436E+0	4.482436E+0
101.700000	3.496270E-1	5.058145E+0	4.499995E+0
101.800000	3.546424E-1	5.058790E+0	4.497486E+0
101.900000	3.496270E-1	5.056854E+0	4.464877E+0
102.000000	3.496270E-1	5.060081E+0	4.459860E+0
102.100000	3.496270E-1	5.058790E+0	4.484944E+0
102.200000	3.496270E-1	5.004576E+0	4.464877E+0
102.300000	3.421040E-1	4.929709E+0	4.444810E+0
102.400000	3.546424E-1	4.830315E+0	4.417217E+0
102.500000	3.446117E-1	4.732859E+0	4.427251E+0
102.600000	3.496270E-1	4.643147E+0	4.404675E+0
102.700000	3.521347E-1	4.594096E+0	4.437284E+0
102.800000	3.496270E-1	4.558598E+0	4.334440E+0
102.900000	3.496270E-1	4.546335E+0	4.379591E+0
103.000000	3.421040E-1	4.552789E+0	4.397150E+0
103.100000	3.471194E-1	4.558598E+0	4.374574E+0
103.200000	3.496270E-1	4.561825E+0	4.427251E+0
103.300000	3.546424E-1	4.581833E+0	4.412200E+0
103.400000	3.421040E-1	4.580542E+0	4.427251E+0
103.500000	3.496270E-1	4.570861E+0	4.439793E+0
103.600000	3.471194E-1	4.584414E+0	4.442301E+0
103.700000	3.496270E-1	4.570215E+0	4.427251E+0
103.800000	3.446117E-1	4.583769E+0	4.419726E+0
103.900000	3.546424E-1	4.584414E+0	4.417217E+0
104.000000	3.471194E-1	4.576024E+0	4.407184E+0
104.100000	3.521347E-1	4.591514E+0	4.439793E+0
104.200000	3.471194E-1	4.587642E+0	4.424742E+0
104.300000	3.421040E-1	4.559889E+0	4.417217E+0
104.400000	3.521347E-1	4.543108E+0	4.432268E+0
104.500000	3.471194E-1	4.547626E+0	4.449826E+0
104.600000	3.496270E-1	4.573442E+0	4.444810E+0
104.700000	3.395963E-1	4.581833E+0	4.424742E+0
104.800000	3.521347E-1	4.581187E+0	4.462368E+0
104.900000	3.471194E-1	4.567634E+0	4.434776E+0
105.000000	3.496270E-1	4.553435E+0	4.432268E+0
105.100000	3.471194E-1	4.559889E+0	4.432268E+0
105.200000	3.521347E-1	4.592159E+0	4.447318E+0
105.300000	3.521347E-1	4.592805E+0	4.434776E+0
105.400000	3.471194E-1	4.599259E+0	4.422234E+0
105.500000	3.421040E-1	4.603131E+0	4.429759E+0
105.600000	3.395963E-1	4.605068E+0	4.454843E+0
105.700000	3.521347E-1	4.625075E+0	4.484944E+0
105.800000	3.521347E-1	4.709624E+0	4.459860E+0
105.900000	3.421040E-1	4.732213E+0	4.276747E+0
106.000000	3.471194E-1	4.756739E+0	4.321898E+0
106.100000	3.496270E-1	4.782555E+0	4.314373E+0
106.200000	3.496270E-1	4.766420E+0	4.374574E+0
106.300000	3.471194E-1	4.759320E+0	4.351999E+0
106.400000	3.471194E-1	4.758675E+0	4.382100E+0
106.500000	3.496270E-1	4.736731E+0	4.394642E+0
106.600000	3.496270E-1	4.752221E+0	4.387116E+0
106.700000	3.421040E-1	4.738022E+0	4.444810E+0
106.800000	3.421040E-1	4.710269E+0	4.351999E+0
106.900000	3.496270E-1	4.741894E+0	4.362032E+0
107.000000	3.546424E-1	4.778683E+0	4.399658E+0
107.100000	3.471194E-1	4.807726E+0	4.314373E+0
107.200000	3.521347E-1	4.854196E+0	4.351999E+0
107.300000	3.471194E-1	4.867104E+0	4.364541E+0
107.400000	3.496270E-1	4.885821E+0	4.414709E+0
107.500000	3.471194E-1	4.891629E+0	4.432268E+0
107.600000	3.421040E-1	4.889693E+0	4.344474E+0
107.700000	3.496270E-1	4.881948E+0	4.422234E+0
107.800000	3.496270E-1	4.854841E+0	4.404675E+0
107.900000	3.521347E-1	4.839997E+0	4.387116E+0
108.000000	3.496270E-1	4.833543E+0	4.369558E+0
108.100000	3.471194E-1	4.819344E+0	4.392133E+0
108.200000	3.496270E-1	4.829025E+0	4.374574E+0
108.300000	3.496270E-1	4.825152E+0	4.407184E+0
108.400000	3.421040E-1	4.814180E+0	4.392133E+0
108.500000	3.395963E-1	4.812244E+0	4.439793E+0
108.600000	3.421040E-1	4.803208E+0	4.454843E+0
108.700000	3.496270E-1	4.725114E+0	4.382100E+0
108.800000	3.546424E-1	4.731568E+0	4.364541E+0
108.900000	3.496270E-1	4.736731E+0	4.454843E+0
109.000000	3.496270E-1	4.718660E+0	4.447318E+0
109.100000	3.546424E-1	4.710915E+0	4.442301E+0
109.200000	3.421040E-1	4.705106E+0	4.429759E+0
109.300000	3.496270E-1	4.690262E+0	4.427251E+0
109.400000	3.521347E-1	4.703170E+0	4.402167E+0
109.500000	3.546424E-1	4.668318E+0	4.364541E+0
109.600000	3.471194E-1	4.660573E+0	4.414709E+0
109.700000	3.546424E-1	4.657991E+0	4.462368E+0
109.800000	3.471194E-1	4.659927E+0	4.424742E+0
109.900000	3.471194E-1	4.687035E+0	4.449826E+0
110.000000	3.496270E-1	4.669609E+0	4.472402E+0
110.100000	3.471194E-1	4.712206E+0	4.452335E+0
110.200000	3.546424E-1	4.727050E+0	4.499995E+0
110.300000	3.421040E-1	4.752866E+0	4.482436E+0
110.400000	3.471194E-1	4.754803E+0	4.507520E+0
110.500000	3.496270E-1	4.673481E+0	4.437284E+0
110.600000	3.521347E-1	4.683808E+0	4.474911E+0
110.700000	3.546424E-1	4.731568E+0	4.462368E+0
110.800000	3.421040E-1	4.696716E+0	4.452335E+0
110.900000	3.496270E-1	4.644438E+0	4.472402E+0
111.000000	3.496270E-1	4.677999E+0	4.482436E+0
111.100000	3.421040E-1	4.684453E+0	4.467385E+0
111.200000	3.496270E-1	4.628302E+0	4.462368E+0
111.300000	3.496270E-1	4.701234E+0	4.454843E+0
111.400000	3.546424E-1	4.696716E+0	4.414709E+0
111.500000	3.521347E-1	4.687680E+0	4.417217E+0
111.600000	3.496270E-1	4.769647E+0	4.394642E+0
111.700000	3.496270E-1	4.773519E+0	4.409692E+0
111.800000	3.496270E-1	4.798045E+0	4.427251E+0
111.900000	3.471194E-1	4.832252E+0	4.429759E+0
112.000000	3.496270E-1	4.863877E+0	4.444810E+0
112.100000	3.521347E-1	4.855486E+0	4.492469E+0
112.200000	3.521347E-1	4.832897E+0	4.472402E+0
112.300000	3.471194E-1	4.861941E+0	4.384608E+0
112.400000	3.496270E-1	4.915510E+0	4.392133E+0
112.500000	3.546424E-1	4.917446E+0	4.399658E+0
112.600000	3.546424E-1	4.942617E+0	4.394642E+0
112.700000	3.521347E-1	4.920027E+0	4.419726E+0
112.800000	3.521347E-1	4.952298E+0	4.434776E+0
112.900000	3.471194E-1	4.971015E+0	4.409692E+0
113.000000	3.421040E-1	4.984568E+0	4.467385E+0
113.100000	3.471194E-1	5.022002E+0	4.469894E+0
113.200000	3.471194E-1	5.003931E+0	4.442301E+0
113.300000	3.471194E-1	4.983278E+0	4.454843E+0
113.400000	3.521347E-1	4.957461E+0	4.454843E+0
113.500000	3.421040E-1	4.946489E+0	4.404675E+0
113.600000	3.496270E-1	4.921964E+0	4.394642E+0
113.700000	3.395963E-1	4.876785E+0	4.412200E+0
113.800000	3.471194E-1	4.684453E+0	4.407184E+0
113.900000	3.496270E-1	4.448878E+0	4.304339E+0
114.000000	3.496270E-1	4.244929E+0	4.387116E+0
114.100000	3.496270E-1	4.073896E+0	4.309356E+0
114.200000	3.471194E-1	3.893826E+0	4.176410E+0
114.300000	3.496270E-1	3.674387E+0	4.033431E+0
114.400000	3.496270E-1	3.513035E+0	3.890452E+0
114.500000	3.521347E-1	3.359427E+0	3.802658E+0
114.600000	3.421040E-1	3.269070E+0	3.501650E+0
114.700000	3.546424E-1	3.232282E+0	3.506667E+0
114.800000	3.471194E-1	3.190975E+0	3.556835E+0
114.900000	3.496270E-1	3.161286E+0	3.541784E+0
115.000000	3.496270E-1	3.138052E+0	3.448973E+0
115.100000	3.521347E-1	3.068993E+0	3.343620E+0
115.200000	3.496270E-1	2.932812E+0	3.117864E+0
115.300000	3.496270E-1	2.778559E+0	2.438087E+0
115.400000	3.496270E-1	2.701755E+0	2.217347E+0
115.500000	3.546424E-1	2.648831E+0	1.542587E+0
115.600000	3.421040E-1	2.599135E+0	1.382049E+0
115.700000	3.496270E-1	2.562346E+0	1.552620E+0
115.800000	3.521347E-1	2.539112E+0	1.163818E+0
115.900000	3.546424E-1	2.520395E+0	9.380614E-1
116.000000	3.471194E-1	2.517168E+0	7.398975E-1
116.100000	3.471194E-1	2.517168E+0	6.771874E-1
116.200000	3.521347E-1	2.517168E+0	7.348807E-1
116.300000	3.521347E-1	2.518459E+0	8.653177E-1
116.400000	3.446117E-1	2.581063E+0	1.610314E+0
116.500000	3.496270E-1	2.823737E+0	2.189755E+0
116.600000	3.421040E-1	3.601456E+0	3.391280E+0
116.700000	3.496270E-1	3.827349E+0	3.624562E+0
116.800000	3.546424E-1	3.773780E+0	3.674730E+0
116.900000	3.496270E-1	3.229700E+0	3.263352E+0
117.000000	3.421040E-1	2.716599E+0	2.056809E+0
117.100000	3.521347E-1	2.583645E+0	1.434725E+0
117.200000	3.421040E-1	2.552020E+0	9.857211E-1
117.300000	3.496270E-1	2.530721E+0	8.753513E-1
117.400000	3.421040E-1	2.535885E+0	9.129774E-1
117.500000	3.521347E-1	2.632696E+0	1.522519E+0
117.600000	3.496270E-1	3.344583E+0	3.351146E+0
117.700000	3.496270E-1	4.318506E+0	3.930587E+0
117.800000	3.471194E-1	4.193296E+0	4.003331E+0
117.900000	3.471194E-1	3.464629E+0	3.426398E+0
118.000000	3.496270E-1	2.797276E+0	2.445612E+0
118.100000	3.421040E-1	2.597199E+0	1.256629E+0
118.200000	3.521347E-1	2.537821E+0	7.499311E-1
118.300000	3.421040E-1	2.521686E+0	8.352169E-1
118.400000	3.421040E-1	2.520395E+0	6.922379E-1
118.500000	3.471194E-1	2.521686E+0	6.847127E-1
118.600000	3.421040E-1	2.519104E+0	1.071007E+0
118.700000	3.471194E-1	2.517168E+0	5.919017E-1
118.800000	3.471194E-1	2.519749E+0	6.495950E-1
118.900000	3.496270E-1	2.521686E+0	6.295278E-1
119.000000	3.421040E-1	2.519104E+0	6.847127E-1
119.100000	3.496270E-1	2.519104E+0	6.872211E-1
119.200000	3.421040E-1	2.519749E+0	8.603009E-1
119.300000	3.521347E-1	2.518459E+0	6.320362E-1
119.400000	3.496270E-1	2.518459E+0	6.646454E-1
119.500000	3.546424E-1	2.522331E+0	1.535061E+0
119.600000	3.471194E-1	2.518459E+0	6.571202E-1
119.700000	3.521347E-1	2.575255E+0	1.010805E+0
119.800000	3.471194E-1	2.519104E+0	5.492589E-1
119.900000	3.471194E-1	2.574609E+0	9.731791E-1
120.000000	3.421040E-1	2.520395E+0	5.693261E-1

