0.000000	2.521512E+0	4.578406E-1
0.066667	2.518923E+0	4.578406E-1
0.133333	2.520218E+0	4.553326E-1
0.200000	2.520865E+0	4.653646E-1
0.266667	2.520218E+0	4.603486E-1
0.333333	2.520865E+0	4.503166E-1
0.400000	2.520865E+0	4.528246E-1
0.466667	2.518923E+0	4.603486E-1
0.533333	2.520865E+0	4.628566E-1
0.600000	2.520865E+0	4.528246E-1
0.666667	2.521512E+0	4.628566E-1
0.733333	2.521512E+0	4.503166E-1
0.800000	2.521512E+0	4.678726E-1
0.866667	2.522160E+0	4.528246E-1
0.933333	2.518923E+0	4.628566E-1
1.000000	2.518923E+0	4.628566E-1
1.066667	2.521512E+0	4.528246E-1
1.133333	2.520865E+0	4.628566E-1
1.200000	2.521512E+0	4.678726E-1
1.266667	2.522160E+0	4.553326E-1
1.333333	2.520865E+0	4.553326E-1
1.400000	2.519571E+0	4.628566E-1
1.466667	2.520218E+0	4.603486E-1
1.533333	2.518923E+0	4.553326E-1
1.600000	2.522160E+0	4.603486E-1
1.666667	2.521512E+0	4.528246E-1
1.733333	2.520865E+0	4.603486E-1
1.800000	2.522807E+0	4.603486E-1
1.866667	2.523454E+0	4.578406E-1
1.933333	2.521512E+0	4.503166E-1
2.000000	2.521512E+0	4.653646E-1
2.066667	2.525396E+0	4.578406E-1
2.133333	2.526043E+0	4.553326E-1
2.200000	2.531868E+0	5.130166E-1
2.266667	2.535752E+0	5.606687E-1
2.333333	2.546754E+0	6.308927E-1
2.400000	2.555816E+0	7.437528E-1
2.466667	2.564877E+0	8.967410E-1
2.533333	2.568113E+0	9.142970E-1
2.600000	2.575233E+0	1.074809E+0
2.666667	2.588177E+0	1.162589E+0
2.733333	2.592061E+0	1.127477E+0
2.800000	2.600475E+0	1.488629E+0
2.866667	2.608889E+0	1.443485E+0
2.933333	2.616656E+0	1.523741E+0
3.000000	2.619892E+0	1.619046E+0
3.066667	2.628306E+0	1.679238E+0
3.133333	2.643192E+0	1.872354E+0
3.200000	2.652253E+0	1.704318E+0
3.266667	2.672965E+0	1.716858E+0
3.333333	2.693676E+0	1.972674E+0
3.400000	2.726685E+0	2.333826E+0
3.466667	2.758400E+0	2.366430E+0
3.533333	2.781053E+0	2.095566E+0
3.600000	2.799175E+0	2.373954E+0
3.666667	2.838656E+0	2.389002E+0
3.733333	2.906616E+0	2.830411E+0
3.800000	2.965514E+0	2.963335E+0
3.866667	3.006937E+0	2.975875E+0
3.933333	3.070366E+0	3.204103E+0
4.000000	3.155800E+0	3.271819E+0
4.066667	3.193987E+0	3.399727E+0
4.133333	3.184279E+0	3.429823E+0
4.200000	3.124086E+0	3.321979E+0
4.266667	3.018587E+0	3.018511E+0
4.333333	2.874901E+0	2.699994E+0
4.400000	2.713740E+0	2.223474E+0
4.466667	2.627659E+0	1.879878E+0
4.533333	2.573291E+0	1.034681E+0
4.600000	2.542224E+0	5.080006E-1
4.666667	2.522807E+0	4.578406E-1
4.733333	2.521512E+0	4.503166E-1
4.800000	2.521512E+0	4.578406E-1
4.866667	2.520218E+0	4.628566E-1
4.933333	2.521512E+0	4.603486E-1
5.000000	2.522807E+0	4.553326E-1
5.066667	2.520218E+0	4.578406E-1
5.133333	2.521512E+0	4.603486E-1
5.200000	2.521512E+0	4.553326E-1
5.266667	2.520218E+0	4.653646E-1
5.333333	2.518923E+0	4.578406E-1
5.400000	2.521512E+0	4.703806E-1
5.466667	2.520865E+0	4.528246E-1
5.533333	2.522807E+0	4.553326E-1
5.600000	2.522807E+0	4.603486E-1
5.666667	2.518923E+0	4.628566E-1
5.733333	2.518923E+0	4.553326E-1
5.800000	2.520865E+0	4.703806E-1
5.866667	2.521512E+0	4.628566E-1
5.933333	2.521512E+0	4.603486E-1
6.000000	2.521512E+0	4.653646E-1
6.066667	2.521512E+0	4.528246E-1
6.133333	2.524101E+0	4.528246E-1
6.200000	2.525396E+0	4.553326E-1
6.266667	2.523454E+0	4.628566E-1
6.333333	2.523454E+0	4.478086E-1
6.400000	2.520865E+0	4.653646E-1
6.466667	2.522160E+0	4.528246E-1
6.533333	2.527337E+0	4.653646E-1
6.600000	2.535752E+0	4.728886E-1
6.666667	2.526043E+0	4.553326E-1
6.733333	2.521512E+0	4.503166E-1
6.800000	2.520865E+0	4.553326E-1
6.866667	2.521512E+0	4.528246E-1
6.933333	2.526043E+0	4.628566E-1
7.000000	2.526043E+0	4.728886E-1
7.066667	2.526690E+0	5.080006E-1
7.133333	2.530574E+0	4.804126E-1
7.200000	2.552580E+0	9.769970E-1
7.266667	2.636073E+0	1.666698E+0
7.333333	2.784289E+0	2.441670E+0
7.400000	2.968103E+0	2.857999E+0
7.466667	3.093666E+0	3.106291E+0
7.533333	3.195929E+0	3.301915E+0
7.600000	3.216640E+0	3.407251E+0
7.666667	3.082663E+0	3.377155E+0
7.733333	2.746749E+0	2.135694E+0
7.800000	2.549343E+0	1.012109E+0
7.866667	2.521512E+0	4.603486E-1
7.933333	2.522160E+0	4.528246E-1
8.000000	2.521512E+0	4.678726E-1
8.066667	2.521512E+0	4.653646E-1
8.133333	2.519571E+0	4.553326E-1
8.200000	2.520865E+0	4.528246E-1
8.266667	2.520218E+0	4.578406E-1
8.333333	2.519571E+0	4.553326E-1
8.400000	2.521512E+0	4.678726E-1
8.466667	2.521512E+0	4.553326E-1
8.533333	2.520218E+0	4.553326E-1
8.600000	2.521512E+0	4.653646E-1
8.666667	2.527985E+0	4.628566E-1
8.733333	2.522160E+0	4.503166E-1
8.800000	2.521512E+0	4.628566E-1
8.866667	2.521512E+0	4.503166E-1
8.933333	2.525396E+0	4.503166E-1
9.000000	2.531868E+0	4.753966E-1
9.066667	2.532515E+0	5.280647E-1
9.133333	2.533163E+0	5.155247E-1
9.200000	2.598533E+0	1.323101E+0
9.266667	2.739630E+0	2.263602E+0
9.333333	2.982342E+0	2.717550E+0
9.400000	3.157095E+0	3.136387E+0
9.466667	3.297544E+0	3.512587E+0
9.533333	3.241882E+0	3.377155E+0
9.600000	2.920208E+0	2.958319E+0
9.666667	2.591414E+0	1.185161E+0
9.733333	2.521512E+0	4.628566E-1
9.800000	2.520865E+0	4.528246E-1
9.866667	2.522160E+0	4.578406E-1
9.933333	2.520865E+0	4.628566E-1
10.000000	2.521512E+0	4.628566E-1
10.066667	2.519571E+0	4.678726E-1
10.133333	2.519571E+0	4.804126E-1
10.200000	2.522160E+0	4.628566E-1
10.266667	2.520865E+0	4.628566E-1
10.333333	2.520218E+0	4.528246E-1
10.400000	2.521512E+0	4.678726E-1
10.466667	2.520218E+0	4.578406E-1
10.533333	2.520865E+0	4.603486E-1
10.600000	2.526043E+0	4.628566E-1
10.666667	2.526043E+0	4.528246E-1
10.733333	2.527337E+0	4.829206E-1
10.800000	2.523454E+0	4.678726E-1
10.866667	2.524101E+0	4.603486E-1
10.933333	2.530574E+0	4.829206E-1
11.000000	2.597239E+0	1.147541E+0
11.066667	2.683321E+0	1.631586E+0
11.133333	2.819239E+0	2.569578E+0
11.200000	2.956453E+0	3.048607E+0
11.266667	3.061304E+0	3.271819E+0
11.333333	3.151917E+0	3.266803E+0
11.400000	3.221171E+0	3.382171E+0
11.466667	3.182337E+0	3.409759E+0
11.533333	3.021176E+0	3.043591E+0
11.600000	2.732510E+0	2.361414E+0
11.666667	2.541577E+0	7.236888E-1
11.733333	2.519571E+0	4.628566E-1
11.800000	2.522160E+0	4.678726E-1
11.866667	2.521512E+0	4.528246E-1
11.933333	2.521512E+0	4.603486E-1
12.000000	2.521512E+0	4.603486E-1
12.066667	2.519571E+0	4.553326E-1
12.133333	2.521512E+0	4.628566E-1
12.200000	2.520218E+0	4.678726E-1
12.266667	2.519571E+0	4.553326E-1
12.333333	2.521512E+0	4.628566E-1
12.400000	2.518923E+0	4.628566E-1
12.466667	2.521512E+0	4.628566E-1
12.533333	2.520865E+0	4.603486E-1
12.600000	2.520865E+0	4.678726E-1
12.666667	2.518923E+0	4.578406E-1
12.733333	2.521512E+0	4.503166E-1
12.800000	2.518923E+0	4.603486E-1
12.866667	2.522160E+0	4.553326E-1
12.933333	2.521512E+0	4.553326E-1
13.000000	2.522807E+0	4.628566E-1
13.066667	2.527337E+0	4.829206E-1
13.133333	2.531221E+0	5.606687E-1
13.200000	2.526690E+0	5.029846E-1
13.266667	2.526043E+0	4.804126E-1
13.333333	2.538988E+0	6.685128E-1
13.400000	2.583647E+0	1.225289E+0
13.466667	2.654195E+0	1.787082E+0
13.533333	2.747397E+0	2.301222E+0
13.600000	2.777169E+0	2.617230E+0
13.666667	2.792703E+0	2.797807E+0
13.733333	2.838656E+0	2.978383E+0
13.800000	2.874901E+0	2.938255E+0
13.866667	2.895613E+0	2.973367E+0
13.933333	2.909852E+0	2.817871E+0
14.000000	2.953864E+0	3.048607E+0
14.066667	2.984931E+0	3.043591E+0
14.133333	3.010820E+0	3.291883E+0
14.200000	3.025059E+0	3.259279E+0
14.266667	3.042535E+0	3.339535E+0
14.333333	3.038651E+0	3.279343E+0
14.400000	3.057421E+0	3.301915E+0
14.466667	3.074896E+0	3.221659E+0
14.533333	3.065188E+0	3.276835E+0
14.600000	3.070366E+0	3.294391E+0
14.666667	3.076838E+0	3.261787E+0
14.733333	3.077485E+0	3.239215E+0
14.800000	3.091077E+0	3.334519E+0
14.866667	3.089135E+0	3.379663E+0
14.933333	3.083957E+0	3.324487E+0
15.000000	3.089135E+0	3.432331E+0
15.066667	3.074896E+0	3.442363E+0
15.133333	3.036710E+0	3.362107E+0
15.200000	3.018587E+0	3.289375E+0
15.266667	2.995287E+0	3.397219E+0
15.333333	2.973928E+0	3.201595E+0
15.400000	2.944155E+0	3.141403E+0
15.466667	2.929269E+0	3.161467E+0
15.533333	2.929269E+0	3.141403E+0
15.600000	2.918266E+0	3.161467E+0
15.666667	2.918913E+0	3.068671E+0
15.733333	2.929916E+0	3.161467E+0
15.800000	3.069718E+0	3.422299E+0
15.866667	3.316314E+0	3.562747E+0
15.933333	3.456116E+0	3.617923E+0
16.000000	3.471003E+0	3.718243E+0
16.066667	3.483300E+0	3.708211E+0
16.133333	3.432169E+0	3.632971E+0
16.200000	3.362267E+0	3.565255E+0
16.266667	3.316314E+0	3.512587E+0
16.333333	3.296250E+0	3.502555E+0
16.400000	3.223760E+0	3.462427E+0
16.466667	2.997876E+0	3.056131E+0
16.533333	2.778464E+0	2.562054E+0
16.600000	2.597239E+0	1.318085E+0
16.666667	2.527337E+0	4.603486E-1
16.733333	2.522160E+0	4.553326E-1
16.800000	2.521512E+0	4.628566E-1
16.866667	2.520865E+0	4.628566E-1
16.933333	2.520865E+0	4.478086E-1
17.000000	2.522160E+0	4.553326E-1
17.066667	2.521512E+0	4.528246E-1
17.133333	2.521512E+0	4.628566E-1
17.200000	2.520865E+0	4.553326E-1
17.266667	2.522807E+0	4.603486E-1
17.333333	2.519571E+0	4.553326E-1
17.400000	2.520865E+0	4.553326E-1
17.466667	2.522160E+0	4.553326E-1
17.533333	2.520218E+0	4.503166E-1
17.600000	2.521512E+0	4.653646E-1
17.666667	2.521512E+0	4.628566E-1
17.733333	2.522160E+0	4.578406E-1
17.800000	2.520218E+0	4.628566E-1
17.866667	2.521512E+0	4.628566E-1
17.933333	2.615361E+0	1.343165E+0
18.000000	2.716977E+0	2.040390E+0
18.066667	2.849659E+0	2.499354E+0
18.133333	2.911794E+0	2.587134E+0
18.200000	2.869076E+0	2.694978E+0
18.266667	2.715682E+0	2.075502E+0
18.333333	2.530574E+0	5.205407E-1
18.400000	2.522160E+0	4.603486E-1
18.466667	2.521512E+0	4.653646E-1
18.533333	2.524101E+0	4.553326E-1
18.600000	2.523454E+0	4.703806E-1
18.666667	2.520218E+0	9.845210E-1
18.733333	2.521512E+0	5.029846E-1
18.800000	2.519571E+0	4.603486E-1
18.866667	2.523454E+0	4.578406E-1
18.933333	2.522160E+0	4.578406E-1
19.000000	2.520218E+0	4.678726E-1
19.066667	2.521512E+0	4.503166E-1
19.133333	2.518923E+0	4.603486E-1
19.200000	2.520865E+0	4.553326E-1
19.266667	2.522807E+0	4.603486E-1
19.333333	2.520218E+0	4.578406E-1
19.400000	2.518923E+0	5.907647E-1
19.466667	2.521512E+0	6.935928E-1
19.533333	2.519571E+0	4.628566E-1
19.600000	2.521512E+0	4.678726E-1
19.666667	2.520865E+0	6.935928E-1
19.733333	2.518923E+0	7.186728E-1
19.800000	2.522160E+0	4.603486E-1
19.866667	2.520218E+0	4.603486E-1
19.933333	2.518923E+0	4.578406E-1
20.000000	2.523454E+0	4.553326E-1
20.066667	2.524101E+0	1.019633E+0
20.133333	2.531221E+0	4.703806E-1
20.200000	2.595944E+0	1.275449E+0
20.266667	2.668434E+0	1.644126E+0
20.333333	2.781053E+0	2.509386E+0
20.400000	2.845129E+0	2.787775E+0
20.466667	2.899496E+0	2.950795E+0
20.533333	2.949333E+0	3.083719E+0
20.600000	2.984931E+0	3.153943E+0
20.666667	2.984931E+0	2.958319E+0
20.733333	2.993992E+0	3.081211E+0
20.800000	2.991403E+0	3.199087E+0
20.866667	2.984284E+0	3.061147E+0
20.933333	2.966808E+0	3.083719E+0
21.000000	2.936388E+0	3.123847E+0
21.066667	2.907263E+0	3.128863E+0
21.133333	2.889788E+0	3.018511E+0
21.200000	2.883963E+0	3.016003E+0
21.266667	2.880079E+0	2.905651E+0
21.333333	2.878785E+0	2.985907E+0
21.400000	2.850307E+0	2.745138E+0
21.466667	2.753869E+0	2.308746E+0
21.533333	2.651606E+0	1.731906E+0
21.600000	2.576527E+0	8.917250E-1
21.666667	2.531221E+0	4.879366E-1
21.733333	2.518923E+0	7.337208E-1
21.800000	2.520865E+0	4.653646E-1
21.866667	2.520218E+0	4.553326E-1
21.933333	2.521512E+0	4.528246E-1
22.000000	2.521512E+0	4.678726E-1
22.066667	2.520865E+0	4.628566E-1
22.133333	2.519571E+0	4.553326E-1
22.200000	2.518923E+0	4.628566E-1
22.266667	2.521512E+0	4.578406E-1
22.333333	2.522807E+0	4.553326E-1
22.400000	2.518923E+0	4.603486E-1
22.466667	2.522807E+0	4.528246E-1
22.533333	2.520865E+0	4.628566E-1
22.600000	2.520865E+0	4.678726E-1
22.666667	2.521512E+0	4.528246E-1
22.733333	2.523454E+0	4.578406E-1
22.800000	2.523454E+0	4.603486E-1
22.866667	2.524101E+0	4.578406E-1
22.933333	2.531221E+0	4.804126E-1
23.000000	2.560346E+0	9.243290E-1
23.066667	2.603064E+0	1.287989E+0
23.133333	2.665845E+0	1.794606E+0
23.200000	2.718918E+0	1.909974E+0
23.266667	2.755163E+0	2.133186E+0
23.333333	2.791408E+0	2.439162E+0
23.400000	2.819239E+0	2.629770E+0
23.466667	2.834126E+0	2.516910E+0
23.533333	2.841893E+0	2.717550E+0
23.600000	2.852248E+0	2.860507E+0
23.666667	2.858721E+0	2.790283E+0
23.733333	2.858721E+0	2.923207E+0
23.800000	2.861957E+0	2.923207E+0
23.866667	2.863898E+0	2.800315E+0
23.933333	2.866487E+0	2.822887E+0
24.000000	2.871018E+0	2.945779E+0
24.066667	2.873607E+0	2.727582E+0
24.133333	2.880726E+0	2.732598E+0
24.200000	2.880079E+0	2.747646E+0
24.266667	2.876196E+0	2.627262E+0
24.333333	2.877490E+0	2.689962E+0
24.400000	2.886552E+0	2.772727E+0
24.466667	2.893671E+0	2.960827E+0
24.533333	2.896260E+0	2.857999E+0
24.600000	2.904027E+0	2.938255E+0
24.666667	2.902732E+0	2.928223E+0
24.733333	2.908557E+0	2.950795E+0
24.800000	2.909852E+0	2.923207E+0
24.866667	2.909205E+0	2.968351E+0
24.933333	2.913735E+0	3.051115E+0
25.000000	2.914383E+0	3.031051E+0
25.066667	2.912441E+0	3.036067E+0
25.133333	2.908557E+0	3.051115E+0
25.200000	2.899496E+0	3.083719E+0
25.266667	2.893024E+0	2.827903E+0
25.333333	2.874254E+0	3.103783E+0
25.400000	2.857426E+0	2.662374E+0
25.466667	2.842540E+0	2.737614E+0
25.533333	2.839951E+0	2.449194E+0
25.600000	2.830242E+0	2.672406E+0
25.666667	2.813414E+0	2.599674E+0
25.733333	2.807589E+0	2.720058E+0
25.800000	2.790761E+0	2.579610E+0
25.866667	2.795939E+0	2.399034E+0
25.933333	2.787525E+0	2.389002E+0
26.000000	2.785583E+0	2.474274E+0
26.066667	2.796586E+0	2.504370E+0
26.133333	2.808884E+0	2.669898E+0
26.200000	2.829595E+0	2.479290E+0
26.266667	2.834773E+0	2.732598E+0
26.333333	2.832184E+0	2.439162E+0
26.400000	2.820534E+0	2.486814E+0
26.466667	2.817945E+0	2.396526E+0
26.533333	2.814709E+0	2.419098E+0
26.600000	2.795292E+0	2.328810E+0
26.666667	2.772639E+0	2.552022E+0
26.733333	2.759047E+0	2.479290E+0
26.800000	2.754516E+0	2.336334E+0
26.866667	2.752574E+0	2.293698E+0
26.933333	2.761636E+0	2.499354E+0
27.000000	2.760341E+0	2.499354E+0
27.066667	2.744160E+0	2.479290E+0
27.133333	2.713093E+0	2.476782E+0
27.200000	2.717624E+0	2.293698E+0
27.266667	2.720213E+0	2.100582E+0
27.333333	2.729921E+0	2.366430E+0
27.400000	2.738983E+0	2.130678E+0
27.466667	2.743513E+0	2.411574E+0
27.533333	2.756458E+0	2.594658E+0
27.600000	2.759694E+0	2.511894E+0
27.666667	2.758400E+0	2.486814E+0
27.733333	2.764225E+0	2.762695E+0
27.800000	2.767461E+0	2.760187E+0
27.866667	2.775228E+0	2.757678E+0
27.933333	2.798528E+0	2.908159E+0
28.000000	2.805000E+0	2.890603E+0
28.066667	2.828948E+0	2.742630E+0
28.133333	2.832184E+0	2.745138E+0
28.200000	2.840598E+0	2.619738E+0
28.266667	2.826359E+0	2.792791E+0
28.333333	2.830890E+0	2.740122E+0
28.400000	2.823770E+0	2.745138E+0
28.466667	2.815356E+0	2.607198E+0
28.533333	2.810178E+0	2.572086E+0
28.600000	2.804353E+0	2.353890E+0
28.666667	2.811473E+0	2.316270E+0
28.733333	2.821828E+0	2.840443E+0
28.800000	2.828948E+0	2.589642E+0
28.866667	2.841893E+0	2.707518E+0
28.933333	2.851601E+0	2.895619E+0
29.000000	2.859368E+0	2.737614E+0
29.066667	2.864546E+0	2.609706E+0
29.133333	2.865840E+0	2.790283E+0
29.200000	2.874901E+0	3.005971E+0
29.266667	2.881374E+0	2.792791E+0
29.333333	2.887846E+0	2.935747E+0
29.400000	2.899496E+0	2.860507E+0
29.466667	2.902085E+0	2.960827E+0
29.533333	2.912441E+0	2.918191E+0
29.600000	2.924738E+0	3.066163E+0
29.666667	2.931211E+0	3.286867E+0
29.733333	2.930563E+0	3.131371E+0
29.800000	2.930563E+0	3.093751E+0
29.866667	2.940919E+0	3.199087E+0
29.933333	2.946744E+0	3.186547E+0
30.000000	2.948039E+0	3.179023E+0
30.066667	2.943508E+0	3.201595E+0
30.133333	2.911794E+0	3.128863E+0
30.200000	2.875549E+0	2.880571E+0
30.266667	2.825064E+0	2.973367E+0
30.333333	2.761636E+0	2.504370E+0
30.400000	2.694323E+0	2.200902E+0
30.466667	2.619892E+0	1.393325E+0
30.533333	2.565524E+0	7.688329E-1
30.600000	2.527985E+0	4.628566E-1
30.666667	2.518923E+0	4.553326E-1
30.733333	2.521512E+0	4.503166E-1
30.800000	2.518923E+0	4.603486E-1
30.866667	2.519571E+0	4.628566E-1
30.933333	2.522160E+0	4.779046E-1
31.000000	2.521512E+0	5.105086E-1
31.066667	2.519571E+0	4.628566E-1
31.133333	2.520865E+0	4.528246E-1
31.200000	2.522160E+0	4.603486E-1
31.266667	2.520218E+0	4.503166E-1
31.333333	2.520865E+0	4.528246E-1
31.400000	2.518923E+0	4.678726E-1
31.466667	2.518923E+0	4.553326E-1
31.533333	2.520865E+0	4.503166E-1
31.600000	2.518923E+0	4.603486E-1
31.666667	2.518923E+0	4.553326E-1
31.733333	2.522160E+0	4.653646E-1
31.800000	2.524749E+0	4.703806E-1
31.866667	2.526043E+0	4.628566E-1
31.933333	2.525396E+0	4.578406E-1
32.000000	2.521512E+0	4.678726E-1
32.066667	2.521512E+0	4.603486E-1
32.133333	2.526690E+0	4.578406E-1
32.200000	2.531868E+0	4.929526E-1
32.266667	2.538340E+0	4.829206E-1
32.333333	2.573291E+0	8.189929E-1
32.400000	2.619892E+0	1.202717E+0
32.466667	2.674259E+0	1.746954E+0
32.533333	2.722802E+0	2.032866E+0
32.600000	2.764872E+0	2.358906E+0
32.666667	2.808884E+0	2.657358E+0
32.733333	2.843187E+0	2.657358E+0
32.800000	2.872312E+0	2.727582E+0
32.866667	2.899496E+0	2.855491E+0
32.933333	2.924091E+0	2.900635E+0
33.000000	2.949333E+0	3.000955E+0
33.066667	2.968103E+0	3.249247E+0
33.133333	2.998523E+0	3.296899E+0
33.200000	3.016645E+0	3.199087E+0
33.266667	3.027648E+0	3.359599E+0
33.333333	3.032826E+0	3.291883E+0
33.400000	3.036062E+0	3.326995E+0
33.466667	3.017940E+0	3.334519E+0
33.533333	2.992698E+0	3.163975E+0
33.600000	2.966161E+0	3.201595E+0
33.666667	2.945450E+0	3.156451E+0
33.733333	2.933800E+0	2.870539E+0
33.800000	2.933800E+0	2.878063E+0
33.866667	2.950628E+0	3.051115E+0
33.933333	2.944802E+0	3.113815E+0
34.000000	2.931211E+0	3.056131E+0
34.066667	2.883963E+0	2.890603E+0
34.133333	2.784289E+0	2.692470E+0
34.200000	2.639309E+0	1.476089E+0
34.266667	2.560994E+0	7.763569E-1
34.333333	2.526690E+0	4.728886E-1
34.400000	2.523454E+0	4.553326E-1
34.466667	2.520865E+0	4.628566E-1
34.533333	2.521512E+0	4.528246E-1
34.600000	2.522160E+0	4.603486E-1
34.666667	2.520865E+0	4.503166E-1
34.733333	2.521512E+0	4.653646E-1
34.800000	2.520865E+0	4.603486E-1
34.866667	2.521512E+0	4.553326E-1
34.933333	2.522160E+0	4.578406E-1
35.000000	2.519571E+0	4.678726E-1
35.066667	2.519571E+0	4.653646E-1
35.133333	2.518923E+0	4.628566E-1
35.200000	2.521512E+0	4.628566E-1
35.266667	2.520865E+0	4.528246E-1
35.333333	2.520865E+0	4.553326E-1
35.400000	2.518923E+0	4.678726E-1
35.466667	2.522160E+0	4.553326E-1
35.533333	2.522160E+0	4.603486E-1
35.600000	2.520865E+0	4.603486E-1
35.666667	2.520865E+0	4.503166E-1
35.733333	2.520865E+0	4.503166E-1
35.800000	2.520865E+0	4.578406E-1
35.866667	2.518923E+0	4.553326E-1
35.933333	2.520865E+0	4.553326E-1
36.000000	2.520218E+0	4.578406E-1
36.066667	2.523454E+0	4.503166E-1
36.133333	2.523454E+0	4.628566E-1
36.200000	2.533810E+0	4.653646E-1
36.266667	2.537046E+0	5.029846E-1
36.333333	2.588177E+0	1.047221E+0
36.400000	2.648370E+0	1.606506E+0
36.466667	2.740924E+0	2.093058E+0
36.533333	2.826359E+0	2.434146E+0
36.600000	2.909852E+0	2.699994E+0
36.666667	2.976517E+0	3.118831E+0
36.733333	3.031532E+0	2.990923E+0
36.800000	3.098844E+0	3.352075E+0
36.866667	3.127322E+0	3.241723E+0
36.933333	3.161625E+0	3.359599E+0
37.000000	3.184279E+0	3.392203E+0
37.066667	3.200459E+0	3.429823E+0
37.133333	3.214051E+0	3.402235E+0
37.200000	3.229585E+0	3.304423E+0
37.266667	3.241882E+0	3.369631E+0
37.333333	3.258063E+0	3.412267E+0
37.400000	3.247060E+0	3.479983E+0
37.466667	3.199812E+0	3.442363E+0
37.533333	3.109847E+0	3.239215E+0
37.600000	2.997876E+0	3.176515E+0
37.666667	2.868429E+0	2.780251E+0
37.733333	2.760341E+0	2.404050E+0
37.800000	2.645781E+0	1.789590E+0
37.866667	2.559699E+0	1.034681E+0
37.933333	2.527985E+0	4.829206E-1
38.000000	2.518923E+0	4.653646E-1
38.066667	2.520865E+0	4.528246E-1
38.133333	2.522807E+0	4.553326E-1
38.200000	2.521512E+0	4.628566E-1
38.266667	2.519571E+0	4.553326E-1
38.333333	2.521512E+0	4.578406E-1
38.400000	2.521512E+0	4.603486E-1
38.466667	2.518923E+0	4.628566E-1
38.533333	2.520865E+0	4.528246E-1
38.600000	2.521512E+0	4.578406E-1
38.666667	2.520218E+0	4.553326E-1
38.733333	2.520865E+0	4.528246E-1
38.800000	2.522807E+0	4.628566E-1
38.866667	2.520865E+0	4.503166E-1
38.933333	2.521512E+0	4.653646E-1
39.000000	2.518923E+0	4.603486E-1
39.066667	2.520865E+0	4.628566E-1
39.133333	2.521512E+0	4.503166E-1
39.200000	2.520865E+0	4.578406E-1
39.266667	2.521512E+0	4.528246E-1
39.333333	2.522160E+0	4.603486E-1
39.400000	2.521512E+0	4.528246E-1
39.466667	2.518923E+0	4.578406E-1
39.533333	2.522160E+0	4.603486E-1
39.600000	2.521512E+0	4.553326E-1
39.666667	2.518923E+0	4.578406E-1
39.733333	2.518923E+0	4.678726E-1
39.800000	2.518923E+0	4.603486E-1
39.866667	2.520865E+0	4.628566E-1
39.933333	2.522160E+0	4.603486E-1
40.000000	2.525396E+0	4.678726E-1
40.066667	2.529279E+0	4.503166E-1
40.133333	2.534457E+0	4.628566E-1
40.200000	2.578469E+0	1.002077E+0
40.266667	2.636073E+0	1.576410E+0
40.333333	2.722802E+0	2.005278E+0
40.400000	2.782347E+0	2.273634E+0
40.466667	2.810178E+0	2.474274E+0
40.533333	2.823770E+0	2.506878E+0
40.600000	2.839951E+0	2.531958E+0
40.666667	2.860662E+0	2.802823E+0
40.733333	2.872312E+0	2.837935E+0
40.800000	2.884610E+0	2.878063E+0
40.866667	2.896260E+0	2.727582E+0
40.933333	2.911794E+0	2.747646E+0
41.000000	2.922149E+0	2.760187E+0
41.066667	2.931858E+0	3.076195E+0
41.133333	2.944802E+0	3.013495E+0
41.200000	2.955158E+0	3.076195E+0
41.266667	2.951922E+0	3.236707E+0
41.333333	2.951275E+0	3.284359E+0
41.400000	2.950628E+0	3.311947E+0
41.466667	2.953864E+0	3.367123E+0
41.533333	2.957747E+0	3.096259E+0
41.600000	2.959042E+0	3.339535E+0
41.666667	2.949333E+0	3.241723E+0
41.733333	2.940919E+0	3.181531E+0
41.800000	2.937036E+0	3.108799E+0
41.866667	2.935094E+0	3.071179E+0
41.933333	2.933152E+0	3.076195E+0
42.000000	2.927327E+0	3.121339E+0
42.066667	2.926033E+0	3.128863E+0
42.133333	2.932505E+0	3.304423E+0
42.200000	2.939625E+0	3.141403E+0
42.266667	2.937683E+0	3.111307E+0
42.333333	2.931858E+0	3.161467E+0
42.400000	2.920208E+0	3.181531E+0
42.466667	2.880079E+0	3.016003E+0
42.533333	2.823770E+0	2.772727E+0
42.600000	2.770050E+0	2.180838E+0
42.666667	2.711152E+0	2.155758E+0
42.733333	2.655490E+0	1.814670E+0
42.800000	2.625070E+0	1.375769E+0
42.866667	2.559699E+0	6.484488E-1
42.933333	2.522160E+0	4.628566E-1
43.000000	2.520218E+0	4.578406E-1
43.066667	2.521512E+0	4.553326E-1
43.133333	2.522160E+0	4.603486E-1
43.200000	2.521512E+0	4.653646E-1
43.266667	2.520865E+0	4.553326E-1
43.333333	2.521512E+0	4.653646E-1
43.400000	2.521512E+0	4.578406E-1
43.466667	2.520218E+0	4.553326E-1
43.533333	2.520865E+0	4.653646E-1
43.600000	2.522807E+0	4.528246E-1
43.666667	2.519571E+0	4.553326E-1
43.733333	2.520218E+0	4.603486E-1
43.800000	2.521512E+0	4.528246E-1
43.866667	2.518923E+0	4.578406E-1
43.933333	2.521512E+0	4.553326E-1
44.000000	2.522807E+0	4.553326E-1
44.066667	2.522807E+0	4.553326E-1
44.133333	2.518923E+0	4.603486E-1
44.200000	2.521512E+0	4.528246E-1
44.266667	2.521512E+0	4.628566E-1
44.333333	2.522160E+0	4.578406E-1
44.400000	2.520865E+0	4.628566E-1
44.466667	2.519571E+0	4.578406E-1
44.533333	2.523454E+0	4.603486E-1
44.600000	2.521512E+0	4.503166E-1
44.666667	2.521512E+0	4.503166E-1
44.733333	2.527985E+0	4.628566E-1
44.800000	2.582999E+0	1.027157E+0
44.866667	2.625717E+0	1.634094E+0
44.933333	2.733805E+0	1.917498E+0
45.000000	2.828948E+0	2.677422E+0
45.066667	2.893024E+0	2.737614E+0
45.133333	2.945450E+0	2.662374E+0
45.200000	2.981048E+0	2.963335E+0
45.266667	2.999817E+0	2.985907E+0
45.333333	3.023765E+0	3.224167E+0
45.400000	3.027648E+0	3.031051E+0
45.466667	3.023765E+0	3.123847E+0
45.533333	3.019234E+0	3.174007E+0
45.600000	3.018587E+0	3.123847E+0
45.666667	3.009526E+0	3.086227E+0
45.733333	3.004348E+0	3.081211E+0
45.800000	2.975870E+0	3.171499E+0
45.866667	2.893671E+0	2.883079E+0
45.933333	2.746749E+0	2.386494E+0
46.000000	2.623128E+0	1.395833E+0
46.066667	2.546107E+0	7.663249E-1
46.133333	2.521512E+0	4.653646E-1
46.200000	2.521512E+0	4.653646E-1
46.266667	2.523454E+0	4.603486E-1
46.333333	2.521512E+0	4.553326E-1
46.400000	2.520865E+0	4.528246E-1
46.466667	2.520218E+0	4.628566E-1
46.533333	2.519571E+0	4.603486E-1
46.600000	2.520865E+0	4.628566E-1
46.666667	2.521512E+0	4.553326E-1
46.733333	2.520865E+0	4.628566E-1
46.800000	2.520218E+0	4.628566E-1
46.866667	2.520218E+0	4.628566E-1
46.933333	2.520865E+0	4.678726E-1
47.000000	2.518923E+0	4.578406E-1
47.066667	2.520865E+0	4.478086E-1
47.133333	2.520865E+0	4.553326E-1
47.200000	2.520865E+0	4.528246E-1
47.266667	2.520865E+0	4.503166E-1
47.333333	2.522160E+0	4.603486E-1
47.400000	2.518923E+0	4.578406E-1
47.466667	2.520865E+0	4.478086E-1
47.533333	2.521512E+0	4.603486E-1
47.600000	2.520865E+0	4.628566E-1
47.666667	2.520865E+0	4.628566E-1
47.733333	2.521512E+0	4.653646E-1
47.800000	2.522807E+0	4.578406E-1
47.866667	2.526043E+0	4.528246E-1
47.933333	2.531868E+0	4.954606E-1
48.000000	2.575880E+0	8.315329E-1
48.066667	2.629600E+0	1.305545E+0
48.133333	2.718271E+0	2.088042E+0
48.200000	2.797233E+0	2.276142E+0
48.266667	2.871018E+0	2.810347E+0
48.333333	2.918913E+0	3.103783E+0
48.400000	2.955158E+0	2.918191E+0
48.466667	2.968103E+0	2.933239E+0
48.533333	2.982989E+0	3.136387E+0
48.600000	2.987520E+0	3.056131E+0
48.666667	2.985578E+0	3.021019E+0
48.733333	2.985578E+0	2.935747E+0
48.800000	2.977164E+0	2.975875E+0
48.866667	2.961631E+0	3.158959E+0
48.933333	2.951275E+0	3.106291E+0
49.000000	2.934447E+0	3.008479E+0
49.066667	2.923444E+0	3.261787E+0
49.133333	2.916324E+0	3.056131E+0
49.200000	2.911794E+0	3.161467E+0
49.266667	2.906616E+0	3.179023E+0
49.333333	2.891082E+0	3.048607E+0
49.400000	2.849659E+0	2.928223E+0
49.466667	2.724096E+0	2.358906E+0
49.533333	2.601769E+0	1.413389E+0
49.600000	2.528632E+0	5.531447E-1
49.666667	2.521512E+0	4.553326E-1
49.733333	2.520865E+0	4.528246E-1
49.800000	2.521512E+0	4.503166E-1
49.866667	2.519571E+0	4.628566E-1
49.933333	2.520865E+0	4.603486E-1
50.000000	2.520865E+0	4.653646E-1
50.066667	2.520218E+0	4.553326E-1
50.133333	2.522160E+0	4.628566E-1
50.200000	2.522807E+0	4.528246E-1
50.266667	2.522160E+0	4.503166E-1
50.333333	2.519571E+0	4.628566E-1
50.400000	2.519571E+0	4.553326E-1
50.466667	2.522160E+0	4.553326E-1
50.533333	2.520865E+0	4.528246E-1
50.600000	2.522807E+0	4.603486E-1
50.666667	2.521512E+0	4.503166E-1
50.733333	2.519571E+0	4.603486E-1
50.800000	2.519571E+0	4.628566E-1
50.866667	2.527337E+0	4.578406E-1
50.933333	2.584294E+0	1.506185E+0
51.000000	2.685909E+0	1.714350E+0
51.066667	2.808884E+0	2.338842E+0
51.133333	2.856132E+0	2.662374E+0
51.200000	2.840598E+0	2.516910E+0
51.266667	2.722154E+0	2.012802E+0
51.333333	2.538988E+0	5.205407E-1
51.400000	2.521512E+0	4.578406E-1
51.466667	2.521512E+0	4.553326E-1
51.533333	2.521512E+0	4.528246E-1
51.600000	2.520218E+0	4.503166E-1
51.666667	2.520218E+0	4.653646E-1
51.733333	2.520218E+0	4.603486E-1
51.800000	2.522160E+0	4.553326E-1
51.866667	2.523454E+0	4.553326E-1
51.933333	2.533810E+0	4.678726E-1
52.000000	2.609536E+0	1.185161E+0
52.066667	2.744160E+0	2.193378E+0
52.133333	2.954511E+0	2.860507E+0
52.200000	3.068424E+0	3.103783E+0
52.266667	3.087194E+0	3.179023E+0
52.333333	3.022470E+0	3.229183E+0
52.400000	2.801764E+0	2.589642E+0
52.466667	2.553227E+0	1.017125E+0
52.533333	2.519571E+0	4.603486E-1
52.600000	2.521512E+0	4.628566E-1
52.666667	2.522807E+0	4.753966E-1
52.733333	2.519571E+0	4.879366E-1
52.800000	2.521512E+0	4.628566E-1
52.866667	2.520865E+0	4.503166E-1
52.933333	2.522807E+0	4.628566E-1
53.000000	2.519571E+0	4.553326E-1
53.066667	2.519571E+0	4.628566E-1
53.133333	2.521512E+0	4.678726E-1
53.200000	2.521512E+0	4.578406E-1
53.266667	2.536399E+0	6.158447E-1
53.333333	2.597886E+0	1.626570E+0
53.400000	2.736394E+0	1.907466E+0
53.466667	3.004995E+0	2.847967E+0
53.533333	3.142856E+0	3.291883E+0
53.600000	3.085899E+0	3.289375E+0
53.666667	2.841245E+0	2.446686E+0
53.733333	2.541577E+0	5.355887E-1
53.800000	2.518276E+0	4.553326E-1
53.866667	2.521512E+0	4.578406E-1
53.933333	2.522160E+0	4.603486E-1
54.000000	2.521512E+0	4.653646E-1
54.066667	2.521512E+0	4.553326E-1
54.133333	2.521512E+0	4.578406E-1
54.200000	2.520218E+0	4.653646E-1
54.266667	2.520865E+0	4.628566E-1
54.333333	2.520865E+0	4.653646E-1
54.400000	2.518923E+0	4.553326E-1
54.466667	2.521512E+0	4.503166E-1
54.533333	2.522160E+0	4.603486E-1
54.600000	2.520218E+0	4.603486E-1
54.666667	2.520865E+0	4.528246E-1
54.733333	2.521512E+0	4.603486E-1
54.800000	2.520865E+0	4.503166E-1
54.866667	2.518276E+0	4.553326E-1
54.933333	2.520865E+0	4.603486E-1
55.000000	2.520218E+0	4.553326E-1
55.066667	2.519571E+0	4.553326E-1
55.133333	2.528632E+0	5.130166E-1
55.200000	2.564877E+0	9.569330E-1
55.266667	2.673612E+0	1.207733E+0
55.333333	2.758400E+0	2.195886E+0
55.400000	2.831537E+0	2.579610E+0
55.466667	2.869076E+0	2.825395E+0
55.533333	2.893024E+0	2.830411E+0
55.600000	2.907263E+0	2.983399E+0
55.666667	2.918266E+0	2.908159E+0
55.733333	2.924738E+0	2.925715E+0
55.800000	2.927974E+0	3.081211E+0
55.866667	2.927327E+0	3.036067E+0
55.933333	2.927974E+0	2.990923E+0
56.000000	2.920855E+0	2.760187E+0
56.066667	2.927327E+0	3.023527E+0
56.133333	2.929269E+0	3.021019E+0
56.200000	2.928622E+0	2.895619E+0
56.266667	2.929269E+0	2.820379E+0
56.333333	2.927974E+0	2.915683E+0
56.400000	2.935741E+0	2.920699E+0
56.466667	2.953864E+0	3.083719E+0
56.533333	2.970045E+0	2.943271E+0
56.600000	2.986225E+0	2.910667E+0
56.666667	2.997876E+0	2.995939E+0
56.733333	3.014056E+0	3.023527E+0
56.800000	3.043182E+0	3.146419E+0
56.866667	3.067129E+0	3.224167E+0
56.933333	3.078780E+0	3.231691E+0
57.000000	3.088488E+0	3.184039E+0
57.066667	3.098844E+0	3.276835E+0
57.133333	3.116319E+0	3.229183E+0
57.200000	3.128617E+0	3.098767E+0
57.266667	3.139619E+0	3.384679E+0
57.333333	3.143503E+0	3.266803E+0
57.400000	3.144797E+0	3.241723E+0
57.466667	3.133147E+0	3.304423E+0
57.533333	3.096902E+0	3.171499E+0
57.600000	3.020529E+0	3.156451E+0
57.666667	2.842540E+0	2.995939E+0
57.733333	2.667787E+0	1.676730E+0
57.800000	2.522807E+0	4.628566E-1
57.866667	2.519571E+0	4.603486E-1
57.933333	2.521512E+0	4.528246E-1
58.000000	2.518923E+0	4.578406E-1
58.066667	2.518923E+0	4.578406E-1
58.133333	2.520865E+0	4.528246E-1
58.200000	2.520218E+0	4.503166E-1
58.266667	2.518923E+0	4.578406E-1
58.333333	2.519571E+0	4.603486E-1
58.400000	2.520218E+0	4.603486E-1
58.466667	2.520865E+0	4.628566E-1
58.533333	2.519571E+0	4.603486E-1
58.600000	2.521512E+0	4.578406E-1
58.666667	2.520218E+0	4.503166E-1
58.733333	2.521512E+0	4.603486E-1
58.800000	2.519571E+0	4.553326E-1
58.866667	2.518923E+0	4.603486E-1
58.933333	2.520865E+0	4.678726E-1
59.000000	2.520865E+0	4.528246E-1
59.066667	2.520865E+0	4.628566E-1
59.133333	2.526690E+0	4.628566E-1
59.200000	2.536399E+0	5.130166E-1
59.266667	2.570702E+0	9.995690E-1
59.333333	2.597239E+0	1.290497E+0
59.400000	2.623775E+0	1.566378E+0
59.466667	2.632836E+0	1.664190E+0
59.533333	2.645781E+0	1.759494E+0
59.600000	2.656784E+0	1.714350E+0
59.666667	2.681379E+0	2.115630E+0
59.733333	2.734452E+0	1.927530E+0
59.800000	2.769402E+0	2.394018E+0
59.866667	2.782347E+0	2.266110E+0
59.933333	2.788819E+0	2.328810E+0
60.000000	2.788172E+0	2.173314E+0
60.066667	2.798528E+0	2.499354E+0
60.133333	2.821828E+0	2.504370E+0
60.200000	2.822476E+0	2.293698E+0
60.266667	2.811473E+0	2.386494E+0
60.333333	2.814062E+0	2.579610E+0
60.400000	2.816003E+0	2.454210E+0
60.466667	2.822476E+0	2.514402E+0
60.533333	2.825064E+0	2.539482E+0
60.600000	2.821828E+0	2.471766E+0
60.666667	2.816650E+0	2.496846E+0
60.733333	2.819239E+0	2.562054E+0
60.800000	2.817945E+0	2.634786E+0
60.866667	2.818592E+0	2.484306E+0
60.933333	2.819239E+0	2.647326E+0
61.000000	2.815356E+0	2.494338E+0
61.066667	2.809531E+0	2.348874E+0
61.133333	2.808884E+0	2.567070E+0
61.200000	2.812120E+0	2.547006E+0
61.266667	2.810825E+0	2.504370E+0
61.333333	2.808884E+0	2.469258E+0
61.400000	2.808236E+0	2.644818E+0
61.466667	2.808884E+0	2.617230E+0
61.533333	2.816650E+0	2.491830E+0
61.600000	2.816003E+0	2.539482E+0
61.666667	2.823770E+0	2.667390E+0
61.733333	2.829595E+0	2.476782E+0
61.800000	2.834773E+0	2.567070E+0
61.866667	2.840598E+0	2.619738E+0
61.933333	2.840598E+0	2.687454E+0
62.000000	2.837362E+0	2.710026E+0
62.066667	2.830242E+0	2.562054E+0
62.133333	2.826359E+0	2.677422E+0
62.200000	2.828301E+0	2.592150E+0
62.266667	2.842540E+0	2.699994E+0
62.333333	2.850307E+0	2.669898E+0
62.400000	2.846423E+0	2.742630E+0
62.466667	2.845776E+0	2.699994E+0
62.533333	2.847718E+0	2.717550E+0
62.600000	2.847070E+0	2.679930E+0
62.666667	2.849012E+0	2.727582E+0
62.733333	2.842540E+0	2.815363E+0
62.800000	2.831537E+0	2.587134E+0
62.866667	2.827653E+0	2.491830E+0
62.933333	2.828948E+0	2.657358E+0
63.000000	2.836067E+0	2.489322E+0
63.066667	2.844481E+0	2.893111E+0
63.133333	2.845776E+0	2.720058E+0
63.200000	2.852248E+0	2.903143E+0
63.266667	2.865193E+0	2.898127E+0
63.333333	2.880079E+0	2.890603E+0
63.400000	2.883963E+0	2.852983E+0
63.466667	2.893024E+0	2.780251E+0
63.533333	2.902732E+0	2.908159E+0
63.600000	2.929916E+0	3.063655E+0
63.666667	2.952569E+0	3.136387E+0
63.733333	2.990109E+0	3.048607E+0
63.800000	3.045124E+0	3.206611E+0
63.866667	3.089783E+0	3.249247E+0
63.933333	3.135736E+0	3.332011E+0
64.000000	3.160978E+0	3.326995E+0
64.066667	3.168098E+0	3.379663E+0
64.133333	3.170687E+0	3.422299E+0
64.200000	3.168745E+0	3.372139E+0
64.266667	3.173276E+0	3.419791E+0
64.333333	3.167450E+0	3.404743E+0
64.400000	3.156448E+0	3.462427E+0
64.466667	3.146739E+0	3.497539E+0
64.533333	3.140267E+0	3.414775E+0
64.600000	3.124086E+0	3.429823E+0
64.666667	3.094960E+0	3.530143E+0
64.733333	2.948686E+0	3.143911E+0
64.800000	2.674259E+0	2.055438E+0
64.866667	2.518923E+0	4.478086E-1
64.933333	2.521512E+0	4.578406E-1
65.000000	2.521512E+0	4.578406E-1
65.066667	2.521512E+0	4.503166E-1
65.133333	2.522160E+0	4.603486E-1
65.200000	2.518276E+0	4.578406E-1
65.266667	2.520218E+0	4.503166E-1
65.333333	2.518923E+0	4.603486E-1
65.400000	2.522160E+0	4.603486E-1
65.466667	2.518923E+0	4.628566E-1
65.533333	2.519571E+0	4.603486E-1
65.600000	2.518923E+0	4.578406E-1
65.666667	2.520865E+0	4.478086E-1
65.733333	2.521512E+0	4.678726E-1
65.800000	2.521512E+0	4.578406E-1
65.866667	2.520218E+0	4.628566E-1
65.933333	2.521512E+0	4.528246E-1
66.000000	2.518923E+0	4.578406E-1
66.066667	2.518923E+0	4.553326E-1
66.133333	2.520218E+0	4.553326E-1
66.200000	2.520865E+0	4.528246E-1
66.266667	2.520865E+0	4.503166E-1
66.333333	2.527985E+0	4.753966E-1
66.400000	2.544813E+0	5.180327E-1
66.466667	2.616008E+0	1.345673E+0
66.533333	2.745455E+0	1.977690E+0
66.600000	2.924738E+0	2.747646E+0
66.666667	3.044476E+0	3.141403E+0
66.733333	3.105963E+0	3.196579E+0
66.800000	3.138972E+0	3.387187E+0
66.866667	3.163567E+0	3.362107E+0
66.933333	3.175865E+0	3.311947E+0
67.000000	3.183631E+0	3.319471E+0
67.066667	3.185573E+0	3.321979E+0
67.133333	3.076191E+0	3.284359E+0
67.200000	2.731216E+0	2.476782E+0
67.266667	2.518276E+0	4.553326E-1
67.333333	2.519571E+0	4.628566E-1
67.400000	2.520218E+0	4.603486E-1
67.466667	2.520218E+0	4.628566E-1
67.533333	2.520218E+0	4.603486E-1
67.600000	2.521512E+0	4.578406E-1
67.666667	2.520218E+0	4.503166E-1
67.733333	2.522160E+0	4.603486E-1
67.800000	2.522160E+0	4.578406E-1
67.866667	2.521512E+0	4.628566E-1
67.933333	2.522160E+0	4.603486E-1
68.000000	2.522160E+0	4.503166E-1
68.066667	2.522160E+0	4.528246E-1
68.133333	2.522160E+0	4.553326E-1
68.200000	2.526043E+0	4.854286E-1
68.266667	2.559699E+0	9.544250E-1
68.333333	2.636720E+0	2.220966E+0
68.400000	2.860662E+0	2.559546E+0
68.466667	3.182984E+0	3.151435E+0
68.533333	3.353206E+0	3.484999E+0
68.600000	3.529253E+0	3.635479E+0
68.666667	3.615983E+0	3.617923E+0
68.733333	3.649639E+0	3.775927E+0
68.800000	3.674881E+0	3.738307E+0
68.866667	3.644461E+0	3.745831E+0
68.933333	3.538315E+0	3.760879E+0
69.000000	3.243824E+0	3.560239E+0
69.066667	2.629600E+0	1.977690E+0
69.133333	2.519571E+0	4.653646E-1
69.200000	2.521512E+0	4.653646E-1
69.266667	2.521512E+0	4.553326E-1
69.333333	2.522807E+0	4.603486E-1
69.400000	2.522807E+0	4.678726E-1
69.466667	2.522807E+0	4.578406E-1
69.533333	2.520865E+0	4.653646E-1
69.600000	2.521512E+0	4.628566E-1
69.666667	2.522160E+0	4.678726E-1
69.733333	2.520865E+0	4.779046E-1
69.800000	2.520865E+0	4.678726E-1
69.866667	2.522160E+0	4.528246E-1
69.933333	2.522160E+0	4.603486E-1
70.000000	2.519571E+0	4.603486E-1
70.066667	2.522807E+0	4.528246E-1
70.133333	2.520865E+0	4.553326E-1
70.200000	2.520865E+0	4.528246E-1
70.266667	2.521512E+0	4.553326E-1
70.333333	2.521512E+0	4.578406E-1
70.400000	2.522160E+0	4.578406E-1
70.466667	2.520865E+0	4.503166E-1
70.533333	2.521512E+0	4.678726E-1
70.600000	2.521512E+0	4.528246E-1
70.666667	2.520218E+0	4.553326E-1
70.733333	2.518923E+0	4.603486E-1
70.800000	2.518923E+0	4.578406E-1
70.866667	2.520218E+0	4.628566E-1
70.933333	2.520865E+0	4.603486E-1
71.000000	2.522160E+0	4.578406E-1
71.066667	2.519571E+0	4.553326E-1
71.133333	2.522807E+0	4.628566E-1
71.200000	2.520218E+0	4.653646E-1
71.266667	2.520865E+0	4.603486E-1
71.333333	2.523454E+0	4.628566E-1
71.400000	2.520865E+0	4.603486E-1
71.466667	2.520218E+0	4.478086E-1
71.533333	2.521512E+0	4.628566E-1
71.600000	2.519571E+0	4.653646E-1
71.666667	2.520865E+0	4.503166E-1
71.733333	2.520865E+0	4.553326E-1
71.800000	2.521512E+0	4.578406E-1
71.866667	2.520865E+0	4.603486E-1
71.933333	2.518923E+0	4.628566E-1
72.000000	2.520218E+0	4.528246E-1
72.066667	2.520865E+0	4.478086E-1
72.133333	2.522807E+0	4.628566E-1
72.200000	2.521512E+0	4.653646E-1
72.266667	2.520865E+0	4.503166E-1
72.333333	2.522807E+0	4.553326E-1
72.400000	2.521512E+0	4.603486E-1
72.466667	2.522160E+0	4.528246E-1
72.533333	2.521512E+0	4.628566E-1
72.600000	2.520218E+0	4.603486E-1
72.666667	2.521512E+0	4.503166E-1
72.733333	2.518923E+0	4.678726E-1
72.800000	2.522160E+0	4.528246E-1
72.866667	2.525396E+0	4.628566E-1
72.933333	2.523454E+0	4.703806E-1
73.000000	2.526043E+0	4.703806E-1
73.066667	2.525396E+0	4.678726E-1
73.133333	2.523454E+0	4.804126E-1
73.200000	2.521512E+0	4.603486E-1
73.266667	2.521512E+0	4.503166E-1
73.333333	2.521512E+0	4.603486E-1
73.400000	2.520865E+0	4.628566E-1
73.466667	2.520865E+0	4.628566E-1
73.533333	2.523454E+0	4.804126E-1
73.600000	2.529279E+0	6.409248E-1
73.666667	2.541577E+0	1.042205E+0
73.733333	2.575233E+0	1.872354E+0
73.800000	2.707268E+0	2.639802E+0
73.866667	2.940272E+0	3.038575E+0
73.933333	3.171981E+0	3.387187E+0
74.000000	3.416635E+0	3.570271E+0
74.066667	3.553201E+0	3.770911E+0
74.133333	3.641225E+0	3.838627E+0
74.200000	3.661289E+0	3.964027E+0
74.266667	3.642519E+0	3.936439E+0
74.333333	3.440583E+0	3.690655E+0
74.400000	2.997876E+0	2.782759E+0
74.466667	2.537693E+0	4.804126E-1
74.533333	2.521512E+0	4.603486E-1
74.600000	2.521512E+0	4.553326E-1
74.666667	2.521512E+0	4.728886E-1
74.733333	2.521512E+0	4.578406E-1
74.800000	2.520865E+0	4.553326E-1
74.866667	2.520865E+0	4.628566E-1
74.933333	2.520865E+0	4.528246E-1
75.000000	2.520218E+0	4.678726E-1
75.066667	2.521512E+0	4.553326E-1
75.133333	2.520865E+0	4.578406E-1
75.200000	2.523454E+0	4.603486E-1
75.266667	2.519571E+0	4.528246E-1
75.333333	2.519571E+0	4.628566E-1
75.400000	2.521512E+0	4.603486E-1
75.466667	2.518923E+0	4.553326E-1
75.533333	2.520218E+0	4.628566E-1
75.600000	2.518923E+0	4.628566E-1
75.666667	2.520218E+0	4.553326E-1
75.733333	2.524749E+0	4.979686E-1
75.800000	2.531868E+0	4.979686E-1
75.866667	2.565524E+0	1.360721E+0
75.933333	2.694323E+0	2.168298E+0
76.000000	3.012115E+0	3.163975E+0
76.066667	3.310489E+0	3.382171E+0
76.133333	3.386862E+0	3.615415E+0
76.200000	3.456116E+0	3.773419E+0
76.266667	3.501422E+0	3.790975E+0
76.333333	3.537667E+0	3.803515E+0
76.400000	3.533784E+0	3.803515E+0
76.466667	3.428932E+0	3.763387E+0
76.533333	3.116319E+0	3.324487E+0
76.600000	2.658726E+0	1.824702E+0
76.666667	2.518923E+0	4.553326E-1
76.733333	2.520865E+0	4.628566E-1
76.800000	2.521512E+0	4.528246E-1
76.866667	2.521512E+0	4.528246E-1
76.933333	2.520865E+0	4.678726E-1
77.000000	2.521512E+0	4.603486E-1
77.066667	2.520865E+0	4.503166E-1
77.133333	2.518923E+0	4.628566E-1
77.200000	2.520865E+0	4.653646E-1
77.266667	2.522160E+0	4.553326E-1
77.333333	2.522160E+0	4.603486E-1
77.400000	2.519571E+0	4.603486E-1
77.466667	2.520865E+0	4.553326E-1
77.533333	2.520218E+0	7.588009E-1
77.600000	2.521512E+0	6.509568E-1
77.666667	2.522160E+0	4.553326E-1
77.733333	2.522160E+0	4.678726E-1
77.800000	2.544166E+0	9.494090E-1
77.866667	2.579763E+0	1.451009E+0
77.933333	2.767461E+0	2.637294E+0
78.000000	3.249649E+0	3.467443E+0
78.066667	3.411457E+0	3.449887E+0
78.133333	3.248355E+0	3.241723E+0
78.200000	2.962278E+0	2.820379E+0
78.266667	2.771344E+0	2.266110E+0
78.333333	2.779758E+0	2.504370E+0
78.400000	2.816003E+0	2.589642E+0
78.466667	2.836067E+0	2.506878E+0
78.533333	2.832184E+0	2.787775E+0
78.600000	2.810178E+0	2.775235E+0
78.666667	2.752574E+0	2.466750E+0
78.733333	2.714388E+0	2.409066E+0
78.800000	2.696912E+0	2.389002E+0
78.866667	2.708563E+0	2.348874E+0
78.933333	2.744160E+0	2.536974E+0
79.000000	2.768755E+0	2.634786E+0
79.066667	2.778464E+0	2.717550E+0
79.133333	2.751927E+0	2.677422E+0
79.200000	2.718918E+0	2.577102E+0
79.266667	2.660667E+0	2.218458E+0
79.333333	2.627659E+0	1.995246E+0
79.400000	2.608889E+0	1.827210E+0
79.466667	2.573291E+0	1.430945E+0
79.533333	2.561641E+0	1.325609E+0
79.600000	2.541577E+0	5.681927E-1
79.666667	2.522807E+0	4.804126E-1
79.733333	2.520865E+0	4.678726E-1
79.800000	2.520865E+0	6.409248E-1
79.866667	2.520865E+0	9.293450E-1
79.933333	2.521512E+0	6.384168E-1
80.000000	2.519571E+0	4.603486E-1
80.066667	2.521512E+0	4.578406E-1
80.133333	2.519571E+0	4.603486E-1
80.200000	2.520865E+0	8.440729E-1
80.266667	2.520865E+0	7.437528E-1
80.333333	2.522160E+0	4.603486E-1
80.400000	2.520865E+0	4.578406E-1
80.466667	2.520218E+0	4.503166E-1
80.533333	2.521512E+0	4.528246E-1
80.600000	2.525396E+0	9.218210E-1
80.666667	2.529279E+0	5.456207E-1
80.733333	2.576527E+0	1.298021E+0
80.800000	2.708563E+0	2.291190E+0
80.866667	2.961631E+0	2.875555E+0
80.933333	3.153859E+0	3.349567E+0
81.000000	3.293014E+0	3.462427E+0
81.066667	3.427638E+0	3.703195E+0
81.133333	3.483947E+0	3.871231E+0
81.200000	3.519545E+0	3.788467E+0
81.266667	3.553848E+0	3.763387E+0
81.333333	3.563557E+0	3.936439E+0
81.400000	3.575854E+0	3.876247E+0
81.466667	3.540904E+0	3.984092E+0
81.533333	3.355795E+0	3.773419E+0
81.600000	2.904027E+0	2.938255E+0
81.666667	2.572644E+0	1.067285E+0
81.733333	2.518276E+0	4.578406E-1
81.800000	2.523454E+0	4.578406E-1
81.866667	2.520865E+0	4.503166E-1
81.933333	2.520218E+0	4.603486E-1
82.000000	2.520218E+0	4.603486E-1
82.066667	2.521512E+0	5.857487E-1
82.133333	2.522160E+0	9.644570E-1
82.200000	2.520865E+0	4.503166E-1
82.266667	2.521512E+0	4.603486E-1
82.333333	2.518923E+0	4.603486E-1
82.400000	2.520865E+0	4.628566E-1
82.466667	2.520865E+0	4.628566E-1
82.533333	2.518923E+0	4.628566E-1
82.600000	2.518923E+0	4.603486E-1
82.666667	2.520865E+0	4.628566E-1
82.733333	2.520218E+0	4.653646E-1
82.800000	2.520865E+0	4.528246E-1
82.866667	2.521512E+0	4.503166E-1
82.933333	2.520218E+0	4.653646E-1
83.000000	2.518923E+0	4.578406E-1
83.066667	2.521512E+0	4.628566E-1
83.133333	2.522160E+0	4.678726E-1
83.200000	2.534457E+0	8.691529E-1
83.266667	2.610183E+0	1.483613E+0
83.333333	2.814062E+0	2.669898E+0
83.400000	3.173923E+0	3.447379E+0
83.466667	3.386215E+0	4.272512E+0
83.533333	3.504659E+0	3.658051E+0
83.600000	3.649639E+0	4.217336E+0
83.666667	3.762257E+0	4.034252E+0
83.733333	3.810800E+0	4.184732E+0
83.800000	3.848986E+0	4.024220E+0
83.866667	3.880701E+0	4.154636E+0
83.933333	3.830217E+0	4.375340E+0
84.000000	3.464530E+0	3.790975E+0
84.066667	2.758400E+0	2.168298E+0
84.133333	2.519571E+0	5.707007E-1
84.200000	2.523454E+0	4.578406E-1
84.266667	2.522160E+0	4.503166E-1
84.333333	2.520218E+0	4.628566E-1
84.400000	2.520865E+0	4.653646E-1
84.466667	2.522807E+0	4.553326E-1
84.533333	2.521512E+0	4.603486E-1
84.600000	2.520865E+0	4.628566E-1
84.666667	2.520865E+0	4.503166E-1
84.733333	2.520218E+0	4.553326E-1
84.800000	2.518923E+0	4.603486E-1
84.866667	2.520865E+0	4.628566E-1
84.933333	2.521512E+0	4.578406E-1
85.000000	2.521512E+0	4.628566E-1
85.066667	2.520865E+0	4.553326E-1
85.133333	2.522807E+0	4.603486E-1
85.200000	2.521512E+0	4.653646E-1
85.266667	2.521512E+0	4.628566E-1
85.333333	2.522807E+0	4.603486E-1
85.400000	2.526690E+0	4.904446E-1
85.466667	2.526690E+0	5.029846E-1
85.533333	2.526690E+0	5.205407E-1
85.600000	2.522160E+0	4.929526E-1
85.666667	2.528632E+0	4.728886E-1
85.733333	2.581058E+0	1.325609E+0
85.800000	2.661315E+0	2.022834E+0
85.866667	2.951275E+0	2.715042E+0
85.933333	3.287189E+0	3.319471E+0
86.000000	3.433463E+0	3.447379E+0
86.066667	3.474239E+0	3.617923E+0
86.133333	3.327317E+0	3.459919E+0
86.200000	3.028943E+0	3.301915E+0
86.266667	2.625717E+0	1.493645E+0
86.333333	2.520218E+0	4.628566E-1
86.400000	2.521512E+0	4.503166E-1
86.466667	2.523454E+0	4.553326E-1
86.533333	2.521512E+0	4.553326E-1
86.600000	2.521512E+0	4.628566E-1
86.666667	2.518923E+0	4.603486E-1
86.733333	2.521512E+0	4.528246E-1
86.800000	2.519571E+0	4.628566E-1
86.866667	2.518923E+0	4.553326E-1
86.933333	2.518923E+0	4.603486E-1
87.000000	2.521512E+0	4.578406E-1
87.066667	2.520865E+0	4.628566E-1
87.133333	2.521512E+0	4.528246E-1
87.200000	2.520865E+0	4.628566E-1
87.266667	2.518923E+0	4.553326E-1
87.333333	2.523454E+0	4.628566E-1
87.400000	2.530574E+0	5.531447E-1
87.466667	2.562288E+0	1.315577E+0
87.533333	2.592061E+0	1.884894E+0
87.600000	2.803059E+0	2.750154E+0
87.666667	3.160331E+0	3.121339E+0
87.733333	3.289130E+0	3.520111E+0
87.800000	3.134442E+0	3.244231E+0
87.866667	2.843187E+0	2.792791E+0
87.933333	2.674259E+0	1.942578E+0
88.000000	2.608242E+0	1.927530E+0
88.066667	2.573291E+0	1.762002E+0
88.133333	2.551932E+0	8.340409E-1
88.200000	2.530574E+0	4.879366E-1
88.266667	2.520865E+0	4.553326E-1
88.333333	2.520218E+0	4.578406E-1
88.400000	2.520218E+0	4.578406E-1
88.466667	2.522160E+0	4.528246E-1
88.533333	2.520218E+0	4.628566E-1
88.600000	2.520218E+0	5.004766E-1
88.666667	2.521512E+0	4.628566E-1
88.733333	2.519571E+0	4.628566E-1
88.800000	2.520865E+0	4.628566E-1
88.866667	2.523454E+0	4.578406E-1
88.933333	2.558405E+0	9.644570E-1
89.000000	2.598533E+0	1.578918E+0
89.066667	2.638014E+0	1.814670E+0
89.133333	2.738983E+0	2.286174E+0
89.200000	2.922797E+0	2.637294E+0
89.266667	3.177806E+0	3.319471E+0
89.333333	3.465177E+0	4.713920E+0
89.400000	3.611452E+0	4.693856E+0
89.466667	3.633458E+0	4.315148E+0
89.533333	3.556437E+0	4.440548E+0
89.600000	3.168745E+0	3.166483E+0
89.666667	2.731863E+0	2.318778E+0
89.733333	2.523454E+0	4.628566E-1
89.800000	2.520865E+0	4.628566E-1
89.866667	2.520218E+0	4.578406E-1
89.933333	2.523454E+0	4.603486E-1
90.000000	2.520865E+0	4.553326E-1
90.066667	2.521512E+0	4.628566E-1
90.133333	2.522160E+0	4.628566E-1
90.200000	2.521512E+0	4.528246E-1
90.266667	2.519571E+0	4.628566E-1
90.333333	2.522807E+0	4.628566E-1
90.400000	2.521512E+0	8.566129E-1
90.466667	2.519571E+0	4.528246E-1
90.533333	2.520218E+0	4.628566E-1
90.600000	2.521512E+0	4.528246E-1
90.666667	2.520865E+0	4.503166E-1
90.733333	2.522160E+0	4.553326E-1
90.800000	2.520865E+0	4.628566E-1
90.866667	2.520865E+0	4.478086E-1
90.933333	2.522160E+0	4.603486E-1
91.000000	2.527985E+0	4.804126E-1
91.066667	2.575880E+0	1.064777E+0
91.133333	2.692382E+0	2.022834E+0
91.200000	2.952569E+0	3.189055E+0
91.266667	3.198518E+0	3.778435E+0
91.333333	3.315020E+0	3.959011E+0
91.400000	3.412104E+0	4.154636E+0
91.466667	3.533137E+0	4.204796E+0
91.533333	3.560321E+0	4.428008E+0
91.600000	3.543493E+0	4.435532E+0
91.666667	3.540256E+0	4.109492E+0
91.733333	3.414046E+0	4.132064E+0
91.800000	3.098844E+0	3.467443E+0
91.866667	2.654195E+0	1.679238E+0
91.933333	2.520218E+0	4.628566E-1
92.000000	2.520218E+0	4.553326E-1
92.066667	2.521512E+0	4.503166E-1
92.133333	2.521512E+0	4.528246E-1
92.200000	2.519571E+0	4.578406E-1
92.266667	2.520865E+0	4.528246E-1
92.333333	2.520865E+0	4.653646E-1
92.400000	2.520865E+0	4.503166E-1
92.466667	2.519571E+0	4.578406E-1
92.533333	2.522160E+0	4.553326E-1
92.600000	2.520865E+0	4.578406E-1
92.666667	2.520218E+0	4.503166E-1
92.733333	2.520865E+0	4.678726E-1
92.800000	2.520865E+0	4.653646E-1
92.866667	2.520218E+0	4.503166E-1
92.933333	2.521512E+0	4.603486E-1
93.000000	2.520865E+0	4.503166E-1
93.066667	2.520865E+0	4.503166E-1
93.133333	2.520865E+0	4.678726E-1
93.200000	2.521512E+0	4.553326E-1
93.266667	2.526043E+0	4.879366E-1
93.333333	2.535752E+0	8.315329E-1
93.400000	2.536399E+0	6.710208E-1
93.466667	2.522160E+0	4.804126E-1
93.533333	2.521512E+0	4.528246E-1
93.600000	2.520865E+0	4.503166E-1
93.666667	2.533810E+0	9.243290E-1
93.733333	2.579116E+0	1.588950E+0
93.800000	2.663904E+0	2.617230E+0
93.866667	2.909852E+0	3.036067E+0
93.933333	3.188809E+0	3.316963E+0
94.000000	3.390746E+0	4.540868E+0
94.066667	3.608863E+0	4.586012E+0
94.133333	3.875523E+0	4.247432E+0
94.200000	3.691709E+0	3.931423E+0
94.266667	2.922149E+0	2.990923E+0
94.333333	2.518923E+0	4.603486E-1
94.400000	2.523454E+0	4.578406E-1
94.466667	2.524101E+0	4.528246E-1
94.533333	2.521512E+0	4.578406E-1
94.600000	2.520218E+0	4.603486E-1
94.666667	2.520218E+0	4.578406E-1
94.733333	2.520218E+0	4.703806E-1
94.800000	2.519571E+0	4.603486E-1
94.866667	2.522160E+0	4.553326E-1
94.933333	2.518923E+0	4.653646E-1
95.000000	2.520865E+0	4.653646E-1
95.066667	2.520218E+0	4.628566E-1
95.133333	2.520865E+0	4.653646E-1
95.200000	2.521512E+0	4.528246E-1
95.266667	2.521512E+0	4.603486E-1
95.333333	2.522807E+0	4.603486E-1
95.400000	2.523454E+0	4.553326E-1
95.466667	2.521512E+0	4.553326E-1
95.533333	2.520218E+0	4.603486E-1
95.600000	2.521512E+0	4.553326E-1
95.666667	2.522160E+0	4.528246E-1
95.733333	2.526043E+0	4.603486E-1
95.800000	2.523454E+0	4.779046E-1
95.866667	2.524749E+0	4.628566E-1
95.933333	2.530574E+0	5.907647E-1
96.000000	2.551285E+0	5.656847E-1
96.066667	2.577822E+0	1.195193E+0
96.133333	2.660020E+0	2.118138E+0
96.200000	2.863251E+0	2.399034E+0
96.266667	3.083310E+0	3.306931E+0
96.333333	3.324728E+0	3.680623E+0
96.400000	3.582974E+0	3.615415E+0
96.466667	3.651580E+0	3.703195E+0
96.533333	3.603038E+0	3.803515E+0
96.600000	3.257416E+0	3.128863E+0
96.666667	2.748044E+0	2.225982E+0
96.733333	2.521512E+0	4.628566E-1
96.800000	2.521512E+0	4.653646E-1
96.866667	2.523454E+0	4.578406E-1
96.933333	2.521512E+0	4.528246E-1
97.000000	2.522160E+0	4.603486E-1
97.066667	2.518923E+0	4.553326E-1
97.133333	2.519571E+0	4.578406E-1
97.200000	2.522807E+0	5.130166E-1
97.266667	2.520218E+0	5.380967E-1
97.333333	2.519571E+0	4.603486E-1
97.400000	2.520865E+0	4.578406E-1
97.466667	2.520218E+0	4.603486E-1
97.533333	2.520218E+0	4.603486E-1
97.600000	2.522807E+0	4.603486E-1
97.666667	2.521512E+0	4.603486E-1
97.733333	2.522160E+0	4.578406E-1
97.800000	2.521512E+0	4.603486E-1
97.866667	2.521512E+0	4.528246E-1
97.933333	2.518923E+0	4.678726E-1
98.000000	2.520865E+0	4.578406E-1
98.066667	2.520865E+0	4.628566E-1
98.133333	2.518923E+0	4.578406E-1
98.200000	2.522160E+0	4.628566E-1
98.266667	2.520865E+0	4.603486E-1
98.333333	2.520865E+0	4.528246E-1
98.400000	2.523454E+0	4.653646E-1
98.466667	2.523454E+0	4.553326E-1
98.533333	2.530574E+0	5.707007E-1
98.600000	2.551285E+0	1.280465E+0
98.666667	2.638014E+0	2.055438E+0
98.733333	2.904674E+0	2.684946E+0
98.800000	3.224407E+0	3.643003E+0
98.866667	3.491714E+0	3.833611E+0
98.933333	3.689120E+0	3.861199E+0
99.000000	3.675528E+0	3.936439E+0
99.066667	3.319550E+0	3.745831E+0
99.133333	2.759694E+0	2.391510E+0
99.200000	2.521512E+0	4.603486E-1
99.266667	2.518923E+0	4.528246E-1
99.333333	2.522160E+0	4.528246E-1
99.400000	2.520218E+0	4.628566E-1
99.466667	2.523454E+0	4.553326E-1
99.533333	2.522160E+0	4.603486E-1
99.600000	2.520865E+0	4.553326E-1
99.666667	2.519571E+0	4.578406E-1
99.733333	2.519571E+0	4.603486E-1
99.800000	2.522160E+0	4.678726E-1
99.866667	2.520865E+0	4.954606E-1
99.933333	2.520218E+0	4.979686E-1
100.000000	2.522807E+0	4.879366E-1
100.066667	2.521512E+0	4.829206E-1
100.133333	2.520865E+0	4.578406E-1
100.200000	2.518923E+0	5.029846E-1
100.266667	2.521512E+0	4.954606E-1
100.333333	2.522160E+0	5.054926E-1
100.400000	2.515040E+0	5.029846E-1
100.466667	2.522160E+0	5.029846E-1
100.533333	2.519571E+0	4.804126E-1
100.600000	2.521512E+0	4.528246E-1
100.666667	2.522160E+0	4.553326E-1
100.733333	2.519571E+0	4.603486E-1
100.800000	2.520865E+0	4.553326E-1
100.866667	2.522807E+0	4.503166E-1
100.933333	2.520865E+0	4.628566E-1
101.000000	2.521512E+0	4.578406E-1
101.066667	2.519571E+0	4.553326E-1
101.133333	2.520218E+0	4.653646E-1
101.200000	2.522160E+0	4.628566E-1
101.266667	2.522160E+0	4.553326E-1
101.333333	2.518923E+0	4.578406E-1
101.400000	2.520865E+0	4.553326E-1
101.466667	2.520865E+0	4.528246E-1
101.533333	2.521512E+0	4.628566E-1
101.600000	2.519571E+0	4.628566E-1
101.666667	2.520865E+0	4.628566E-1
101.733333	2.520865E+0	4.503166E-1
101.800000	2.520865E+0	4.678726E-1
101.866667	2.519571E+0	4.578406E-1
101.933333	2.522160E+0	4.578406E-1
102.000000	2.521512E+0	4.603486E-1
102.066667	2.520865E+0	4.628566E-1
102.133333	2.521512E+0	4.628566E-1
102.200000	2.522807E+0	4.628566E-1
102.266667	2.520218E+0	4.628566E-1
102.333333	2.520218E+0	4.553326E-1
102.400000	2.520865E+0	4.653646E-1
102.466667	2.521512E+0	4.553326E-1
102.533333	2.521512E+0	4.628566E-1
102.600000	2.520218E+0	4.528246E-1
102.666667	2.518923E+0	4.528246E-1
102.733333	2.518923E+0	4.603486E-1
102.800000	2.521512E+0	4.553326E-1
102.866667	2.523454E+0	4.703806E-1
102.933333	2.529926E+0	6.108287E-1
103.000000	2.537046E+0	1.002077E+0
103.066667	2.536399E+0	5.330807E-1
103.133333	2.523454E+0	5.105086E-1
103.200000	2.520218E+0	4.804126E-1
103.266667	2.522160E+0	4.578406E-1
103.333333	2.520865E+0	4.578406E-1
103.400000	2.524101E+0	5.205407E-1
103.466667	2.538988E+0	8.290249E-1
103.533333	2.542224E+0	6.910848E-1
103.600000	2.534457E+0	5.380967E-1
103.666667	2.523454E+0	4.979686E-1
103.733333	2.521512E+0	5.004766E-1
103.800000	2.524749E+0	7.312128E-1
103.866667	2.522160E+0	4.954606E-1
103.933333	2.525396E+0	4.804126E-1
104.000000	2.529279E+0	5.406047E-1
104.066667	2.560994E+0	1.333133E+0
104.133333	2.644487E+0	1.987722E+0
104.200000	2.904027E+0	2.717550E+0
104.266667	3.229585E+0	3.429823E+0
104.333333	3.474239E+0	3.678115E+0
104.400000	3.416635E+0	3.775927E+0
104.466667	2.897555E+0	2.777743E+0
104.533333	2.527985E+0	4.553326E-1
104.600000	2.521512E+0	4.528246E-1
104.666667	2.523454E+0	4.553326E-1
104.733333	2.522160E+0	4.578406E-1
104.800000	2.519571E+0	4.628566E-1
104.866667	2.520218E+0	4.628566E-1
104.933333	2.518276E+0	4.578406E-1
105.000000	2.521512E+0	4.603486E-1
105.066667	2.521512E+0	4.503166E-1
105.133333	2.520865E+0	4.628566E-1
105.200000	2.523454E+0	4.603486E-1
105.266667	2.526690E+0	5.406047E-1
105.333333	2.524749E+0	5.205407E-1
105.400000	2.526690E+0	4.854286E-1
105.466667	2.536399E+0	5.431127E-1
105.533333	2.603064E+0	1.784574E+0
105.600000	2.694971E+0	2.363922E+0
105.666667	2.870371E+0	2.888095E+0
105.733333	3.025707E+0	3.008479E+0
105.800000	3.146739E+0	3.319471E+0
105.866667	3.390098E+0	3.535159E+0
105.933333	3.417282E+0	3.547699E+0
106.000000	2.935094E+0	2.948287E+0
106.066667	2.516982E+0	4.528246E-1
106.133333	2.520218E+0	4.578406E-1
106.200000	2.520218E+0	4.603486E-1
106.266667	2.521512E+0	4.628566E-1
106.333333	2.518923E+0	4.553326E-1
106.400000	2.521512E+0	4.603486E-1
106.466667	2.520218E+0	4.628566E-1
106.533333	2.522160E+0	9.744890E-1
106.600000	2.519571E+0	9.569330E-1
106.666667	2.520865E+0	5.080006E-1
106.733333	2.522160E+0	4.979686E-1
106.800000	2.524101E+0	7.939129E-1
106.866667	2.533810E+0	9.443930E-1
106.933333	2.570055E+0	1.864830E+0
107.000000	2.670376E+0	2.378970E+0
107.066667	2.837362E+0	2.584626E+0
107.133333	3.086546E+0	3.168991E+0
107.200000	3.384921E+0	3.700687E+0
107.266667	3.448349E+0	3.617923E+0
107.333333	3.129911E+0	3.271819E+0
107.400000	2.532515E+0	5.757167E-1
107.466667	2.520865E+0	4.603486E-1
107.533333	2.521512E+0	4.578406E-1
107.600000	2.520865E+0	4.603486E-1
107.666667	2.521512E+0	4.553326E-1
107.733333	2.520865E+0	4.603486E-1
107.800000	2.521512E+0	4.628566E-1
107.866667	2.519571E+0	4.553326E-1
107.933333	2.520865E+0	4.653646E-1
108.000000	2.518923E+0	4.603486E-1
108.066667	2.522807E+0	4.478086E-1
108.133333	2.521512E+0	4.553326E-1
108.200000	2.519571E+0	4.628566E-1
108.266667	2.529279E+0	5.757167E-1
108.333333	2.585588E+0	1.739430E+0
108.400000	2.674259E+0	2.293698E+0
108.466667	3.020529E+0	2.935747E+0
108.533333	3.488478E+0	3.637987E+0
108.600000	3.562910E+0	3.803515E+0
108.666667	3.408221E+0	3.708211E+0
108.733333	2.851601E+0	2.557038E+0
108.800000	2.521512E+0	4.653646E-1
108.866667	2.520865E+0	4.603486E-1
108.933333	2.522160E+0	4.503166E-1
109.000000	2.523454E+0	4.603486E-1
109.066667	2.520865E+0	4.503166E-1
109.133333	2.520218E+0	4.628566E-1
109.200000	2.520218E+0	4.553326E-1
109.266667	2.521512E+0	4.478086E-1
109.333333	2.522160E+0	4.503166E-1
109.400000	2.520865E+0	4.603486E-1
109.466667	2.518923E+0	4.578406E-1
109.533333	2.520218E+0	4.929526E-1
109.600000	2.521512E+0	4.979686E-1
109.666667	2.526043E+0	4.553326E-1
109.733333	2.529279E+0	5.029846E-1
109.800000	2.529926E+0	5.180327E-1
109.866667	2.544813E+0	8.641369E-1
109.933333	2.590119E+0	2.253570E+0
110.000000	2.751280E+0	2.215950E+0
110.066667	3.215993E+0	3.412267E+0
110.133333	3.204343E+0	3.352075E+0
110.200000	2.792056E+0	2.682438E+0
110.266667	2.520865E+0	4.503166E-1
110.333333	2.520865E+0	4.503166E-1
110.400000	2.520218E+0	4.628566E-1
110.466667	2.523454E+0	4.528246E-1
110.533333	2.518923E+0	4.603486E-1
110.600000	2.521512E+0	4.553326E-1
110.666667	2.523454E+0	4.553326E-1
110.733333	2.520218E+0	4.628566E-1
110.800000	2.520865E+0	4.553326E-1
110.866667	2.520218E+0	4.478086E-1
110.933333	2.520865E+0	4.603486E-1
111.000000	2.520865E+0	4.553326E-1
111.066667	2.521512E+0	4.503166E-1
111.133333	2.520865E+0	4.528246E-1
111.200000	2.518923E+0	4.603486E-1
111.266667	2.521512E+0	4.503166E-1
111.333333	2.520218E+0	4.628566E-1
111.400000	2.520865E+0	4.528246E-1
111.466667	2.521512E+0	4.678726E-1
111.533333	2.518923E+0	4.578406E-1
111.600000	2.520865E+0	4.653646E-1
111.666667	2.519571E+0	4.603486E-1
111.733333	2.520865E+0	4.553326E-1
111.800000	2.522160E+0	4.628566E-1
111.866667	2.521512E+0	4.553326E-1
111.933333	2.521512E+0	4.628566E-1
112.000000	2.520218E+0	4.678726E-1
112.066667	2.519571E+0	4.528246E-1
112.133333	2.520865E+0	4.628566E-1
112.200000	2.518923E+0	4.603486E-1
112.266667	2.522160E+0	4.553326E-1
112.333333	2.519571E+0	4.553326E-1
112.400000	2.522807E+0	4.628566E-1
112.466667	2.518276E+0	4.553326E-1
112.533333	2.520218E+0	4.553326E-1
112.600000	2.522160E+0	4.553326E-1
112.666667	2.530574E+0	5.481287E-1
112.733333	2.527337E+0	5.255567E-1
112.800000	2.523454E+0	4.603486E-1
112.866667	2.520218E+0	4.728886E-1
112.933333	2.527985E+0	4.804126E-1
113.000000	2.586236E+0	1.353197E+0
113.066667	2.663904E+0	2.093058E+0
113.133333	2.940919E+0	2.775235E+0
113.200000	3.353206E+0	3.417283E+0
113.266667	3.513073E+0	3.725767E+0
113.333333	3.283952E+0	3.552715E+0
113.400000	2.720860E+0	2.120646E+0
113.466667	2.524101E+0	5.004766E-1
113.533333	2.520865E+0	4.628566E-1
113.600000	2.521512E+0	4.553326E-1
113.666667	2.520218E+0	4.553326E-1
113.733333	2.521512E+0	4.603486E-1
113.800000	2.520865E+0	4.904446E-1
113.866667	2.520865E+0	4.503166E-1
113.933333	2.518923E+0	4.578406E-1
114.000000	2.547402E+0	1.260401E+0
114.066667	2.628953E+0	1.927530E+0
114.133333	2.959042E+0	3.023527E+0
114.200000	3.461294E+0	3.695671E+0
114.266667	3.414693E+0	3.522619E+0
114.333333	2.978459E+0	3.031051E+0
114.400000	2.546107E+0	6.108287E-1
114.466667	2.520865E+0	4.628566E-1
114.533333	2.522807E+0	4.578406E-1
114.600000	2.520865E+0	4.553326E-1
114.666667	2.520865E+0	4.503166E-1
114.733333	2.518923E+0	4.728886E-1
114.800000	2.521512E+0	4.578406E-1
114.866667	2.521512E+0	4.503166E-1
114.933333	2.522160E+0	4.904446E-1
115.000000	2.573291E+0	1.656666E+0
115.066667	2.705326E+0	2.278650E+0
115.133333	3.088488E+0	3.452395E+0
115.200000	3.494950E+0	3.863707E+0
115.266667	3.545434E+0	3.740815E+0
115.333333	3.195929E+0	3.467443E+0
115.400000	2.645134E+0	2.072994E+0
115.466667	2.521512E+0	4.553326E-1
115.533333	2.520218E+0	4.603486E-1
115.600000	2.520218E+0	4.628566E-1
115.666667	2.522160E+0	4.553326E-1
115.733333	2.518923E+0	4.578406E-1
115.800000	2.521512E+0	4.603486E-1
115.866667	2.520865E+0	4.628566E-1
115.933333	2.521512E+0	4.628566E-1
116.000000	2.520865E+0	4.753966E-1
116.066667	2.524749E+0	5.080006E-1
116.133333	2.535752E+0	8.641369E-1
116.200000	2.572644E+0	1.814670E+0
116.266667	2.670376E+0	2.261094E+0
116.333333	3.015351E+0	3.221659E+0
116.400000	3.350617E+0	3.432331E+0
116.466667	3.537020E+0	3.818563E+0
116.533333	3.507895E+0	3.743323E+0
116.600000	2.984931E+0	3.229183E+0
116.666667	2.533810E+0	6.283847E-1
116.733333	2.520865E+0	4.578406E-1
116.800000	2.521512E+0	4.628566E-1
116.866667	2.521512E+0	9.744890E-1
116.933333	2.521512E+0	4.503166E-1
117.000000	2.518923E+0	4.628566E-1
117.066667	2.520865E+0	4.478086E-1
117.133333	2.518923E+0	4.578406E-1
117.200000	2.526690E+0	5.431127E-1
117.266667	2.544166E+0	8.215009E-1
117.333333	2.557110E+0	1.084841E+0
117.400000	2.691087E+0	2.083026E+0
117.466667	3.122144E+0	3.136387E+0
117.533333	3.394629E+0	3.439855E+0
117.600000	3.562262E+0	3.545191E+0
117.666667	3.355795E+0	3.562747E+0
117.733333	2.829595E+0	2.256078E+0
117.800000	2.525396E+0	9.368690E-1
117.866667	2.522160E+0	4.553326E-1
117.933333	2.522160E+0	4.628566E-1
118.000000	2.523454E+0	4.603486E-1
118.066667	2.521512E+0	5.380967E-1
118.133333	2.522160E+0	9.694730E-1
118.200000	2.518923E+0	7.512768E-1
118.266667	2.522160E+0	4.528246E-1
118.333333	2.520218E+0	4.653646E-1
118.400000	2.519571E+0	4.628566E-1
118.466667	2.522807E+0	4.553326E-1
118.533333	2.529926E+0	5.481287E-1
118.600000	2.544166E+0	1.082333E+0
118.666667	2.563583E+0	1.242845E+0
118.733333	2.700796E+0	2.070486E+0
118.800000	3.132500E+0	2.910667E+0
118.866667	3.511131E+0	3.525127E+0
118.933333	3.676175E+0	3.811039E+0
119.000000	3.350617E+0	3.434839E+0
119.066667	2.700149E+0	2.115630E+0
119.133333	2.520218E+0	4.528246E-1
119.200000	2.522807E+0	4.603486E-1
119.266667	2.519571E+0	4.553326E-1
119.333333	2.520865E+0	4.628566E-1
119.400000	2.524101E+0	4.603486E-1
119.466667	2.522160E+0	4.528246E-1
119.533333	2.518923E+0	4.603486E-1
119.600000	2.520865E+0	4.553326E-1
119.666667	2.520218E+0	4.628566E-1
119.733333	2.520865E+0	4.628566E-1
119.800000	2.524101E+0	4.703806E-1
119.866667	2.530574E+0	5.406047E-1
119.933333	2.577174E+0	1.641618E+0
120.000000	2.607594E+0	1.659174E+0

