0.000000	2.519571E+0	4.578406E-1
0.066667	2.520865E+0	4.528246E-1
0.133333	2.521512E+0	4.503166E-1
0.200000	2.522160E+0	4.628566E-1
0.266667	2.519571E+0	4.528246E-1
0.333333	2.519571E+0	4.578406E-1
0.400000	2.521512E+0	4.628566E-1
0.466667	2.522807E+0	4.628566E-1
0.533333	2.520865E+0	4.603486E-1
0.600000	2.520218E+0	4.578406E-1
0.666667	2.521512E+0	4.503166E-1
0.733333	2.522160E+0	4.578406E-1
0.800000	2.521512E+0	4.653646E-1
0.866667	2.522160E+0	4.528246E-1
0.933333	2.521512E+0	4.503166E-1
1.000000	2.523454E+0	4.553326E-1
1.066667	2.522160E+0	4.528246E-1
1.133333	2.521512E+0	4.628566E-1
1.200000	2.520218E+0	4.553326E-1
1.266667	2.518923E+0	4.528246E-1
1.333333	2.521512E+0	4.653646E-1
1.400000	2.521512E+0	4.628566E-1
1.466667	2.520218E+0	4.528246E-1
1.533333	2.521512E+0	4.528246E-1
1.600000	2.521512E+0	4.503166E-1
1.666667	2.520865E+0	4.453006E-1
1.733333	2.532515E+0	6.935928E-1
1.800000	2.539635E+0	1.049729E+0
1.866667	2.551932E+0	1.212749E+0
1.933333	2.610183E+0	1.691778E+0
2.000000	2.689793E+0	2.341350E+0
2.066667	2.768755E+0	2.875555E+0
2.133333	2.842540E+0	3.071179E+0
2.200000	2.889140E+0	3.123847E+0
2.266667	2.913088E+0	3.362107E+0
2.333333	2.926033E+0	3.269311E+0
2.400000	2.941566E+0	3.399727E+0
2.466667	2.947391E+0	3.276835E+0
2.533333	2.950628E+0	3.141403E+0
2.600000	2.955158E+0	3.367123E+0
2.666667	2.945450E+0	3.392203E+0
2.733333	2.948039E+0	3.434839E+0
2.800000	2.957747E+0	3.417283E+0
2.866667	2.962925E+0	3.432331E+0
2.933333	2.968103E+0	3.432331E+0
3.000000	2.977811E+0	3.432331E+0
3.066667	2.971986E+0	3.412267E+0
3.133333	2.967456E+0	3.434839E+0
3.200000	2.959042E+0	3.437347E+0
3.266667	2.953864E+0	3.444871E+0
3.333333	2.943508E+0	3.419791E+0
3.400000	2.935741E+0	3.402235E+0
3.466667	2.930563E+0	3.372139E+0
3.533333	2.930563E+0	3.407251E+0
3.600000	2.940272E+0	3.364615E+0
3.666667	2.942214E+0	3.404743E+0
3.733333	2.946097E+0	3.454903E+0
3.800000	2.950628E+0	3.632971E+0
3.866667	2.942861E+0	3.429823E+0
3.933333	2.938330E+0	3.349567E+0
4.000000	2.940919E+0	3.384679E+0
4.066667	2.942861E+0	3.439855E+0
4.133333	2.948039E+0	3.512587E+0
4.200000	2.951922E+0	3.537667E+0
4.266667	2.954511E+0	3.622939E+0
4.333333	2.957100E+0	3.532651E+0
4.400000	2.955805E+0	3.587827E+0
4.466667	2.937036E+0	3.545191E+0
4.533333	2.929269E+0	3.517603E+0
4.600000	2.930563E+0	3.490015E+0
4.666667	2.933152E+0	3.484999E+0
4.733333	2.931211E+0	3.477475E+0
4.800000	2.922797E+0	3.384679E+0
4.866667	2.902085E+0	3.347059E+0
4.933333	2.865193E+0	3.334519E+0
5.000000	2.841893E+0	3.196579E+0
5.066667	2.834773E+0	3.174007E+0
5.133333	2.829595E+0	3.324487E+0
5.200000	2.810178E+0	3.256771E+0
5.266667	2.749338E+0	3.123847E+0
5.333333	2.641898E+0	2.113122E+0
5.400000	2.559699E+0	1.132493E+0
5.466667	2.521512E+0	4.478086E-1
5.533333	2.520218E+0	4.553326E-1
5.600000	2.521512E+0	4.578406E-1
5.666667	2.520865E+0	4.528246E-1
5.733333	2.523454E+0	4.528246E-1
5.800000	2.523454E+0	4.578406E-1
5.866667	2.522807E+0	4.528246E-1
5.933333	2.520218E+0	4.628566E-1
6.000000	2.520865E+0	4.628566E-1
6.066667	2.521512E+0	4.478086E-1
6.133333	2.521512E+0	4.478086E-1
6.200000	2.521512E+0	4.603486E-1
6.266667	2.519571E+0	4.528246E-1
6.333333	2.521512E+0	4.603486E-1
6.400000	2.520218E+0	4.553326E-1
6.466667	2.520218E+0	4.578406E-1
6.533333	2.521512E+0	4.603486E-1
6.600000	2.521512E+0	4.528246E-1
6.666667	2.522807E+0	4.553326E-1
6.733333	2.522807E+0	4.528246E-1
6.800000	2.522807E+0	4.578406E-1
6.866667	2.521512E+0	4.628566E-1
6.933333	2.521512E+0	4.603486E-1
7.000000	2.533163E+0	4.703806E-1
7.066667	2.590766E+0	1.488629E+0
7.133333	2.847070E+0	2.983399E+0
7.200000	3.075543E+0	3.377155E+0
7.266667	3.269066E+0	3.580303E+0
7.333333	3.342850E+0	3.748339E+0
7.400000	3.337025E+0	3.818563E+0
7.466667	3.274244E+0	4.019204E+0
7.533333	3.265183E+0	3.818563E+0
7.600000	3.247707E+0	3.735799E+0
7.666667	3.245766E+0	3.793483E+0
7.733333	3.252238E+0	4.001648E+0
7.800000	3.250943E+0	3.891295E+0
7.866667	3.229585E+0	3.913867E+0
7.933333	3.160331E+0	3.725767E+0
8.000000	2.992050E+0	3.575287E+0
8.066667	2.734452E+0	2.755170E+0
8.133333	2.564877E+0	1.250369E+0
8.200000	2.520218E+0	4.578406E-1
8.266667	2.521512E+0	4.503166E-1
8.333333	2.521512E+0	4.528246E-1
8.400000	2.521512E+0	4.628566E-1
8.466667	2.521512E+0	4.503166E-1
8.533333	2.521512E+0	4.503166E-1
8.600000	2.523454E+0	4.578406E-1
8.666667	2.522807E+0	4.553326E-1
8.733333	2.523454E+0	4.528246E-1
8.800000	2.521512E+0	4.628566E-1
8.866667	2.522807E+0	4.578406E-1
8.933333	2.521512E+0	4.503166E-1
9.000000	2.521512E+0	4.578406E-1
9.066667	2.520218E+0	4.553326E-1
9.133333	2.523454E+0	4.528246E-1
9.200000	2.522807E+0	4.578406E-1
9.266667	2.521512E+0	4.503166E-1
9.333333	2.521512E+0	4.578406E-1
9.400000	2.520865E+0	4.628566E-1
9.466667	2.522160E+0	4.628566E-1
9.533333	2.520865E+0	4.553326E-1
9.600000	2.522160E+0	4.528246E-1
9.666667	2.521512E+0	4.478086E-1
9.733333	2.521512E+0	4.603486E-1
9.800000	2.521512E+0	4.528246E-1
9.866667	2.520865E+0	4.553326E-1
9.933333	2.520218E+0	4.528246E-1
10.000000	2.526690E+0	4.528246E-1
10.066667	2.632836E+0	2.027850E+0
10.133333	2.866487E+0	2.943271E+0
10.200000	3.023765E+0	3.326995E+0
10.266667	3.122144E+0	3.264295E+0
10.333333	3.193340E+0	3.497539E+0
10.400000	3.240588E+0	3.570271E+0
10.466667	3.254180E+0	3.612907E+0
10.533333	3.261946E+0	3.658051E+0
10.600000	3.269713E+0	3.763387E+0
10.666667	3.269713E+0	3.753355E+0
10.733333	3.260652E+0	3.640495E+0
10.800000	3.251591E+0	3.718243E+0
10.866667	3.261299E+0	3.833611E+0
10.933333	3.250296E+0	3.785959E+0
11.000000	3.214698E+0	3.743323E+0
11.066667	3.160331E+0	3.592843E+0
11.133333	3.166156E+0	3.643003E+0
11.200000	3.181042E+0	3.650527E+0
11.266667	3.175865E+0	3.725767E+0
11.333333	3.115672E+0	3.557731E+0
11.400000	2.990756E+0	3.329503E+0
11.466667	2.855484E+0	3.151435E+0
11.533333	2.645781E+0	2.158266E+0
11.600000	2.522160E+0	7.638169E-1
11.666667	2.521512E+0	4.829206E-1
11.733333	2.523454E+0	4.528246E-1
11.800000	2.522160E+0	4.628566E-1
11.866667	2.521512E+0	4.628566E-1
11.933333	2.519571E+0	4.528246E-1
12.000000	2.522160E+0	4.553326E-1
12.066667	2.520865E+0	4.628566E-1
12.133333	2.521512E+0	4.603486E-1
12.200000	2.521512E+0	4.603486E-1
12.266667	2.523454E+0	4.578406E-1
12.333333	2.521512E+0	4.528246E-1
12.400000	2.520865E+0	4.628566E-1
12.466667	2.523454E+0	4.603486E-1
12.533333	2.520218E+0	4.553326E-1
12.600000	2.521512E+0	4.528246E-1
12.666667	2.522807E+0	4.578406E-1
12.733333	2.520218E+0	4.528246E-1
12.800000	2.523454E+0	4.553326E-1
12.866667	2.520218E+0	4.553326E-1
12.933333	2.520865E+0	4.478086E-1
13.000000	2.521512E+0	4.628566E-1
13.066667	2.523454E+0	4.578406E-1
13.133333	2.522160E+0	4.478086E-1
13.200000	2.682673E+0	2.577102E+0
13.266667	2.806295E+0	2.855491E+0
13.333333	2.832831E+0	2.830411E+0
13.400000	2.794645E+0	2.672406E+0
13.466667	2.699501E+0	2.308746E+0
13.533333	2.549343E+0	1.135001E+0
13.600000	2.521512E+0	4.603486E-1
13.666667	2.518923E+0	4.628566E-1
13.733333	2.521512E+0	4.603486E-1
13.800000	2.522160E+0	4.578406E-1
13.866667	2.520865E+0	4.603486E-1
13.933333	2.520865E+0	4.478086E-1
14.000000	2.521512E+0	4.503166E-1
14.066667	2.522807E+0	4.528246E-1
14.133333	2.523454E+0	4.553326E-1
14.200000	2.521512E+0	4.503166E-1
14.266667	2.521512E+0	4.578406E-1
14.333333	2.521512E+0	4.528246E-1
14.400000	2.520218E+0	4.553326E-1
14.466667	2.521512E+0	4.653646E-1
14.533333	2.523454E+0	4.528246E-1
14.600000	2.522807E+0	4.553326E-1
14.666667	2.521512E+0	4.628566E-1
14.733333	2.521512E+0	4.503166E-1
14.800000	2.638014E+0	2.629770E+0
14.866667	2.767461E+0	2.832919E+0
14.933333	2.819887E+0	2.955811E+0
15.000000	2.777169E+0	2.742630E+0
15.066667	2.660667E+0	2.328810E+0
15.133333	2.533810E+0	6.835608E-1
15.200000	2.520865E+0	4.528246E-1
15.266667	2.521512E+0	4.603486E-1
15.333333	2.521512E+0	4.478086E-1
15.400000	2.522160E+0	4.603486E-1
15.466667	2.520865E+0	4.553326E-1
15.533333	2.522160E+0	4.528246E-1
15.600000	2.521512E+0	4.603486E-1
15.666667	2.522807E+0	4.603486E-1
15.733333	2.522807E+0	4.528246E-1
15.800000	2.523454E+0	4.528246E-1
15.866667	2.523454E+0	4.578406E-1
15.933333	2.521512E+0	4.503166E-1
16.000000	2.521512E+0	4.603486E-1
16.066667	2.522160E+0	4.578406E-1
16.133333	2.521512E+0	4.503166E-1
16.200000	2.526690E+0	4.628566E-1
16.266667	2.827653E+0	3.008479E+0
16.333333	2.825712E+0	3.189055E+0
16.400000	2.746102E+0	3.101275E+0
16.466667	2.553227E+0	7.487688E-1
16.533333	2.520865E+0	4.503166E-1
16.600000	2.522160E+0	4.578406E-1
16.666667	2.521512E+0	4.528246E-1
16.733333	2.521512E+0	4.503166E-1
16.800000	2.520218E+0	4.528246E-1
16.866667	2.521512E+0	4.653646E-1
16.933333	2.521512E+0	4.628566E-1
17.000000	2.519571E+0	4.528246E-1
17.066667	2.523454E+0	4.578406E-1
17.133333	2.521512E+0	4.503166E-1
17.200000	2.522160E+0	4.478086E-1
17.266667	2.520218E+0	4.603486E-1
17.333333	2.522160E+0	4.503166E-1
17.400000	2.520865E+0	4.503166E-1
17.466667	2.521512E+0	4.528246E-1
17.533333	2.522160E+0	4.628566E-1
17.600000	2.732510E+0	2.562054E+0
17.666667	2.996581E+0	3.254263E+0
17.733333	3.042535E+0	3.271819E+0
17.800000	2.955158E+0	3.256771E+0
17.866667	2.696912E+0	2.346366E+0
17.933333	2.529279E+0	4.728886E-1
18.000000	2.521512E+0	4.578406E-1
18.066667	2.521512E+0	4.528246E-1
18.133333	2.521512E+0	4.628566E-1
18.200000	2.522160E+0	4.528246E-1
18.266667	2.521512E+0	4.528246E-1
18.333333	2.520865E+0	4.578406E-1
18.400000	2.522160E+0	4.628566E-1
18.466667	2.518923E+0	4.603486E-1
18.533333	2.521512E+0	4.628566E-1
18.600000	2.523454E+0	4.528246E-1
18.666667	2.519571E+0	4.553326E-1
18.733333	2.521512E+0	4.628566E-1
18.800000	2.521512E+0	4.528246E-1
18.866667	2.523454E+0	4.553326E-1
18.933333	2.518923E+0	4.578406E-1
19.000000	2.523454E+0	4.528246E-1
19.066667	2.521512E+0	4.653646E-1
19.133333	2.520218E+0	4.628566E-1
19.200000	2.522807E+0	4.553326E-1
19.266667	2.521512E+0	4.628566E-1
19.333333	2.542871E+0	1.019633E+0
19.400000	3.050949E+0	3.216643E+0
19.466667	3.158389E+0	3.482491E+0
19.533333	3.129911E+0	3.404743E+0
19.600000	2.906616E+0	3.414775E+0
19.666667	2.570702E+0	1.137509E+0
19.733333	2.520865E+0	4.578406E-1
19.800000	2.522807E+0	4.603486E-1
19.866667	2.522160E+0	4.628566E-1
19.933333	2.518923E+0	4.553326E-1
20.000000	2.520865E+0	4.603486E-1
20.066667	2.521512E+0	4.528246E-1
20.133333	2.522807E+0	4.553326E-1
20.200000	2.519571E+0	4.503166E-1
20.266667	2.521512E+0	4.528246E-1
20.333333	2.521512E+0	4.628566E-1
20.400000	2.522160E+0	4.528246E-1
20.466667	2.520865E+0	4.603486E-1
20.533333	2.520218E+0	4.553326E-1
20.600000	2.521512E+0	4.578406E-1
20.666667	2.522807E+0	4.603486E-1
20.733333	2.521512E+0	4.628566E-1
20.800000	2.521512E+0	4.603486E-1
20.866667	2.523454E+0	4.553326E-1
20.933333	2.521512E+0	4.628566E-1
21.000000	2.520865E+0	4.478086E-1
21.066667	2.522160E+0	4.503166E-1
21.133333	2.773286E+0	2.940763E+0
21.200000	3.127969E+0	3.334519E+0
21.266667	3.417929E+0	3.836119E+0
21.333333	3.535726E+0	3.843643E+0
21.400000	3.381037E+0	3.733291E+0
21.466667	3.087841E+0	3.407251E+0
21.533333	2.650312E+0	1.995246E+0
21.600000	2.522807E+0	4.478086E-1
21.666667	2.520218E+0	4.628566E-1
21.733333	2.521512E+0	4.628566E-1
21.800000	2.521512E+0	4.478086E-1
21.866667	2.522160E+0	4.553326E-1
21.933333	2.521512E+0	4.578406E-1
22.000000	2.520218E+0	4.528246E-1
22.066667	2.520218E+0	4.553326E-1
22.133333	2.523454E+0	4.553326E-1
22.200000	2.520218E+0	4.528246E-1
22.266667	2.520865E+0	4.553326E-1
22.333333	2.521512E+0	4.528246E-1
22.400000	2.523454E+0	4.528246E-1
22.466667	2.520865E+0	4.578406E-1
22.533333	2.522160E+0	4.553326E-1
22.600000	2.522160E+0	4.528246E-1
22.666667	2.521512E+0	4.628566E-1
22.733333	2.548049E+0	7.337208E-1
22.800000	2.578469E+0	1.561362E+0
22.866667	2.772639E+0	3.096259E+0
22.933333	3.104669E+0	3.492523E+0
23.000000	3.364856E+0	3.685639E+0
23.066667	3.505953E+0	3.793483E+0
23.133333	3.584268E+0	3.901327E+0
23.200000	3.486536E+0	3.946471E+0
23.266667	3.186867E+0	3.562747E+0
23.333333	2.784289E+0	2.602182E+0
23.400000	2.533810E+0	6.334007E-1
23.466667	2.520865E+0	4.553326E-1
23.533333	2.522807E+0	4.503166E-1
23.600000	2.523454E+0	4.503166E-1
23.666667	2.523454E+0	4.578406E-1
23.733333	2.522807E+0	4.553326E-1
23.800000	2.523454E+0	4.528246E-1
23.866667	2.520865E+0	4.553326E-1
23.933333	2.520865E+0	4.528246E-1
24.000000	2.521512E+0	4.578406E-1
24.066667	2.522160E+0	4.553326E-1
24.133333	2.518923E+0	4.553326E-1
24.200000	2.520865E+0	4.478086E-1
24.266667	2.521512E+0	4.628566E-1
24.333333	2.523454E+0	4.603486E-1
24.400000	2.521512E+0	4.453006E-1
24.466667	2.520865E+0	4.628566E-1
24.533333	2.519571E+0	4.628566E-1
24.600000	2.537693E+0	6.133367E-1
24.666667	2.570702E+0	1.335641E+0
24.733333	2.680084E+0	2.378970E+0
24.800000	2.927327E+0	3.151435E+0
24.866667	3.172628E+0	3.520111E+0
24.933333	3.365504E+0	3.911359E+0
25.000000	3.502070E+0	4.086920E+0
25.066667	3.664525E+0	3.773419E+0
25.133333	3.691709E+0	4.079396E+0
25.200000	3.514367E+0	3.906343E+0
25.266667	3.237999E+0	3.645511E+0
25.333333	2.755811E+0	2.386494E+0
25.400000	2.520218E+0	4.503166E-1
25.466667	2.521512E+0	4.528246E-1
25.533333	2.523454E+0	4.603486E-1
25.600000	2.520218E+0	4.528246E-1
25.666667	2.521512E+0	4.503166E-1
25.733333	2.521512E+0	4.528246E-1
25.800000	2.522807E+0	4.528246E-1
25.866667	2.520865E+0	4.553326E-1
25.933333	2.521512E+0	4.503166E-1
26.000000	2.523454E+0	4.553326E-1
26.066667	2.520218E+0	4.553326E-1
26.133333	2.521512E+0	4.628566E-1
26.200000	2.521512E+0	4.528246E-1
26.266667	2.521512E+0	4.503166E-1
26.333333	2.520865E+0	4.553326E-1
26.400000	2.521512E+0	4.603486E-1
26.466667	2.520218E+0	4.503166E-1
26.533333	2.522807E+0	4.628566E-1
26.600000	2.584294E+0	1.222781E+0
26.666667	2.775228E+0	2.715042E+0
26.733333	3.133794E+0	3.447379E+0
26.800000	3.351912E+0	3.688147E+0
26.866667	3.494303E+0	3.733291E+0
26.933333	3.563557E+0	3.811039E+0
27.000000	3.661289E+0	3.918883E+0
27.066667	3.652875E+0	3.981584E+0
27.133333	3.509189E+0	4.297592E+0
27.200000	3.182337E+0	3.690655E+0
27.266667	2.733805E+0	2.158266E+0
27.333333	2.520218E+0	4.503166E-1
27.400000	2.521512E+0	4.478086E-1
27.466667	2.523454E+0	4.528246E-1
27.533333	2.523454E+0	4.578406E-1
27.600000	2.521512E+0	4.478086E-1
27.666667	2.521512E+0	4.628566E-1
27.733333	2.520865E+0	4.528246E-1
27.800000	2.519571E+0	4.553326E-1
27.866667	2.521512E+0	4.553326E-1
27.933333	2.522807E+0	4.578406E-1
28.000000	2.516335E+0	4.553326E-1
28.066667	2.521512E+0	4.603486E-1
28.133333	2.520218E+0	4.578406E-1
28.200000	2.522807E+0	4.553326E-1
28.266667	2.521512E+0	4.503166E-1
28.333333	2.521512E+0	4.653646E-1
28.400000	2.521512E+0	4.503166E-1
28.466667	2.521512E+0	4.628566E-1
28.533333	2.521512E+0	4.653646E-1
28.600000	2.521512E+0	4.503166E-1
28.666667	2.523454E+0	4.503166E-1
28.733333	2.538988E+0	5.431127E-1
28.800000	2.542871E+0	5.105086E-1
28.866667	2.610183E+0	1.573902E+0
28.933333	2.763577E+0	2.762695E+0
29.000000	3.139619E+0	3.226675E+0
29.066667	3.423755E+0	3.643003E+0
29.133333	3.511778E+0	3.948979E+0
29.200000	3.445760E+0	3.873739E+0
29.266667	3.083957E+0	3.269311E+0
29.333333	2.693029E+0	2.198394E+0
29.400000	2.520218E+0	4.528246E-1
29.466667	2.521512E+0	4.503166E-1
29.533333	2.521512E+0	4.578406E-1
29.600000	2.522160E+0	4.553326E-1
29.666667	2.521512E+0	4.503166E-1
29.733333	2.522160E+0	4.528246E-1
29.800000	2.523454E+0	4.553326E-1
29.866667	2.523454E+0	4.553326E-1
29.933333	2.521512E+0	4.553326E-1
30.000000	2.519571E+0	4.553326E-1
30.066667	2.520218E+0	4.553326E-1
30.133333	2.523454E+0	4.578406E-1
30.200000	2.521512E+0	4.603486E-1
30.266667	2.522807E+0	4.528246E-1
30.333333	2.522807E+0	4.603486E-1
30.400000	2.520865E+0	4.528246E-1
30.466667	2.796586E+0	3.021019E+0
30.533333	3.091077E+0	3.359599E+0
30.600000	3.159036E+0	3.600367E+0
30.666667	3.053538E+0	3.472459E+0
30.733333	2.811473E+0	2.785267E+0
30.800000	2.560346E+0	6.033047E-1
30.866667	2.520865E+0	4.453006E-1
30.933333	2.523454E+0	4.603486E-1
31.000000	2.523454E+0	4.553326E-1
31.066667	2.522160E+0	4.578406E-1
31.133333	2.524101E+0	4.553326E-1
31.200000	2.522807E+0	4.528246E-1
31.266667	2.519571E+0	4.553326E-1
31.333333	2.521512E+0	4.603486E-1
31.400000	2.522807E+0	4.578406E-1
31.466667	2.519571E+0	4.528246E-1
31.533333	2.521512E+0	4.503166E-1
31.600000	2.522807E+0	4.528246E-1
31.666667	2.522160E+0	4.528246E-1
31.733333	2.521512E+0	4.653646E-1
31.800000	2.522807E+0	4.553326E-1
31.866667	2.521512E+0	4.603486E-1
31.933333	2.520218E+0	4.578406E-1
32.000000	2.522807E+0	4.528246E-1
32.066667	2.522160E+0	4.478086E-1
32.133333	2.582352E+0	1.425929E+0
32.200000	2.603064E+0	1.746954E+0
32.266667	2.866487E+0	2.850475E+0
32.333333	3.131205E+0	3.241723E+0
32.400000	3.337025E+0	3.447379E+0
32.466667	3.430227E+0	3.788467E+0
32.533333	3.525370E+0	3.833611E+0
32.600000	3.606274E+0	3.848659E+0
32.666667	3.626986E+0	3.858691E+0
32.733333	3.560321E+0	3.765895E+0
32.800000	3.310489E+0	3.763387E+0
32.866667	2.875549E+0	3.103783E+0
32.933333	2.554521E+0	7.036248E-1
33.000000	2.522160E+0	4.628566E-1
33.066667	2.521512E+0	4.603486E-1
33.133333	2.520865E+0	4.603486E-1
33.200000	2.521512E+0	4.628566E-1
33.266667	2.521512E+0	4.528246E-1
33.333333	2.518923E+0	4.553326E-1
33.400000	2.523454E+0	4.578406E-1
33.466667	2.522807E+0	4.528246E-1
33.533333	2.523454E+0	4.603486E-1
33.600000	2.520865E+0	4.628566E-1
33.666667	2.520218E+0	4.528246E-1
33.733333	2.524101E+0	4.578406E-1
33.800000	2.676201E+0	1.726890E+0
33.866667	2.537693E+0	6.359088E-1
33.933333	2.522160E+0	4.553326E-1
34.000000	2.520218E+0	4.528246E-1
34.066667	2.520865E+0	4.528246E-1
34.133333	2.520865E+0	4.553326E-1
34.200000	2.522160E+0	4.628566E-1
34.266667	2.520865E+0	4.578406E-1
34.333333	2.521512E+0	4.603486E-1
34.400000	2.521512E+0	4.603486E-1
34.466667	2.520218E+0	4.528246E-1
34.533333	2.521512E+0	4.503166E-1
34.600000	2.519571E+0	4.578406E-1
34.666667	2.521512E+0	4.603486E-1
34.733333	2.520865E+0	4.578406E-1
34.800000	2.519571E+0	4.553326E-1
34.866667	2.520218E+0	4.528246E-1
34.933333	2.524101E+0	4.578406E-1
35.000000	2.596591E+0	1.067285E+0
35.066667	2.520218E+0	4.603486E-1
35.133333	2.520865E+0	4.628566E-1
35.200000	2.519571E+0	4.578406E-1
35.266667	2.521512E+0	4.603486E-1
35.333333	2.521512E+0	4.578406E-1
35.400000	2.521512E+0	4.603486E-1
35.466667	2.522807E+0	4.528246E-1
35.533333	2.523454E+0	4.578406E-1
35.600000	2.521512E+0	4.628566E-1
35.666667	2.521512E+0	4.503166E-1
35.733333	2.520865E+0	4.503166E-1
35.800000	2.520865E+0	4.528246E-1
35.866667	2.521512E+0	4.503166E-1
35.933333	2.518923E+0	4.603486E-1
36.000000	2.521512E+0	4.628566E-1
36.066667	2.521512E+0	4.628566E-1
36.133333	2.522160E+0	4.578406E-1
36.200000	2.521512E+0	4.628566E-1
36.266667	2.753222E+0	2.549514E+0
36.333333	3.008231E+0	3.118831E+0
36.400000	3.221818E+0	3.547699E+0
36.466667	3.349970E+0	3.565255E+0
36.533333	3.392040E+0	3.745831E+0
36.600000	3.412752E+0	3.971551E+0
36.666667	3.516956E+0	3.906343E+0
36.733333	3.566793E+0	3.853675E+0
36.800000	3.546082E+0	3.823579E+0
36.866667	3.289777E+0	3.788467E+0
36.933333	2.838656E+0	2.945779E+0
37.000000	2.533163E+0	6.033047E-1
37.066667	2.521512E+0	4.528246E-1
37.133333	2.524101E+0	4.503166E-1
37.200000	2.522160E+0	4.528246E-1
37.266667	2.520865E+0	4.603486E-1
37.333333	2.522160E+0	4.528246E-1
37.400000	2.522160E+0	4.628566E-1
37.466667	2.521512E+0	4.603486E-1
37.533333	2.521512E+0	4.503166E-1
37.600000	2.521512E+0	4.653646E-1
37.666667	2.520218E+0	4.528246E-1
37.733333	2.521512E+0	4.553326E-1
37.800000	2.643839E+0	2.060454E+0
37.866667	2.922149E+0	2.980891E+0
37.933333	3.297544E+0	3.622939E+0
38.000000	3.604980E+0	3.765895E+0
38.066667	3.757079E+0	3.943963E+0
38.133333	3.817919E+0	4.270004E+0
38.200000	3.693651E+0	3.851167E+0
38.266667	3.338320E+0	3.607891E+0
38.333333	2.779758E+0	2.609706E+0
38.400000	2.521512E+0	6.007967E-1
38.466667	2.519571E+0	4.603486E-1
38.533333	2.522807E+0	4.628566E-1
38.600000	2.522807E+0	4.653646E-1
38.666667	2.521512E+0	4.553326E-1
38.733333	2.522807E+0	4.503166E-1
38.800000	2.523454E+0	4.578406E-1
38.866667	2.521512E+0	4.628566E-1
38.933333	2.520865E+0	4.603486E-1
39.000000	2.521512E+0	4.628566E-1
39.066667	2.518923E+0	4.553326E-1
39.133333	2.521512E+0	4.503166E-1
39.200000	2.520865E+0	4.653646E-1
39.266667	2.522160E+0	4.628566E-1
39.333333	2.523454E+0	4.528246E-1
39.400000	2.522160E+0	4.528246E-1
39.466667	2.519571E+0	4.578406E-1
39.533333	2.521512E+0	4.478086E-1
39.600000	2.520218E+0	4.653646E-1
39.666667	2.521512E+0	4.628566E-1
39.733333	2.520218E+0	4.528246E-1
39.800000	2.523454E+0	4.528246E-1
39.866667	2.520865E+0	4.553326E-1
39.933333	2.522807E+0	4.528246E-1
40.000000	2.522160E+0	4.653646E-1
40.066667	2.522160E+0	4.503166E-1
40.133333	2.520218E+0	4.553326E-1
40.200000	2.521512E+0	4.503166E-1
40.266667	2.521512E+0	4.578406E-1
40.333333	2.523454E+0	4.603486E-1
40.400000	2.521512E+0	4.528246E-1
40.466667	2.522807E+0	4.528246E-1
40.533333	2.523454E+0	4.478086E-1
40.600000	2.522160E+0	4.578406E-1
40.666667	2.522160E+0	4.528246E-1
40.733333	2.522160E+0	4.603486E-1
40.800000	2.520218E+0	4.603486E-1
40.866667	2.522160E+0	4.628566E-1
40.933333	2.521512E+0	4.503166E-1
41.000000	2.522160E+0	4.628566E-1
41.066667	2.521512E+0	4.653646E-1
41.133333	2.521512E+0	4.478086E-1
41.200000	2.521512E+0	4.628566E-1
41.266667	2.522160E+0	4.503166E-1
41.333333	2.523454E+0	4.528246E-1
41.400000	2.522160E+0	4.603486E-1
41.466667	2.520218E+0	4.578406E-1
41.533333	2.519571E+0	4.553326E-1
41.600000	2.521512E+0	4.653646E-1
41.666667	2.523454E+0	4.553326E-1
41.733333	2.522160E+0	4.628566E-1
41.800000	2.520865E+0	4.703806E-1
41.866667	2.520865E+0	4.753966E-1
41.933333	2.521512E+0	4.478086E-1
42.000000	2.521512E+0	4.578406E-1
42.066667	2.521512E+0	4.628566E-1
42.133333	2.520218E+0	4.528246E-1
42.200000	2.521512E+0	4.678726E-1
42.266667	2.521512E+0	4.628566E-1
42.333333	2.520218E+0	4.528246E-1
42.400000	2.523454E+0	4.603486E-1
42.466667	2.521512E+0	4.603486E-1
42.533333	2.521512E+0	4.503166E-1
42.600000	2.518923E+0	4.603486E-1
42.666667	2.520218E+0	4.578406E-1
42.733333	2.521512E+0	4.628566E-1
42.800000	2.523454E+0	4.578406E-1
42.866667	2.521512E+0	4.503166E-1
42.933333	2.520218E+0	4.528246E-1
43.000000	2.522160E+0	4.628566E-1
43.066667	2.523454E+0	4.528246E-1
43.133333	2.521512E+0	4.503166E-1
43.200000	2.520865E+0	4.528246E-1
43.266667	2.519571E+0	4.578406E-1
43.333333	2.519571E+0	4.528246E-1
43.400000	2.521512E+0	4.528246E-1
43.466667	2.523454E+0	4.528246E-1
43.533333	2.621186E+0	1.802130E+0
43.600000	2.829595E+0	2.627262E+0
43.666667	3.287189E+0	3.492523E+0
43.733333	3.590741E+0	3.866215E+0
43.800000	3.722776E+0	4.249940E+0
43.866667	3.650933E+0	3.928915E+0
43.933333	3.533784E+0	3.881263E+0
44.000000	3.087194E+0	3.547699E+0
44.066667	2.641250E+0	1.914990E+0
44.133333	2.520865E+0	4.453006E-1
44.200000	2.521512E+0	4.503166E-1
44.266667	2.522807E+0	4.503166E-1
44.333333	2.520865E+0	4.528246E-1
44.400000	2.521512E+0	4.503166E-1
44.466667	2.521512E+0	4.503166E-1
44.533333	2.522160E+0	4.528246E-1
44.600000	2.522160E+0	4.578406E-1
44.666667	2.521512E+0	4.628566E-1
44.733333	2.520218E+0	4.553326E-1
44.800000	2.521512E+0	4.628566E-1
44.866667	2.522160E+0	4.578406E-1
44.933333	2.520218E+0	4.528246E-1
45.000000	2.522807E+0	4.553326E-1
45.066667	2.522160E+0	4.628566E-1
45.133333	2.573938E+0	8.967410E-1
45.200000	2.718918E+0	2.296206E+0
45.266667	3.089783E+0	3.036067E+0
45.333333	3.478122E+0	3.575287E+0
45.400000	3.575854E+0	3.713227E+0
45.466667	3.560321E+0	3.803515E+0
45.533333	3.383626E+0	3.663067E+0
45.600000	2.966161E+0	3.151435E+0
45.666667	2.573938E+0	1.646634E+0
45.733333	2.520865E+0	4.503166E-1
45.800000	2.521512E+0	4.553326E-1
45.866667	2.521512E+0	4.628566E-1
45.933333	2.520218E+0	4.528246E-1
46.000000	2.521512E+0	4.503166E-1
46.066667	2.521512E+0	4.678726E-1
46.133333	2.520865E+0	4.603486E-1
46.200000	2.519571E+0	4.553326E-1
46.266667	2.522160E+0	4.528246E-1
46.333333	2.520865E+0	4.603486E-1
46.400000	2.521512E+0	4.553326E-1
46.466667	2.522160E+0	4.603486E-1
46.533333	2.520865E+0	4.528246E-1
46.600000	2.522160E+0	4.478086E-1
46.666667	2.520218E+0	4.603486E-1
46.733333	2.520865E+0	4.528246E-1
46.800000	2.562288E+0	1.180145E+0
46.866667	2.704679E+0	2.200902E+0
46.933333	3.002406E+0	3.206611E+0
47.000000	3.312431E+0	3.710719E+0
47.066667	3.584268E+0	3.740815E+0
47.133333	3.658053E+0	4.189748E+0
47.200000	3.559673E+0	3.848659E+0
47.266667	3.106611E+0	3.429823E+0
47.333333	2.656137E+0	1.960134E+0
47.400000	2.522160E+0	4.553326E-1
47.466667	2.520865E+0	4.528246E-1
47.533333	2.521512E+0	4.503166E-1
47.600000	2.520865E+0	4.503166E-1
47.666667	2.520865E+0	4.528246E-1
47.733333	2.518923E+0	4.528246E-1
47.800000	2.521512E+0	4.628566E-1
47.866667	2.521512E+0	4.628566E-1
47.933333	2.520218E+0	4.528246E-1
48.000000	2.521512E+0	4.628566E-1
48.066667	2.521512E+0	4.653646E-1
48.133333	2.521512E+0	4.628566E-1
48.200000	2.519571E+0	4.553326E-1
48.266667	2.535104E+0	6.208607E-1
48.333333	2.594650E+0	1.478597E+0
48.400000	2.927327E+0	3.013495E+0
48.466667	3.379743E+0	3.735799E+0
48.533333	3.756432E+0	3.913867E+0
48.600000	3.735073E+0	3.903835E+0
48.666667	3.334436E+0	3.630463E+0
48.733333	2.782994E+0	2.767711E+0
48.800000	2.522160E+0	4.478086E-1
48.866667	2.522807E+0	4.578406E-1
48.933333	2.522160E+0	4.603486E-1
49.000000	2.521512E+0	4.528246E-1
49.066667	2.522160E+0	4.578406E-1
49.133333	2.519571E+0	4.603486E-1
49.200000	2.521512E+0	4.628566E-1
49.266667	2.520218E+0	4.603486E-1
49.333333	2.520218E+0	4.628566E-1
49.400000	2.523454E+0	4.553326E-1
49.466667	2.520218E+0	4.603486E-1
49.533333	2.521512E+0	4.503166E-1
49.600000	2.521512E+0	4.528246E-1
49.666667	2.519571E+0	4.603486E-1
49.733333	2.522160E+0	4.553326E-1
49.800000	2.610830E+0	1.586442E+0
49.866667	2.637367E+0	1.957626E+0
49.933333	2.582999E+0	1.536281E+0
50.000000	2.520218E+0	4.528246E-1
50.066667	2.520865E+0	4.503166E-1
50.133333	2.521512E+0	4.753966E-1
50.200000	2.520865E+0	4.503166E-1
50.266667	2.520218E+0	4.703806E-1
50.333333	2.521512E+0	4.879366E-1
50.400000	2.521512E+0	4.703806E-1
50.466667	2.521512E+0	4.503166E-1
50.533333	2.520865E+0	4.628566E-1
50.600000	2.523454E+0	4.528246E-1
50.666667	2.522807E+0	4.553326E-1
50.733333	2.521512E+0	4.553326E-1
50.800000	2.522160E+0	4.478086E-1
50.866667	2.520218E+0	4.553326E-1
50.933333	2.522807E+0	4.553326E-1
51.000000	2.521512E+0	4.528246E-1
51.066667	2.521512E+0	4.653646E-1
51.133333	2.603064E+0	1.644126E+0
51.200000	2.593355E+0	1.744446E+0
51.266667	2.603711E+0	1.834734E+0
51.333333	2.594002E+0	1.629078E+0
51.400000	2.577822E+0	1.516217E+0
51.466667	2.570702E+0	1.275449E+0
51.533333	2.548696E+0	7.738489E-1
51.600000	2.520865E+0	4.578406E-1
51.666667	2.519571E+0	4.578406E-1
51.733333	2.521512E+0	4.503166E-1
51.800000	2.522807E+0	4.528246E-1
51.866667	2.522807E+0	4.553326E-1
51.933333	2.521512E+0	4.603486E-1
52.000000	2.521512E+0	4.603486E-1
52.066667	2.521512E+0	4.628566E-1
52.133333	2.554521E+0	1.014617E+0
52.200000	2.573938E+0	1.222781E+0
52.266667	2.619892E+0	1.857306E+0
52.333333	2.651606E+0	2.253570E+0
52.400000	2.692382E+0	2.047914E+0
52.466667	2.718918E+0	2.567070E+0
52.533333	2.742866E+0	2.461734E+0
52.600000	2.759694E+0	2.835427E+0
52.666667	2.755163E+0	2.589642E+0
52.733333	2.744160E+0	2.707518E+0
52.800000	2.733157E+0	2.451702E+0
52.866667	2.729274E+0	2.577102E+0
52.933333	2.726685E+0	2.582118E+0
53.000000	2.724096E+0	2.797807E+0
53.066667	2.727332E+0	2.699994E+0
53.133333	2.740277E+0	2.699994E+0
53.200000	2.742866E+0	2.742630E+0
53.266667	2.738983E+0	2.840443E+0
53.333333	2.736394E+0	2.830411E+0
53.400000	2.733157E+0	2.765203E+0
53.466667	2.731216E+0	2.732598E+0
53.533333	2.727332E+0	2.710026E+0
53.600000	2.721507E+0	2.802823E+0
53.666667	2.722802E+0	2.868031E+0
53.733333	2.722802E+0	2.835427E+0
53.800000	2.720860E+0	2.662374E+0
53.866667	2.717624E+0	2.702502E+0
53.933333	2.716977E+0	2.552022E+0
54.000000	2.715035E+0	2.614722E+0
54.066667	2.715682E+0	2.827903E+0
54.133333	2.716977E+0	2.860507E+0
54.200000	2.718271E+0	2.893111E+0
54.266667	2.715682E+0	2.780251E+0
54.333333	2.710504E+0	2.815363E+0
54.400000	2.713093E+0	2.825395E+0
54.466667	2.709210E+0	2.835427E+0
54.533333	2.709857E+0	2.863015E+0
54.600000	2.705974E+0	2.878063E+0
54.666667	2.709857E+0	2.868031E+0
54.733333	2.707915E+0	2.880571E+0
54.800000	2.709857E+0	2.880571E+0
54.866667	2.711152E+0	2.868031E+0
54.933333	2.708563E+0	2.883079E+0
55.000000	2.711799E+0	2.910667E+0
55.066667	2.711152E+0	2.883079E+0
55.133333	2.713740E+0	2.880571E+0
55.200000	2.715682E+0	2.865523E+0
55.266667	2.712446E+0	2.895619E+0
55.333333	2.715682E+0	2.863015E+0
55.400000	2.713093E+0	2.855491E+0
55.466667	2.710504E+0	2.888095E+0
55.533333	2.711152E+0	2.760187E+0
55.600000	2.710504E+0	2.740122E+0
55.666667	2.713740E+0	2.727582E+0
55.733333	2.713093E+0	2.817871E+0
55.800000	2.708563E+0	2.935747E+0
55.866667	2.708563E+0	2.990923E+0
55.933333	2.707268E+0	2.950795E+0
56.000000	2.709857E+0	2.787775E+0
56.066667	2.705326E+0	2.770219E+0
56.133333	2.707915E+0	2.822887E+0
56.200000	2.707915E+0	2.827903E+0
56.266667	2.706621E+0	2.807839E+0
56.333333	2.697560E+0	2.812855E+0
56.400000	2.692382E+0	2.494338E+0
56.466667	2.687204E+0	2.469258E+0
56.533333	2.683321E+0	2.474274E+0
56.600000	2.684615E+0	2.446686E+0
56.666667	2.682026E+0	2.333826E+0
56.733333	2.677495E+0	2.499354E+0
56.800000	2.668434E+0	2.697486E+0
56.866667	2.665845E+0	2.466750E+0
56.933333	2.660020E+0	2.208426E+0
57.000000	2.660020E+0	2.461734E+0
57.066667	2.658726E+0	2.524434E+0
57.133333	2.665198E+0	2.306238E+0
57.200000	2.665845E+0	2.534466E+0
57.266667	2.666492E+0	2.572086E+0
57.333333	2.667140E+0	2.629770E+0
57.400000	2.668434E+0	2.378970E+0
57.466667	2.666492E+0	2.479290E+0
57.533333	2.668434E+0	2.348874E+0
57.600000	2.665845E+0	2.439162E+0
57.666667	2.667140E+0	2.273634E+0
57.733333	2.660667E+0	2.248554E+0
57.800000	2.660020E+0	2.296206E+0
57.866667	2.660667E+0	2.358906E+0
57.933333	2.661962E+0	2.394018E+0
58.000000	2.661315E+0	2.499354E+0
58.066667	2.664551E+0	2.552022E+0
58.133333	2.669081E+0	2.564562E+0
58.200000	2.687851E+0	2.689962E+0
58.266667	2.794645E+0	2.777743E+0
58.333333	3.054185E+0	3.231691E+0
58.400000	3.122144E+0	3.409759E+0
58.466667	3.129911E+0	3.402235E+0
58.533333	3.095608E+0	3.374647E+0
58.600000	3.011467E+0	3.399727E+0
58.666667	2.964219E+0	3.392203E+0
58.733333	2.948039E+0	3.236707E+0
58.800000	2.919560E+0	3.073687E+0
58.866667	2.905321E+0	3.199087E+0
58.933333	2.900791E+0	2.950795E+0
59.000000	2.913088E+0	2.817871E+0
59.066667	2.922149E+0	2.925715E+0
59.133333	2.910499E+0	3.068671E+0
59.200000	2.894318E+0	2.968351E+0
59.266667	2.867782E+0	2.938255E+0
59.333333	2.832184E+0	2.845459E+0
59.400000	2.816003E+0	3.141403E+0
59.466667	2.806942E+0	2.857999E+0
59.533333	2.822476E+0	2.940763E+0
59.600000	2.824417E+0	2.717550E+0
59.666667	2.816650E+0	2.855491E+0
59.733333	2.800470E+0	2.509386E+0
59.800000	2.764872E+0	2.569578E+0
59.866667	2.658078E+0	1.867338E+0
59.933333	2.526690E+0	4.628566E-1
60.000000	2.520218E+0	4.553326E-1
60.066667	2.522160E+0	4.478086E-1
60.133333	2.522160E+0	4.578406E-1
60.200000	2.521512E+0	4.628566E-1
60.266667	2.523454E+0	4.528246E-1
60.333333	2.520218E+0	4.578406E-1
60.400000	2.520865E+0	4.628566E-1
60.466667	2.521512E+0	4.603486E-1
60.533333	2.523454E+0	4.553326E-1
60.600000	2.521512E+0	4.653646E-1
60.666667	2.522807E+0	4.528246E-1
60.733333	2.520865E+0	4.603486E-1
60.800000	2.522807E+0	4.553326E-1
60.866667	2.521512E+0	4.503166E-1
60.933333	2.520218E+0	4.653646E-1
61.000000	2.520865E+0	4.954606E-1
61.066667	2.522807E+0	4.804126E-1
61.133333	2.521512E+0	4.628566E-1
61.200000	2.521512E+0	4.528246E-1
61.266667	2.518923E+0	4.603486E-1
61.333333	2.520865E+0	4.603486E-1
61.400000	2.579116E+0	1.177637E+0
61.466667	2.639956E+0	1.912482E+0
61.533333	2.830242E+0	3.036067E+0
61.600000	2.996581E+0	3.209119E+0
61.666667	3.069071E+0	3.339535E+0
61.733333	3.098197E+0	3.409759E+0
61.800000	3.138325E+0	3.321979E+0
61.866667	3.140267E+0	3.249247E+0
61.933333	3.178453E+0	3.582811E+0
62.000000	3.199812E+0	3.296899E+0
62.066667	3.199165E+0	3.477475E+0
62.133333	3.183631E+0	3.520111E+0
62.200000	3.148034E+0	3.617923E+0
62.266667	3.128617E+0	3.479983E+0
62.333333	3.109200E+0	3.532651E+0
62.400000	3.082663E+0	3.585319E+0
62.466667	3.082663E+0	3.477475E+0
62.533333	3.091077E+0	3.592843E+0
62.600000	3.096255E+0	3.550207E+0
62.666667	3.099491E+0	3.542683E+0
62.733333	3.100138E+0	3.580303E+0
62.800000	3.098197E+0	3.587827E+0
62.866667	3.091077E+0	3.462427E+0
62.933333	3.085899E+0	3.462427E+0
63.000000	3.076191E+0	3.484999E+0
63.066667	3.088488E+0	3.542683E+0
63.133333	3.092372E+0	3.650527E+0
63.200000	3.078780E+0	3.590335E+0
63.266667	3.066482E+0	3.449887E+0
63.333333	3.044476E+0	3.392203E+0
63.400000	3.019881E+0	3.457411E+0
63.466667	3.007584E+0	3.291883E+0
63.533333	3.008231E+0	3.457411E+0
63.600000	3.013409E+0	3.389695E+0
63.666667	3.010173E+0	3.271819E+0
63.733333	3.001112E+0	3.321979E+0
63.800000	2.995934E+0	3.402235E+0
63.866667	2.989462E+0	3.289375E+0
63.933333	2.982989E+0	3.490015E+0
64.000000	2.982989E+0	3.637987E+0
64.066667	2.994639E+0	3.562747E+0
64.133333	3.014704E+0	3.500047E+0
64.200000	3.031532E+0	3.597859E+0
64.266667	3.034121E+0	3.372139E+0
64.333333	3.036062E+0	3.409759E+0
64.400000	3.034121E+0	3.622939E+0
64.466667	3.009526E+0	3.500047E+0
64.533333	2.992698E+0	3.384679E+0
64.600000	2.970692E+0	3.397219E+0
64.666667	2.948039E+0	3.409759E+0
64.733333	2.946097E+0	3.409759E+0
64.800000	2.948686E+0	3.442363E+0
64.866667	2.950628E+0	3.439855E+0
64.933333	2.951275E+0	3.417283E+0
65.000000	2.954511E+0	3.650527E+0
65.066667	2.948686E+0	3.607891E+0
65.133333	2.951922E+0	3.637987E+0
65.200000	2.954511E+0	3.690655E+0
65.266667	2.953217E+0	3.640495E+0
65.333333	2.946744E+0	3.595351E+0
65.400000	2.940919E+0	3.515095E+0
65.466667	2.940919E+0	3.715735E+0
65.533333	2.934447E+0	3.545191E+0
65.600000	2.926033E+0	3.540175E+0
65.666667	2.920208E+0	3.296899E+0
65.733333	2.915030E+0	3.201595E+0
65.800000	2.912441E+0	3.161467E+0
65.866667	2.907910E+0	3.239215E+0
65.933333	2.911146E+0	3.259279E+0
66.000000	2.909205E+0	3.256771E+0
66.066667	2.909205E+0	3.176515E+0
66.133333	2.911794E+0	3.171499E+0
66.200000	2.907263E+0	3.276835E+0
66.266667	2.909205E+0	3.256771E+0
66.333333	2.915677E+0	3.211627E+0
66.400000	2.915677E+0	3.204103E+0
66.466667	2.915677E+0	3.266803E+0
66.533333	2.916324E+0	3.301915E+0
66.600000	2.914383E+0	3.189055E+0
66.666667	2.915030E+0	3.216643E+0
66.733333	2.916324E+0	3.231691E+0
66.800000	2.914383E+0	3.301915E+0
66.866667	2.911146E+0	3.221659E+0
66.933333	2.912441E+0	3.241723E+0
67.000000	2.912441E+0	3.251755E+0
67.066667	2.911794E+0	3.254263E+0
67.133333	2.912441E+0	3.209119E+0
67.200000	2.908557E+0	3.191563E+0
67.266667	2.911146E+0	3.236707E+0
67.333333	2.911794E+0	3.279343E+0
67.400000	2.911794E+0	3.241723E+0
67.466667	2.904674E+0	3.191563E+0
67.533333	2.889140E+0	3.191563E+0
67.600000	2.850954E+0	3.081211E+0
67.666667	2.780405E+0	3.008479E+0
67.733333	2.683321E+0	2.534466E+0
67.800000	2.555816E+0	7.638169E-1
67.866667	2.522160E+0	4.553326E-1
67.933333	2.520865E+0	4.478086E-1
68.000000	2.522160E+0	4.628566E-1
68.066667	2.520865E+0	4.628566E-1
68.133333	2.521512E+0	4.528246E-1
68.200000	2.523454E+0	4.553326E-1
68.266667	2.521512E+0	4.503166E-1
68.333333	2.520218E+0	4.528246E-1
68.400000	2.522160E+0	4.578406E-1
68.466667	2.521512E+0	4.628566E-1
68.533333	2.522807E+0	4.528246E-1
68.600000	2.521512E+0	4.628566E-1
68.666667	2.522807E+0	4.503166E-1
68.733333	2.520218E+0	4.528246E-1
68.800000	2.521512E+0	4.478086E-1
68.866667	2.521512E+0	4.553326E-1
68.933333	2.519571E+0	4.603486E-1
69.000000	2.522807E+0	4.553326E-1
69.066667	2.522807E+0	4.528246E-1
69.133333	2.553874E+0	1.104905E+0
69.200000	2.678790E+0	1.987722E+0
69.266667	2.895613E+0	3.231691E+0
69.333333	2.984931E+0	3.133879E+0
69.400000	3.080721E+0	3.392203E+0
69.466667	3.127322E+0	3.545191E+0
69.533333	3.117614E+0	3.630463E+0
69.600000	3.119555E+0	3.617923E+0
69.666667	3.124086E+0	3.487507E+0
69.733333	3.114377E+0	3.417283E+0
69.800000	3.107905E+0	3.502555E+0
69.866667	3.096255E+0	3.535159E+0
69.933333	3.084605E+0	3.482491E+0
70.000000	3.085899E+0	3.582811E+0
70.066667	3.080721E+0	3.587827E+0
70.133333	3.083957E+0	3.615415E+0
70.200000	3.084605E+0	3.622939E+0
70.266667	3.073602E+0	3.632971E+0
70.333333	3.078132E+0	3.575287E+0
70.400000	3.080721E+0	3.590335E+0
70.466667	3.088488E+0	3.650527E+0
70.533333	3.092372E+0	3.700687E+0
70.600000	3.096902E+0	3.562747E+0
70.666667	3.098197E+0	3.562747E+0
70.733333	3.098197E+0	3.602875E+0
70.800000	3.102727E+0	3.788467E+0
70.866667	3.111141E+0	3.783451E+0
70.933333	3.115672E+0	3.816055E+0
71.000000	3.124086E+0	3.640495E+0
71.066667	3.137031E+0	3.665575E+0
71.133333	3.140914E+0	3.622939E+0
71.200000	3.142856E+0	3.643003E+0
71.266667	3.141561E+0	3.580303E+0
71.333333	3.137678E+0	3.552715E+0
71.400000	3.123439E+0	3.592843E+0
71.466667	3.116966E+0	3.587827E+0
71.533333	3.168745E+0	3.622939E+0
71.600000	3.327317E+0	3.755863E+0
71.666667	3.412752E+0	3.801007E+0
71.733333	3.428932E+0	3.883771E+0
71.800000	3.425049E+0	3.828595E+0
71.866667	3.415988E+0	3.903835E+0
71.933333	3.397218E+0	3.848659E+0
72.000000	3.382979E+0	3.893803E+0
72.066667	3.368093E+0	3.858691E+0
72.133333	3.362915E+0	3.833611E+0
72.200000	3.365504E+0	3.818563E+0
72.266667	3.362267E+0	3.783451E+0
72.333333	3.355148E+0	3.851167E+0
72.400000	3.349323E+0	3.923899E+0
72.466667	3.349970E+0	3.906343E+0
72.533333	3.342203E+0	3.898819E+0
72.600000	3.337673E+0	3.911359E+0
72.666667	3.333789E+0	3.906343E+0
72.733333	3.337025E+0	3.923899E+0
72.800000	3.333142E+0	3.891295E+0
72.866667	3.334436E+0	3.923899E+0
72.933333	3.332495E+0	3.948979E+0
73.000000	3.331200E+0	3.953995E+0
73.066667	3.327964E+0	3.916375E+0
73.133333	3.319550E+0	3.883771E+0
73.200000	3.308547E+0	3.931423E+0
73.266667	3.285247E+0	3.941455E+0
73.333333	3.244471E+0	3.838627E+0
73.400000	3.203696E+0	3.773419E+0
73.466667	3.127322E+0	3.492523E+0
73.533333	3.015351E+0	3.424807E+0
73.600000	2.865840E+0	3.148927E+0
73.666667	2.645134E+0	1.985214E+0
73.733333	2.520865E+0	4.503166E-1
73.800000	2.522160E+0	4.528246E-1
73.866667	2.519571E+0	4.578406E-1
73.933333	2.523454E+0	4.528246E-1
74.000000	2.522807E+0	4.528246E-1
74.066667	2.521512E+0	4.653646E-1
74.133333	2.522160E+0	4.553326E-1
74.200000	2.522160E+0	4.578406E-1
74.266667	2.520865E+0	4.879366E-1
74.333333	2.520865E+0	4.904446E-1
74.400000	2.520865E+0	5.029846E-1
74.466667	2.521512E+0	4.528246E-1
74.533333	2.521512E+0	4.478086E-1
74.600000	2.519571E+0	4.603486E-1
74.666667	2.519571E+0	4.603486E-1
74.733333	2.521512E+0	4.503166E-1
74.800000	2.522160E+0	4.528246E-1
74.866667	2.564230E+0	1.975182E+0
74.933333	2.780405E+0	2.740122E+0
75.000000	3.035415E+0	3.530143E+0
75.066667	3.135736E+0	3.542683E+0
75.133333	3.217935E+0	3.520111E+0
75.200000	3.255474E+0	3.640495E+0
75.266667	3.261299E+0	3.532651E+0
75.333333	3.260005E+0	3.570271E+0
75.400000	3.272302E+0	3.670591E+0
75.466667	3.277480E+0	3.587827E+0
75.533333	3.289777E+0	3.745831E+0
75.600000	3.274244E+0	3.698179E+0
75.666667	3.228290E+0	3.643003E+0
75.733333	3.079427E+0	3.342043E+0
75.800000	2.786231E+0	2.840443E+0
75.866667	2.522160E+0	4.553326E-1
75.933333	2.521512E+0	4.503166E-1
76.000000	2.521512E+0	4.478086E-1
76.066667	2.522160E+0	4.653646E-1
76.133333	2.521512E+0	4.628566E-1
76.200000	2.521512E+0	4.503166E-1
76.266667	2.520865E+0	4.553326E-1
76.333333	2.520865E+0	4.503166E-1
76.400000	2.520218E+0	4.603486E-1
76.466667	2.521512E+0	4.628566E-1
76.533333	2.519571E+0	4.553326E-1
76.600000	2.521512E+0	4.478086E-1
76.666667	2.521512E+0	4.503166E-1
76.733333	2.521512E+0	4.503166E-1
76.800000	2.519571E+0	4.528246E-1
76.866667	2.520865E+0	4.553326E-1
76.933333	2.519571E+0	4.553326E-1
77.000000	2.522807E+0	4.453006E-1
77.066667	2.522807E+0	4.553326E-1
77.133333	2.522160E+0	4.578406E-1
77.200000	2.521512E+0	4.453006E-1
77.266667	2.522807E+0	4.528246E-1
77.333333	2.521512E+0	4.503166E-1
77.400000	2.518923E+0	4.553326E-1
77.466667	2.521512E+0	4.553326E-1
77.533333	2.521512E+0	4.628566E-1
77.600000	2.520865E+0	4.478086E-1
77.666667	2.521512E+0	4.503166E-1
77.733333	2.521512E+0	4.503166E-1
77.800000	2.522160E+0	4.528246E-1
77.866667	2.521512E+0	4.628566E-1
77.933333	2.685262E+0	2.396526E+0
78.000000	2.869724E+0	3.008479E+0
78.066667	2.957100E+0	3.108799E+0
78.133333	3.011467E+0	3.387187E+0
78.200000	3.080721E+0	3.419791E+0
78.266667	3.124733E+0	3.565255E+0
78.333333	3.151917E+0	3.610399E+0
78.400000	3.160331E+0	3.653035E+0
78.466667	3.160331E+0	3.640495E+0
78.533333	3.164214E+0	3.552715E+0
78.600000	3.171334E+0	3.527635E+0
78.666667	3.164214E+0	3.680623E+0
78.733333	3.173276E+0	3.502555E+0
78.800000	3.177806E+0	3.622939E+0
78.866667	3.180395E+0	3.580303E+0
78.933333	3.182984E+0	3.512587E+0
79.000000	3.181042E+0	3.617923E+0
79.066667	3.179101E+0	3.668083E+0
79.133333	3.171981E+0	3.602875E+0
79.200000	3.171981E+0	3.725767E+0
79.266667	3.144797E+0	3.552715E+0
79.333333	3.050301E+0	3.512587E+0
79.400000	2.860015E+0	3.148927E+0
79.466667	2.594002E+0	1.415897E+0
79.533333	2.519571E+0	4.503166E-1
79.600000	2.521512E+0	4.603486E-1
79.666667	2.521512E+0	4.603486E-1
79.733333	2.522160E+0	4.628566E-1
79.800000	2.522160E+0	4.478086E-1
79.866667	2.520218E+0	4.553326E-1
79.933333	2.521512E+0	4.653646E-1
80.000000	2.519571E+0	4.528246E-1
80.066667	2.520218E+0	4.553326E-1
80.133333	2.519571E+0	4.603486E-1
80.200000	2.519571E+0	4.528246E-1
80.266667	2.520218E+0	4.553326E-1
80.333333	2.521512E+0	4.628566E-1
80.400000	2.520865E+0	4.478086E-1
80.466667	2.521512E+0	4.703806E-1
80.533333	2.522807E+0	4.753966E-1
80.600000	2.520865E+0	4.804126E-1
80.666667	2.519571E+0	4.553326E-1
80.733333	2.521512E+0	4.503166E-1
80.800000	2.521512E+0	4.628566E-1
80.866667	2.522160E+0	4.603486E-1
80.933333	2.520218E+0	4.578406E-1
81.000000	2.520865E+0	4.478086E-1
81.066667	2.521512E+0	4.478086E-1
81.133333	2.520218E+0	4.578406E-1
81.200000	2.521512E+0	4.528246E-1
81.266667	2.521512E+0	4.603486E-1
81.333333	2.522807E+0	4.553326E-1
81.400000	2.520865E+0	4.603486E-1
81.466667	2.521512E+0	4.503166E-1
81.533333	2.522807E+0	4.578406E-1
81.600000	2.692382E+0	2.095566E+0
81.666667	2.823123E+0	2.878063E+0
81.733333	2.925386E+0	3.171499E+0
81.800000	2.976517E+0	3.505063E+0
81.866667	3.008879E+0	3.402235E+0
81.933333	3.019881E+0	3.389695E+0
82.000000	3.053538E+0	3.291883E+0
82.066667	3.080721E+0	3.379663E+0
82.133333	3.080721E+0	3.422299E+0
82.200000	3.093019E+0	3.552715E+0
82.266667	3.093019E+0	3.537667E+0
82.333333	3.089783E+0	3.540175E+0
82.400000	3.094960E+0	3.617923E+0
82.466667	3.090430E+0	3.459919E+0
82.533333	3.093019E+0	3.510079E+0
82.600000	3.091077E+0	3.547699E+0
82.666667	3.091724E+0	3.650527E+0
82.733333	3.098197E+0	3.507571E+0
82.800000	3.106611E+0	3.562747E+0
82.866667	3.106611E+0	3.640495E+0
82.933333	3.112436E+0	3.607891E+0
83.000000	3.116966E+0	3.552715E+0
83.066667	3.127322E+0	3.555223E+0
83.133333	3.127969E+0	3.605383E+0
83.200000	3.125380E+0	3.552715E+0
83.266667	3.113730E+0	3.522619E+0
83.333333	3.113083E+0	3.469951E+0
83.400000	3.112436E+0	3.452395E+0
83.466667	3.114377E+0	3.552715E+0
83.533333	3.115672E+0	3.572779E+0
83.600000	3.110494E+0	3.577795E+0
83.666667	3.102080E+0	3.502555E+0
83.733333	3.111788E+0	3.632971E+0
83.800000	3.124086E+0	3.442363E+0
83.866667	3.127322E+0	3.462427E+0
83.933333	3.124086E+0	3.520111E+0
84.000000	3.127322E+0	3.525127E+0
84.066667	3.126028E+0	3.555223E+0
84.133333	3.127322E+0	3.502555E+0
84.200000	3.119555E+0	3.537667E+0
84.266667	3.121497E+0	3.490015E+0
84.333333	3.121497E+0	3.567763E+0
84.400000	3.124733E+0	3.620431E+0
84.466667	3.127322E+0	3.635479E+0
84.533333	3.131205E+0	3.655543E+0
84.600000	3.130558E+0	3.625447E+0
84.666667	3.131853E+0	3.643003E+0
84.733333	3.127322E+0	3.645511E+0
84.800000	3.126675E+0	3.713227E+0
84.866667	3.122791E+0	3.730783E+0
84.933333	3.124086E+0	3.705703E+0
85.000000	3.120203E+0	3.765895E+0
85.066667	3.118908E+0	3.743323E+0
85.133333	3.113730E+0	3.778435E+0
85.200000	3.119555E+0	3.758371E+0
85.266667	3.156448E+0	3.713227E+0
85.333333	3.295603E+0	3.778435E+0
85.400000	3.437346E+0	3.853675E+0
85.466667	3.496892E+0	3.928915E+0
85.533333	3.502717E+0	3.948979E+0
85.600000	3.460000E+0	3.863707E+0
85.666667	3.442524E+0	3.923899E+0
85.733333	3.412752E+0	3.811039E+0
85.800000	3.383626E+0	3.981584E+0
85.866667	3.359679E+0	4.051808E+0
85.933333	3.358384E+0	4.076888E+0
86.000000	3.351265E+0	4.061840E+0
86.066667	3.346734E+0	4.034252E+0
86.133333	3.335731E+0	4.066856E+0
86.200000	3.322786E+0	4.009172E+0
86.266667	3.309194E+0	3.783451E+0
86.333333	3.304017E+0	3.938947E+0
86.400000	3.304664E+0	3.989108E+0
86.466667	3.305311E+0	3.931423E+0
86.533333	3.311136E+0	3.964027E+0
86.600000	3.313078E+0	3.943963E+0
86.666667	3.308547E+0	4.074380E+0
86.733333	3.300133E+0	4.099460E+0
86.800000	3.292366E+0	4.064348E+0
86.866667	3.295603E+0	4.044284E+0
86.933333	3.295603E+0	3.933931E+0
87.000000	3.292366E+0	3.971551E+0
87.066667	3.286541E+0	3.916375E+0
87.133333	3.284600E+0	3.826087E+0
87.200000	3.433463E+0	3.936439E+0
87.266667	3.659347E+0	4.192256E+0
87.333333	3.702712E+0	3.923899E+0
87.400000	3.558379E+0	3.853675E+0
87.466667	3.367445E+0	3.713227E+0
87.533333	3.235410E+0	3.587827E+0
87.600000	3.116966E+0	3.723259E+0
87.666667	3.034768E+0	3.610399E+0
87.733333	3.028943E+0	3.675607E+0
87.800000	3.019234E+0	3.673099E+0
87.866667	3.013409E+0	3.397219E+0
87.933333	3.010173E+0	3.367123E+0
88.000000	2.987520E+0	3.542683E+0
88.066667	2.953864E+0	3.562747E+0
88.133333	2.937036E+0	3.565255E+0
88.200000	2.933152E+0	3.487507E+0
88.266667	2.929269E+0	3.582811E+0
88.333333	2.917619E+0	3.424807E+0
88.400000	2.900791E+0	3.367123E+0
88.466667	2.860015E+0	3.324487E+0
88.533333	2.707268E+0	2.950795E+0
88.600000	2.538988E+0	8.616289E-1
88.666667	2.518276E+0	4.503166E-1
88.733333	2.521512E+0	4.603486E-1
88.800000	2.523454E+0	4.603486E-1
88.866667	2.521512E+0	4.578406E-1
88.933333	2.523454E+0	4.553326E-1
89.000000	2.521512E+0	4.603486E-1
89.066667	2.522807E+0	4.503166E-1
89.133333	2.520865E+0	4.503166E-1
89.200000	2.521512E+0	4.578406E-1
89.266667	2.520865E+0	4.503166E-1
89.333333	2.518923E+0	4.653646E-1
89.400000	2.521512E+0	4.628566E-1
89.466667	2.520218E+0	4.528246E-1
89.533333	2.520218E+0	4.553326E-1
89.600000	2.520218E+0	4.578406E-1
89.666667	2.521512E+0	4.478086E-1
89.733333	2.521512E+0	4.628566E-1
89.800000	2.520865E+0	4.628566E-1
89.866667	2.521512E+0	4.528246E-1
89.933333	2.522160E+0	4.678726E-1
90.000000	2.519571E+0	4.628566E-1
90.066667	2.521512E+0	4.528246E-1
90.133333	2.521512E+0	4.628566E-1
90.200000	2.520218E+0	4.578406E-1
90.266667	2.520218E+0	4.528246E-1
90.333333	2.520865E+0	4.628566E-1
90.400000	2.522807E+0	4.578406E-1
90.466667	2.518923E+0	4.528246E-1
90.533333	2.522807E+0	4.528246E-1
90.600000	2.520865E+0	4.628566E-1
90.666667	2.522807E+0	4.528246E-1
90.733333	2.520218E+0	4.804126E-1
90.800000	2.520218E+0	4.829206E-1
90.866667	2.520218E+0	4.703806E-1
90.933333	2.520218E+0	4.728886E-1
91.000000	2.520865E+0	4.879366E-1
91.066667	2.521512E+0	4.728886E-1
91.133333	2.522160E+0	4.879366E-1
91.200000	2.708563E+0	2.348874E+0
91.266667	2.793997E+0	2.755170E+0
91.333333	2.872960E+0	3.036067E+0
91.400000	2.902085E+0	2.958319E+0
91.466667	2.920855E+0	3.321979E+0
91.533333	2.934447E+0	3.359599E+0
91.600000	2.935094E+0	3.241723E+0
91.666667	2.931858E+0	3.291883E+0
91.733333	2.924738E+0	3.098767E+0
91.800000	2.918913E+0	3.113815E+0
91.866667	2.914383E+0	3.046099E+0
91.933333	2.913735E+0	3.412267E+0
92.000000	2.896907E+0	3.457411E+0
92.066667	2.872960E+0	3.143911E+0
92.133333	2.867782E+0	3.206611E+0
92.200000	3.070366E+0	3.362107E+0
92.266667	3.384921E+0	3.871231E+0
92.333333	3.451586E+0	3.806023E+0
92.400000	3.335084E+0	3.693163E+0
92.466667	3.180395E+0	3.484999E+0
92.533333	2.943508E+0	3.128863E+0
92.600000	2.709857E+0	2.266110E+0
92.666667	2.541577E+0	5.406047E-1
92.733333	2.520865E+0	4.603486E-1
92.800000	2.521512E+0	4.603486E-1
92.866667	2.520865E+0	4.478086E-1
92.933333	2.522807E+0	4.553326E-1
93.000000	2.520218E+0	4.603486E-1
93.066667	2.521512E+0	4.503166E-1
93.133333	2.521512E+0	4.603486E-1
93.200000	2.520865E+0	4.528246E-1
93.266667	2.521512E+0	4.553326E-1
93.333333	2.521512E+0	4.603486E-1
93.400000	2.520218E+0	4.678726E-1
93.466667	2.521512E+0	4.503166E-1
93.533333	2.520218E+0	4.528246E-1
93.600000	2.521512E+0	4.503166E-1
93.666667	2.521512E+0	4.528246E-1
93.733333	2.522160E+0	4.528246E-1
93.800000	2.577174E+0	1.182653E+0
93.866667	2.712446E+0	2.276142E+0
93.933333	2.978459E+0	3.414775E+0
94.000000	3.028295E+0	3.332011E+0
94.066667	2.992698E+0	3.296899E+0
94.133333	2.974575E+0	3.161467E+0
94.200000	2.945450E+0	3.166483E+0
94.266667	2.904027E+0	3.201595E+0
94.333333	2.872960E+0	3.031051E+0
94.400000	2.843187E+0	3.048607E+0
94.466667	2.816650E+0	2.960827E+0
94.533333	2.798528E+0	2.830411E+0
94.600000	2.788172E+0	2.717550E+0
94.666667	2.781700E+0	2.710026E+0
94.733333	2.792703E+0	2.795299E+0
94.800000	2.807589E+0	2.970859E+0
94.866667	3.043182E+0	3.143911E+0
94.933333	3.388804E+0	3.758371E+0
95.000000	3.436699E+0	3.743323E+0
95.066667	3.354501E+0	3.981584E+0
95.133333	3.278127E+0	3.780943E+0
95.200000	3.155153E+0	3.497539E+0
95.266667	2.940919E+0	3.191563E+0
95.333333	2.698854E+0	2.185854E+0
95.400000	2.529279E+0	4.678726E-1
95.466667	2.521512E+0	4.503166E-1
95.533333	2.520218E+0	4.578406E-1
95.600000	2.522160E+0	4.653646E-1
95.666667	2.520218E+0	4.553326E-1
95.733333	2.522807E+0	4.478086E-1
95.800000	2.522807E+0	4.578406E-1
95.866667	2.522160E+0	4.553326E-1
95.933333	2.519571E+0	4.528246E-1
96.000000	2.520218E+0	4.553326E-1
96.066667	2.521512E+0	4.503166E-1
96.133333	2.523454E+0	4.528246E-1
96.200000	2.520865E+0	4.553326E-1
96.266667	2.520865E+0	4.528246E-1
96.333333	2.521512E+0	4.628566E-1
96.400000	2.520218E+0	4.603486E-1
96.466667	2.531868E+0	6.233687E-1
96.533333	2.643192E+0	1.824702E+0
96.600000	2.787525E+0	2.383986E+0
96.666667	2.765519E+0	2.659866E+0
96.733333	2.746102E+0	2.531958E+0
96.800000	2.698854E+0	2.436654E+0
96.866667	2.681379E+0	2.278650E+0
96.933333	2.654195E+0	1.884894E+0
97.000000	2.638661E+0	1.987722E+0
97.066667	2.625070E+0	2.002770E+0
97.133333	2.613419E+0	2.105598E+0
97.200000	2.594002E+0	1.756986E+0
97.266667	2.614714E+0	1.476089E+0
97.333333	2.650312E+0	2.088042E+0
97.400000	2.927327E+0	3.116323E+0
97.466667	3.285247E+0	3.562747E+0
97.533333	3.337673E+0	3.650527E+0
97.600000	3.237999E+0	3.407251E+0
97.666667	3.118908E+0	3.299407E+0
97.733333	2.955805E+0	2.943271E+0
97.800000	2.784289E+0	2.622246E+0
97.866667	2.676201E+0	1.782066E+0
97.933333	2.571997E+0	1.079825E+0
98.000000	2.521512E+0	4.653646E-1
98.066667	2.520218E+0	4.603486E-1
98.133333	2.521512E+0	4.578406E-1
98.200000	2.521512E+0	4.703806E-1
98.266667	2.522160E+0	4.578406E-1
98.333333	2.520218E+0	4.528246E-1
98.400000	2.522160E+0	4.553326E-1
98.466667	2.521512E+0	4.528246E-1
98.533333	2.518923E+0	4.528246E-1
98.600000	2.522807E+0	4.553326E-1
98.666667	2.521512E+0	4.578406E-1
98.733333	2.520218E+0	4.628566E-1
98.800000	2.520218E+0	4.603486E-1
98.866667	2.518923E+0	4.703806E-1
98.933333	2.523454E+0	4.703806E-1
99.000000	2.520218E+0	4.753966E-1
99.066667	2.522807E+0	4.603486E-1
99.133333	2.521512E+0	4.628566E-1
99.200000	2.521512E+0	4.503166E-1
99.266667	2.521512E+0	4.628566E-1
99.333333	2.521512E+0	4.503166E-1
99.400000	2.645781E+0	2.128170E+0
99.466667	2.823123E+0	2.795299E+0
99.533333	2.863898E+0	2.810347E+0
99.600000	2.887846E+0	2.995939E+0
99.666667	2.878138E+0	3.093751E+0
99.733333	2.855484E+0	3.041083E+0
99.800000	2.834126E+0	3.023527E+0
99.866667	2.808236E+0	3.005971E+0
99.933333	2.798528E+0	2.740122E+0
100.000000	2.792703E+0	2.975875E+0
100.066667	2.782994E+0	2.958319E+0
100.133333	2.779111E+0	2.835427E+0
100.200000	2.769402E+0	2.692470E+0
100.266667	2.761636E+0	2.790283E+0
100.333333	2.760341E+0	2.717550E+0
100.400000	2.773933E+0	3.056131E+0
100.466667	2.883963E+0	3.191563E+0
100.533333	3.303369E+0	3.703195E+0
100.600000	3.560968E+0	3.881263E+0
100.666667	3.683942E+0	3.974060E+0
100.733333	3.685237E+0	4.044284E+0
100.800000	3.628927E+0	3.984092E+0
100.866667	3.525370E+0	3.866215E+0
100.933333	3.379743E+0	3.828595E+0
101.000000	3.192045E+0	3.572779E+0
101.066667	2.935741E+0	3.264295E+0
101.133333	2.750633E+0	2.717550E+0
101.200000	2.627011E+0	2.215950E+0
101.266667	2.537693E+0	5.155247E-1
101.333333	2.520865E+0	4.653646E-1
101.400000	2.520218E+0	4.553326E-1
101.466667	2.521512E+0	4.553326E-1
101.533333	2.522807E+0	4.528246E-1
101.600000	2.523454E+0	4.528246E-1
101.666667	2.520865E+0	4.653646E-1
101.733333	2.522807E+0	4.528246E-1
101.800000	2.521512E+0	4.553326E-1
101.866667	2.521512E+0	4.603486E-1
101.933333	2.521512E+0	4.503166E-1
102.000000	2.523454E+0	4.553326E-1
102.066667	2.521512E+0	4.528246E-1
102.133333	2.522807E+0	4.503166E-1
102.200000	2.521512E+0	4.603486E-1
102.266667	2.523454E+0	4.528246E-1
102.333333	2.522160E+0	4.553326E-1
102.400000	2.521512E+0	4.603486E-1
102.466667	2.520865E+0	4.628566E-1
102.533333	2.521512E+0	4.603486E-1
102.600000	2.520865E+0	4.478086E-1
102.666667	2.520865E+0	4.628566E-1
102.733333	2.520865E+0	4.503166E-1
102.800000	2.518923E+0	4.528246E-1
102.866667	2.519571E+0	4.603486E-1
102.933333	2.520865E+0	4.628566E-1
103.000000	2.518923E+0	4.578406E-1
103.066667	2.520865E+0	4.553326E-1
103.133333	2.539635E+0	6.559728E-1
103.200000	2.546107E+0	5.757167E-1
103.266667	2.562288E+0	9.368690E-1
103.333333	2.566171E+0	9.619490E-1
103.400000	2.571349E+0	8.967410E-1
103.466667	2.584941E+0	1.385801E+0
103.533333	2.604358E+0	2.203410E+0
103.600000	2.688498E+0	2.336334E+0
103.666667	3.039946E+0	3.088735E+0
103.733333	3.319550E+0	3.342043E+0
103.800000	3.448349E+0	3.507571E+0
103.866667	3.430874E+0	3.658051E+0
103.933333	3.238646E+0	3.522619E+0
104.000000	3.000464E+0	3.482491E+0
104.066667	2.775228E+0	2.614722E+0
104.133333	2.618597E+0	1.641618E+0
104.200000	2.529279E+0	4.954606E-1
104.266667	2.521512E+0	4.553326E-1
104.333333	2.520218E+0	4.628566E-1
104.400000	2.520218E+0	4.553326E-1
104.466667	2.521512E+0	4.553326E-1
104.533333	2.522807E+0	4.553326E-1
104.600000	2.519571E+0	4.528246E-1
104.666667	2.522807E+0	4.578406E-1
104.733333	2.519571E+0	4.528246E-1
104.800000	2.520218E+0	4.528246E-1
104.866667	2.521512E+0	4.603486E-1
104.933333	2.520218E+0	4.553326E-1
105.000000	2.520865E+0	4.553326E-1
105.066667	2.519571E+0	4.628566E-1
105.133333	2.520218E+0	4.553326E-1
105.200000	2.521512E+0	4.528246E-1
105.266667	2.520865E+0	4.603486E-1
105.333333	2.521512E+0	4.603486E-1
105.400000	2.521512E+0	4.553326E-1
105.466667	2.521512E+0	4.603486E-1
105.533333	2.520218E+0	4.628566E-1
105.600000	2.522807E+0	4.578406E-1
105.666667	2.548049E+0	8.415649E-1
105.733333	2.592061E+0	1.541297E+0
105.800000	2.589472E+0	1.285481E+0
105.866667	2.577174E+0	1.054745E+0
105.933333	2.589472E+0	1.849782E+0
106.000000	2.596591E+0	1.403357E+0
106.066667	2.541577E+0	7.537848E-1
106.133333	2.519571E+0	4.553326E-1
106.200000	2.523454E+0	4.528246E-1
106.266667	2.520865E+0	4.628566E-1
106.333333	2.522160E+0	4.553326E-1
106.400000	2.520865E+0	4.528246E-1
106.466667	2.520218E+0	4.578406E-1
106.533333	2.519571E+0	4.578406E-1
106.600000	2.518923E+0	4.578406E-1
106.666667	2.520865E+0	4.553326E-1
106.733333	2.522160E+0	4.653646E-1
106.800000	2.522160E+0	4.528246E-1
106.866667	2.521512E+0	4.503166E-1
106.933333	2.523454E+0	4.528246E-1
107.000000	2.537046E+0	6.986088E-1
107.066667	2.550638E+0	6.584808E-1
107.133333	2.521512E+0	4.603486E-1
107.200000	2.522807E+0	4.503166E-1
107.266667	2.524101E+0	4.528246E-1
107.333333	2.523454E+0	4.553326E-1
107.400000	2.523454E+0	4.528246E-1
107.466667	2.520865E+0	4.553326E-1
107.533333	2.522160E+0	4.578406E-1
107.600000	2.521512E+0	4.478086E-1
107.666667	2.520865E+0	4.528246E-1
107.733333	2.522807E+0	4.553326E-1
107.800000	2.521512E+0	4.478086E-1
107.866667	2.521512E+0	4.628566E-1
107.933333	2.522807E+0	4.553326E-1
108.000000	2.520218E+0	4.603486E-1
108.066667	2.522160E+0	4.628566E-1
108.133333	2.522807E+0	4.503166E-1
108.200000	2.575233E+0	1.430945E+0
108.266667	2.519571E+0	4.578406E-1
108.333333	2.521512E+0	4.628566E-1
108.400000	2.523454E+0	4.503166E-1
108.466667	2.520218E+0	4.553326E-1
108.533333	2.522160E+0	4.553326E-1
108.600000	2.522160E+0	4.528246E-1
108.666667	2.518923E+0	4.553326E-1
108.733333	2.519571E+0	4.553326E-1
108.800000	2.518923E+0	4.578406E-1
108.866667	2.521512E+0	4.528246E-1
108.933333	2.523454E+0	4.553326E-1
109.000000	2.519571E+0	4.528246E-1
109.066667	2.519571E+0	4.553326E-1
109.133333	2.521512E+0	4.528246E-1
109.200000	2.522160E+0	4.478086E-1
109.266667	2.601122E+0	1.659174E+0
109.333333	2.599828E+0	1.380785E+0
109.400000	2.634778E+0	1.892418E+0
109.466667	2.650312E+0	2.110614E+0
109.533333	2.676848E+0	2.193378E+0
109.600000	2.686557E+0	2.373954E+0
109.666667	2.685909E+0	2.218458E+0
109.733333	2.685909E+0	2.288682E+0
109.800000	2.689146E+0	2.288682E+0
109.866667	2.686557E+0	2.218458E+0
109.933333	2.688498E+0	2.210934E+0
110.000000	2.679437E+0	2.052930E+0
110.066667	2.681379E+0	2.110614E+0
110.133333	2.680732E+0	2.130678E+0
110.200000	2.680084E+0	2.281158E+0
110.266667	2.676848E+0	2.509386E+0
110.333333	2.676201E+0	2.534466E+0
110.400000	2.675554E+0	2.519418E+0
110.466667	2.671670E+0	2.639802E+0
110.533333	2.670376E+0	2.662374E+0
110.600000	2.665198E+0	2.592150E+0
110.666667	2.669081E+0	2.564562E+0
110.733333	2.670376E+0	2.622246E+0
110.800000	2.672318E+0	2.516910E+0
110.866667	2.663904E+0	2.562054E+0
110.933333	2.660667E+0	2.511894E+0
111.000000	2.654842E+0	2.567070E+0
111.066667	2.652901E+0	2.514402E+0
111.133333	2.647723E+0	2.215950E+0
111.200000	2.644487E+0	2.406558E+0
111.266667	2.643192E+0	2.419098E+0
111.333333	2.643192E+0	2.444178E+0
111.400000	2.640603E+0	2.253570E+0
111.466667	2.639956E+0	2.178330E+0
111.533333	2.634778E+0	2.005278E+0
111.600000	2.631542E+0	2.035374E+0
111.666667	2.627659E+0	2.005278E+0
111.733333	2.627011E+0	2.045406E+0
111.800000	2.627011E+0	2.000262E+0
111.866667	2.625070E+0	2.185854E+0
111.933333	2.625070E+0	1.598982E+0
112.000000	2.624422E+0	1.684254E+0
112.066667	2.623128E+0	1.721874E+0
112.133333	2.622481E+0	1.787082E+0
112.200000	2.624422E+0	1.699302E+0
112.266667	2.624422E+0	1.852290E+0
112.333333	2.627659E+0	1.779558E+0
112.400000	2.627659E+0	1.696794E+0
112.466667	2.627011E+0	1.894926E+0
112.533333	2.630895E+0	1.884894E+0
112.600000	2.627011E+0	1.764510E+0
112.666667	2.627659E+0	1.626570E+0
112.733333	2.629600E+0	1.754478E+0
112.800000	2.632836E+0	1.922514E+0
112.866667	2.632836E+0	1.917498E+0
112.933333	2.634131E+0	2.045406E+0
113.000000	2.630895E+0	1.902450E+0
113.066667	2.635425E+0	1.867338E+0
113.133333	2.634131E+0	1.799622E+0
113.200000	2.637367E+0	1.942578E+0
113.266667	2.635425E+0	1.962642E+0
113.333333	2.636073E+0	1.952610E+0
113.400000	2.634131E+0	1.957626E+0
113.466667	2.632836E+0	1.922514E+0
113.533333	2.634131E+0	2.020326E+0
113.600000	2.637367E+0	2.040390E+0
113.666667	2.632836E+0	2.042898E+0
113.733333	2.630895E+0	2.000262E+0
113.800000	2.628953E+0	2.072994E+0
113.866667	2.630247E+0	2.040390E+0
113.933333	2.630247E+0	2.075502E+0
114.000000	2.632189E+0	1.967658E+0
114.066667	2.631542E+0	1.812162E+0
114.133333	2.630895E+0	1.917498E+0
114.200000	2.630895E+0	1.872354E+0
114.266667	2.630895E+0	1.947594E+0
114.333333	2.634131E+0	2.020326E+0
114.400000	2.632836E+0	2.072994E+0
114.466667	2.630247E+0	2.098074E+0
114.533333	2.630247E+0	2.075502E+0
114.600000	2.635425E+0	2.138202E+0
114.666667	2.635425E+0	2.060454E+0
114.733333	2.637367E+0	2.052930E+0
114.800000	2.638661E+0	2.037882E+0
114.866667	2.639309E+0	2.067978E+0
114.933333	2.637367E+0	2.052930E+0
115.000000	2.639309E+0	2.095566E+0
115.066667	2.637367E+0	2.060454E+0
115.133333	2.640603E+0	1.977690E+0
115.200000	2.637367E+0	1.955118E+0
115.266667	2.639956E+0	1.962642E+0
115.333333	2.637367E+0	2.027850E+0
115.400000	2.637367E+0	2.027850E+0
115.466667	2.638014E+0	1.982706E+0
115.533333	2.638014E+0	1.987722E+0
115.600000	2.636073E+0	1.987722E+0
115.666667	2.636073E+0	2.005278E+0
115.733333	2.638014E+0	2.005278E+0
115.800000	2.635425E+0	1.965150E+0
115.866667	2.632836E+0	1.967658E+0
115.933333	2.635425E+0	1.930038E+0
116.000000	2.638014E+0	1.945086E+0
116.066667	2.636073E+0	1.962642E+0
116.133333	2.637367E+0	2.005278E+0
116.200000	2.639309E+0	1.987722E+0
116.266667	2.640603E+0	1.967658E+0
116.333333	2.639956E+0	1.965150E+0
116.400000	2.639309E+0	1.980198E+0
116.466667	2.645134E+0	1.927530E+0
116.533333	2.649017E+0	1.947594E+0
116.600000	2.650312E+0	2.163282E+0
116.666667	2.648370E+0	2.148234E+0
116.733333	2.646428E+0	2.042898E+0
116.800000	2.643839E+0	2.032866E+0
116.866667	2.637367E+0	1.990230E+0
116.933333	2.638014E+0	1.977690E+0
117.000000	2.634778E+0	2.140710E+0
117.066667	2.645781E+0	2.002770E+0
117.133333	2.832184E+0	2.880571E+0
117.200000	2.921502E+0	3.246739E+0
117.266667	2.929269E+0	2.978383E+0
117.333333	2.858073E+0	2.755170E+0
117.400000	2.766166E+0	2.524434E+0
117.466667	2.679437E+0	2.419098E+0
117.533333	2.619245E+0	2.113122E+0
117.600000	2.586883E+0	1.466057E+0
117.666667	2.562935E+0	1.473581E+0
117.733333	2.561641E+0	1.069793E+0
117.800000	2.555816E+0	1.182653E+0
117.866667	2.551285E+0	9.619490E-1
117.933333	2.546107E+0	1.380785E+0
118.000000	2.539635E+0	7.888969E-1
118.066667	2.537693E+0	7.462608E-1
118.133333	2.526690E+0	5.581607E-1
118.200000	2.520218E+0	4.553326E-1
118.266667	2.522160E+0	4.478086E-1
118.333333	2.521512E+0	4.503166E-1
118.400000	2.522807E+0	4.578406E-1
118.466667	2.520218E+0	4.578406E-1
118.533333	2.520865E+0	4.603486E-1
118.600000	2.522807E+0	4.578406E-1
118.666667	2.522807E+0	4.528246E-1
118.733333	2.522807E+0	4.553326E-1
118.800000	2.521512E+0	4.503166E-1
118.866667	2.518923E+0	4.578406E-1
118.933333	2.521512E+0	4.628566E-1
119.000000	2.521512E+0	4.553326E-1
119.066667	2.614714E+0	1.751970E+0
119.133333	2.894966E+0	2.950795E+0
119.200000	2.966161E+0	3.086227E+0
119.266667	2.902085E+0	3.038575E+0
119.333333	2.764225E+0	2.599674E+0
119.400000	2.645781E+0	1.945086E+0
119.466667	2.557757E+0	1.007093E+0
119.533333	2.519571E+0	4.528246E-1
119.600000	2.521512E+0	4.503166E-1
119.666667	2.521512E+0	4.628566E-1
119.733333	2.522160E+0	4.829206E-1
119.800000	2.521512E+0	4.753966E-1
119.866667	2.520218E+0	4.578406E-1
119.933333	2.522160E+0	4.528246E-1
120.000000	2.521512E+0	4.653646E-1

