0.000000	2.519571E+0	4.528246E-1
0.066667	2.521512E+0	4.553326E-1
0.133333	2.519571E+0	4.603486E-1
0.200000	2.519571E+0	4.553326E-1
0.266667	2.521512E+0	4.528246E-1
0.333333	2.520218E+0	4.603486E-1
0.400000	2.520865E+0	4.503166E-1
0.466667	2.522807E+0	4.528246E-1
0.533333	2.520218E+0	4.603486E-1
0.600000	2.521512E+0	4.503166E-1
0.666667	2.522807E+0	4.553326E-1
0.733333	2.520218E+0	4.603486E-1
0.800000	2.520218E+0	4.578406E-1
0.866667	2.520865E+0	4.578406E-1
0.933333	2.526690E+0	4.603486E-1
1.000000	2.551932E+0	5.481287E-1
1.066667	2.577174E+0	7.888969E-1
1.133333	2.609536E+0	9.343610E-1
1.200000	2.610183E+0	1.017125E+0
1.266667	2.621833E+0	7.738489E-1
1.333333	2.625070E+0	8.892170E-1
1.400000	2.620539E+0	1.265417E+0
1.466667	2.613419E+0	8.089609E-1
1.533333	2.603064E+0	1.114937E+0
1.600000	2.591414E+0	6.885768E-1
1.666667	2.588825E+0	6.509568E-1
1.733333	2.583647E+0	6.308927E-1
1.800000	2.581705E+0	6.910848E-1
1.866667	2.581705E+0	6.735288E-1
1.933333	2.611478E+0	7.061328E-1
2.000000	2.731216E+0	1.210241E+0
2.066667	2.854837E+0	1.787082E+0
2.133333	2.905969E+0	1.917498E+0
2.200000	2.917619E+0	2.138202E+0
2.266667	2.898849E+0	1.955118E+0
2.333333	2.878138E+0	2.080518E+0
2.400000	2.867135E+0	2.007786E+0
2.466667	2.839951E+0	2.052930E+0
2.533333	2.825064E+0	2.022834E+0
2.600000	2.814062E+0	2.160774E+0
2.666667	2.812767E+0	2.143218E+0
2.733333	2.814062E+0	2.333826E+0
2.800000	2.805000E+0	2.301222E+0
2.866667	2.795939E+0	2.228490E+0
2.933333	2.790114E+0	2.120646E+0
3.000000	2.783642E+0	2.190870E+0
3.066667	2.779758E+0	2.120646E+0
3.133333	2.761636E+0	1.857306E+0
3.200000	2.707268E+0	1.546314E+0
3.266667	2.616008E+0	9.895370E-1
3.333333	2.531221E+0	4.603486E-1
3.400000	2.522160E+0	4.553326E-1
3.466667	2.521512E+0	4.553326E-1
3.533333	2.519571E+0	4.578406E-1
3.600000	2.520865E+0	4.578406E-1
3.666667	2.520218E+0	4.553326E-1
3.733333	2.520218E+0	4.578406E-1
3.800000	2.521512E+0	4.553326E-1
3.866667	2.520218E+0	4.578406E-1
3.933333	2.523454E+0	4.603486E-1
4.000000	2.521512E+0	4.628566E-1
4.066667	2.520218E+0	4.578406E-1
4.133333	2.520218E+0	4.603486E-1
4.200000	2.522807E+0	4.578406E-1
4.266667	2.521512E+0	4.578406E-1
4.333333	2.521512E+0	4.653646E-1
4.400000	2.522160E+0	4.503166E-1
4.466667	2.522160E+0	4.478086E-1
4.533333	2.520865E+0	4.653646E-1
4.600000	2.523454E+0	4.553326E-1
4.666667	2.632189E+0	8.992490E-1
4.733333	2.632189E+0	1.024649E+0
4.800000	2.644487E+0	1.195193E+0
4.866667	2.649664E+0	1.290497E+0
4.933333	2.655490E+0	1.348181E+0
5.000000	2.655490E+0	1.415897E+0
5.066667	2.665845E+0	1.616538E+0
5.133333	2.671023E+0	1.425929E+0
5.200000	2.672965E+0	1.313069E+0
5.266667	2.665198E+0	1.443485E+0
5.333333	2.616656E+0	1.039697E+0
5.400000	2.520865E+0	4.528246E-1
5.466667	2.522807E+0	4.553326E-1
5.533333	2.521512E+0	4.528246E-1
5.600000	2.522807E+0	4.578406E-1
5.666667	2.521512E+0	4.528246E-1
5.733333	2.522807E+0	4.578406E-1
5.800000	2.519571E+0	4.553326E-1
5.866667	2.523454E+0	4.553326E-1
5.933333	2.521512E+0	4.603486E-1
6.000000	2.519571E+0	4.553326E-1
6.066667	2.520865E+0	4.478086E-1
6.133333	2.521512E+0	4.528246E-1
6.200000	2.519571E+0	4.628566E-1
6.266667	2.518923E+0	4.553326E-1
6.333333	2.520218E+0	4.578406E-1
6.400000	2.520865E+0	4.628566E-1
6.466667	2.521512E+0	4.628566E-1
6.533333	2.522160E+0	4.578406E-1
6.600000	2.520218E+0	4.628566E-1
6.666667	2.521512E+0	4.503166E-1
6.733333	2.521512E+0	4.628566E-1
6.800000	2.527337E+0	4.628566E-1
6.866667	2.649664E+0	1.295513E+0
6.933333	2.645781E+0	1.415897E+0
7.000000	2.614714E+0	1.002077E+0
7.066667	2.533163E+0	4.804126E-1
7.133333	2.518923E+0	4.553326E-1
7.200000	2.521512E+0	4.628566E-1
7.266667	2.521512E+0	4.503166E-1
7.333333	2.520865E+0	4.503166E-1
7.400000	2.519571E+0	4.603486E-1
7.466667	2.521512E+0	4.503166E-1
7.533333	2.520865E+0	4.578406E-1
7.600000	2.523454E+0	4.578406E-1
7.666667	2.520218E+0	4.553326E-1
7.733333	2.521512E+0	4.528246E-1
7.800000	2.522160E+0	4.553326E-1
7.866667	2.521512E+0	4.653646E-1
7.933333	2.520218E+0	4.603486E-1
8.000000	2.521512E+0	4.628566E-1
8.066667	2.522160E+0	4.553326E-1
8.133333	2.521512E+0	4.528246E-1
8.200000	2.521512E+0	4.503166E-1
8.266667	2.520218E+0	4.578406E-1
8.333333	2.521512E+0	4.653646E-1
8.400000	2.561641E+0	1.054745E+0
8.466667	2.596591E+0	8.315329E-1
8.533333	2.660667E+0	1.375769E+0
8.600000	2.736394E+0	2.153250E+0
8.666667	2.813414E+0	2.173314E+0
8.733333	2.875549E+0	2.399034E+0
8.800000	2.903380E+0	2.291190E+0
8.866667	2.895613E+0	2.363922E+0
8.933333	2.858073E+0	2.266110E+0
9.000000	2.736394E+0	1.899942E+0
9.066667	2.578469E+0	8.139769E-1
9.133333	2.522160E+0	4.528246E-1
9.200000	2.521512E+0	4.578406E-1
9.266667	2.518923E+0	4.553326E-1
9.333333	2.521512E+0	4.628566E-1
9.400000	2.520865E+0	4.578406E-1
9.466667	2.522807E+0	4.478086E-1
9.533333	2.521512E+0	4.503166E-1
9.600000	2.521512E+0	4.628566E-1
9.666667	2.522160E+0	4.553326E-1
9.733333	2.522807E+0	4.578406E-1
9.800000	2.518923E+0	4.578406E-1
9.866667	2.520865E+0	4.628566E-1
9.933333	2.523454E+0	4.578406E-1
10.000000	2.520218E+0	4.603486E-1
10.066667	2.520865E+0	4.628566E-1
10.133333	2.520218E+0	4.553326E-1
10.200000	2.521512E+0	4.653646E-1
10.266667	2.521512E+0	4.503166E-1
10.333333	2.521512E+0	4.628566E-1
10.400000	2.521512E+0	4.628566E-1
10.466667	2.529279E+0	4.829206E-1
10.533333	2.604358E+0	9.795050E-1
10.600000	2.678790E+0	1.135001E+0
10.666667	2.751927E+0	1.894926E+0
10.733333	2.823770E+0	2.017818E+0
10.800000	2.867782E+0	2.160774E+0
10.866667	2.904027E+0	2.436654E+0
10.933333	2.934447E+0	2.436654E+0
11.000000	2.961631E+0	2.451702E+0
11.066667	2.993345E+0	2.589642E+0
11.133333	3.024412E+0	2.780251E+0
11.200000	3.034121E+0	2.787775E+0
11.266667	3.008879E+0	2.519418E+0
11.333333	3.005642E+0	2.740122E+0
11.400000	3.038004E+0	2.827903E+0
11.466667	3.044476E+0	2.930731E+0
11.533333	3.012115E+0	2.760187E+0
11.600000	2.956453E+0	2.730090E+0
11.666667	2.857426E+0	2.466750E+0
11.733333	2.658078E+0	1.493645E+0
11.800000	2.526043E+0	4.678726E-1
11.866667	2.521512E+0	4.553326E-1
11.933333	2.520218E+0	4.553326E-1
12.000000	2.522160E+0	4.528246E-1
12.066667	2.521512E+0	4.578406E-1
12.133333	2.520865E+0	4.628566E-1
12.200000	2.520865E+0	4.678726E-1
12.266667	2.522160E+0	4.578406E-1
12.333333	2.521512E+0	4.628566E-1
12.400000	2.522807E+0	4.578406E-1
12.466667	2.522160E+0	4.553326E-1
12.533333	2.522160E+0	4.553326E-1
12.600000	2.518923E+0	4.653646E-1
12.666667	2.523454E+0	4.553326E-1
12.733333	2.521512E+0	4.503166E-1
12.800000	2.521512E+0	4.628566E-1
12.866667	2.519571E+0	4.553326E-1
12.933333	2.518923E+0	4.553326E-1
13.000000	2.520218E+0	4.603486E-1
13.066667	2.520218E+0	4.553326E-1
13.133333	2.521512E+0	4.628566E-1
13.200000	2.521512E+0	4.528246E-1
13.266667	2.521512E+0	4.603486E-1
13.333333	2.537046E+0	4.879366E-1
13.400000	2.596591E+0	8.942330E-1
13.466667	2.695618E+0	1.483613E+0
13.533333	2.782347E+0	2.138202E+0
13.600000	2.852248E+0	2.078010E+0
13.666667	2.922797E+0	2.228490E+0
13.733333	2.999817E+0	2.888095E+0
13.800000	3.065188E+0	2.642310E+0
13.866667	3.119555E+0	2.890603E+0
13.933333	3.184926E+0	3.103783E+0
14.000000	3.256769E+0	3.372139E+0
14.066667	3.308547E+0	3.347059E+0
14.133333	3.331200E+0	3.362107E+0
14.200000	3.364856E+0	3.392203E+0
14.266667	3.375859E+0	3.304423E+0
14.333333	3.363562E+0	3.434839E+0
14.400000	3.355148E+0	3.447379E+0
14.466667	3.291719E+0	3.417283E+0
14.533333	3.060010E+0	2.935747E+0
14.600000	2.732510E+0	2.042898E+0
14.666667	2.584294E+0	1.190177E+0
14.733333	2.523454E+0	4.603486E-1
14.800000	2.518923E+0	4.603486E-1
14.866667	2.523454E+0	4.678726E-1
14.933333	2.520218E+0	4.578406E-1
15.000000	2.521512E+0	4.553326E-1
15.066667	2.522160E+0	4.503166E-1
15.133333	2.521512E+0	4.503166E-1
15.200000	2.522160E+0	4.603486E-1
15.266667	2.521512E+0	4.503166E-1
15.333333	2.520218E+0	4.728886E-1
15.400000	2.521512E+0	4.678726E-1
15.466667	2.520218E+0	4.578406E-1
15.533333	2.521512E+0	4.503166E-1
15.600000	2.522160E+0	4.603486E-1
15.666667	2.521512E+0	4.503166E-1
15.733333	2.523454E+0	4.553326E-1
15.800000	2.522807E+0	4.628566E-1
15.866667	2.521512E+0	4.528246E-1
15.933333	2.520865E+0	4.728886E-1
16.000000	2.522160E+0	4.779046E-1
16.066667	2.518923E+0	4.804126E-1
16.133333	2.520218E+0	4.603486E-1
16.200000	2.580411E+0	7.613089E-1
16.266667	2.562935E+0	6.634968E-1
16.333333	2.529279E+0	4.678726E-1
16.400000	2.522160E+0	4.603486E-1
16.466667	2.522160E+0	4.528246E-1
16.533333	2.521512E+0	4.578406E-1
16.600000	2.519571E+0	4.628566E-1
16.666667	2.522160E+0	4.603486E-1
16.733333	2.520218E+0	4.603486E-1
16.800000	2.521512E+0	4.578406E-1
16.866667	2.520865E+0	4.678726E-1
16.933333	2.523454E+0	4.603486E-1
17.000000	2.520865E+0	4.678726E-1
17.066667	2.523454E+0	4.578406E-1
17.133333	2.520865E+0	4.503166E-1
17.200000	2.519571E+0	4.603486E-1
17.266667	2.521512E+0	4.628566E-1
17.333333	2.520865E+0	4.578406E-1
17.400000	2.523454E+0	4.653646E-1
17.466667	2.645134E+0	1.310561E+0
17.533333	2.622481E+0	1.140017E+0
17.600000	2.544813E+0	6.534648E-1
17.666667	2.522807E+0	4.553326E-1
17.733333	2.520865E+0	4.628566E-1
17.800000	2.521512E+0	4.678726E-1
17.866667	2.519571E+0	4.603486E-1
17.933333	2.520218E+0	4.503166E-1
18.000000	2.520865E+0	4.603486E-1
18.066667	2.520865E+0	4.503166E-1
18.133333	2.521512E+0	4.503166E-1
18.200000	2.521512E+0	4.578406E-1
18.266667	2.520865E+0	4.528246E-1
18.333333	2.519571E+0	4.553326E-1
18.400000	2.522807E+0	4.603486E-1
18.466667	2.522160E+0	4.653646E-1
18.533333	2.521512E+0	4.503166E-1
18.600000	2.522160E+0	4.603486E-1
18.666667	2.520218E+0	4.603486E-1
18.733333	2.649664E+0	1.255385E+0
18.800000	2.643192E+0	1.330625E+0
18.866667	2.573291E+0	7.838809E-1
18.933333	2.522807E+0	4.728886E-1
19.000000	2.519571E+0	4.578406E-1
19.066667	2.521512E+0	4.528246E-1
19.133333	2.520218E+0	4.578406E-1
19.200000	2.520218E+0	4.653646E-1
19.266667	2.522160E+0	4.553326E-1
19.333333	2.520865E+0	4.628566E-1
19.400000	2.519571E+0	4.628566E-1
19.466667	2.522160E+0	4.703806E-1
19.533333	2.519571E+0	4.603486E-1
19.600000	2.521512E+0	4.603486E-1
19.666667	2.523454E+0	4.628566E-1
19.733333	2.521512E+0	4.528246E-1
19.800000	2.520865E+0	4.653646E-1
19.866667	2.521512E+0	4.653646E-1
19.933333	2.521512E+0	4.528246E-1
20.000000	2.542871E+0	5.857487E-1
20.066667	2.564877E+0	5.907647E-1
20.133333	2.524101E+0	4.603486E-1
20.200000	2.521512E+0	4.553326E-1
20.266667	2.521512E+0	4.553326E-1
20.333333	2.519571E+0	4.553326E-1
20.400000	2.521512E+0	4.528246E-1
20.466667	2.522807E+0	4.603486E-1
20.533333	2.522160E+0	4.528246E-1
20.600000	2.520218E+0	4.578406E-1
20.666667	2.521512E+0	4.653646E-1
20.733333	2.518923E+0	4.553326E-1
20.800000	2.520218E+0	4.578406E-1
20.866667	2.519571E+0	4.603486E-1
20.933333	2.521512E+0	4.553326E-1
21.000000	2.521512E+0	4.628566E-1
21.066667	2.522160E+0	4.603486E-1
21.133333	2.522160E+0	4.528246E-1
21.200000	2.523454E+0	4.578406E-1
21.266667	2.521512E+0	4.653646E-1
21.333333	2.521512E+0	4.628566E-1
21.400000	2.520865E+0	4.628566E-1
21.466667	2.520865E+0	4.528246E-1
21.533333	2.521512E+0	4.553326E-1
21.600000	2.522807E+0	4.578406E-1
21.666667	2.522807E+0	4.603486E-1
21.733333	2.525396E+0	4.528246E-1
21.800000	2.534457E+0	4.628566E-1
21.866667	2.539635E+0	5.004766E-1
21.933333	2.584294E+0	6.509568E-1
22.000000	2.648370E+0	1.506185E+0
22.066667	2.678143E+0	1.563870E+0
22.133333	2.687204E+0	1.548822E+0
22.200000	2.693029E+0	1.478597E+0
22.266667	2.684615E+0	1.528757E+0
22.333333	2.667787E+0	1.383293E+0
22.400000	2.646428E+0	1.506185E+0
22.466667	2.621833E+0	1.135001E+0
22.533333	2.609536E+0	1.320593E+0
22.600000	2.603064E+0	1.102397E+0
22.666667	2.601769E+0	1.172621E+0
22.733333	2.606300E+0	1.333133E+0
22.800000	2.609536E+0	1.338149E+0
22.866667	2.626364E+0	1.124969E+0
22.933333	2.656137E+0	1.634094E+0
23.000000	2.700149E+0	1.874862E+0
23.066667	2.729274E+0	1.779558E+0
23.133333	2.733805E+0	2.005278E+0
23.200000	2.725391E+0	1.912482E+0
23.266667	2.715035E+0	1.787082E+0
23.333333	2.715682E+0	1.952610E+0
23.400000	2.707915E+0	1.977690E+0
23.466667	2.713093E+0	1.832226E+0
23.533333	2.705326E+0	1.787082E+0
23.600000	2.702090E+0	1.844766E+0
23.666667	2.690440E+0	1.797114E+0
23.733333	2.678143E+0	1.839750E+0
23.800000	2.672965E+0	1.874862E+0
23.866667	2.671023E+0	1.787082E+0
23.933333	2.670376E+0	1.985214E+0
24.000000	2.671670E+0	1.950102E+0
24.066667	2.664551E+0	2.005278E+0
24.133333	2.654842E+0	1.970166E+0
24.200000	2.654195E+0	1.802130E+0
24.266667	2.649017E+0	1.965150E+0
24.333333	2.645781E+0	1.674222E+0
24.400000	2.640603E+0	1.546314E+0
24.466667	2.634778E+0	1.654158E+0
24.533333	2.634778E+0	1.636602E+0
24.600000	2.632189E+0	1.634094E+0
24.666667	2.632189E+0	1.526249E+0
24.733333	2.634778E+0	1.661682E+0
24.800000	2.636720E+0	1.721874E+0
24.866667	2.639956E+0	1.696794E+0
24.933333	2.639309E+0	1.558854E+0
25.000000	2.649664E+0	1.716858E+0
25.066667	2.660020E+0	1.593966E+0
25.133333	2.671023E+0	1.844766E+0
25.200000	2.693029E+0	1.869846E+0
25.266667	2.709857E+0	2.070486E+0
25.333333	2.721507E+0	1.782066E+0
25.400000	2.728627E+0	2.120646E+0
25.466667	2.745455E+0	2.085534E+0
25.533333	2.771344E+0	1.980198E+0
25.600000	2.798528E+0	2.080518E+0
25.666667	2.823770E+0	2.303730E+0
25.733333	2.842540E+0	2.293698E+0
25.800000	2.848365E+0	2.511894E+0
25.866667	2.843834E+0	2.612214E+0
25.933333	2.833478E+0	2.722566E+0
26.000000	2.829595E+0	2.617230E+0
26.066667	2.832831E+0	2.584626E+0
26.133333	2.838656E+0	2.614722E+0
26.200000	2.841245E+0	2.526942E+0
26.266667	2.838656E+0	2.466750E+0
26.333333	2.841893E+0	2.557038E+0
26.400000	2.841245E+0	2.509386E+0
26.466667	2.841893E+0	2.469258E+0
26.533333	2.841245E+0	2.557038E+0
26.600000	2.836715E+0	2.647326E+0
26.666667	2.836715E+0	2.602182E+0
26.733333	2.829595E+0	2.559546E+0
26.800000	2.826359E+0	2.597166E+0
26.866667	2.817298E+0	2.549514E+0
26.933333	2.806295E+0	2.481798E+0
27.000000	2.797881E+0	2.451702E+0
27.066667	2.793350E+0	2.356398E+0
27.133333	2.790114E+0	2.321286E+0
27.200000	2.779758E+0	2.251062E+0
27.266667	2.780405E+0	2.321286E+0
27.333333	2.779111E+0	2.318778E+0
27.400000	2.771344E+0	2.258586E+0
27.466667	2.773286E+0	2.303730E+0
27.533333	2.768755E+0	2.318778E+0
27.600000	2.770050E+0	2.193378E+0
27.666667	2.769402E+0	2.193378E+0
27.733333	2.770697E+0	2.158266E+0
27.800000	2.771991E+0	2.228490E+0
27.866667	2.777816E+0	2.223474E+0
27.933333	2.777816E+0	2.223474E+0
28.000000	2.789467E+0	2.288682E+0
28.066667	2.858721E+0	2.471766E+0
28.133333	2.961631E+0	2.617230E+0
28.200000	3.047712E+0	2.965843E+0
28.266667	3.082016E+0	2.737614E+0
28.333333	3.077485E+0	2.925715E+0
28.400000	3.063893E+0	3.103783E+0
28.466667	3.052890E+0	2.983399E+0
28.533333	3.034768E+0	3.073687E+0
28.600000	3.028943E+0	2.995939E+0
28.666667	3.018587E+0	2.980891E+0
28.733333	3.007584E+0	2.983399E+0
28.800000	3.000464E+0	2.935747E+0
28.866667	2.996581E+0	2.832919E+0
28.933333	2.997228E+0	2.870539E+0
29.000000	2.995934E+0	2.903143E+0
29.066667	2.997876E+0	2.880571E+0
29.133333	3.001759E+0	2.903143E+0
29.200000	3.001759E+0	2.905651E+0
29.266667	2.999817E+0	2.973367E+0
29.333333	2.994639E+0	2.905651E+0
29.400000	2.992050E+0	2.935747E+0
29.466667	2.998523E+0	2.990923E+0
29.533333	3.001759E+0	3.038575E+0
29.600000	2.997876E+0	2.968351E+0
29.666667	2.975222E+0	2.980891E+0
29.733333	2.834126E+0	2.572086E+0
29.800000	2.581705E+0	1.237829E+0
29.866667	2.518923E+0	5.080006E-1
29.933333	2.520865E+0	4.653646E-1
30.000000	2.523454E+0	4.779046E-1
30.066667	2.521512E+0	4.728886E-1
30.133333	2.522807E+0	4.728886E-1
30.200000	2.522160E+0	4.628566E-1
30.266667	2.520218E+0	4.628566E-1
30.333333	2.520865E+0	4.603486E-1
30.400000	2.520865E+0	4.703806E-1
30.466667	2.521512E+0	4.653646E-1
30.533333	2.521512E+0	4.728886E-1
30.600000	2.522160E+0	4.628566E-1
30.666667	2.522160E+0	4.528246E-1
30.733333	2.521512E+0	4.603486E-1
30.800000	2.522807E+0	4.653646E-1
30.866667	2.522160E+0	4.804126E-1
30.933333	2.522807E+0	4.804126E-1
31.000000	2.521512E+0	4.854286E-1
31.066667	2.522807E+0	4.628566E-1
31.133333	2.520218E+0	4.829206E-1
31.200000	2.518923E+0	4.728886E-1
31.266667	2.519571E+0	4.804126E-1
31.333333	2.521512E+0	4.804126E-1
31.400000	2.522807E+0	4.829206E-1
31.466667	2.522807E+0	4.829206E-1
31.533333	2.589472E+0	9.594410E-1
31.600000	2.872960E+0	2.356398E+0
31.666667	3.172628E+0	2.975875E+0
31.733333	3.412104E+0	3.417283E+0
31.800000	3.604332E+0	3.743323E+0
31.866667	3.721482E+0	3.635479E+0
31.933333	3.608863E+0	3.434839E+0
32.000000	3.313078E+0	3.299407E+0
32.066667	2.988814E+0	2.883079E+0
32.133333	2.692382E+0	1.897434E+0
32.200000	2.550638E+0	6.785448E-1
32.266667	2.518923E+0	4.703806E-1
32.333333	2.523454E+0	4.703806E-1
32.400000	2.521512E+0	4.528246E-1
32.466667	2.522807E+0	4.653646E-1
32.533333	2.520218E+0	5.004766E-1
32.600000	2.521512E+0	4.703806E-1
32.666667	2.518923E+0	4.603486E-1
32.733333	2.521512E+0	4.728886E-1
32.800000	2.520218E+0	4.653646E-1
32.866667	2.521512E+0	4.703806E-1
32.933333	2.520218E+0	4.653646E-1
33.000000	2.522160E+0	4.603486E-1
33.066667	2.522160E+0	4.553326E-1
33.133333	2.521512E+0	4.553326E-1
33.200000	2.538988E+0	5.280647E-1
33.266667	2.549343E+0	5.807327E-1
33.333333	2.562288E+0	6.058127E-1
33.400000	2.527337E+0	4.829206E-1
33.466667	2.521512E+0	4.628566E-1
33.533333	2.521512E+0	4.829206E-1
33.600000	2.522807E+0	4.603486E-1
33.666667	2.526043E+0	5.029846E-1
33.733333	2.551285E+0	6.384168E-1
33.800000	2.676848E+0	1.466057E+0
33.866667	3.038004E+0	2.735106E+0
33.933333	3.603038E+0	3.625447E+0
34.000000	3.867756E+0	3.773419E+0
34.066667	3.835394E+0	3.645511E+0
34.133333	3.444466E+0	3.367123E+0
34.200000	3.015351E+0	2.797807E+0
34.266667	2.689146E+0	1.521233E+0
34.333333	2.533810E+0	4.829206E-1
34.400000	2.521512E+0	4.678726E-1
34.466667	2.520865E+0	4.804126E-1
34.533333	2.521512E+0	4.653646E-1
34.600000	2.519571E+0	4.678726E-1
34.666667	2.521512E+0	4.678726E-1
34.733333	2.521512E+0	4.578406E-1
34.800000	2.518923E+0	4.678726E-1
34.866667	2.523454E+0	4.603486E-1
34.933333	2.520865E+0	4.628566E-1
35.000000	2.518923E+0	4.804126E-1
35.066667	2.522807E+0	4.703806E-1
35.133333	2.520865E+0	4.703806E-1
35.200000	2.521512E+0	4.728886E-1
35.266667	2.521512E+0	4.653646E-1
35.333333	2.521512E+0	4.653646E-1
35.400000	2.521512E+0	4.578406E-1
35.466667	2.519571E+0	4.728886E-1
35.533333	2.521512E+0	4.678726E-1
35.600000	2.520865E+0	4.603486E-1
35.666667	2.520218E+0	4.578406E-1
35.733333	2.521512E+0	4.553326E-1
35.800000	2.521512E+0	4.703806E-1
35.866667	2.520865E+0	4.603486E-1
35.933333	2.521512E+0	4.578406E-1
36.000000	2.521512E+0	4.628566E-1
36.066667	2.522807E+0	4.578406E-1
36.133333	2.519571E+0	4.578406E-1
36.200000	2.522160E+0	4.678726E-1
36.266667	2.521512E+0	4.753966E-1
36.333333	2.519571E+0	4.753966E-1
36.400000	2.526043E+0	4.628566E-1
36.466667	2.526043E+0	4.503166E-1
36.533333	2.540282E+0	4.954606E-1
36.600000	2.728627E+0	1.616538E+0
36.666667	3.285894E+0	3.216643E+0
36.733333	3.767435E+0	3.770911E+0
36.800000	4.017914E+0	3.823579E+0
36.866667	4.004969E+0	3.883771E+0
36.933333	3.722776E+0	3.703195E+0
37.000000	3.260005E+0	3.121339E+0
37.066667	2.861957E+0	2.526942E+0
37.133333	2.586236E+0	1.443485E+0
37.200000	2.518923E+0	4.678726E-1
37.266667	2.521512E+0	4.628566E-1
37.333333	2.520865E+0	4.728886E-1
37.400000	2.520218E+0	4.829206E-1
37.466667	2.520865E+0	4.879366E-1
37.533333	2.518923E+0	5.029846E-1
37.600000	2.522160E+0	4.879366E-1
37.666667	2.520865E+0	4.804126E-1
37.733333	2.518923E+0	4.804126E-1
37.800000	2.520865E+0	4.904446E-1
37.866667	2.522160E+0	4.703806E-1
37.933333	2.520865E+0	4.804126E-1
38.000000	2.522160E+0	4.703806E-1
38.066667	2.522160E+0	4.728886E-1
38.133333	2.522160E+0	4.703806E-1
38.200000	2.518923E+0	4.703806E-1
38.266667	2.522160E+0	4.628566E-1
38.333333	2.521512E+0	4.728886E-1
38.400000	2.521512E+0	4.628566E-1
38.466667	2.521512E+0	4.728886E-1
38.533333	2.520218E+0	4.553326E-1
38.600000	2.522807E+0	4.603486E-1
38.666667	2.522160E+0	4.628566E-1
38.733333	2.520865E+0	4.528246E-1
38.800000	2.521512E+0	4.628566E-1
38.866667	2.521512E+0	4.528246E-1
38.933333	2.521512E+0	4.703806E-1
39.000000	2.520865E+0	4.703806E-1
39.066667	2.522807E+0	4.628566E-1
39.133333	2.521512E+0	4.528246E-1
39.200000	2.520865E+0	4.553326E-1
39.266667	2.519571E+0	4.628566E-1
39.333333	2.521512E+0	4.628566E-1
39.400000	2.521512E+0	4.528246E-1
39.466667	2.521512E+0	4.578406E-1
39.533333	2.523454E+0	4.553326E-1
39.600000	2.524101E+0	4.653646E-1
39.666667	2.542871E+0	9.168050E-1
39.733333	2.634778E+0	9.744890E-1
39.800000	2.935741E+0	2.521926E+0
39.866667	3.580385E+0	3.562747E+0
39.933333	3.971313E+0	3.858691E+0
40.000000	4.070987E+0	3.994124E+0
40.066667	3.981669E+0	3.763387E+0
40.133333	3.713068E+0	3.778435E+0
40.200000	3.173923E+0	3.123847E+0
40.266667	2.685262E+0	1.734414E+0
40.333333	2.518923E+0	5.080006E-1
40.400000	2.521512E+0	4.553326E-1
40.466667	2.520218E+0	4.728886E-1
40.533333	2.521512E+0	4.829206E-1
40.600000	2.520865E+0	4.829206E-1
40.666667	2.521512E+0	4.728886E-1
40.733333	2.521512E+0	4.779046E-1
40.800000	2.523454E+0	4.628566E-1
40.866667	2.518923E+0	4.703806E-1
40.933333	2.520218E+0	4.578406E-1
41.000000	2.521512E+0	4.528246E-1
41.066667	2.521512E+0	4.528246E-1
41.133333	2.521512E+0	4.578406E-1
41.200000	2.520218E+0	4.603486E-1
41.266667	2.520865E+0	4.653646E-1
41.333333	2.518923E+0	4.603486E-1
41.400000	2.521512E+0	4.703806E-1
41.466667	2.519571E+0	4.653646E-1
41.533333	2.521512E+0	4.628566E-1
41.600000	2.520865E+0	4.703806E-1
41.666667	2.520865E+0	4.578406E-1
41.733333	2.521512E+0	4.678726E-1
41.800000	2.521512E+0	4.628566E-1
41.866667	2.522807E+0	4.628566E-1
41.933333	2.521512E+0	4.628566E-1
42.000000	2.520865E+0	4.603486E-1
42.066667	2.520865E+0	4.703806E-1
42.133333	2.520865E+0	4.678726E-1
42.200000	2.520218E+0	4.603486E-1
42.266667	2.520218E+0	4.603486E-1
42.333333	2.521512E+0	4.653646E-1
42.400000	2.520218E+0	4.678726E-1
42.466667	2.521512E+0	4.653646E-1
42.533333	2.522160E+0	4.578406E-1
42.600000	2.522807E+0	4.503166E-1
42.666667	2.521512E+0	4.678726E-1
42.733333	2.520865E+0	4.503166E-1
42.800000	2.518923E+0	4.603486E-1
42.866667	2.522807E+0	4.603486E-1
42.933333	2.522160E+0	4.603486E-1
43.000000	2.603711E+0	1.140017E+0
43.066667	2.862604E+0	2.241030E+0
43.133333	3.383626E+0	3.517603E+0
43.200000	3.749313E+0	3.821071E+0
43.266667	3.973902E+0	3.976568E+0
43.333333	3.971313E+0	3.951487E+0
43.400000	3.685884E+0	3.873739E+0
43.466667	3.137678E+0	3.196579E+0
43.533333	2.737688E+0	2.238522E+0
43.600000	2.546107E+0	6.534648E-1
43.666667	2.521512E+0	5.506367E-1
43.733333	2.523454E+0	7.437528E-1
43.800000	2.523454E+0	4.603486E-1
43.866667	2.521512E+0	7.713409E-1
43.933333	2.522807E+0	6.986088E-1
44.000000	2.518923E+0	4.578406E-1
44.066667	2.519571E+0	4.603486E-1
44.133333	2.521512E+0	4.528246E-1
44.200000	2.522160E+0	4.578406E-1
44.266667	2.520218E+0	4.678726E-1
44.333333	2.522160E+0	4.553326E-1
44.400000	2.520218E+0	4.628566E-1
44.466667	2.520865E+0	4.603486E-1
44.533333	2.522160E+0	4.528246E-1
44.600000	2.522807E+0	4.553326E-1
44.666667	2.521512E+0	4.678726E-1
44.733333	2.522160E+0	4.553326E-1
44.800000	2.521512E+0	4.653646E-1
44.866667	2.521512E+0	4.553326E-1
44.933333	2.518923E+0	4.553326E-1
45.000000	2.522160E+0	4.578406E-1
45.066667	2.523454E+0	4.603486E-1
45.133333	2.522160E+0	4.528246E-1
45.200000	2.520865E+0	4.528246E-1
45.266667	2.519571E+0	4.628566E-1
45.333333	2.521512E+0	4.503166E-1
45.400000	2.520865E+0	4.578406E-1
45.466667	2.522160E+0	4.578406E-1
45.533333	2.522160E+0	4.528246E-1
45.600000	2.523454E+0	4.578406E-1
45.666667	2.521512E+0	4.603486E-1
45.733333	2.521512E+0	4.553326E-1
45.800000	2.518923E+0	4.628566E-1
45.866667	2.521512E+0	4.653646E-1
45.933333	2.522807E+0	4.578406E-1
46.000000	2.523454E+0	4.553326E-1
46.066667	2.521512E+0	4.528246E-1
46.133333	2.519571E+0	4.553326E-1
46.200000	2.519571E+0	4.628566E-1
46.266667	2.522160E+0	4.653646E-1
46.333333	2.544813E+0	6.634968E-1
46.400000	2.709857E+0	1.937562E+0
46.466667	3.157742E+0	2.767711E+0
46.533333	3.615335E+0	3.612907E+0
46.600000	3.885231E+0	3.693163E+0
46.666667	3.982316E+0	3.881263E+0
46.733333	3.716951E+0	3.607891E+0
46.800000	3.174570E+0	3.161467E+0
46.866667	2.672318E+0	1.453517E+0
46.933333	2.519571E+0	6.409248E-1
47.000000	2.523454E+0	4.603486E-1
47.066667	2.521512E+0	4.553326E-1
47.133333	2.521512E+0	4.628566E-1
47.200000	2.518923E+0	4.728886E-1
47.266667	2.521512E+0	4.879366E-1
47.333333	2.520218E+0	4.804126E-1
47.400000	2.520218E+0	4.628566E-1
47.466667	2.520865E+0	4.553326E-1
47.533333	2.522807E+0	4.628566E-1
47.600000	2.519571E+0	4.628566E-1
47.666667	2.522807E+0	4.653646E-1
47.733333	2.521512E+0	4.653646E-1
47.800000	2.519571E+0	4.653646E-1
47.866667	2.520218E+0	4.628566E-1
47.933333	2.521512E+0	4.653646E-1
48.000000	2.520218E+0	4.628566E-1
48.066667	2.521512E+0	4.553326E-1
48.133333	2.520865E+0	4.528246E-1
48.200000	2.521512E+0	4.503166E-1
48.266667	2.520865E+0	4.553326E-1
48.333333	2.518923E+0	4.603486E-1
48.400000	2.522160E+0	4.553326E-1
48.466667	2.522160E+0	4.578406E-1
48.533333	2.522160E+0	4.503166E-1
48.600000	2.519571E+0	4.578406E-1
48.666667	2.520865E+0	4.653646E-1
48.733333	2.521512E+0	4.628566E-1
48.800000	2.526690E+0	4.578406E-1
48.866667	2.573291E+0	1.180145E+0
48.933333	2.744160E+0	1.528757E+0
49.000000	3.071660E+0	2.677422E+0
49.066667	3.489772E+0	3.402235E+0
49.133333	3.760315E+0	3.515095E+0
49.200000	3.916299E+0	3.748339E+0
49.266667	3.939599E+0	3.768403E+0
49.333333	3.444466E+0	3.342043E+0
49.400000	2.793350E+0	1.696794E+0
49.466667	2.522160E+0	9.644570E-1
49.533333	2.521512E+0	4.678726E-1
49.600000	2.521512E+0	4.553326E-1
49.666667	2.521512E+0	4.628566E-1
49.733333	2.518923E+0	4.603486E-1
49.800000	2.520865E+0	4.603486E-1
49.866667	2.519571E+0	4.628566E-1
49.933333	2.521512E+0	4.528246E-1
50.000000	2.520865E+0	4.528246E-1
50.066667	2.518923E+0	4.628566E-1
50.133333	2.522807E+0	4.628566E-1
50.200000	2.520218E+0	4.578406E-1
50.266667	2.519571E+0	4.603486E-1
50.333333	2.522807E+0	4.603486E-1
50.400000	2.521512E+0	4.578406E-1
50.466667	2.518923E+0	4.628566E-1
50.533333	2.521512E+0	4.528246E-1
50.600000	2.518923E+0	4.578406E-1
50.666667	2.519571E+0	4.603486E-1
50.733333	2.522160E+0	4.553326E-1
50.800000	2.523454E+0	4.503166E-1
50.866667	2.522160E+0	4.603486E-1
50.933333	2.522807E+0	4.628566E-1
51.000000	2.520218E+0	4.578406E-1
51.066667	2.521512E+0	4.628566E-1
51.133333	2.520865E+0	4.553326E-1
51.200000	2.521512E+0	4.628566E-1
51.266667	2.521512E+0	4.603486E-1
51.333333	2.595944E+0	7.688329E-1
51.400000	2.993992E+0	2.662374E+0
51.466667	3.553201E+0	3.622939E+0
51.533333	3.904001E+0	3.778435E+0
51.600000	4.056748E+0	4.011680E+0
51.666667	4.074871E+0	4.041776E+0
51.733333	3.906590E+0	3.783451E+0
51.800000	3.399160E+0	3.517603E+0
51.866667	2.966808E+0	3.081211E+0
51.933333	2.595944E+0	1.052237E+0
52.000000	2.520218E+0	5.004766E-1
52.066667	2.520865E+0	4.628566E-1
52.133333	2.521512E+0	4.703806E-1
52.200000	2.520865E+0	4.678726E-1
52.266667	2.521512E+0	4.879366E-1
52.333333	2.523454E+0	4.653646E-1
52.400000	2.520865E+0	4.703806E-1
52.466667	2.521512E+0	4.678726E-1
52.533333	2.519571E+0	4.728886E-1
52.600000	2.521512E+0	4.603486E-1
52.666667	2.522160E+0	4.753966E-1
52.733333	2.519571E+0	4.578406E-1
52.800000	2.522807E+0	4.578406E-1
52.866667	2.522807E+0	4.578406E-1
52.933333	2.520865E+0	4.653646E-1
53.000000	2.518923E+0	4.553326E-1
53.066667	2.522160E+0	4.628566E-1
53.133333	2.521512E+0	4.528246E-1
53.200000	2.521512E+0	4.628566E-1
53.266667	2.522160E+0	4.578406E-1
53.333333	2.522807E+0	4.528246E-1
53.400000	2.519571E+0	4.553326E-1
53.466667	2.521512E+0	4.653646E-1
53.533333	2.521512E+0	4.653646E-1
53.600000	2.521512E+0	4.628566E-1
53.666667	2.520865E+0	4.578406E-1
53.733333	2.520865E+0	4.553326E-1
53.800000	2.522160E+0	4.503166E-1
53.866667	2.519571E+0	4.578406E-1
53.933333	2.634131E+0	1.360721E+0
54.000000	2.715682E+0	1.706826E+0
54.066667	2.613419E+0	1.393325E+0
54.133333	2.518276E+0	4.979686E-1
54.200000	2.522807E+0	4.954606E-1
54.266667	2.521512E+0	4.678726E-1
54.333333	2.522160E+0	4.603486E-1
54.400000	2.522807E+0	4.703806E-1
54.466667	2.520865E+0	4.728886E-1
54.533333	2.520218E+0	4.728886E-1
54.600000	2.520865E+0	4.628566E-1
54.666667	2.521512E+0	4.854286E-1
54.733333	2.521512E+0	4.904446E-1
54.800000	2.521512E+0	4.804126E-1
54.866667	2.523454E+0	4.728886E-1
54.933333	2.519571E+0	4.753966E-1
55.000000	2.523454E+0	4.779046E-1
55.066667	2.644487E+0	1.395833E+0
55.133333	2.603064E+0	8.741689E-1
55.200000	2.540929E+0	5.004766E-1
55.266667	2.522160E+0	4.528246E-1
55.333333	2.520865E+0	4.603486E-1
55.400000	2.521512E+0	4.503166E-1
55.466667	2.522807E+0	4.553326E-1
55.533333	2.521512E+0	4.653646E-1
55.600000	2.519571E+0	4.553326E-1
55.666667	2.521512E+0	4.628566E-1
55.733333	2.520218E+0	4.578406E-1
55.800000	2.523454E+0	4.553326E-1
55.866667	2.519571E+0	4.603486E-1
55.933333	2.520218E+0	4.603486E-1
56.000000	2.522160E+0	4.628566E-1
56.066667	2.521512E+0	4.628566E-1
56.133333	2.521512E+0	4.528246E-1
56.200000	2.521512E+0	4.578406E-1
56.266667	2.522807E+0	4.578406E-1
56.333333	2.520218E+0	4.578406E-1
56.400000	2.526043E+0	4.528246E-1
56.466667	2.713093E+0	1.807146E+0
56.533333	2.753869E+0	1.759494E+0
56.600000	2.661962E+0	1.583934E+0
56.666667	2.549991E+0	1.272941E+0
56.733333	2.520865E+0	4.528246E-1
56.800000	2.523454E+0	4.578406E-1
56.866667	2.523454E+0	4.553326E-1
56.933333	2.520218E+0	4.528246E-1
57.000000	2.518923E+0	4.578406E-1
57.066667	2.522160E+0	4.553326E-1
57.133333	2.522160E+0	4.528246E-1
57.200000	2.519571E+0	4.628566E-1
57.266667	2.521512E+0	4.553326E-1
57.333333	2.522160E+0	4.578406E-1
57.400000	2.521512E+0	4.628566E-1
57.466667	2.521512E+0	4.578406E-1
57.533333	2.520865E+0	4.528246E-1
57.600000	2.522807E+0	4.553326E-1
57.666667	2.521512E+0	4.553326E-1
57.733333	2.519571E+0	4.603486E-1
57.800000	2.521512E+0	4.528246E-1
57.866667	2.520865E+0	4.528246E-1
57.933333	2.720213E+0	1.634094E+0
58.000000	2.839304E+0	1.882386E+0
58.066667	2.808884E+0	1.699302E+0
58.133333	2.765519E+0	1.639110E+0
58.200000	2.627659E+0	9.569330E-1
58.266667	2.523454E+0	4.503166E-1
58.333333	2.520218E+0	4.628566E-1
58.400000	2.523454E+0	4.603486E-1
58.466667	2.521512E+0	4.503166E-1
58.533333	2.521512E+0	4.528246E-1
58.600000	2.523454E+0	4.578406E-1
58.666667	2.518923E+0	4.603486E-1
58.733333	2.520218E+0	4.628566E-1
58.800000	2.520865E+0	4.528246E-1
58.866667	2.521512E+0	4.528246E-1
58.933333	2.520865E+0	4.678726E-1
59.000000	2.522160E+0	4.553326E-1
59.066667	2.519571E+0	4.578406E-1
59.133333	2.520865E+0	4.628566E-1
59.200000	2.520865E+0	4.653646E-1
59.266667	2.522807E+0	4.578406E-1
59.333333	2.522160E+0	4.628566E-1
59.400000	2.520218E+0	4.628566E-1
59.466667	2.520218E+0	4.553326E-1
59.533333	2.520865E+0	4.528246E-1
59.600000	2.521512E+0	4.503166E-1
59.666667	2.520865E+0	4.553326E-1
59.733333	2.521512E+0	4.678726E-1
59.800000	2.521512E+0	4.628566E-1
59.866667	2.522160E+0	4.528246E-1
59.933333	2.521512E+0	4.553326E-1
60.000000	2.520218E+0	4.578406E-1
60.066667	2.526690E+0	4.653646E-1
60.133333	2.559052E+0	6.334007E-1
60.200000	2.659373E+0	1.370753E+0
60.266667	2.935094E+0	2.145726E+0
60.333333	3.251591E+0	3.156451E+0
60.400000	3.580385E+0	3.437347E+0
60.466667	3.863225E+0	3.735799E+0
60.533333	4.072282E+0	3.790975E+0
60.600000	4.159011E+0	3.961519E+0
60.666667	4.210142E+0	3.969043E+0
60.733333	4.268393E+0	3.928915E+0
60.800000	4.307227E+0	4.112000E+0
60.866667	4.285868E+0	3.933931E+0
60.933333	4.182958E+0	3.979076E+0
61.000000	3.810800E+0	3.688147E+0
61.066667	3.195929E+0	3.342043E+0
61.133333	2.707915E+0	1.812162E+0
61.200000	2.518923E+0	9.820130E-1
61.266667	2.520218E+0	5.029846E-1
61.333333	2.523454E+0	6.108287E-1
61.400000	2.521512E+0	4.578406E-1
61.466667	2.521512E+0	4.553326E-1
61.533333	2.521512E+0	4.678726E-1
61.600000	2.522160E+0	4.678726E-1
61.666667	2.522160E+0	4.678726E-1
61.733333	2.520865E+0	4.678726E-1
61.800000	2.522160E+0	4.603486E-1
61.866667	2.521512E+0	4.603486E-1
61.933333	2.521512E+0	4.703806E-1
62.000000	2.522160E+0	4.628566E-1
62.066667	2.521512E+0	4.553326E-1
62.133333	2.521512E+0	4.628566E-1
62.200000	2.520865E+0	4.553326E-1
62.266667	2.519571E+0	4.628566E-1
62.333333	2.520865E+0	4.678726E-1
62.400000	2.521512E+0	4.678726E-1
62.466667	2.523454E+0	4.678726E-1
62.533333	2.522160E+0	4.703806E-1
62.600000	2.519571E+0	4.653646E-1
62.666667	2.522807E+0	4.653646E-1
62.733333	2.520865E+0	4.753966E-1
62.800000	2.521512E+0	4.603486E-1
62.866667	2.520865E+0	4.603486E-1
62.933333	2.522807E+0	4.703806E-1
63.000000	2.522160E+0	4.603486E-1
63.066667	2.521512E+0	4.603486E-1
63.133333	2.521512E+0	4.628566E-1
63.200000	2.520865E+0	4.603486E-1
63.266667	2.522807E+0	4.578406E-1
63.333333	2.522160E+0	4.678726E-1
63.400000	2.522807E+0	4.628566E-1
63.466667	2.521512E+0	4.528246E-1
63.533333	2.524101E+0	4.528246E-1
63.600000	2.520865E+0	4.628566E-1
63.666667	2.521512E+0	4.603486E-1
63.733333	2.522160E+0	4.628566E-1
63.800000	2.524101E+0	4.703806E-1
63.866667	2.532515E+0	4.804126E-1
63.933333	2.641250E+0	1.192685E+0
64.000000	3.006937E+0	2.469258E+0
64.066667	3.476180E+0	3.490015E+0
64.133333	3.908532E+0	3.813547E+0
64.200000	4.198492E+0	3.994124E+0
64.266667	4.289752E+0	3.969043E+0
64.333333	4.419198E+0	4.046792E+0
64.400000	4.364183E+0	4.061840E+0
64.466667	4.239915E+0	4.014188E+0
64.533333	3.879406E+0	3.969043E+0
64.600000	3.276833E+0	3.078703E+0
64.666667	2.775875E+0	1.832226E+0
64.733333	2.542871E+0	6.033047E-1
64.800000	2.520865E+0	7.437528E-1
64.866667	2.519571E+0	4.703806E-1
64.933333	2.520865E+0	4.653646E-1
65.000000	2.521512E+0	4.879366E-1
65.066667	2.521512E+0	4.904446E-1
65.133333	2.522807E+0	4.678726E-1
65.200000	2.523454E+0	4.628566E-1
65.266667	2.522160E+0	4.703806E-1
65.333333	2.522160E+0	4.628566E-1
65.400000	2.521512E+0	4.553326E-1
65.466667	2.522807E+0	4.628566E-1
65.533333	2.518923E+0	6.233687E-1
65.600000	2.521512E+0	7.562928E-1
65.666667	2.521512E+0	7.161648E-1
65.733333	2.520865E+0	7.588009E-1
65.800000	2.521512E+0	4.904446E-1
65.866667	2.522160E+0	4.954606E-1
65.933333	2.521512E+0	4.779046E-1
66.000000	2.523454E+0	4.578406E-1
66.066667	2.520865E+0	4.628566E-1
66.133333	2.520218E+0	4.678726E-1
66.200000	2.523454E+0	4.578406E-1
66.266667	2.522160E+0	4.603486E-1
66.333333	2.521512E+0	4.578406E-1
66.400000	2.521512E+0	4.603486E-1
66.466667	2.523454E+0	4.678726E-1
66.533333	2.548049E+0	8.942330E-1
66.600000	2.652253E+0	1.190177E+0
66.666667	3.001759E+0	2.526942E+0
66.733333	3.480064E+0	3.600367E+0
66.800000	3.828275E+0	3.645511E+0
66.866667	4.104643E+0	3.966535E+0
66.933333	4.337647E+0	4.071872E+0
67.000000	4.406254E+0	4.094444E+0
67.066667	4.462563E+0	4.059332E+0
67.133333	4.509811E+0	4.122032E+0
67.200000	4.416609E+0	4.091936E+0
67.266667	3.968724E+0	3.831103E+0
67.333333	3.195281E+0	3.088735E+0
67.400000	2.708563E+0	1.616538E+0
67.466667	2.522807E+0	1.177637E+0
67.533333	2.519571E+0	4.904446E-1
67.600000	2.520865E+0	4.854286E-1
67.666667	2.519571E+0	4.728886E-1
67.733333	2.520865E+0	4.728886E-1
67.800000	2.522160E+0	4.628566E-1
67.866667	2.521512E+0	4.804126E-1
67.933333	2.521512E+0	4.753966E-1
68.000000	2.522160E+0	4.904446E-1
68.066667	2.521512E+0	4.829206E-1
68.133333	2.521512E+0	4.904446E-1
68.200000	2.520865E+0	4.904446E-1
68.266667	2.521512E+0	4.678726E-1
68.333333	2.520218E+0	4.753966E-1
68.400000	2.521512E+0	1.017125E+0
68.466667	2.521512E+0	1.029665E+0
68.533333	2.520865E+0	4.829206E-1
68.600000	2.521512E+0	5.581607E-1
68.666667	2.520865E+0	4.904446E-1
68.733333	2.520218E+0	4.653646E-1
68.800000	2.520865E+0	4.653646E-1
68.866667	2.521512E+0	4.553326E-1
68.933333	2.521512E+0	4.703806E-1
69.000000	2.522807E+0	4.603486E-1
69.066667	2.530574E+0	4.628566E-1
69.133333	2.628306E+0	1.478597E+0
69.200000	2.698207E+0	1.538789E+0
69.266667	2.740924E+0	1.945086E+0
69.333333	2.753869E+0	2.088042E+0
69.400000	2.748691E+0	1.957626E+0
69.466667	2.737688E+0	2.158266E+0
69.533333	2.722154E+0	2.208426E+0
69.600000	2.715682E+0	2.228490E+0
69.666667	2.728627E+0	2.278650E+0
69.733333	2.742866E+0	2.090550E+0
69.800000	2.758400E+0	1.889910E+0
69.866667	2.767461E+0	2.085534E+0
69.933333	2.766814E+0	2.308746E+0
70.000000	2.758400E+0	2.454210E+0
70.066667	2.744808E+0	2.449194E+0
70.133333	2.741571E+0	2.506878E+0
70.200000	2.728627E+0	2.454210E+0
70.266667	2.718271E+0	2.383986E+0
70.333333	2.713740E+0	1.829718E+0
70.400000	2.710504E+0	1.807146E+0
70.466667	2.709857E+0	1.706826E+0
70.533333	2.709857E+0	1.656666E+0
70.600000	2.712446E+0	1.997754E+0
70.666667	2.709857E+0	2.052930E+0
70.733333	2.711799E+0	2.007786E+0
70.800000	2.705974E+0	1.912482E+0
70.866667	2.697560E+0	2.037882E+0
70.933333	2.689793E+0	2.055438E+0
71.000000	2.681379E+0	1.777050E+0
71.066667	2.676848E+0	1.616538E+0
71.133333	2.669081E+0	1.629078E+0
71.200000	2.666492E+0	1.782066E+0
71.266667	2.674259E+0	1.899942E+0
71.333333	2.700149E+0	2.012802E+0
71.400000	2.750633E+0	1.814670E+0
71.466667	2.843834E+0	2.419098E+0
71.533333	2.929916E+0	2.740122E+0
71.600000	3.021176E+0	2.870539E+0
71.666667	3.082016E+0	2.857999E+0
71.733333	3.102080E+0	2.968351E+0
71.800000	3.107905E+0	2.903143E+0
71.866667	3.124086E+0	3.199087E+0
71.933333	3.143503E+0	3.254263E+0
72.000000	3.148681E+0	3.214135E+0
72.066667	3.141561E+0	3.201595E+0
72.133333	3.125380E+0	3.289375E+0
72.200000	3.109200E+0	3.261787E+0
72.266667	3.097549E+0	3.231691E+0
72.333333	3.090430E+0	3.286867E+0
72.400000	3.083310E+0	3.339535E+0
72.466667	3.081369E+0	3.221659E+0
72.533333	3.063246E+0	3.246739E+0
72.600000	3.041240E+0	3.161467E+0
72.666667	3.038651E+0	3.088735E+0
72.733333	3.038004E+0	3.151435E+0
72.800000	3.045124E+0	3.179023E+0
72.866667	3.041240E+0	3.138895E+0
72.933333	3.037357E+0	3.199087E+0
73.000000	3.035415E+0	3.311947E+0
73.066667	3.023765E+0	3.306931E+0
73.133333	3.021176E+0	3.326995E+0
73.200000	3.015351E+0	3.309439E+0
73.266667	3.014704E+0	3.301915E+0
73.333333	3.013409E+0	3.314455E+0
73.400000	3.012115E+0	3.211627E+0
73.466667	3.015351E+0	3.219151E+0
73.533333	3.010173E+0	3.184039E+0
73.600000	3.011467E+0	3.176515E+0
73.666667	3.006290E+0	3.081211E+0
73.733333	3.002406E+0	3.166483E+0
73.800000	3.001759E+0	3.146419E+0
73.866667	2.997228E+0	3.151435E+0
73.933333	2.998523E+0	3.181531E+0
74.000000	2.993345E+0	3.151435E+0
74.066667	2.995287E+0	3.041083E+0
74.133333	2.992698E+0	2.943271E+0
74.200000	2.994639E+0	2.963335E+0
74.266667	2.991403E+0	2.935747E+0
74.333333	2.990756E+0	2.935747E+0
74.400000	2.992698E+0	2.938255E+0
74.466667	2.992698E+0	2.918191E+0
74.533333	2.993992E+0	2.933239E+0
74.600000	2.984931E+0	2.898127E+0
74.666667	2.981695E+0	2.910667E+0
74.733333	2.984284E+0	2.960827E+0
74.800000	2.982989E+0	2.890603E+0
74.866667	2.988814E+0	2.960827E+0
74.933333	2.993345E+0	3.021019E+0
75.000000	2.995287E+0	3.048607E+0
75.066667	2.998523E+0	3.028543E+0
75.133333	2.997876E+0	3.078703E+0
75.200000	2.993345E+0	3.093751E+0
75.266667	2.984931E+0	3.056131E+0
75.333333	2.982989E+0	3.118831E+0
75.400000	2.982989E+0	3.096259E+0
75.466667	2.988814E+0	3.083719E+0
75.533333	2.990756E+0	3.111307E+0
75.600000	2.981695E+0	3.098767E+0
75.666667	2.972633E+0	3.146419E+0
75.733333	2.978459E+0	3.148927E+0
75.800000	2.979106E+0	3.163975E+0
75.866667	2.979753E+0	3.158959E+0
75.933333	2.972633E+0	3.158959E+0
76.000000	2.958394E+0	2.918191E+0
76.066667	2.964219E+0	2.998447E+0
76.133333	2.972633E+0	2.868031E+0
76.200000	2.983636E+0	2.928223E+0
76.266667	2.982342E+0	2.905651E+0
76.333333	2.979753E+0	2.900635E+0
76.400000	2.984931E+0	2.935747E+0
76.466667	2.989462E+0	2.930731E+0
76.533333	2.992698E+0	2.938255E+0
76.600000	3.001112E+0	2.968351E+0
76.666667	3.026354E+0	3.071179E+0
76.733333	3.137031E+0	3.151435E+0
76.800000	3.331848E+0	3.256771E+0
76.866667	3.468414E+0	3.512587E+0
76.933333	3.559026E+0	3.597859E+0
77.000000	3.603685E+0	3.673099E+0
77.066667	3.606921E+0	3.630463E+0
77.133333	3.603685E+0	3.703195E+0
77.200000	3.603685E+0	3.720751E+0
77.266667	3.602391E+0	3.763387E+0
77.333333	3.600449E+0	3.780943E+0
77.400000	3.590741E+0	3.728275E+0
77.466667	3.520839E+0	3.575287E+0
77.533333	3.412752E+0	3.479983E+0
77.600000	3.298191E+0	3.289375E+0
77.666667	3.096255E+0	3.008479E+0
77.733333	2.834126E+0	2.366430E+0
77.800000	2.581058E+0	1.135001E+0
77.866667	2.520865E+0	9.744890E-1
77.933333	2.521512E+0	8.716609E-1
78.000000	2.522807E+0	5.882567E-1
78.066667	2.520218E+0	4.753966E-1
78.133333	2.521512E+0	6.484488E-1
78.200000	2.519571E+0	6.835608E-1
78.266667	2.522807E+0	5.782247E-1
78.333333	2.520865E+0	5.807327E-1
78.400000	2.520218E+0	5.782247E-1
78.466667	2.522807E+0	5.506367E-1
78.533333	2.521512E+0	5.681927E-1
78.600000	2.521512E+0	5.681927E-1
78.666667	2.519571E+0	5.957807E-1
78.733333	2.523454E+0	5.230487E-1
78.800000	2.520218E+0	4.979686E-1
78.866667	2.520865E+0	5.205407E-1
78.933333	2.520218E+0	5.631767E-1
79.000000	2.522160E+0	5.556527E-1
79.066667	2.522160E+0	4.904446E-1
79.133333	2.521512E+0	5.105086E-1
79.200000	2.521512E+0	5.205407E-1
79.266667	2.522807E+0	5.004766E-1
79.333333	2.521512E+0	5.004766E-1
79.400000	2.521512E+0	4.879366E-1
79.466667	2.520865E+0	4.854286E-1
79.533333	2.761636E+0	1.804638E+0
79.600000	2.968750E+0	2.459226E+0
79.666667	3.124086E+0	2.938255E+0
79.733333	3.170687E+0	3.058639E+0
79.800000	3.189456E+0	3.051115E+0
79.866667	3.184279E+0	3.128863E+0
79.933333	3.166156E+0	3.123847E+0
80.000000	3.147386E+0	2.963335E+0
80.066667	3.124086E+0	3.141403E+0
80.133333	3.105963E+0	3.078703E+0
80.200000	3.089783E+0	2.998447E+0
80.266667	3.071013E+0	2.935747E+0
80.333333	3.044476E+0	2.923207E+0
80.400000	3.027001E+0	2.968351E+0
80.466667	3.014056E+0	2.938255E+0
80.533333	3.011467E+0	3.103783E+0
80.600000	3.003053E+0	3.138895E+0
80.666667	2.999817E+0	3.113815E+0
80.733333	2.995287E+0	3.123847E+0
80.800000	2.993345E+0	3.116323E+0
80.866667	2.987520E+0	3.091243E+0
80.933333	2.982989E+0	3.156451E+0
81.000000	2.981695E+0	3.176515E+0
81.066667	2.981048E+0	3.168991E+0
81.133333	2.982342E+0	3.128863E+0
81.200000	2.986873E+0	3.121339E+0
81.266667	2.982989E+0	3.143911E+0
81.333333	2.982989E+0	3.131371E+0
81.400000	2.981695E+0	3.113815E+0
81.466667	2.977164E+0	3.128863E+0
81.533333	2.970692E+0	3.131371E+0
81.600000	2.979753E+0	3.156451E+0
81.666667	2.986873E+0	3.181531E+0
81.733333	2.989462E+0	3.191563E+0
81.800000	2.988814E+0	3.179023E+0
81.866667	2.986873E+0	3.181531E+0
81.933333	2.985578E+0	3.176515E+0
82.000000	2.984931E+0	3.176515E+0
82.066667	2.989462E+0	3.189055E+0
82.133333	2.987520E+0	3.194071E+0
82.200000	2.984931E+0	3.191563E+0
82.266667	2.984284E+0	3.201595E+0
82.333333	2.978459E+0	3.148927E+0
82.400000	2.975870E+0	3.126355E+0
82.466667	2.973928E+0	3.026035E+0
82.533333	2.979106E+0	3.036067E+0
82.600000	2.986873E+0	3.093751E+0
82.666667	2.982989E+0	3.068671E+0
82.733333	2.981695E+0	3.076195E+0
82.800000	2.979753E+0	3.091243E+0
82.866667	2.974575E+0	3.051115E+0
82.933333	2.969397E+0	3.038575E+0
83.000000	2.954511E+0	3.043591E+0
83.066667	2.930563E+0	2.908159E+0
83.133333	2.897555E+0	2.800315E+0
83.200000	2.848365E+0	2.647326E+0
83.266667	2.815356E+0	2.526942E+0
83.333333	2.801117E+0	2.449194E+0
83.400000	2.793997E+0	2.454210E+0
83.466667	2.783642E+0	2.353890E+0
83.533333	2.764225E+0	2.286174E+0
83.600000	2.744808E+0	2.266110E+0
83.666667	2.724743E+0	2.261094E+0
83.733333	2.711152E+0	2.037882E+0
83.800000	2.700149E+0	1.920006E+0
83.866667	2.667140E+0	1.456025E+0
83.933333	2.555168E+0	6.208607E-1
84.000000	2.518923E+0	4.904446E-1
84.066667	2.520218E+0	4.829206E-1
84.133333	2.520218E+0	4.829206E-1
84.200000	2.521512E+0	4.854286E-1
84.266667	2.520218E+0	4.804126E-1
84.333333	2.521512E+0	4.779046E-1
84.400000	2.523454E+0	4.779046E-1
84.466667	2.522160E+0	5.029846E-1
84.533333	2.522807E+0	5.054926E-1
84.600000	2.522807E+0	5.105086E-1
84.666667	2.522160E+0	5.029846E-1
84.733333	2.521512E+0	5.029846E-1
84.800000	2.520218E+0	4.929526E-1
84.866667	2.519571E+0	4.929526E-1
84.933333	2.521512E+0	4.904446E-1
85.000000	2.518923E+0	4.829206E-1
85.066667	2.519571E+0	4.703806E-1
85.133333	2.520218E+0	4.703806E-1
85.200000	2.521512E+0	4.804126E-1
85.266667	2.522807E+0	5.080006E-1
85.333333	2.521512E+0	4.804126E-1
85.400000	2.521512E+0	4.779046E-1
85.466667	2.521512E+0	4.703806E-1
85.533333	2.522807E+0	4.678726E-1
85.600000	2.522160E+0	4.703806E-1
85.666667	2.521512E+0	4.703806E-1
85.733333	2.554521E+0	6.634968E-1
85.800000	2.691087E+0	2.045406E+0
85.866667	2.757105E+0	1.596474E+0
85.933333	2.800470E+0	1.970166E+0
86.000000	2.807589E+0	2.145726E+0
86.066667	2.813414E+0	2.090550E+0
86.133333	2.816003E+0	2.113122E+0
86.200000	2.819239E+0	2.208426E+0
86.266667	2.814062E+0	2.210934E+0
86.333333	2.804353E+0	2.198394E+0
86.400000	2.790761E+0	2.150742E+0
86.466667	2.779758E+0	2.108106E+0
86.533333	2.771991E+0	2.125662E+0
86.600000	2.769402E+0	2.148234E+0
86.666667	2.764872E+0	2.098074E+0
86.733333	2.753869E+0	2.055438E+0
86.800000	2.753222E+0	1.942578E+0
86.866667	2.745455E+0	1.897434E+0
86.933333	2.746749E+0	1.892418E+0
87.000000	2.746749E+0	1.977690E+0
87.066667	2.751280E+0	1.977690E+0
87.133333	2.759047E+0	2.045406E+0
87.200000	2.760341E+0	2.075502E+0
87.266667	2.759694E+0	2.060454E+0
87.333333	2.760341E+0	2.085534E+0
87.400000	2.760341E+0	2.057946E+0
87.466667	2.760341E+0	2.072994E+0
87.533333	2.763577E+0	2.060454E+0
87.600000	2.758400E+0	2.105598E+0
87.666667	2.758400E+0	1.985214E+0
87.733333	2.759694E+0	2.047914E+0
87.800000	2.763577E+0	2.125662E+0
87.866667	2.765519E+0	2.057946E+0
87.933333	2.763577E+0	2.078010E+0
88.000000	2.760341E+0	2.057946E+0
88.066667	2.757752E+0	2.047914E+0
88.133333	2.757105E+0	2.055438E+0
88.200000	2.757752E+0	2.070486E+0
88.266667	2.756458E+0	2.110614E+0
88.333333	2.758400E+0	2.078010E+0
88.400000	2.763577E+0	2.067978E+0
88.466667	2.765519E+0	2.098074E+0
88.533333	2.763577E+0	2.100582E+0
88.600000	2.760988E+0	2.095566E+0
88.666667	2.768755E+0	2.203410E+0
88.733333	2.763577E+0	2.238522E+0
88.800000	2.759694E+0	2.150742E+0
88.866667	2.759047E+0	2.208426E+0
88.933333	2.759047E+0	2.170806E+0
89.000000	2.758400E+0	2.115630E+0
89.066667	2.757752E+0	2.148234E+0
89.133333	2.764872E+0	2.218458E+0
89.200000	2.766166E+0	2.283666E+0
89.266667	2.762930E+0	2.286174E+0
89.333333	2.760988E+0	2.293698E+0
89.400000	2.757105E+0	2.246046E+0
89.466667	2.757105E+0	2.125662E+0
89.533333	2.748691E+0	2.120646E+0
89.600000	2.744808E+0	2.140710E+0
89.666667	2.741571E+0	2.067978E+0
89.733333	2.737688E+0	2.100582E+0
89.800000	2.733805E+0	2.133186E+0
89.866667	2.733157E+0	2.148234E+0
89.933333	2.729921E+0	2.145726E+0
90.000000	2.731216E+0	2.123154E+0
90.066667	2.732510E+0	2.140710E+0
90.133333	2.731216E+0	2.140710E+0
90.200000	2.733805E+0	2.125662E+0
90.266667	2.735746E+0	2.115630E+0
90.333333	2.747397E+0	2.098074E+0
90.400000	2.843834E+0	2.353890E+0
90.466667	3.020529E+0	2.391510E+0
90.533333	3.190751E+0	3.000955E+0
90.600000	3.354501E+0	3.369631E+0
90.666667	3.476180E+0	3.301915E+0
90.733333	3.518251E+0	3.429823E+0
90.800000	3.551907E+0	3.389695E+0
90.866667	3.584268E+0	3.422299E+0
90.933333	3.593329E+0	3.537667E+0
91.000000	3.626986E+0	3.469951E+0
91.066667	3.629575E+0	3.562747E+0
91.133333	3.615983E+0	3.570271E+0
91.200000	3.594624E+0	3.557731E+0
91.266667	3.566793E+0	3.587827E+0
91.333333	3.542845E+0	3.572779E+0
91.400000	3.511131E+0	3.547699E+0
91.466667	3.499481E+0	3.542683E+0
91.533333	3.486536E+0	3.522619E+0
91.600000	3.482653E+0	3.532651E+0
91.666667	3.457411E+0	3.512587E+0
91.733333	3.423107E+0	3.522619E+0
91.800000	3.395276E+0	3.610399E+0
91.866667	3.388804E+0	3.590335E+0
91.933333	3.370681E+0	3.515095E+0
92.000000	3.351265E+0	3.424807E+0
92.066667	3.332495E+0	3.377155E+0
92.133333	3.318903E+0	3.349567E+0
92.200000	3.316314E+0	3.402235E+0
92.266667	3.307253E+0	3.294391E+0
92.333333	3.305958E+0	3.241723E+0
92.400000	3.300780E+0	3.289375E+0
92.466667	3.280069E+0	3.131371E+0
92.533333	3.262594E+0	3.174007E+0
92.600000	3.242529E+0	2.968351E+0
92.666667	3.219876E+0	3.161467E+0
92.733333	3.220524E+0	3.299407E+0
92.800000	3.230879E+0	3.276835E+0
92.866667	3.239941E+0	3.304423E+0
92.933333	3.230879E+0	3.136387E+0
93.000000	3.164214E+0	3.128863E+0
93.066667	2.881374E+0	2.248554E+0
93.133333	2.720860E+0	1.857306E+0
93.200000	2.644487E+0	1.295513E+0
93.266667	2.598533E+0	1.237829E+0
93.333333	2.548049E+0	7.036248E-1
93.400000	2.525396E+0	5.431127E-1
93.466667	2.521512E+0	1.034681E+0
93.533333	2.521512E+0	1.124969E+0
93.600000	2.519571E+0	9.218210E-1
93.666667	2.522160E+0	1.067285E+0
93.733333	2.521512E+0	4.929526E-1
93.800000	2.521512E+0	7.838809E-1
93.866667	2.522807E+0	7.588009E-1
93.933333	2.522160E+0	4.703806E-1
94.000000	2.521512E+0	4.628566E-1
94.066667	2.520865E+0	4.728886E-1
94.133333	2.520865E+0	4.628566E-1
94.200000	2.522160E+0	4.628566E-1
94.266667	2.519571E+0	4.678726E-1
94.333333	2.518923E+0	4.678726E-1
94.400000	2.521512E+0	4.678726E-1
94.466667	2.523454E+0	4.578406E-1
94.533333	2.520218E+0	4.628566E-1
94.600000	2.522160E+0	4.728886E-1
94.666667	2.520218E+0	4.753966E-1
94.733333	2.520865E+0	4.628566E-1
94.800000	2.519571E+0	4.728886E-1
94.866667	2.521512E+0	4.678726E-1
94.933333	2.520218E+0	4.703806E-1
95.000000	2.518923E+0	4.804126E-1
95.066667	2.520218E+0	4.829206E-1
95.133333	2.521512E+0	4.779046E-1
95.200000	2.521512E+0	5.004766E-1
95.266667	2.520218E+0	5.029846E-1
95.333333	2.554521E+0	1.293005E+0
95.400000	2.657431E+0	1.257893E+0
95.466667	2.850307E+0	1.909974E+0
95.533333	2.977164E+0	2.780251E+0
95.600000	3.053538E+0	2.827903E+0
95.666667	3.086546E+0	3.091243E+0
95.733333	3.102080E+0	2.983399E+0
95.800000	3.107905E+0	2.918191E+0
95.866667	3.108552E+0	2.973367E+0
95.933333	3.100786E+0	2.918191E+0
96.000000	3.074249E+0	2.925715E+0
96.066667	3.050949E+0	2.995939E+0
96.133333	3.040593E+0	2.920699E+0
96.200000	3.025707E+0	2.815363E+0
96.266667	3.005642E+0	2.757678E+0
96.333333	2.970045E+0	2.918191E+0
96.400000	2.944802E+0	2.737614E+0
96.466667	2.936388E+0	2.893111E+0
96.533333	2.939625E+0	2.840443E+0
96.600000	2.937036E+0	2.795299E+0
96.666667	2.922149E+0	2.797807E+0
96.733333	2.864546E+0	2.446686E+0
96.800000	2.716977E+0	1.965150E+0
96.866667	2.551932E+0	8.641369E-1
96.933333	2.519571E+0	1.114937E+0
97.000000	2.520218E+0	4.929526E-1
97.066667	2.522807E+0	4.703806E-1
97.133333	2.520218E+0	4.703806E-1
97.200000	2.521512E+0	4.753966E-1
97.266667	2.520865E+0	4.603486E-1
97.333333	2.521512E+0	4.628566E-1
97.400000	2.521512E+0	4.753966E-1
97.466667	2.520865E+0	4.753966E-1
97.533333	2.522160E+0	4.678726E-1
97.600000	2.519571E+0	4.703806E-1
97.666667	2.539635E+0	5.130166E-1
97.733333	2.844481E+0	2.248554E+0
97.800000	3.150622E+0	2.988415E+0
97.866667	3.392040E+0	3.229183E+0
97.933333	3.517603E+0	3.362107E+0
98.000000	3.584915E+0	3.663067E+0
98.066667	3.593977E+0	3.612907E+0
98.133333	3.577149E+0	3.505063E+0
98.200000	3.564204E+0	3.560239E+0
98.266667	3.562262E+0	3.580303E+0
98.333333	3.535079E+0	3.555223E+0
98.400000	3.474239E+0	3.693163E+0
98.466667	3.390746E+0	3.449887E+0
98.533333	3.318256E+0	3.497539E+0
98.600000	3.196576E+0	3.219151E+0
98.666667	2.973928E+0	2.873047E+0
98.733333	2.674259E+0	1.774542E+0
98.800000	2.521512E+0	1.150049E+0
98.866667	2.520218E+0	6.359088E-1
98.933333	2.521512E+0	4.879366E-1
99.000000	2.520865E+0	4.653646E-1
99.066667	2.520865E+0	4.829206E-1
99.133333	2.519571E+0	4.804126E-1
99.200000	2.521512E+0	4.703806E-1
99.266667	2.522807E+0	4.678726E-1
99.333333	2.521512E+0	4.628566E-1
99.400000	2.521512E+0	4.728886E-1
99.466667	2.520865E+0	4.753966E-1
99.533333	2.520865E+0	4.728886E-1
99.600000	2.520218E+0	4.653646E-1
99.666667	2.519571E+0	4.678726E-1
99.733333	2.522160E+0	4.678726E-1
99.800000	2.520218E+0	4.678726E-1
99.866667	2.521512E+0	4.603486E-1
99.933333	2.521512E+0	4.628566E-1
100.000000	2.560346E+0	6.660048E-1
100.066667	2.731216E+0	1.759494E+0
100.133333	3.080721E+0	2.760187E+0
100.200000	3.356442E+0	3.191563E+0
100.266667	3.535726E+0	3.487507E+0
100.333333	3.619866E+0	3.517603E+0
100.400000	3.690414E+0	3.572779E+0
100.466667	3.735073E+0	3.738307E+0
100.533333	3.760315E+0	3.718243E+0
100.600000	3.762257E+0	3.605383E+0
100.666667	3.720187E+0	3.660559E+0
100.733333	3.586210E+0	3.497539E+0
100.800000	3.365504E+0	3.527635E+0
100.866667	3.081369E+0	2.820379E+0
100.933333	2.748691E+0	2.213442E+0
101.000000	2.522807E+0	1.069793E+0
101.066667	2.520218E+0	4.929526E-1
101.133333	2.520865E+0	4.703806E-1
101.200000	2.520865E+0	6.233687E-1
101.266667	2.521512E+0	8.039449E-1
101.333333	2.520218E+0	5.481287E-1
101.400000	2.521512E+0	4.503166E-1
101.466667	2.520865E+0	4.879366E-1
101.533333	2.522807E+0	4.578406E-1
101.600000	2.521512E+0	4.553326E-1
101.666667	2.519571E+0	4.703806E-1
101.733333	2.522807E+0	4.628566E-1
101.800000	2.521512E+0	4.628566E-1
101.866667	2.521512E+0	4.578406E-1
101.933333	2.521512E+0	4.603486E-1
102.000000	2.522807E+0	4.603486E-1
102.066667	2.531221E+0	5.707007E-1
102.133333	2.546754E+0	8.741689E-1
102.200000	2.601769E+0	1.207733E+0
102.266667	2.790761E+0	2.123154E+0
102.333333	3.060010E+0	2.890603E+0
102.400000	3.247707E+0	3.168991E+0
102.466667	3.427638E+0	3.505063E+0
102.533333	3.527959E+0	3.582811E+0
102.600000	3.562910E+0	3.678115E+0
102.666667	3.579738E+0	3.703195E+0
102.733333	3.565498E+0	3.607891E+0
102.800000	3.462589E+0	3.537667E+0
102.866667	3.285247E+0	3.339535E+0
102.933333	3.067777E+0	3.269311E+0
103.000000	2.808884E+0	2.431638E+0
103.066667	2.582999E+0	1.022141E+0
103.133333	2.519571E+0	1.140017E+0
103.200000	2.520218E+0	4.703806E-1
103.266667	2.519571E+0	5.807327E-1
103.333333	2.520865E+0	4.628566E-1
103.400000	2.522807E+0	4.829206E-1
103.466667	2.520218E+0	4.678726E-1
103.533333	2.520218E+0	4.678726E-1
103.600000	2.518923E+0	4.728886E-1
103.666667	2.519571E+0	4.804126E-1
103.733333	2.518923E+0	4.728886E-1
103.800000	2.518923E+0	4.653646E-1
103.866667	2.519571E+0	4.804126E-1
103.933333	2.521512E+0	7.337208E-1
104.000000	2.521512E+0	8.089609E-1
104.066667	2.520865E+0	1.004585E+0
104.133333	2.521512E+0	4.753966E-1
104.200000	2.523454E+0	4.628566E-1
104.266667	2.520865E+0	4.553326E-1
104.333333	2.533163E+0	4.678726E-1
104.400000	2.678143E+0	1.400849E+0
104.466667	2.968103E+0	2.514402E+0
104.533333	3.075543E+0	2.770219E+0
104.600000	3.091724E+0	3.003463E+0
104.666667	3.086546E+0	2.800315E+0
104.733333	3.098844E+0	3.018511E+0
104.800000	3.054185E+0	2.777743E+0
104.866667	2.895613E+0	2.399034E+0
104.933333	2.687851E+0	1.265417E+0
105.000000	2.538340E+0	5.707007E-1
105.066667	2.522160E+0	6.133367E-1
105.133333	2.523454E+0	4.628566E-1
105.200000	2.521512E+0	4.628566E-1
105.266667	2.521512E+0	7.763569E-1
105.333333	2.520865E+0	1.057253E+0
105.400000	2.521512E+0	4.879366E-1
105.466667	2.520865E+0	5.130166E-1
105.533333	2.521512E+0	4.854286E-1
105.600000	2.520218E+0	4.603486E-1
105.666667	2.521512E+0	4.678726E-1
105.733333	2.521512E+0	4.703806E-1
105.800000	2.520865E+0	4.628566E-1
105.866667	2.521512E+0	4.678726E-1
105.933333	2.520218E+0	4.628566E-1
106.000000	2.520865E+0	6.935928E-1
106.066667	2.521512E+0	8.942330E-1
106.133333	2.519571E+0	9.168050E-1
106.200000	2.519571E+0	9.218210E-1
106.266667	2.579116E+0	8.917250E-1
106.333333	2.832831E+0	1.927530E+0
106.400000	3.170687E+0	2.930731E+0
106.466667	3.375859E+0	3.329503E+0
106.533333	3.498186E+0	3.419791E+0
106.600000	3.572618E+0	3.663067E+0
106.666667	3.611452E+0	3.653035E+0
106.733333	3.616630E+0	3.555223E+0
106.800000	3.584268E+0	3.678115E+0
106.866667	3.548670E+0	3.590335E+0
106.933333	3.498186E+0	3.685639E+0
107.000000	3.378448E+0	3.527635E+0
107.066667	3.159036E+0	3.103783E+0
107.133333	2.870371E+0	2.619738E+0
107.200000	2.670376E+0	1.420913E+0
107.266667	2.565524E+0	7.337208E-1
107.333333	2.521512E+0	7.337208E-1
107.400000	2.518923E+0	6.258767E-1
107.466667	2.520865E+0	4.904446E-1
107.533333	2.522160E+0	5.105086E-1
107.600000	2.520865E+0	6.158447E-1
107.666667	2.518923E+0	6.634968E-1
107.733333	2.518923E+0	6.133367E-1
107.800000	2.520865E+0	6.133367E-1
107.866667	2.523454E+0	4.929526E-1
107.933333	2.520865E+0	4.904446E-1
108.000000	2.520865E+0	6.534648E-1
108.066667	2.521512E+0	9.820130E-1
108.133333	2.521512E+0	7.287048E-1
108.200000	2.522807E+0	1.057253E+0
108.266667	2.520218E+0	8.290249E-1
108.333333	2.521512E+0	5.080006E-1
108.400000	2.521512E+0	5.004766E-1
108.466667	2.521512E+0	5.255567E-1
108.533333	2.520865E+0	5.230487E-1
108.600000	2.522807E+0	5.080006E-1
108.666667	2.521512E+0	5.230487E-1
108.733333	2.522160E+0	5.330807E-1
108.800000	2.518923E+0	4.804126E-1
108.866667	2.522160E+0	4.628566E-1
108.933333	2.521512E+0	4.653646E-1
109.000000	2.522160E+0	4.528246E-1
109.066667	2.555168E+0	6.334007E-1
109.133333	2.748044E+0	1.734414E+0
109.200000	2.771991E+0	1.666698E+0
109.266667	2.681379E+0	2.032866E+0
109.333333	2.562288E+0	6.810528E-1
109.400000	2.520865E+0	4.753966E-1
109.466667	2.519571E+0	4.703806E-1
109.533333	2.520218E+0	4.703806E-1
109.600000	2.522160E+0	4.678726E-1
109.666667	2.521512E+0	6.434328E-1
109.733333	2.521512E+0	9.193130E-1
109.800000	2.520865E+0	9.218210E-1
109.866667	2.522807E+0	8.967410E-1
109.933333	2.521512E+0	8.892170E-1
110.000000	2.521512E+0	5.807327E-1
110.066667	2.521512E+0	4.703806E-1
110.133333	2.520218E+0	4.628566E-1
110.200000	2.521512E+0	4.553326E-1
110.266667	2.522160E+0	4.703806E-1
110.333333	2.632189E+0	7.838809E-1
110.400000	2.837362E+0	1.641618E+0
110.466667	3.047712E+0	2.469258E+0
110.533333	3.199812E+0	2.782759E+0
110.600000	3.333789E+0	3.076195E+0
110.666667	3.384921E+0	3.226675E+0
110.733333	3.421166E+0	3.199087E+0
110.800000	3.443819E+0	3.261787E+0
110.866667	3.444466E+0	3.261787E+0
110.933333	3.431521E+0	3.304423E+0
111.000000	3.359679E+0	3.291883E+0
111.066667	3.170039E+0	3.071179E+0
111.133333	2.843834E+0	2.313762E+0
111.200000	2.601122E+0	7.863889E-1
111.266667	2.521512E+0	5.280647E-1
111.333333	2.523454E+0	4.779046E-1
111.400000	2.521512E+0	5.456207E-1
111.466667	2.520218E+0	5.330807E-1
111.533333	2.520218E+0	4.728886E-1
111.600000	2.521512E+0	4.728886E-1
111.666667	2.522807E+0	4.804126E-1
111.733333	2.521512E+0	5.431127E-1
111.800000	2.521512E+0	4.728886E-1
111.866667	2.520218E+0	4.703806E-1
111.933333	2.521512E+0	4.753966E-1
112.000000	2.520218E+0	4.703806E-1
112.066667	2.520865E+0	4.829206E-1
112.133333	2.521512E+0	4.929526E-1
112.200000	2.650312E+0	1.435961E+0
112.266667	3.074249E+0	2.787775E+0
112.333333	3.432169E+0	3.384679E+0
112.400000	3.635400E+0	3.610399E+0
112.466667	3.775202E+0	3.602875E+0
112.533333	3.834100E+0	3.728275E+0
112.600000	3.884584E+0	3.765895E+0
112.666667	3.927301E+0	3.803515E+0
112.733333	3.944777E+0	3.856183E+0
112.800000	3.949955E+0	3.843643E+0
112.866667	3.960310E+0	3.745831E+0
112.933333	3.953191E+0	3.808531E+0
113.000000	3.949955E+0	3.886279E+0
113.066667	3.940893E+0	3.775927E+0
113.133333	3.937657E+0	3.798499E+0
113.200000	3.962899E+0	3.901327E+0
113.266667	3.979727E+0	3.893803E+0
113.333333	3.972608E+0	3.846151E+0
113.400000	3.924713E+0	3.816055E+0
113.466667	3.852223E+0	3.740815E+0
113.533333	3.786852E+0	3.745831E+0
113.600000	3.766788E+0	3.683131E+0
113.666667	3.770671E+0	3.723259E+0
113.733333	3.768082E+0	3.695671E+0
113.800000	3.760963E+0	3.703195E+0
113.866667	3.756432E+0	3.740815E+0
113.933333	3.757727E+0	3.710719E+0
114.000000	3.755785E+0	3.740815E+0
114.066667	3.729248E+0	3.725767E+0
114.133333	3.634105E+0	3.645511E+0
114.200000	3.345439E+0	3.580303E+0
114.266667	2.910499E+0	2.762695E+0
114.333333	2.622481E+0	1.200209E+0
114.400000	2.532515E+0	6.258767E-1
114.466667	2.522160E+0	8.089609E-1
114.533333	2.522160E+0	9.469010E-1
114.600000	2.518923E+0	9.995690E-1
114.666667	2.519571E+0	1.212749E+0
114.733333	2.522807E+0	7.136568E-1
114.800000	2.522807E+0	8.415649E-1
114.866667	2.520218E+0	5.606687E-1
114.933333	2.520218E+0	1.240337E+0
115.000000	2.523454E+0	5.606687E-1
115.066667	2.521512E+0	5.305727E-1
115.133333	2.523454E+0	6.810528E-1
115.200000	2.520865E+0	9.168050E-1
115.266667	2.522807E+0	5.681927E-1
115.333333	2.520865E+0	8.039449E-1
115.400000	2.521512E+0	5.280647E-1
115.466667	2.521512E+0	4.904446E-1
115.533333	2.521512E+0	4.804126E-1
115.600000	2.520865E+0	4.703806E-1
115.666667	2.521512E+0	4.929526E-1
115.733333	2.519571E+0	4.929526E-1
115.800000	2.520865E+0	4.829206E-1
115.866667	2.522160E+0	4.954606E-1
115.933333	2.521512E+0	6.409248E-1
116.000000	2.520865E+0	6.334007E-1
116.066667	2.525396E+0	4.603486E-1
116.133333	2.524749E+0	4.703806E-1
116.200000	2.561641E+0	6.258767E-1
116.266667	2.725391E+0	2.017818E+0
116.333333	3.083957E+0	2.697486E+0
116.400000	3.413399E+0	3.153943E+0
116.466667	3.740899E+0	3.462427E+0
116.533333	3.841220E+0	3.552715E+0
116.600000	3.790735E+0	3.565255E+0
116.666667	3.619866E+0	3.592843E+0
116.733333	3.226996E+0	3.214135E+0
116.800000	2.790761E+0	2.178330E+0
116.866667	2.518923E+0	5.155247E-1
116.933333	2.522160E+0	6.409248E-1
117.000000	2.520218E+0	9.168050E-1
117.066667	2.522160E+0	5.105086E-1
117.133333	2.521512E+0	7.287048E-1
117.200000	2.522160E+0	6.208607E-1
117.266667	2.522807E+0	4.954606E-1
117.333333	2.519571E+0	4.804126E-1
117.400000	2.521512E+0	4.753966E-1
117.466667	2.521512E+0	4.728886E-1
117.533333	2.520218E+0	4.879366E-1
117.600000	2.521512E+0	4.703806E-1
117.666667	2.523454E+0	4.703806E-1
117.733333	2.519571E+0	8.591209E-1
117.800000	2.521512E+0	9.594410E-1
117.866667	2.520865E+0	8.014369E-1
117.933333	2.521512E+0	6.634968E-1
118.000000	2.520865E+0	4.653646E-1
118.066667	2.521512E+0	4.954606E-1
118.133333	2.522807E+0	5.004766E-1
118.200000	2.522160E+0	4.904446E-1
118.266667	2.520865E+0	4.804126E-1
118.333333	2.556463E+0	6.760368E-1
118.400000	2.764225E+0	2.005278E+0
118.466667	3.169392E+0	3.477475E+0
118.533333	3.494303E+0	3.572779E+0
118.600000	3.603038E+0	3.718243E+0
118.666667	3.528606E+0	3.735799E+0
118.733333	3.393335E+0	3.658051E+0
118.800000	3.143503E+0	3.357091E+0
118.866667	2.839951E+0	2.835427E+0
118.933333	2.535752E+0	7.061328E-1
119.000000	2.518923E+0	5.380967E-1
119.066667	2.522807E+0	4.804126E-1
119.133333	2.522160E+0	1.014617E+0
119.200000	2.520218E+0	1.019633E+0
119.266667	2.520865E+0	1.054745E+0
119.333333	2.521512E+0	5.857487E-1
119.400000	2.522160E+0	6.634968E-1
119.466667	2.521512E+0	4.578406E-1
119.533333	2.520865E+0	4.854286E-1
119.600000	2.522160E+0	7.638169E-1
119.666667	2.522160E+0	1.069793E+0
119.733333	2.520218E+0	4.829206E-1
119.800000	2.520865E+0	4.678726E-1
119.866667	2.521512E+0	4.678726E-1
119.933333	2.519571E+0	4.628566E-1
120.000000	2.521512E+0	4.553326E-1

