0.000000	2.520218E+0	5.406047E-1
0.066667	2.524101E+0	5.481287E-1
0.133333	2.523454E+0	5.431127E-1
0.200000	2.521512E+0	5.456207E-1
0.266667	2.522160E+0	5.531447E-1
0.333333	2.522160E+0	5.255567E-1
0.400000	2.521512E+0	5.305727E-1
0.466667	2.522807E+0	5.130166E-1
0.533333	2.521512E+0	5.054926E-1
0.600000	2.522160E+0	5.029846E-1
0.666667	2.523454E+0	5.130166E-1
0.733333	2.522160E+0	5.130166E-1
0.800000	2.522160E+0	5.155247E-1
0.866667	2.523454E+0	5.130166E-1
0.933333	2.520218E+0	4.929526E-1
1.000000	2.523454E+0	5.080006E-1
1.066667	2.525396E+0	5.631767E-1
1.133333	2.521512E+0	5.355887E-1
1.200000	2.523454E+0	5.481287E-1
1.266667	2.531221E+0	6.835608E-1
1.333333	2.543518E+0	1.012109E+0
1.400000	2.590119E+0	1.784574E+0
1.466667	2.664551E+0	2.908159E+0
1.533333	2.748691E+0	3.131371E+0
1.600000	2.834126E+0	3.344551E+0
1.666667	2.889788E+0	3.530143E+0
1.733333	2.909852E+0	3.597859E+0
1.800000	2.928622E+0	3.650527E+0
1.866667	2.935741E+0	3.592843E+0
1.933333	2.940272E+0	3.550207E+0
2.000000	2.948039E+0	3.532651E+0
2.066667	2.950628E+0	3.585319E+0
2.133333	2.955805E+0	3.612907E+0
2.200000	2.953864E+0	3.572779E+0
2.266667	2.960336E+0	3.612907E+0
2.333333	2.969397E+0	3.643003E+0
2.400000	2.959689E+0	3.763387E+0
2.466667	2.943508E+0	3.713227E+0
2.533333	2.889788E+0	3.640495E+0
2.600000	2.788819E+0	3.512587E+0
2.666667	2.671023E+0	2.923207E+0
2.733333	2.564877E+0	2.007786E+0
2.800000	2.524749E+0	9.418850E-1
2.866667	2.522160E+0	7.462608E-1
2.933333	2.521512E+0	7.337208E-1
3.000000	2.523454E+0	7.763569E-1
3.066667	2.521512E+0	8.741689E-1
3.133333	2.520218E+0	8.240089E-1
3.200000	2.521512E+0	7.838809E-1
3.266667	2.523454E+0	7.663249E-1
3.333333	2.521512E+0	7.939129E-1
3.400000	2.521512E+0	7.688329E-1
3.466667	2.522160E+0	7.487688E-1
3.533333	2.520865E+0	7.412448E-1
3.600000	2.522160E+0	6.710208E-1
3.666667	2.522807E+0	7.186728E-1
3.733333	2.522160E+0	6.559728E-1
3.800000	2.522807E+0	7.312128E-1
3.866667	2.523454E+0	7.537848E-1
3.933333	2.521512E+0	8.139769E-1
4.000000	2.522160E+0	7.236888E-1
4.066667	2.522807E+0	7.437528E-1
4.133333	2.523454E+0	7.713409E-1
4.200000	2.521512E+0	8.240089E-1
4.266667	2.520218E+0	7.964209E-1
4.333333	2.522807E+0	7.863889E-1
4.400000	2.523454E+0	7.813729E-1
4.466667	2.521512E+0	7.362288E-1
4.533333	2.522807E+0	7.111488E-1
4.600000	2.539635E+0	1.094873E+0
4.666667	2.641898E+0	2.822887E+0
4.733333	2.764872E+0	3.206611E+0
4.800000	2.884610E+0	3.404743E+0
4.866667	2.961631E+0	3.469951E+0
4.933333	3.004348E+0	3.444871E+0
5.000000	3.025059E+0	3.452395E+0
5.066667	3.005642E+0	3.482491E+0
5.133333	2.905321E+0	3.306931E+0
5.200000	2.740924E+0	2.870539E+0
5.266667	2.614714E+0	2.148234E+0
5.333333	2.524101E+0	1.132493E+0
5.400000	2.521512E+0	7.813729E-1
5.466667	2.521512E+0	7.337208E-1
5.533333	2.523454E+0	8.340409E-1
5.600000	2.523454E+0	7.136568E-1
5.666667	2.523454E+0	6.534648E-1
5.733333	2.521512E+0	7.011168E-1
5.800000	2.522160E+0	7.136568E-1
5.866667	2.519571E+0	7.462608E-1
5.933333	2.520865E+0	7.362288E-1
6.000000	2.523454E+0	7.362288E-1
6.066667	2.520865E+0	6.634968E-1
6.133333	2.521512E+0	6.885768E-1
6.200000	2.521512E+0	6.785448E-1
6.266667	2.521512E+0	6.835608E-1
6.333333	2.521512E+0	6.835608E-1
6.400000	2.521512E+0	6.434328E-1
6.466667	2.522807E+0	6.208607E-1
6.533333	2.520218E+0	6.158447E-1
6.600000	2.524101E+0	6.108287E-1
6.666667	2.521512E+0	6.133367E-1
6.733333	2.523454E+0	5.957807E-1
6.800000	2.519571E+0	5.932727E-1
6.866667	2.520865E+0	6.334007E-1
6.933333	2.522160E+0	6.660048E-1
7.000000	2.591414E+0	2.067978E+0
7.066667	2.705326E+0	2.747646E+0
7.133333	2.845129E+0	3.291883E+0
7.200000	2.989462E+0	3.402235E+0
7.266667	3.065188E+0	3.592843E+0
7.333333	3.038651E+0	3.510079E+0
7.400000	2.872312E+0	3.457411E+0
7.466667	2.621186E+0	2.531958E+0
7.533333	2.522160E+0	7.036248E-1
7.600000	2.522160E+0	7.838809E-1
7.666667	2.524101E+0	7.437528E-1
7.733333	2.522160E+0	7.788649E-1
7.800000	2.522160E+0	8.691529E-1
7.866667	2.522160E+0	9.343610E-1
7.933333	2.523454E+0	7.914049E-1
8.000000	2.520218E+0	8.691529E-1
8.066667	2.521512E+0	8.164849E-1
8.133333	2.519571E+0	7.362288E-1
8.200000	2.520218E+0	8.014369E-1
8.266667	2.521512E+0	7.111488E-1
8.333333	2.521512E+0	7.437528E-1
8.400000	2.521512E+0	8.992490E-1
8.466667	2.520218E+0	7.939129E-1
8.533333	2.523454E+0	7.939129E-1
8.600000	2.521512E+0	7.211808E-1
8.666667	2.520218E+0	7.663249E-1
8.733333	2.522160E+0	7.412448E-1
8.800000	2.521512E+0	6.810528E-1
8.866667	2.522160E+0	7.111488E-1
8.933333	2.527337E+0	8.240089E-1
9.000000	2.527337E+0	7.136568E-1
9.066667	2.558405E+0	1.333133E+0
9.133333	2.601769E+0	2.303730E+0
9.200000	2.659373E+0	2.622246E+0
9.266667	2.726685E+0	2.935747E+0
9.333333	2.864546E+0	3.309439E+0
9.400000	2.959042E+0	3.412267E+0
9.466667	3.022470E+0	3.695671E+0
9.533333	3.080721E+0	3.738307E+0
9.600000	3.093666E+0	3.673099E+0
9.666667	3.084605E+0	3.645511E+0
9.733333	3.012762E+0	3.710719E+0
9.800000	2.858073E+0	3.442363E+0
9.866667	2.655490E+0	2.918191E+0
9.933333	2.531221E+0	1.501169E+0
10.000000	2.520218E+0	1.047221E+0
10.066667	2.520865E+0	9.519170E-1
10.133333	2.521512E+0	9.268370E-1
10.200000	2.523454E+0	1.135001E+0
10.266667	2.520218E+0	1.192685E+0
10.333333	2.520865E+0	1.127477E+0
10.400000	2.521512E+0	1.145033E+0
10.466667	2.522160E+0	1.145033E+0
10.533333	2.523454E+0	1.190177E+0
10.600000	2.521512E+0	1.152557E+0
10.666667	2.520218E+0	1.112429E+0
10.733333	2.521512E+0	1.127477E+0
10.800000	2.520218E+0	1.109921E+0
10.866667	2.523454E+0	1.089857E+0
10.933333	2.521512E+0	1.037189E+0
11.000000	2.521512E+0	9.945530E-1
11.066667	2.521512E+0	1.022141E+0
11.133333	2.521512E+0	9.920450E-1
11.200000	2.520865E+0	1.112429E+0
11.266667	2.521512E+0	1.034681E+0
11.333333	2.520865E+0	1.117445E+0
11.400000	2.520218E+0	1.142525E+0
11.466667	2.526690E+0	7.061328E-1
11.533333	2.530574E+0	7.688329E-1
11.600000	2.529279E+0	8.415649E-1
11.666667	2.531868E+0	7.713409E-1
11.733333	2.534457E+0	9.870290E-1
11.800000	2.584941E+0	2.000262E+0
11.866667	2.682026E+0	2.539482E+0
11.933333	2.756458E+0	3.010987E+0
12.000000	2.831537E+0	3.332011E+0
12.066667	2.886552E+0	3.417283E+0
12.133333	2.913735E+0	3.324487E+0
12.200000	2.919560E+0	3.607891E+0
12.266667	2.920208E+0	3.582811E+0
12.333333	2.934447E+0	3.723259E+0
12.400000	2.933800E+0	3.648019E+0
12.466667	2.929269E+0	3.517603E+0
12.533333	2.927327E+0	3.577795E+0
12.600000	2.922149E+0	3.552715E+0
12.666667	2.909205E+0	3.625447E+0
12.733333	2.909205E+0	3.580303E+0
12.800000	2.904027E+0	3.575287E+0
12.866667	2.881374E+0	3.557731E+0
12.933333	2.810825E+0	3.560239E+0
13.000000	2.687851E+0	3.143911E+0
13.066667	2.566819E+0	2.755170E+0
13.133333	2.526690E+0	8.265169E-1
13.200000	2.521512E+0	6.910848E-1
13.266667	2.523454E+0	7.362288E-1
13.333333	2.520218E+0	8.164849E-1
13.400000	2.523454E+0	8.240089E-1
13.466667	2.522160E+0	1.054745E+0
13.533333	2.520865E+0	1.087349E+0
13.600000	2.519571E+0	1.082333E+0
13.666667	2.522807E+0	1.104905E+0
13.733333	2.521512E+0	1.077317E+0
13.800000	2.523454E+0	1.044713E+0
13.866667	2.519571E+0	1.107413E+0
13.933333	2.518923E+0	1.145033E+0
14.000000	2.521512E+0	1.092365E+0
14.066667	2.520218E+0	1.087349E+0
14.133333	2.522160E+0	1.062269E+0
14.200000	2.522160E+0	1.042205E+0
14.266667	2.520218E+0	1.022141E+0
14.333333	2.521512E+0	1.039697E+0
14.400000	2.521512E+0	9.970610E-1
14.466667	2.521512E+0	1.017125E+0
14.533333	2.521512E+0	1.002077E+0
14.600000	2.522160E+0	1.012109E+0
14.666667	2.521512E+0	1.027157E+0
14.733333	2.523454E+0	1.037189E+0
14.800000	2.521512E+0	1.042205E+0
14.866667	2.521512E+0	1.104905E+0
14.933333	2.522807E+0	1.129985E+0
15.000000	2.521512E+0	1.094873E+0
15.066667	2.521512E+0	1.202717E+0
15.133333	2.521512E+0	1.197701E+0
15.200000	2.520218E+0	1.155065E+0
15.266667	2.522160E+0	1.137509E+0
15.333333	2.521512E+0	1.082333E+0
15.400000	2.522160E+0	9.945530E-1
15.466667	2.520218E+0	1.014617E+0
15.533333	2.521512E+0	9.945530E-1
15.600000	2.523454E+0	1.017125E+0
15.666667	2.520218E+0	9.845210E-1
15.733333	2.523454E+0	9.920450E-1
15.800000	2.523454E+0	1.042205E+0
15.866667	2.521512E+0	9.920450E-1
15.933333	2.521512E+0	9.795050E-1
16.000000	2.522807E+0	1.032173E+0
16.066667	2.522160E+0	1.052237E+0
16.133333	2.522160E+0	1.064777E+0
16.200000	2.523454E+0	1.039697E+0
16.266667	2.522160E+0	9.895370E-1
16.333333	2.522160E+0	9.644570E-1
16.400000	2.529279E+0	6.735288E-1
16.466667	2.562935E+0	2.103090E+0
16.533333	2.702090E+0	2.950795E+0
16.600000	2.938977E+0	3.590335E+0
16.666667	3.239293E+0	3.720751E+0
16.733333	3.396571E+0	3.831103E+0
16.800000	3.488478E+0	3.918883E+0
16.866667	3.392687E+0	3.959011E+0
16.933333	3.038651E+0	3.690655E+0
17.000000	2.683968E+0	3.168991E+0
17.066667	2.527985E+0	1.551330E+0
17.133333	2.522807E+0	6.434328E-1
17.200000	2.521512E+0	6.359088E-1
17.266667	2.523454E+0	5.932727E-1
17.333333	2.520865E+0	7.111488E-1
17.400000	2.522160E+0	6.509568E-1
17.466667	2.521512E+0	6.609888E-1
17.533333	2.523454E+0	6.459408E-1
17.600000	2.523454E+0	6.183527E-1
17.666667	2.522160E+0	6.208607E-1
17.733333	2.521512E+0	6.409248E-1
17.800000	2.523454E+0	6.033047E-1
17.866667	2.521512E+0	6.233687E-1
17.933333	2.520218E+0	6.108287E-1
18.000000	2.521512E+0	6.007967E-1
18.066667	2.522160E+0	6.083207E-1
18.133333	2.521512E+0	6.083207E-1
18.200000	2.521512E+0	5.832407E-1
18.266667	2.523454E+0	5.882567E-1
18.333333	2.521512E+0	6.233687E-1
18.400000	2.520218E+0	5.606687E-1
18.466667	2.521512E+0	5.581607E-1
18.533333	2.522160E+0	5.832407E-1
18.600000	2.547402E+0	1.220273E+0
18.666667	2.681379E+0	2.559546E+0
18.733333	2.915030E+0	3.472459E+0
18.800000	3.127322E+0	3.831103E+0
18.866667	3.258710E+0	3.901327E+0
18.933333	3.358384E+0	3.913867E+0
19.000000	3.401749E+0	4.006664E+0
19.066667	3.440583E+0	4.086920E+0
19.133333	3.435405E+0	4.091936E+0
19.200000	3.413399E+0	4.101968E+0
19.266667	3.324081E+0	4.101968E+0
19.333333	3.048360E+0	3.755863E+0
19.400000	2.694971E+0	2.950795E+0
19.466667	2.529926E+0	1.491137E+0
19.533333	2.520218E+0	9.092810E-1
19.600000	2.521512E+0	6.609888E-1
19.666667	2.522160E+0	6.760368E-1
19.733333	2.521512E+0	7.914049E-1
19.800000	2.521512E+0	7.939129E-1
19.866667	2.520218E+0	9.343610E-1
19.933333	2.520865E+0	7.136568E-1
20.000000	2.522807E+0	6.986088E-1
20.066667	2.520218E+0	7.312128E-1
20.133333	2.520218E+0	6.835608E-1
20.200000	2.523454E+0	6.685128E-1
20.266667	2.518923E+0	6.484488E-1
20.333333	2.518923E+0	6.660048E-1
20.400000	2.521512E+0	6.509568E-1
20.466667	2.521512E+0	6.233687E-1
20.533333	2.519571E+0	6.083207E-1
20.600000	2.521512E+0	5.982887E-1
20.666667	2.521512E+0	6.108287E-1
20.733333	2.520218E+0	6.509568E-1
20.800000	2.521512E+0	6.735288E-1
20.866667	2.522160E+0	6.484488E-1
20.933333	2.522160E+0	6.384168E-1
21.000000	2.627011E+0	2.348874E+0
21.066667	2.609536E+0	2.544498E+0
21.133333	2.535104E+0	1.230305E+0
21.200000	2.522160E+0	5.832407E-1
21.266667	2.522160E+0	5.932727E-1
21.333333	2.521512E+0	5.757167E-1
21.400000	2.521512E+0	5.857487E-1
21.466667	2.521512E+0	6.484488E-1
21.533333	2.523454E+0	6.334007E-1
21.600000	2.522160E+0	6.409248E-1
21.666667	2.520218E+0	6.133367E-1
21.733333	2.522160E+0	5.982887E-1
21.800000	2.522160E+0	6.058127E-1
21.866667	2.628953E+0	2.812855E+0
21.933333	2.634131E+0	3.101275E+0
22.000000	2.558405E+0	2.108106E+0
22.066667	2.521512E+0	6.409248E-1
22.133333	2.523454E+0	5.907647E-1
22.200000	2.522807E+0	5.606687E-1
22.266667	2.523454E+0	5.882567E-1
22.333333	2.522160E+0	5.957807E-1
22.400000	2.521512E+0	5.681927E-1
22.466667	2.523454E+0	6.233687E-1
22.533333	2.521512E+0	6.083207E-1
22.600000	2.521512E+0	6.334007E-1
22.666667	2.522160E+0	6.384168E-1
22.733333	2.521512E+0	5.932727E-1
22.800000	2.522807E+0	5.957807E-1
22.866667	2.522160E+0	5.932727E-1
22.933333	2.523454E+0	6.007967E-1
23.000000	2.520218E+0	6.108287E-1
23.066667	2.522807E+0	5.957807E-1
23.133333	2.521512E+0	5.531447E-1
23.200000	2.520218E+0	6.133367E-1
23.266667	2.522160E+0	5.832407E-1
23.333333	2.522160E+0	5.531447E-1
23.400000	2.633484E+0	2.730090E+0
23.466667	2.562935E+0	2.027850E+0
23.533333	2.520865E+0	6.108287E-1
23.600000	2.521512E+0	7.086408E-1
23.666667	2.521512E+0	6.007967E-1
23.733333	2.522160E+0	6.208607E-1
23.800000	2.521512E+0	6.133367E-1
23.866667	2.521512E+0	7.136568E-1
23.933333	2.521512E+0	7.337208E-1
24.000000	2.522807E+0	7.211808E-1
24.066667	2.520218E+0	7.161648E-1
24.133333	2.521512E+0	7.136568E-1
24.200000	2.523454E+0	7.111488E-1
24.266667	2.520218E+0	7.086408E-1
24.333333	2.522160E+0	6.835608E-1
24.400000	2.524101E+0	6.685128E-1
24.466667	2.520865E+0	6.609888E-1
24.533333	2.521512E+0	6.609888E-1
24.600000	2.519571E+0	6.785448E-1
24.666667	2.520865E+0	6.685128E-1
24.733333	2.522807E+0	6.534648E-1
24.800000	2.520218E+0	6.609888E-1
24.866667	2.520218E+0	6.735288E-1
24.933333	2.523454E+0	6.735288E-1
25.000000	2.580411E+0	2.298714E+0
25.066667	2.803059E+0	3.108799E+0
25.133333	3.077485E+0	3.703195E+0
25.200000	3.234115E+0	3.673099E+0
25.266667	3.396571E+0	3.803515E+0
25.333333	3.482005E+0	3.828595E+0
25.400000	3.511131E+0	3.911359E+0
25.466667	3.526017E+0	3.956503E+0
25.533333	3.522134E+0	3.831103E+0
25.600000	3.411457E+0	3.946471E+0
25.666667	3.132500E+0	3.740815E+0
25.733333	2.734452E+0	2.968351E+0
25.800000	2.542871E+0	1.593966E+0
25.866667	2.522807E+0	1.002077E+0
25.933333	2.520865E+0	8.716609E-1
26.000000	2.520865E+0	7.939129E-1
26.066667	2.522160E+0	7.964209E-1
26.133333	2.520218E+0	7.537848E-1
26.200000	2.521512E+0	7.487688E-1
26.266667	2.522807E+0	7.287048E-1
26.333333	2.522807E+0	7.362288E-1
26.400000	2.520865E+0	7.663249E-1
26.466667	2.520218E+0	8.290249E-1
26.533333	2.520218E+0	8.315329E-1
26.600000	2.520218E+0	8.415649E-1
26.666667	2.522160E+0	8.139769E-1
26.733333	2.522807E+0	9.694730E-1
26.800000	2.521512E+0	9.318530E-1
26.866667	2.519571E+0	9.694730E-1
26.933333	2.523454E+0	8.892170E-1
27.000000	2.524101E+0	8.791850E-1
27.066667	2.521512E+0	8.440729E-1
27.133333	2.657431E+0	2.509386E+0
27.200000	2.813414E+0	3.266803E+0
27.266667	2.903380E+0	3.352075E+0
27.333333	2.915677E+0	3.382171E+0
27.400000	2.877490E+0	3.372139E+0
27.466667	2.838656E+0	3.216643E+0
27.533333	2.816650E+0	3.191563E+0
27.600000	2.825712E+0	3.191563E+0
27.666667	2.939625E+0	3.444871E+0
27.733333	3.279422E+0	3.780943E+0
27.800000	3.434758E+0	3.863707E+0
27.866667	3.437994E+0	3.881263E+0
27.933333	3.398512E+0	3.964027E+0
28.000000	3.201754E+0	3.723259E+0
28.066667	2.884610E+0	3.472459E+0
28.133333	2.669081E+0	2.767711E+0
28.200000	2.541577E+0	1.578918E+0
28.266667	2.521512E+0	1.195193E+0
28.333333	2.521512E+0	1.094873E+0
28.400000	2.521512E+0	1.272941E+0
28.466667	2.523454E+0	1.044713E+0
28.533333	2.521512E+0	9.744890E-1
28.600000	2.521512E+0	6.810528E-1
28.666667	2.521512E+0	6.484488E-1
28.733333	2.523454E+0	7.136568E-1
28.800000	2.521512E+0	7.838809E-1
28.866667	2.523454E+0	8.215009E-1
28.933333	2.523454E+0	7.863889E-1
29.000000	2.522160E+0	7.964209E-1
29.066667	2.522160E+0	8.014369E-1
29.133333	2.521512E+0	7.337208E-1
29.200000	2.520865E+0	7.011168E-1
29.266667	2.521512E+0	6.910848E-1
29.333333	2.521512E+0	6.885768E-1
29.400000	2.521512E+0	6.559728E-1
29.466667	2.520218E+0	6.308927E-1
29.533333	2.522807E+0	8.014369E-1
29.600000	2.522160E+0	7.989289E-1
29.666667	2.522807E+0	8.014369E-1
29.733333	2.521512E+0	8.139769E-1
29.800000	2.522807E+0	7.537848E-1
29.866667	2.521512E+0	7.688329E-1
29.933333	2.520865E+0	8.164849E-1
30.000000	2.533810E+0	9.820130E-1
30.066667	2.560346E+0	2.000262E+0
30.133333	2.641250E+0	2.740122E+0
30.200000	2.896260E+0	3.482491E+0
30.266667	3.192045E+0	3.750847E+0
30.333333	3.267124E+0	3.948979E+0
30.400000	3.225054E+0	3.866215E+0
30.466667	2.984931E+0	3.610399E+0
30.533333	2.705326E+0	3.061147E+0
30.600000	2.538340E+0	1.511201E+0
30.666667	2.521512E+0	1.077317E+0
30.733333	2.521512E+0	1.099889E+0
30.800000	2.522160E+0	1.109921E+0
30.866667	2.521512E+0	1.029665E+0
30.933333	2.522807E+0	9.970610E-1
31.000000	2.521512E+0	1.007093E+0
31.066667	2.522807E+0	1.022141E+0
31.133333	2.521512E+0	1.037189E+0
31.200000	2.520218E+0	9.895370E-1
31.266667	2.523454E+0	9.293450E-1
31.333333	2.523454E+0	8.942330E-1
31.400000	2.521512E+0	9.218210E-1
31.466667	2.523454E+0	9.218210E-1
31.533333	2.519571E+0	9.168050E-1
31.600000	2.522160E+0	1.004585E+0
31.666667	2.520218E+0	9.870290E-1
31.733333	2.523454E+0	9.769970E-1
31.800000	2.521512E+0	9.845210E-1
31.866667	2.522160E+0	9.920450E-1
31.933333	2.539635E+0	1.032173E+0
32.000000	2.563583E+0	1.420913E+0
32.066667	2.637367E+0	2.499354E+0
32.133333	2.852248E+0	3.186547E+0
32.200000	3.005642E+0	3.622939E+0
32.266667	3.118261E+0	3.670591E+0
32.333333	3.266477E+0	3.921391E+0
32.400000	3.304017E+0	3.999140E+0
32.466667	3.151917E+0	3.918883E+0
32.533333	2.858073E+0	3.555223E+0
32.600000	2.549991E+0	1.611522E+0
32.666667	2.523454E+0	1.433453E+0
32.733333	2.521512E+0	1.082333E+0
32.800000	2.521512E+0	1.155065E+0
32.866667	2.522807E+0	1.155065E+0
32.933333	2.522807E+0	1.142525E+0
33.000000	2.523454E+0	9.845210E-1
33.066667	2.523454E+0	1.145033E+0
33.133333	2.519571E+0	1.027157E+0
33.200000	2.520865E+0	1.024649E+0
33.266667	2.521512E+0	1.084841E+0
33.333333	2.521512E+0	1.034681E+0
33.400000	2.520218E+0	9.945530E-1
33.466667	2.521512E+0	9.544250E-1
33.533333	2.522160E+0	1.112429E+0
33.600000	2.521512E+0	9.694730E-1
33.666667	2.520218E+0	9.719810E-1
33.733333	2.521512E+0	1.089857E+0
33.800000	2.523454E+0	1.064777E+0
33.866667	2.521512E+0	1.047221E+0
33.933333	2.523454E+0	5.130166E-1
34.000000	2.667140E+0	2.579610E+0
34.066667	2.827653E+0	3.462427E+0
34.133333	2.949980E+0	3.439855E+0
34.200000	3.023765E+0	3.565255E+0
34.266667	2.997876E+0	3.557731E+0
34.333333	2.678790E+0	2.790283E+0
34.400000	2.522160E+0	9.343610E-1
34.466667	2.523454E+0	8.440729E-1
34.533333	2.522160E+0	5.932727E-1
34.600000	2.522160E+0	5.707007E-1
34.666667	2.523454E+0	5.581607E-1
34.733333	2.523454E+0	6.233687E-1
34.800000	2.522160E+0	5.431127E-1
34.866667	2.521512E+0	5.681927E-1
34.933333	2.522807E+0	6.158447E-1
35.000000	2.520865E+0	5.957807E-1
35.066667	2.521512E+0	6.685128E-1
35.133333	2.522807E+0	6.058127E-1
35.200000	2.522160E+0	6.559728E-1
35.266667	2.520865E+0	6.007967E-1
35.333333	2.522807E+0	8.064529E-1
35.400000	2.521512E+0	8.139769E-1
35.466667	2.520218E+0	7.011168E-1
35.533333	2.520218E+0	6.785448E-1
35.600000	2.522807E+0	6.409248E-1
35.666667	2.520865E+0	6.409248E-1
35.733333	2.521512E+0	7.011168E-1
35.800000	2.521512E+0	7.939129E-1
35.866667	2.522807E+0	6.434328E-1
35.933333	2.520218E+0	6.308927E-1
36.000000	2.522160E+0	6.007967E-1
36.066667	2.521512E+0	5.531447E-1
36.133333	2.520218E+0	5.681927E-1
36.200000	2.523454E+0	5.330807E-1
36.266667	2.521512E+0	5.130166E-1
36.333333	2.520218E+0	5.080006E-1
36.400000	2.523454E+0	5.230487E-1
36.466667	2.519571E+0	6.133367E-1
36.533333	2.521512E+0	6.559728E-1
36.600000	2.520218E+0	6.634968E-1
36.666667	2.522160E+0	6.910848E-1
36.733333	2.521512E+0	7.136568E-1
36.800000	2.523454E+0	7.261968E-1
36.866667	2.520865E+0	7.312128E-1
36.933333	2.521512E+0	7.412448E-1
37.000000	2.520218E+0	7.061328E-1
37.066667	2.520218E+0	7.111488E-1
37.133333	2.520218E+0	7.562928E-1
37.200000	2.521512E+0	7.236888E-1
37.266667	2.520865E+0	7.387368E-1
37.333333	2.522807E+0	7.086408E-1
37.400000	2.518923E+0	7.462608E-1
37.466667	2.521512E+0	7.512768E-1
37.533333	2.521512E+0	7.036248E-1
37.600000	2.522160E+0	6.885768E-1
37.666667	2.519571E+0	7.036248E-1
37.733333	2.520218E+0	6.910848E-1
37.800000	2.521512E+0	6.534648E-1
37.866667	2.520218E+0	6.033047E-1
37.933333	2.523454E+0	5.556527E-1
38.000000	2.519571E+0	5.029846E-1
38.066667	2.521512E+0	5.080006E-1
38.133333	2.523454E+0	4.929526E-1
38.200000	2.522160E+0	5.080006E-1
38.266667	2.521512E+0	4.979686E-1
38.333333	2.521512E+0	5.029846E-1
38.400000	2.523454E+0	5.054926E-1
38.466667	2.520218E+0	5.029846E-1
38.533333	2.521512E+0	5.004766E-1
38.600000	2.523454E+0	5.029846E-1
38.666667	2.520865E+0	4.904446E-1
38.733333	2.520865E+0	4.929526E-1
38.800000	2.523454E+0	4.929526E-1
38.866667	2.521512E+0	4.979686E-1
38.933333	2.522807E+0	4.879366E-1
39.000000	2.523454E+0	4.904446E-1
39.066667	2.519571E+0	4.929526E-1
39.133333	2.520218E+0	4.829206E-1
39.200000	2.523454E+0	4.879366E-1
39.266667	2.521512E+0	4.804126E-1
39.333333	2.521512E+0	4.879366E-1
39.400000	2.520218E+0	4.879366E-1
39.466667	2.520218E+0	4.929526E-1
39.533333	2.522160E+0	4.829206E-1
39.600000	2.523454E+0	4.854286E-1
39.666667	2.521512E+0	4.829206E-1
39.733333	2.523454E+0	4.804126E-1
39.800000	2.521512E+0	4.929526E-1
39.866667	2.522160E+0	4.929526E-1
39.933333	2.521512E+0	4.879366E-1
40.000000	2.521512E+0	4.879366E-1
40.066667	2.520865E+0	4.854286E-1
40.133333	2.522160E+0	4.779046E-1
40.200000	2.521512E+0	4.804126E-1
40.266667	2.522807E+0	4.854286E-1
40.333333	2.520218E+0	4.804126E-1
40.400000	2.521512E+0	4.779046E-1
40.466667	2.521512E+0	4.879366E-1
40.533333	2.522160E+0	4.854286E-1
40.600000	2.520865E+0	4.804126E-1
40.666667	2.523454E+0	4.879366E-1
40.733333	2.536399E+0	8.315329E-1
40.800000	2.585588E+0	2.118138E+0
40.866667	2.713093E+0	2.810347E+0
40.933333	2.935741E+0	3.081211E+0
41.000000	3.113083E+0	3.479983E+0
41.066667	3.267124E+0	3.743323E+0
41.133333	3.365504E+0	3.778435E+0
41.200000	3.385568E+0	3.823579E+0
41.266667	3.375859E+0	3.730783E+0
41.333333	3.293014E+0	3.806023E+0
41.400000	3.074249E+0	3.570271E+0
41.466667	2.751927E+0	3.174007E+0
41.533333	2.549991E+0	1.270433E+0
41.600000	2.521512E+0	8.340409E-1
41.666667	2.520865E+0	7.161648E-1
41.733333	2.520865E+0	6.961008E-1
41.800000	2.521512E+0	8.415649E-1
41.866667	2.520218E+0	6.158447E-1
41.933333	2.519571E+0	5.782247E-1
42.000000	2.521512E+0	6.334007E-1
42.066667	2.521512E+0	6.233687E-1
42.133333	2.522807E+0	6.133367E-1
42.200000	2.520218E+0	5.857487E-1
42.266667	2.520218E+0	5.732087E-1
42.333333	2.522807E+0	5.481287E-1
42.400000	2.519571E+0	5.606687E-1
42.466667	2.522807E+0	6.534648E-1
42.533333	2.521512E+0	6.835608E-1
42.600000	2.521512E+0	6.133367E-1
42.666667	2.522160E+0	6.459408E-1
42.733333	2.521512E+0	6.058127E-1
42.800000	2.520218E+0	5.757167E-1
42.866667	2.522160E+0	5.757167E-1
42.933333	2.521512E+0	5.882567E-1
43.000000	2.520218E+0	5.732087E-1
43.066667	2.521512E+0	5.832407E-1
43.133333	2.521512E+0	6.183527E-1
43.200000	2.522807E+0	6.058127E-1
43.266667	2.523454E+0	6.083207E-1
43.333333	2.522807E+0	6.083207E-1
43.400000	2.520218E+0	5.656847E-1
43.466667	2.522807E+0	5.355887E-1
43.533333	2.521512E+0	5.330807E-1
43.600000	2.520218E+0	5.205407E-1
43.666667	2.521512E+0	5.330807E-1
43.733333	2.521512E+0	5.355887E-1
43.800000	2.520218E+0	5.456207E-1
43.866667	2.522807E+0	5.431127E-1
43.933333	2.520865E+0	5.456207E-1
44.000000	2.518923E+0	5.656847E-1
44.066667	2.521512E+0	5.581607E-1
44.133333	2.523454E+0	5.481287E-1
44.200000	2.521512E+0	5.581607E-1
44.266667	2.521512E+0	5.556527E-1
44.333333	2.521512E+0	5.431127E-1
44.400000	2.521512E+0	5.406047E-1
44.466667	2.520218E+0	5.606687E-1
44.533333	2.521512E+0	5.531447E-1
44.600000	2.522160E+0	5.606687E-1
44.666667	2.520865E+0	5.681927E-1
44.733333	2.521512E+0	5.531447E-1
44.800000	2.522807E+0	5.631767E-1
44.866667	2.522160E+0	5.380967E-1
44.933333	2.521512E+0	5.130166E-1
45.000000	2.521512E+0	4.929526E-1
45.066667	2.521512E+0	5.054926E-1
45.133333	2.520865E+0	5.029846E-1
45.200000	2.521512E+0	5.130166E-1
45.266667	2.521512E+0	5.230487E-1
45.333333	2.520218E+0	5.130166E-1
45.400000	2.522807E+0	5.130166E-1
45.466667	2.521512E+0	5.080006E-1
45.533333	2.524101E+0	5.029846E-1
45.600000	2.523454E+0	5.054926E-1
45.666667	2.521512E+0	5.029846E-1
45.733333	2.522160E+0	5.080006E-1
45.800000	2.521512E+0	5.004766E-1
45.866667	2.522807E+0	5.205407E-1
45.933333	2.521512E+0	4.979686E-1
46.000000	2.520218E+0	4.954606E-1
46.066667	2.521512E+0	4.954606E-1
46.133333	2.522807E+0	4.879366E-1
46.200000	2.521512E+0	4.929526E-1
46.266667	2.518923E+0	5.029846E-1
46.333333	2.532515E+0	5.606687E-1
46.400000	2.605005E+0	2.366430E+0
46.466667	2.718271E+0	2.667390E+0
46.533333	2.832184E+0	3.121339E+0
46.600000	2.940919E+0	3.324487E+0
46.666667	3.033473E+0	3.329503E+0
46.733333	3.091077E+0	3.422299E+0
46.800000	3.114377E+0	3.708211E+0
46.866667	3.111788E+0	3.565255E+0
46.933333	3.129911E+0	3.680623E+0
47.000000	3.107905E+0	3.627955E+0
47.066667	3.089135E+0	3.565255E+0
47.133333	3.089783E+0	3.635479E+0
47.200000	3.087194E+0	3.718243E+0
47.266667	3.091077E+0	3.763387E+0
47.333333	3.079427E+0	3.627955E+0
47.400000	3.076838E+0	3.650527E+0
47.466667	3.078132E+0	3.602875E+0
47.533333	3.075543E+0	3.572779E+0
47.600000	3.074896E+0	3.612907E+0
47.666667	3.071013E+0	3.640495E+0
47.733333	3.049654E+0	3.698179E+0
47.800000	3.038004E+0	3.680623E+0
47.866667	3.033473E+0	3.715735E+0
47.933333	3.036710E+0	3.715735E+0
48.000000	3.025059E+0	3.713227E+0
48.066667	3.020529E+0	3.663067E+0
48.133333	3.015351E+0	3.600367E+0
48.200000	3.022470E+0	3.627955E+0
48.266667	3.017293E+0	3.673099E+0
48.333333	3.017293E+0	3.688147E+0
48.400000	3.015998E+0	3.700687E+0
48.466667	3.010173E+0	3.655543E+0
48.533333	3.005642E+0	3.673099E+0
48.600000	3.002406E+0	3.680623E+0
48.666667	2.996581E+0	3.663067E+0
48.733333	2.997876E+0	3.665575E+0
48.800000	3.008231E+0	3.685639E+0
48.866667	3.008231E+0	3.683131E+0
48.933333	3.014704E+0	3.653035E+0
49.000000	3.007584E+0	3.643003E+0
49.066667	3.001112E+0	3.653035E+0
49.133333	3.002406E+0	3.688147E+0
49.200000	3.003701E+0	3.708211E+0
49.266667	3.005642E+0	3.715735E+0
49.333333	3.008231E+0	3.713227E+0
49.400000	3.004995E+0	3.718243E+0
49.466667	3.008879E+0	3.693163E+0
49.533333	3.006937E+0	3.713227E+0
49.600000	3.008231E+0	3.715735E+0
49.666667	2.999817E+0	3.730783E+0
49.733333	2.997876E+0	3.723259E+0
49.800000	2.997876E+0	3.723259E+0
49.866667	2.998523E+0	3.723259E+0
49.933333	2.996581E+0	3.723259E+0
50.000000	3.002406E+0	3.723259E+0
50.066667	3.001759E+0	3.703195E+0
50.133333	3.005642E+0	3.690655E+0
50.200000	3.005642E+0	3.698179E+0
50.266667	3.008231E+0	3.700687E+0
50.333333	3.012762E+0	3.683131E+0
50.400000	3.012762E+0	3.673099E+0
50.466667	2.891729E+0	3.547699E+0
50.533333	2.593355E+0	2.722566E+0
50.600000	2.522160E+0	1.094873E+0
50.666667	2.522160E+0	1.230305E+0
50.733333	2.520865E+0	1.295513E+0
50.800000	2.521512E+0	1.265417E+0
50.866667	2.522160E+0	1.207733E+0
50.933333	2.523454E+0	1.089857E+0
51.000000	2.521512E+0	1.185161E+0
51.066667	2.523454E+0	1.059761E+0
51.133333	2.522807E+0	9.318530E-1
51.200000	2.519571E+0	9.418850E-1
51.266667	2.521512E+0	9.268370E-1
51.333333	2.522807E+0	9.218210E-1
51.400000	2.520218E+0	9.418850E-1
51.466667	2.523454E+0	9.443930E-1
51.533333	2.518923E+0	9.318530E-1
51.600000	2.520865E+0	9.318530E-1
51.666667	2.522807E+0	1.044713E+0
51.733333	2.522160E+0	1.052237E+0
51.800000	2.520865E+0	1.097381E+0
51.866667	2.520865E+0	1.042205E+0
51.933333	2.522160E+0	1.052237E+0
52.000000	2.521512E+0	1.210241E+0
52.066667	2.521512E+0	1.305545E+0
52.133333	2.519571E+0	1.272941E+0
52.200000	2.520218E+0	1.340657E+0
52.266667	2.522160E+0	1.345673E+0
52.333333	2.520218E+0	1.282973E+0
52.400000	2.520865E+0	1.140017E+0
52.466667	2.519571E+0	1.345673E+0
52.533333	2.520218E+0	1.348181E+0
52.600000	2.522807E+0	1.360721E+0
52.666667	2.521512E+0	1.232813E+0
52.733333	2.523454E+0	1.345673E+0
52.800000	2.521512E+0	1.303037E+0
52.866667	2.521512E+0	1.358213E+0
52.933333	2.518923E+0	1.358213E+0
53.000000	2.520865E+0	1.340657E+0
53.066667	2.518923E+0	1.330625E+0
53.133333	2.520865E+0	1.360721E+0
53.200000	2.521512E+0	1.373261E+0
53.266667	2.519571E+0	1.385801E+0
53.333333	2.520865E+0	1.353197E+0
53.400000	2.522160E+0	1.355705E+0
53.466667	2.522807E+0	1.350689E+0
53.533333	2.520218E+0	1.325609E+0
53.600000	2.521512E+0	1.255385E+0
53.666667	2.521512E+0	1.197701E+0
53.733333	2.522807E+0	1.039697E+0
53.800000	2.521512E+0	1.084841E+0
53.866667	2.521512E+0	1.172621E+0
53.933333	2.520865E+0	1.002077E+0
54.000000	2.518923E+0	8.741689E-1
54.066667	2.523454E+0	1.092365E+0
54.133333	2.521512E+0	1.064777E+0
54.200000	2.522160E+0	1.037189E+0
54.266667	2.520865E+0	1.074809E+0
54.333333	2.520218E+0	9.970610E-1
54.400000	2.521512E+0	1.104905E+0
54.466667	2.519571E+0	1.072301E+0
54.533333	2.522160E+0	1.059761E+0
54.600000	2.518923E+0	9.945530E-1
54.666667	2.521512E+0	1.082333E+0
54.733333	2.518923E+0	1.094873E+0
54.800000	2.523454E+0	1.102397E+0
54.866667	2.519571E+0	1.087349E+0
54.933333	2.520218E+0	9.845210E-1
55.000000	2.518923E+0	1.062269E+0
55.066667	2.521512E+0	1.077317E+0
55.133333	2.521512E+0	9.920450E-1
55.200000	2.522160E+0	8.917250E-1
55.266667	2.520865E+0	1.034681E+0
55.333333	2.519571E+0	1.004585E+0
55.400000	2.520218E+0	1.109921E+0
55.466667	2.520218E+0	1.094873E+0
55.533333	2.520218E+0	1.097381E+0
55.600000	2.521512E+0	1.129985E+0
55.666667	2.521512E+0	1.112429E+0
55.733333	2.519571E+0	1.142525E+0
55.800000	2.520218E+0	1.135001E+0
55.866667	2.520865E+0	1.117445E+0
55.933333	2.520218E+0	1.112429E+0
56.000000	2.520865E+0	1.114937E+0
56.066667	2.521512E+0	1.109921E+0
56.133333	2.521512E+0	1.084841E+0
56.200000	2.521512E+0	1.135001E+0
56.266667	2.523454E+0	1.127477E+0
56.333333	2.521512E+0	1.122461E+0
56.400000	2.521512E+0	1.135001E+0
56.466667	2.520865E+0	1.117445E+0
56.533333	2.521512E+0	1.094873E+0
56.600000	2.521512E+0	1.104905E+0
56.666667	2.521512E+0	1.135001E+0
56.733333	2.520218E+0	1.124969E+0
56.800000	2.520218E+0	1.124969E+0
56.866667	2.520865E+0	1.084841E+0
56.933333	2.521512E+0	1.092365E+0
57.000000	2.521512E+0	1.054745E+0
57.066667	2.521512E+0	1.102397E+0
57.133333	2.521512E+0	1.059761E+0
57.200000	2.523454E+0	9.017570E-1
57.266667	2.522160E+0	9.569330E-1
57.333333	2.521512E+0	5.105086E-1
57.400000	2.521512E+0	5.130166E-1
57.466667	2.520865E+0	5.155247E-1
57.533333	2.521512E+0	5.080006E-1
57.600000	2.520865E+0	5.080006E-1
57.666667	2.522807E+0	5.080006E-1
57.733333	2.521512E+0	5.004766E-1
57.800000	2.520865E+0	5.080006E-1
57.866667	2.523454E+0	5.054926E-1
57.933333	2.521512E+0	4.954606E-1
58.000000	2.523454E+0	5.155247E-1
58.066667	2.521512E+0	5.080006E-1
58.133333	2.519571E+0	4.979686E-1
58.200000	2.518923E+0	4.929526E-1
58.266667	2.521512E+0	4.954606E-1
58.333333	2.520218E+0	4.954606E-1
58.400000	2.521512E+0	4.954606E-1
58.466667	2.521512E+0	5.105086E-1
58.533333	2.524101E+0	5.180327E-1
58.600000	2.521512E+0	5.180327E-1
58.666667	2.519571E+0	5.205407E-1
58.733333	2.519571E+0	5.305727E-1
58.800000	2.521512E+0	5.280647E-1
58.866667	2.520865E+0	5.130166E-1
58.933333	2.521512E+0	5.180327E-1
59.000000	2.520218E+0	5.205407E-1
59.066667	2.522160E+0	5.205407E-1
59.133333	2.521512E+0	5.080006E-1
59.200000	2.521512E+0	5.305727E-1
59.266667	2.522160E+0	5.155247E-1
59.333333	2.521512E+0	5.832407E-1
59.400000	2.522160E+0	6.283847E-1
59.466667	2.521512E+0	5.932727E-1
59.533333	2.524101E+0	6.158447E-1
59.600000	2.521512E+0	5.957807E-1
59.666667	2.521512E+0	5.707007E-1
59.733333	2.521512E+0	5.707007E-1
59.800000	2.522160E+0	6.233687E-1
59.866667	2.520865E+0	6.158447E-1
59.933333	2.521512E+0	5.932727E-1
60.000000	2.521512E+0	5.406047E-1
60.066667	2.523454E+0	5.431127E-1
60.133333	2.520865E+0	5.380967E-1
60.200000	2.521512E+0	5.481287E-1
60.266667	2.520218E+0	5.506367E-1
60.333333	2.521512E+0	5.456207E-1
60.400000	2.521512E+0	5.531447E-1
60.466667	2.521512E+0	5.355887E-1
60.533333	2.521512E+0	5.481287E-1
60.600000	2.521512E+0	5.506367E-1
60.666667	2.521512E+0	5.380967E-1
60.733333	2.520865E+0	5.330807E-1
60.800000	2.521512E+0	5.481287E-1
60.866667	2.522160E+0	5.380967E-1
60.933333	2.520865E+0	5.305727E-1
61.000000	2.520865E+0	5.506367E-1
61.066667	2.521512E+0	5.355887E-1
61.133333	2.521512E+0	5.406047E-1
61.200000	2.521512E+0	5.431127E-1
61.266667	2.520218E+0	5.406047E-1
61.333333	2.524101E+0	5.305727E-1
61.400000	2.521512E+0	5.531447E-1
61.466667	2.523454E+0	5.531447E-1
61.533333	2.521512E+0	5.506367E-1
61.600000	2.521512E+0	5.456207E-1
61.666667	2.521512E+0	5.506367E-1
61.733333	2.521512E+0	5.531447E-1
61.800000	2.520865E+0	5.506367E-1
61.866667	2.522807E+0	5.481287E-1
61.933333	2.522160E+0	5.581607E-1
62.000000	2.519571E+0	5.531447E-1
62.066667	2.521512E+0	6.083207E-1
62.133333	2.521512E+0	6.233687E-1
62.200000	2.519571E+0	6.609888E-1
62.266667	2.521512E+0	6.584808E-1
62.333333	2.522160E+0	6.685128E-1
62.400000	2.523454E+0	5.330807E-1
62.466667	2.537046E+0	6.961008E-1
62.533333	2.535104E+0	8.942330E-1
62.600000	2.544813E+0	1.200209E+0
62.666667	2.627659E+0	2.296206E+0
62.733333	2.764872E+0	2.900635E+0
62.800000	2.856779E+0	2.968351E+0
62.866667	2.913735E+0	3.158959E+0
62.933333	2.965514E+0	3.161467E+0
63.000000	2.991403E+0	3.156451E+0
63.066667	3.003701E+0	3.284359E+0
63.133333	3.015351E+0	3.362107E+0
63.200000	3.017293E+0	3.419791E+0
63.266667	3.015998E+0	3.377155E+0
63.333333	3.013409E+0	3.472459E+0
63.400000	3.007584E+0	3.382171E+0
63.466667	3.003053E+0	3.382171E+0
63.533333	3.014056E+0	3.377155E+0
63.600000	3.018587E+0	3.382171E+0
63.666667	3.010173E+0	3.392203E+0
63.733333	3.001759E+0	3.482491E+0
63.800000	2.995287E+0	3.462427E+0
63.866667	2.984931E+0	3.597859E+0
63.933333	2.969397E+0	3.439855E+0
64.000000	2.980400E+0	3.402235E+0
64.066667	2.981695E+0	3.552715E+0
64.133333	2.979753E+0	3.600367E+0
64.200000	2.982989E+0	3.557731E+0
64.266667	2.981695E+0	3.525127E+0
64.333333	2.979753E+0	3.530143E+0
64.400000	2.981048E+0	3.542683E+0
64.466667	2.977164E+0	3.527635E+0
64.533333	2.977164E+0	3.567763E+0
64.600000	2.972633E+0	3.597859E+0
64.666667	2.971339E+0	3.565255E+0
64.733333	2.972633E+0	3.567763E+0
64.800000	2.977811E+0	3.587827E+0
64.866667	2.977164E+0	3.615415E+0
64.933333	2.966161E+0	3.582811E+0
65.000000	2.955805E+0	3.562747E+0
65.066667	2.949333E+0	3.369631E+0
65.133333	2.949333E+0	3.379663E+0
65.200000	2.956453E+0	3.459919E+0
65.266667	2.952569E+0	3.462427E+0
65.333333	2.937683E+0	3.502555E+0
65.400000	2.869076E+0	3.442363E+0
65.466667	2.671023E+0	3.071179E+0
65.533333	2.520218E+0	1.150049E+0
65.600000	2.523454E+0	8.215009E-1
65.666667	2.522160E+0	9.193130E-1
65.733333	2.520865E+0	1.052237E+0
65.800000	2.521512E+0	1.059761E+0
65.866667	2.521512E+0	1.092365E+0
65.933333	2.520218E+0	1.089857E+0
66.000000	2.521512E+0	9.769970E-1
66.066667	2.523454E+0	1.007093E+0
66.133333	2.522807E+0	1.122461E+0
66.200000	2.520218E+0	1.072301E+0
66.266667	2.521512E+0	1.052237E+0
66.333333	2.521512E+0	1.180145E+0
66.400000	2.521512E+0	1.102397E+0
66.466667	2.521512E+0	1.024649E+0
66.533333	2.524101E+0	1.097381E+0
66.600000	2.521512E+0	1.129985E+0
66.666667	2.519571E+0	1.277957E+0
66.733333	2.523454E+0	1.220273E+0
66.800000	2.521512E+0	1.175129E+0
66.866667	2.522160E+0	1.170113E+0
66.933333	2.522160E+0	1.190177E+0
67.000000	2.520218E+0	1.162589E+0
67.066667	2.522807E+0	1.084841E+0
67.133333	2.521512E+0	1.114937E+0
67.200000	2.521512E+0	1.135001E+0
67.266667	2.521512E+0	1.097381E+0
67.333333	2.522160E+0	1.129985E+0
67.400000	2.521512E+0	1.222781E+0
67.466667	2.521512E+0	1.200209E+0
67.533333	2.521512E+0	1.160081E+0
67.600000	2.521512E+0	1.235321E+0
67.666667	2.523454E+0	1.207733E+0
67.733333	2.521512E+0	1.202717E+0
67.800000	2.522160E+0	1.242845E+0
67.866667	2.520218E+0	1.222781E+0
67.933333	2.522807E+0	1.217765E+0
68.000000	2.521512E+0	1.200209E+0
68.066667	2.520218E+0	1.185161E+0
68.133333	2.520218E+0	1.167605E+0
68.200000	2.521512E+0	1.162589E+0
68.266667	2.520865E+0	1.155065E+0
68.333333	2.521512E+0	1.137509E+0
68.400000	2.521512E+0	1.162589E+0
68.466667	2.520865E+0	1.155065E+0
68.533333	2.520218E+0	1.102397E+0
68.600000	2.522160E+0	1.122461E+0
68.666667	2.521512E+0	1.165097E+0
68.733333	2.523454E+0	1.162589E+0
68.800000	2.523454E+0	1.135001E+0
68.866667	2.522160E+0	1.142525E+0
68.933333	2.520865E+0	1.140017E+0
69.000000	2.522160E+0	1.119953E+0
69.066667	2.521512E+0	1.145033E+0
69.133333	2.521512E+0	1.207733E+0
69.200000	2.520218E+0	1.177637E+0
69.266667	2.521512E+0	1.114937E+0
69.333333	2.522160E+0	1.132493E+0
69.400000	2.521512E+0	1.157573E+0
69.466667	2.519571E+0	9.544250E-1
69.533333	2.520865E+0	1.009601E+0
69.600000	2.523454E+0	1.082333E+0
69.666667	2.520865E+0	1.012109E+0
69.733333	2.521512E+0	9.544250E-1
69.800000	2.521512E+0	9.519170E-1
69.866667	2.520218E+0	8.942330E-1
69.933333	2.520865E+0	8.666449E-1
70.000000	2.520218E+0	9.619490E-1
70.066667	2.520218E+0	9.744890E-1
70.133333	2.522807E+0	1.014617E+0
70.200000	2.521512E+0	1.044713E+0
70.266667	2.521512E+0	1.084841E+0
70.333333	2.519571E+0	1.129985E+0
70.400000	2.521512E+0	1.042205E+0
70.466667	2.521512E+0	9.494090E-1
70.533333	2.521512E+0	9.920450E-1
70.600000	2.523454E+0	9.669650E-1
70.666667	2.520865E+0	8.842010E-1
70.733333	2.523454E+0	9.142970E-1
70.800000	2.521512E+0	1.029665E+0
70.866667	2.521512E+0	1.029665E+0
70.933333	2.521512E+0	1.077317E+0
71.000000	2.521512E+0	1.109921E+0
71.066667	2.520218E+0	1.107413E+0
71.133333	2.521512E+0	1.089857E+0
71.200000	2.520865E+0	9.744890E-1
71.266667	2.521512E+0	9.594410E-1
71.333333	2.521512E+0	1.007093E+0
71.400000	2.521512E+0	8.967410E-1
71.466667	2.522160E+0	1.029665E+0
71.533333	2.521512E+0	1.034681E+0
71.600000	2.520218E+0	9.970610E-1
71.666667	2.519571E+0	1.014617E+0
71.733333	2.522807E+0	9.519170E-1
71.800000	2.521512E+0	1.052237E+0
71.866667	2.520218E+0	9.594410E-1
71.933333	2.522807E+0	9.619490E-1
72.000000	2.521512E+0	1.099889E+0
72.066667	2.522807E+0	1.004585E+0
72.133333	2.522807E+0	9.519170E-1
72.200000	2.520865E+0	1.012109E+0
72.266667	2.520865E+0	9.995690E-1
72.333333	2.519571E+0	9.393770E-1
72.400000	2.521512E+0	9.920450E-1
72.466667	2.521512E+0	1.052237E+0
72.533333	2.520218E+0	8.892170E-1
72.600000	2.521512E+0	6.133367E-1
72.666667	2.520865E+0	6.007967E-1
72.733333	2.521512E+0	6.083207E-1
72.800000	2.521512E+0	6.007967E-1
72.866667	2.522160E+0	6.033047E-1
72.933333	2.520218E+0	6.007967E-1
73.000000	2.520218E+0	6.007967E-1
73.066667	2.521512E+0	5.932727E-1
73.133333	2.523454E+0	6.007967E-1
73.200000	2.521512E+0	5.957807E-1
73.266667	2.520218E+0	6.058127E-1
73.333333	2.520865E+0	6.083207E-1
73.400000	2.521512E+0	6.083207E-1
73.466667	2.523454E+0	6.007967E-1
73.533333	2.522160E+0	6.083207E-1
73.600000	2.520218E+0	6.007967E-1
73.666667	2.520218E+0	5.982887E-1
73.733333	2.521512E+0	6.007967E-1
73.800000	2.521512E+0	5.932727E-1
73.866667	2.520218E+0	5.907647E-1
73.933333	2.523454E+0	5.982887E-1
74.000000	2.522807E+0	6.183527E-1
74.066667	2.521512E+0	6.158447E-1
74.133333	2.521512E+0	6.233687E-1
74.200000	2.520218E+0	6.133367E-1
74.266667	2.523454E+0	6.233687E-1
74.333333	2.522807E+0	6.233687E-1
74.400000	2.521512E+0	6.208607E-1
74.466667	2.520218E+0	6.208607E-1
74.533333	2.521512E+0	6.233687E-1
74.600000	2.519571E+0	6.283847E-1
74.666667	2.520218E+0	6.283847E-1
74.733333	2.521512E+0	4.829206E-1
74.800000	2.529279E+0	5.456207E-1
74.866667	2.564230E+0	1.012109E+0
74.933333	2.726038E+0	2.504370E+0
75.000000	2.967456E+0	3.477475E+0
75.066667	3.190751E+0	3.725767E+0
75.133333	3.303369E+0	3.801007E+0
75.200000	3.318903E+0	3.826087E+0
75.266667	3.272302E+0	3.883771E+0
75.333333	3.104022E+0	3.725767E+0
75.400000	2.797233E+0	3.143911E+0
75.466667	2.542224E+0	1.084841E+0
75.533333	2.521512E+0	7.186728E-1
75.600000	2.520218E+0	7.437528E-1
75.666667	2.522160E+0	6.208607E-1
75.733333	2.521512E+0	7.036248E-1
75.800000	2.521512E+0	9.243290E-1
75.866667	2.520218E+0	8.716609E-1
75.933333	2.520218E+0	8.992490E-1
76.000000	2.520865E+0	8.791850E-1
76.066667	2.520218E+0	9.945530E-1
76.133333	2.522160E+0	8.917250E-1
76.200000	2.522807E+0	9.117890E-1
76.266667	2.519571E+0	1.077317E+0
76.333333	2.520218E+0	1.034681E+0
76.400000	2.522160E+0	1.097381E+0
76.466667	2.520218E+0	1.122461E+0
76.533333	2.522160E+0	1.165097E+0
76.600000	2.521512E+0	1.032173E+0
76.666667	2.521512E+0	1.049729E+0
76.733333	2.520218E+0	1.029665E+0
76.800000	2.522160E+0	9.142970E-1
76.866667	2.523454E+0	9.443930E-1
76.933333	2.520865E+0	8.842010E-1
77.000000	2.520218E+0	9.870290E-1
77.066667	2.522160E+0	8.340409E-1
77.133333	2.523454E+0	8.440729E-1
77.200000	2.521512E+0	9.368690E-1
77.266667	2.521512E+0	8.440729E-1
77.333333	2.521512E+0	1.062269E+0
77.400000	2.520218E+0	8.691529E-1
77.466667	2.524101E+0	8.566129E-1
77.533333	2.520865E+0	9.519170E-1
77.600000	2.521512E+0	9.243290E-1
77.666667	2.521512E+0	9.268370E-1
77.733333	2.521512E+0	9.243290E-1
77.800000	2.520218E+0	9.418850E-1
77.866667	2.521512E+0	9.168050E-1
77.933333	2.521512E+0	9.042650E-1
78.000000	2.521512E+0	1.019633E+0
78.066667	2.522160E+0	9.042650E-1
78.133333	2.520218E+0	9.318530E-1
78.200000	2.520218E+0	9.368690E-1
78.266667	2.520865E+0	8.917250E-1
78.333333	2.522807E+0	9.569330E-1
78.400000	2.521512E+0	9.870290E-1
78.466667	2.521512E+0	8.164849E-1
78.533333	2.523454E+0	7.211808E-1
78.600000	2.523454E+0	7.562928E-1
78.666667	2.521512E+0	8.942330E-1
78.733333	2.522160E+0	8.340409E-1
78.800000	2.520865E+0	9.042650E-1
78.866667	2.523454E+0	9.368690E-1
78.933333	2.520865E+0	9.067730E-1
79.000000	2.520218E+0	9.619490E-1
79.066667	2.523454E+0	8.340409E-1
79.133333	2.522807E+0	8.515969E-1
79.200000	2.518923E+0	9.694730E-1
79.266667	2.521512E+0	1.002077E+0
79.333333	2.521512E+0	9.795050E-1
79.400000	2.522160E+0	9.619490E-1
79.466667	2.521512E+0	9.519170E-1
79.533333	2.522160E+0	9.168050E-1
79.600000	2.522160E+0	9.142970E-1
79.666667	2.521512E+0	9.569330E-1
79.733333	2.521512E+0	9.619490E-1
79.800000	2.520865E+0	9.544250E-1
79.866667	2.524101E+0	9.117890E-1
79.933333	2.520218E+0	9.042650E-1
80.000000	2.520218E+0	9.042650E-1
80.066667	2.521512E+0	9.769970E-1
80.133333	2.521512E+0	8.741689E-1
80.200000	2.521512E+0	9.092810E-1
80.266667	2.519571E+0	7.838809E-1
80.333333	2.521512E+0	8.942330E-1
80.400000	2.521512E+0	9.519170E-1
80.466667	2.520218E+0	8.741689E-1
80.533333	2.520218E+0	9.142970E-1
80.600000	2.520218E+0	9.920450E-1
80.666667	2.520865E+0	7.788649E-1
80.733333	2.521512E+0	9.318530E-1
80.800000	2.522160E+0	8.641369E-1
80.866667	2.520218E+0	9.142970E-1
80.933333	2.522160E+0	5.732087E-1
81.000000	2.658078E+0	2.717550E+0
81.066667	2.933800E+0	3.151435E+0
81.133333	3.258710E+0	3.577795E+0
81.200000	3.407574E+0	3.790975E+0
81.266667	3.568087E+0	3.923899E+0
81.333333	3.633458E+0	3.908851E+0
81.400000	3.665820E+0	3.966535E+0
81.466667	3.633458E+0	3.876247E+0
81.533333	3.556437E+0	3.841135E+0
81.600000	3.300133E+0	3.763387E+0
81.666667	2.836067E+0	3.136387E+0
81.733333	2.570702E+0	1.523741E+0
81.800000	2.521512E+0	1.029665E+0
81.866667	2.523454E+0	7.236888E-1
81.933333	2.522160E+0	8.415649E-1
82.000000	2.521512E+0	1.124969E+0
82.066667	2.519571E+0	1.205225E+0
82.133333	2.522160E+0	1.042205E+0
82.200000	2.522807E+0	1.052237E+0
82.266667	2.521512E+0	9.619490E-1
82.333333	2.520218E+0	1.069793E+0
82.400000	2.522807E+0	1.024649E+0
82.466667	2.522160E+0	8.867090E-1
82.533333	2.523454E+0	9.368690E-1
82.600000	2.523454E+0	8.641369E-1
82.666667	2.521512E+0	9.067730E-1
82.733333	2.520865E+0	9.092810E-1
82.800000	2.522807E+0	9.168050E-1
82.866667	2.523454E+0	8.465809E-1
82.933333	2.521512E+0	8.340409E-1
83.000000	2.520865E+0	8.215009E-1
83.066667	2.519571E+0	8.189929E-1
83.133333	2.521512E+0	8.340409E-1
83.200000	2.522160E+0	8.240089E-1
83.266667	2.521512E+0	7.989289E-1
83.333333	2.522807E+0	7.111488E-1
83.400000	2.521512E+0	7.312128E-1
83.466667	2.520865E+0	7.136568E-1
83.533333	2.521512E+0	7.161648E-1
83.600000	2.521512E+0	7.086408E-1
83.666667	2.521512E+0	7.562928E-1
83.733333	2.522160E+0	7.738489E-1
83.800000	2.520218E+0	7.061328E-1
83.866667	2.521512E+0	7.061328E-1
83.933333	2.521512E+0	8.039449E-1
84.000000	2.521512E+0	7.412448E-1
84.066667	2.522160E+0	7.011168E-1
84.133333	2.522160E+0	7.236888E-1
84.200000	2.522160E+0	6.860688E-1
84.266667	2.522807E+0	7.136568E-1
84.333333	2.729274E+0	2.835427E+0
84.400000	3.021823E+0	3.552715E+0
84.466667	3.294955E+0	3.643003E+0
84.533333	3.595918E+0	3.808531E+0
84.600000	3.673586E+0	3.818563E+0
84.666667	3.564204E+0	3.620431E+0
84.733333	3.520839E+0	3.986600E+0
84.800000	3.426343E+0	3.863707E+0
84.866667	3.165509E+0	3.522619E+0
84.933333	2.736394E+0	2.702502E+0
85.000000	2.518276E+0	1.042205E+0
85.066667	2.521512E+0	9.494090E-1
85.133333	2.523454E+0	9.117890E-1
85.200000	2.522160E+0	1.225289E+0
85.266667	2.523454E+0	8.691529E-1
85.333333	2.522160E+0	7.888969E-1
85.400000	2.521512E+0	8.666449E-1
85.466667	2.518923E+0	8.716609E-1
85.533333	2.523454E+0	8.541049E-1
85.600000	2.521512E+0	8.791850E-1
85.666667	2.521512E+0	1.057253E+0
85.733333	2.519571E+0	9.193130E-1
85.800000	2.521512E+0	8.515969E-1
85.866667	2.520218E+0	8.164849E-1
85.933333	2.521512E+0	8.365489E-1
86.000000	2.522807E+0	8.064529E-1
86.066667	2.521512E+0	8.465809E-1
86.133333	2.520865E+0	8.390569E-1
86.200000	2.520218E+0	1.069793E+0
86.266667	2.519571E+0	1.122461E+0
86.333333	2.521512E+0	1.150049E+0
86.400000	2.521512E+0	1.012109E+0
86.466667	2.522807E+0	1.077317E+0
86.533333	2.520218E+0	9.494090E-1
86.600000	2.520865E+0	9.644570E-1
86.666667	2.521512E+0	9.920450E-1
86.733333	2.520218E+0	1.027157E+0
86.800000	2.521512E+0	8.892170E-1
86.866667	2.521512E+0	7.537848E-1
86.933333	2.521512E+0	9.519170E-1
87.000000	2.520218E+0	8.967410E-1
87.066667	2.523454E+0	9.268370E-1
87.133333	2.523454E+0	8.616289E-1
87.200000	2.523454E+0	7.186728E-1
87.266667	2.520865E+0	8.867090E-1
87.333333	2.521512E+0	9.268370E-1
87.400000	2.521512E+0	6.133367E-1
87.466667	2.520865E+0	6.334007E-1
87.533333	2.522807E+0	8.215009E-1
87.600000	2.521512E+0	6.935928E-1
87.666667	2.521512E+0	5.907647E-1
87.733333	2.521512E+0	5.606687E-1
87.800000	2.521512E+0	5.406047E-1
87.866667	2.522807E+0	6.258767E-1
87.933333	2.520218E+0	6.334007E-1
88.000000	2.521512E+0	6.409248E-1
88.066667	2.521512E+0	6.183527E-1
88.133333	2.523454E+0	5.882567E-1
88.200000	2.522160E+0	8.139769E-1
88.266667	2.522807E+0	8.365489E-1
88.333333	2.522807E+0	9.368690E-1
88.400000	2.520218E+0	7.939129E-1
88.466667	2.523454E+0	9.067730E-1
88.533333	2.521512E+0	7.763569E-1
88.600000	2.522160E+0	5.355887E-1
88.666667	2.538988E+0	9.092810E-1
88.733333	2.555168E+0	1.385801E+0
88.800000	2.606947E+0	2.346366E+0
88.866667	2.798528E+0	3.051115E+0
88.933333	3.090430E+0	3.414775E+0
89.000000	3.304017E+0	3.668083E+0
89.066667	3.393982E+0	3.813547E+0
89.133333	3.520192E+0	3.913867E+0
89.200000	3.434758E+0	3.831103E+0
89.266667	2.944802E+0	3.098767E+0
89.333333	2.539635E+0	1.456025E+0
89.400000	2.522807E+0	6.685128E-1
89.466667	2.523454E+0	9.343610E-1
89.533333	2.521512E+0	6.108287E-1
89.600000	2.523454E+0	5.957807E-1
89.666667	2.521512E+0	9.920450E-1
89.733333	2.520218E+0	9.519170E-1
89.800000	2.521512E+0	6.083207E-1
89.866667	2.520865E+0	8.691529E-1
89.933333	2.520865E+0	7.863889E-1
90.000000	2.518923E+0	7.914049E-1
90.066667	2.522160E+0	7.487688E-1
90.133333	2.520218E+0	7.362288E-1
90.200000	2.521512E+0	6.083207E-1
90.266667	2.522160E+0	5.882567E-1
90.333333	2.521512E+0	6.434328E-1
90.400000	2.520865E+0	5.832407E-1
90.466667	2.523454E+0	5.807327E-1
90.533333	2.521512E+0	6.108287E-1
90.600000	2.522160E+0	5.807327E-1
90.666667	2.520218E+0	5.832407E-1
90.733333	2.523454E+0	5.832407E-1
90.800000	2.521512E+0	5.531447E-1
90.866667	2.521512E+0	5.631767E-1
90.933333	2.519571E+0	5.606687E-1
91.000000	2.521512E+0	5.355887E-1
91.066667	2.521512E+0	5.305727E-1
91.133333	2.521512E+0	5.230487E-1
91.200000	2.520218E+0	5.054926E-1
91.266667	2.520218E+0	5.606687E-1
91.333333	2.522160E+0	5.631767E-1
91.400000	2.524101E+0	5.707007E-1
91.466667	2.524101E+0	5.932727E-1
91.533333	2.521512E+0	5.531447E-1
91.600000	2.523454E+0	5.932727E-1
91.666667	2.534457E+0	7.638169E-1
91.733333	2.635425E+0	2.725074E+0
91.800000	2.917619E+0	3.362107E+0
91.866667	3.197223E+0	3.670591E+0
91.933333	3.313078E+0	3.748339E+0
92.000000	3.245766E+0	3.878755E+0
92.066667	2.851601E+0	3.189055E+0
92.133333	2.562935E+0	1.762002E+0
92.200000	2.521512E+0	7.763569E-1
92.266667	2.522807E+0	8.290249E-1
92.333333	2.522807E+0	6.634968E-1
92.400000	2.522160E+0	6.384168E-1
92.466667	2.522160E+0	8.014369E-1
92.533333	2.521512E+0	6.308927E-1
92.600000	2.521512E+0	5.932727E-1
92.666667	2.523454E+0	6.308927E-1
92.733333	2.523454E+0	5.882567E-1
92.800000	2.521512E+0	5.732087E-1
92.866667	2.520218E+0	5.957807E-1
92.933333	2.520865E+0	6.133367E-1
93.000000	2.521512E+0	6.760368E-1
93.066667	2.521512E+0	6.459408E-1
93.133333	2.521512E+0	6.334007E-1
93.200000	2.519571E+0	5.932727E-1
93.266667	2.521512E+0	6.133367E-1
93.333333	2.522807E+0	5.406047E-1
93.400000	2.520218E+0	5.431127E-1
93.466667	2.522160E+0	5.431127E-1
93.533333	2.520218E+0	5.330807E-1
93.600000	2.520218E+0	5.280647E-1
93.666667	2.522807E+0	5.130166E-1
93.733333	2.522807E+0	5.155247E-1
93.800000	2.521512E+0	5.305727E-1
93.866667	2.520218E+0	5.255567E-1
93.933333	2.520218E+0	5.305727E-1
94.000000	2.524101E+0	5.230487E-1
94.066667	2.587530E+0	2.266110E+0
94.133333	2.682026E+0	3.189055E+0
94.200000	2.775228E+0	2.890603E+0
94.266667	2.815356E+0	3.098767E+0
94.333333	2.832184E+0	3.211627E+0
94.400000	2.832184E+0	3.211627E+0
94.466667	2.820534E+0	3.206611E+0
94.533333	2.791408E+0	3.249247E+0
94.600000	2.784936E+0	3.241723E+0
94.666667	2.780405E+0	3.236707E+0
94.733333	2.778464E+0	3.271819E+0
94.800000	2.770697E+0	3.264295E+0
94.866667	2.754516E+0	3.201595E+0
94.933333	2.742219E+0	3.244231E+0
95.000000	2.734452E+0	3.231691E+0
95.066667	2.729921E+0	3.211627E+0
95.133333	2.722154E+0	3.181531E+0
95.200000	2.715682E+0	3.161467E+0
95.266667	2.716977E+0	3.098767E+0
95.333333	2.713093E+0	3.179023E+0
95.400000	2.711152E+0	3.083719E+0
95.466667	2.707268E+0	2.968351E+0
95.533333	2.702738E+0	2.880571E+0
95.600000	2.701443E+0	2.960827E+0
95.666667	2.702090E+0	2.953303E+0
95.733333	2.700149E+0	2.970859E+0
95.800000	2.696265E+0	2.948287E+0
95.866667	2.698207E+0	2.920699E+0
95.933333	2.697560E+0	2.985907E+0
96.000000	2.699501E+0	3.289375E+0
96.066667	2.694971E+0	3.324487E+0
96.133333	2.698854E+0	3.324487E+0
96.200000	2.697560E+0	3.271819E+0
96.266667	2.699501E+0	3.018511E+0
96.333333	2.700149E+0	3.008479E+0
96.400000	2.702738E+0	3.018511E+0
96.466667	2.706621E+0	2.970859E+0
96.533333	2.703385E+0	2.963335E+0
96.600000	2.701443E+0	3.003463E+0
96.666667	2.704032E+0	2.940763E+0
96.733333	2.702090E+0	2.960827E+0
96.800000	2.704032E+0	2.960827E+0
96.866667	2.702090E+0	2.973367E+0
96.933333	2.705974E+0	2.978383E+0
97.000000	2.702738E+0	2.918191E+0
97.066667	2.703385E+0	2.953303E+0
97.133333	2.702738E+0	2.948287E+0
97.200000	2.703385E+0	2.945779E+0
97.266667	2.702738E+0	2.983399E+0
97.333333	2.704679E+0	2.960827E+0
97.400000	2.702738E+0	2.968351E+0
97.466667	2.703385E+0	2.980891E+0
97.533333	2.702738E+0	2.975875E+0
97.600000	2.702090E+0	2.978383E+0
97.666667	2.704032E+0	2.938255E+0
97.733333	2.708563E+0	2.963335E+0
97.800000	2.706621E+0	2.935747E+0
97.866667	2.707915E+0	2.930731E+0
97.933333	2.708563E+0	2.915683E+0
98.000000	2.709857E+0	2.960827E+0
98.066667	2.712446E+0	2.958319E+0
98.133333	2.718918E+0	2.990923E+0
98.200000	2.721507E+0	3.016003E+0
98.266667	2.788172E+0	3.319471E+0
98.333333	2.936388E+0	3.214135E+0
98.400000	2.993345E+0	3.354583E+0
98.466667	3.051596E+0	3.402235E+0
98.533333	3.047712E+0	3.522619E+0
98.600000	3.038651E+0	3.512587E+0
98.666667	3.031532E+0	3.434839E+0
98.733333	3.027001E+0	3.409759E+0
98.800000	3.019234E+0	3.392203E+0
98.866667	3.014704E+0	3.479983E+0
98.933333	3.013409E+0	3.520111E+0
99.000000	3.012762E+0	3.432331E+0
99.066667	3.007584E+0	3.482491E+0
99.133333	3.008231E+0	3.512587E+0
99.200000	3.010173E+0	3.525127E+0
99.266667	3.012115E+0	3.530143E+0
99.333333	3.010173E+0	3.545191E+0
99.400000	3.010173E+0	3.530143E+0
99.466667	3.006937E+0	3.532651E+0
99.533333	3.003701E+0	3.542683E+0
99.600000	2.999170E+0	3.550207E+0
99.666667	2.999170E+0	3.545191E+0
99.733333	3.000464E+0	3.560239E+0
99.800000	2.995934E+0	3.540175E+0
99.866667	2.995934E+0	3.537667E+0
99.933333	2.992050E+0	3.545191E+0
100.000000	2.993992E+0	3.542683E+0
100.066667	2.990756E+0	3.560239E+0
100.133333	2.991403E+0	3.570271E+0
100.200000	2.985578E+0	3.560239E+0
100.266667	2.979106E+0	3.587827E+0
100.333333	2.977164E+0	3.577795E+0
100.400000	2.973928E+0	3.580303E+0
100.466667	2.975870E+0	3.575287E+0
100.533333	2.979106E+0	3.590335E+0
100.600000	2.981048E+0	3.595351E+0
100.666667	2.979106E+0	3.585319E+0
100.733333	2.972633E+0	3.562747E+0
100.800000	2.970692E+0	3.537667E+0
100.866667	2.968750E+0	3.479983E+0
100.933333	2.968750E+0	3.490015E+0
101.000000	2.968750E+0	3.525127E+0
101.066667	2.960983E+0	3.530143E+0
101.133333	2.960983E+0	3.520111E+0
101.200000	2.958394E+0	3.527635E+0
101.266667	2.958394E+0	3.522619E+0
101.333333	2.961631E+0	3.512587E+0
101.400000	2.959042E+0	3.457411E+0
101.466667	2.960983E+0	3.437347E+0
101.533333	2.962278E+0	3.467443E+0
101.600000	2.961631E+0	3.444871E+0
101.666667	2.960983E+0	3.419791E+0
101.733333	2.955805E+0	3.432331E+0
101.800000	2.948039E+0	3.459919E+0
101.866667	2.949980E+0	3.444871E+0
101.933333	2.949980E+0	3.457411E+0
102.000000	2.948039E+0	3.449887E+0
102.066667	2.945450E+0	3.462427E+0
102.133333	2.920855E+0	3.432331E+0
102.200000	2.818592E+0	3.229183E+0
102.266667	2.695618E+0	2.827903E+0
102.333333	2.612772E+0	2.348874E+0
102.400000	2.586236E+0	2.494338E+0
102.466667	2.577822E+0	2.434146E+0
102.533333	2.573938E+0	1.874862E+0
102.600000	2.577174E+0	2.404050E+0
102.666667	2.572644E+0	2.027850E+0
102.733333	2.560994E+0	1.501169E+0
102.800000	2.551932E+0	1.114937E+0
102.866667	2.558405E+0	1.175129E+0
102.933333	2.558405E+0	1.185161E+0
103.000000	2.562935E+0	1.215257E+0
103.066667	2.567466E+0	1.593966E+0
103.133333	2.570055E+0	1.563870E+0
103.200000	2.577174E+0	1.767018E+0
103.266667	2.577822E+0	1.874862E+0
103.333333	2.582999E+0	2.263602E+0
103.400000	2.586236E+0	2.456718E+0
103.466667	2.584941E+0	2.424114E+0
103.533333	2.585588E+0	2.459226E+0
103.600000	2.586236E+0	2.160774E+0
103.666667	2.586236E+0	2.371446E+0
103.733333	2.587530E+0	2.273634E+0
103.800000	2.586883E+0	2.135694E+0
103.866667	2.592061E+0	2.228490E+0
103.933333	2.594002E+0	2.253570E+0
104.000000	2.593355E+0	2.258586E+0
104.066667	2.593355E+0	2.168298E+0
104.133333	2.596591E+0	2.080518E+0
104.200000	2.597239E+0	2.180838E+0
104.266667	2.599828E+0	2.499354E+0
104.333333	2.598533E+0	2.479290E+0
104.400000	2.598533E+0	2.509386E+0
104.466667	2.600475E+0	2.481798E+0
104.533333	2.598533E+0	2.439162E+0
104.600000	2.598533E+0	2.424114E+0
104.666667	2.598533E+0	2.429130E+0
104.733333	2.599180E+0	2.459226E+0
104.800000	2.598533E+0	2.441670E+0
104.866667	2.598533E+0	2.494338E+0
104.933333	2.598533E+0	2.509386E+0
105.000000	2.601769E+0	2.516910E+0
105.066667	2.604358E+0	2.536974E+0
105.133333	2.606300E+0	2.396526E+0
105.200000	2.601769E+0	2.431638E+0
105.266667	2.542224E+0	1.122461E+0
105.333333	2.522160E+0	5.481287E-1
105.400000	2.521512E+0	7.236888E-1
105.466667	2.520218E+0	5.581607E-1
105.533333	2.522807E+0	6.158447E-1
105.600000	2.521512E+0	7.462608E-1
105.666667	2.521512E+0	7.738489E-1
105.733333	2.523454E+0	7.487688E-1
105.800000	2.522160E+0	7.638169E-1
105.866667	2.522160E+0	6.885768E-1
105.933333	2.521512E+0	5.707007E-1
106.000000	2.522160E+0	5.807327E-1
106.066667	2.521512E+0	5.882567E-1
106.133333	2.520218E+0	5.707007E-1
106.200000	2.521512E+0	5.456207E-1
106.266667	2.521512E+0	5.330807E-1
106.333333	2.520218E+0	5.506367E-1
106.400000	2.521512E+0	5.631767E-1
106.466667	2.522160E+0	5.732087E-1
106.533333	2.570702E+0	1.995246E+0
106.600000	2.730569E+0	2.965843E+0
106.666667	2.702090E+0	2.782759E+0
106.733333	2.738335E+0	3.226675E+0
106.800000	2.768755E+0	2.800315E+0
106.866667	2.769402E+0	2.900635E+0
106.933333	2.771991E+0	2.945779E+0
107.000000	2.777816E+0	3.246739E+0
107.066667	2.779111E+0	3.111307E+0
107.133333	2.768755E+0	3.224167E+0
107.200000	2.758400E+0	3.000955E+0
107.266667	2.754516E+0	3.191563E+0
107.333333	2.741571E+0	3.259279E+0
107.400000	2.735746E+0	3.168991E+0
107.466667	2.727332E+0	3.103783E+0
107.533333	2.718918E+0	3.028543E+0
107.600000	2.717624E+0	3.031051E+0
107.666667	2.719566E+0	3.048607E+0
107.733333	2.720213E+0	2.980891E+0
107.800000	2.713740E+0	2.857999E+0
107.866667	2.691735E+0	3.088735E+0
107.933333	2.661315E+0	2.534466E+0
108.000000	2.603064E+0	2.617230E+0
108.066667	2.531868E+0	1.082333E+0
108.133333	2.521512E+0	5.832407E-1
108.200000	2.521512E+0	7.036248E-1
108.266667	2.521512E+0	8.641369E-1
108.333333	2.523454E+0	5.506367E-1
108.400000	2.521512E+0	7.914049E-1
108.466667	2.522807E+0	7.236888E-1
108.533333	2.521512E+0	7.462608E-1
108.600000	2.521512E+0	7.888969E-1
108.666667	2.520218E+0	7.613089E-1
108.733333	2.522160E+0	7.287048E-1
108.800000	2.520218E+0	7.211808E-1
108.866667	2.521512E+0	7.387368E-1
108.933333	2.521512E+0	7.061328E-1
109.000000	2.522807E+0	5.406047E-1
109.066667	2.520865E+0	5.406047E-1
109.133333	2.521512E+0	5.556527E-1
109.200000	2.521512E+0	5.380967E-1
109.266667	2.521512E+0	5.305727E-1
109.333333	2.610830E+0	2.361414E+0
109.400000	2.612125E+0	2.604690E+0
109.466667	2.626364E+0	2.562054E+0
109.533333	2.630247E+0	2.637294E+0
109.600000	2.621833E+0	2.567070E+0
109.666667	2.612125E+0	2.624754E+0
109.733333	2.606947E+0	2.684946E+0
109.800000	2.601769E+0	2.609706E+0
109.866667	2.600475E+0	2.469258E+0
109.933333	2.599828E+0	2.411574E+0
110.000000	2.595297E+0	2.230998E+0
110.066667	2.595944E+0	2.336334E+0
110.133333	2.590766E+0	2.481798E+0
110.200000	2.590766E+0	2.589642E+0
110.266667	2.591414E+0	2.491830E+0
110.333333	2.591414E+0	2.496846E+0
110.400000	2.590119E+0	2.466750E+0
110.466667	2.590119E+0	2.464242E+0
110.533333	2.587530E+0	2.469258E+0
110.600000	2.592708E+0	2.449194E+0
110.666667	2.588825E+0	2.449194E+0
110.733333	2.592061E+0	2.469258E+0
110.800000	2.593355E+0	2.434146E+0
110.866667	2.594650E+0	2.444178E+0
110.933333	2.593355E+0	2.431638E+0
111.000000	2.592708E+0	2.426622E+0
111.066667	2.591414E+0	2.476782E+0
111.133333	2.594650E+0	2.476782E+0
111.200000	2.596591E+0	2.471766E+0
111.266667	2.597886E+0	2.499354E+0
111.333333	2.597239E+0	2.494338E+0
111.400000	2.598533E+0	2.496846E+0
111.466667	2.599828E+0	2.489322E+0
111.533333	2.606300E+0	2.486814E+0
111.600000	2.637367E+0	2.469258E+0
111.666667	2.871018E+0	3.550207E+0
111.733333	3.026354E+0	3.469951E+0
111.800000	3.034121E+0	3.404743E+0
111.866667	2.968750E+0	3.339535E+0
111.933333	2.781053E+0	2.990923E+0
112.000000	2.614714E+0	2.268618E+0
112.066667	2.549991E+0	1.566378E+0
112.133333	2.543518E+0	1.832226E+0
112.200000	2.540929E+0	1.741938E+0
112.266667	2.548049E+0	1.453517E+0
112.333333	2.551932E+0	1.787082E+0
112.400000	2.551285E+0	1.787082E+0
112.466667	2.554521E+0	1.852290E+0
112.533333	2.555168E+0	1.834734E+0
112.600000	2.551285E+0	1.847274E+0
112.666667	2.552580E+0	1.834734E+0
112.733333	2.553227E+0	1.789590E+0
112.800000	2.552580E+0	1.764510E+0
112.866667	2.563583E+0	1.754478E+0
112.933333	2.806295E+0	2.990923E+0
113.000000	2.982342E+0	3.362107E+0
113.066667	3.006937E+0	3.434839E+0
113.133333	3.003701E+0	3.402235E+0
113.200000	2.959689E+0	3.374647E+0
113.266667	2.865840E+0	3.281851E+0
113.333333	2.725391E+0	2.577102E+0
113.400000	2.598533E+0	2.085534E+0
113.466667	2.522807E+0	7.939129E-1
113.533333	2.521512E+0	8.967410E-1
113.600000	2.520218E+0	8.290249E-1
113.666667	2.520865E+0	8.340409E-1
113.733333	2.523454E+0	7.939129E-1
113.800000	2.521512E+0	6.885768E-1
113.866667	2.522807E+0	6.785448E-1
113.933333	2.522160E+0	6.810528E-1
114.000000	2.520865E+0	7.813729E-1
114.066667	2.521512E+0	8.139769E-1
114.133333	2.521512E+0	7.738489E-1
114.200000	2.521512E+0	7.161648E-1
114.266667	2.521512E+0	7.437528E-1
114.333333	2.521512E+0	7.763569E-1
114.400000	2.523454E+0	7.588009E-1
114.466667	2.521512E+0	7.136568E-1
114.533333	2.518923E+0	6.233687E-1
114.600000	2.521512E+0	6.384168E-1
114.666667	2.520218E+0	5.807327E-1
114.733333	2.522160E+0	5.757167E-1
114.800000	2.521512E+0	5.857487E-1
114.866667	2.519571E+0	7.086408E-1
114.933333	2.523454E+0	6.609888E-1
115.000000	2.522160E+0	5.606687E-1
115.066667	2.521512E+0	5.305727E-1
115.133333	2.520218E+0	5.406047E-1
115.200000	2.522807E+0	5.732087E-1
115.266667	2.521512E+0	5.556527E-1
115.333333	2.520865E+0	5.481287E-1
115.400000	2.519571E+0	5.832407E-1
115.466667	2.522160E+0	7.312128E-1
115.533333	2.520218E+0	7.312128E-1
115.600000	2.521512E+0	7.437528E-1
115.666667	2.521512E+0	7.537848E-1
115.733333	2.521512E+0	7.261968E-1
115.800000	2.522807E+0	7.111488E-1
115.866667	2.521512E+0	7.211808E-1
115.933333	2.521512E+0	7.236888E-1
116.000000	2.522807E+0	7.287048E-1
116.066667	2.520218E+0	7.512768E-1
116.133333	2.520218E+0	7.236888E-1
116.200000	2.523454E+0	5.606687E-1
116.266667	2.520865E+0	5.957807E-1
116.333333	2.521512E+0	5.606687E-1
116.400000	2.521512E+0	6.534648E-1
116.466667	2.521512E+0	6.634968E-1
116.533333	2.521512E+0	6.559728E-1
116.600000	2.521512E+0	6.735288E-1
116.666667	2.522807E+0	6.308927E-1
116.733333	2.521512E+0	5.130166E-1
116.800000	2.519571E+0	5.130166E-1
116.866667	2.519571E+0	5.180327E-1
116.933333	2.521512E+0	5.155247E-1
117.000000	2.519571E+0	5.054926E-1
117.066667	2.521512E+0	4.954606E-1
117.133333	2.521512E+0	5.054926E-1
117.200000	2.520865E+0	5.029846E-1
117.266667	2.520218E+0	5.029846E-1
117.333333	2.519571E+0	4.979686E-1
117.400000	2.522807E+0	4.879366E-1
117.466667	2.521512E+0	5.029846E-1
117.533333	2.520865E+0	4.904446E-1
117.600000	2.522160E+0	5.004766E-1
117.666667	2.523454E+0	4.929526E-1
117.733333	2.521512E+0	5.029846E-1
117.800000	2.521512E+0	4.904446E-1
117.866667	2.523454E+0	4.979686E-1
117.933333	2.520218E+0	5.029846E-1
118.000000	2.527337E+0	5.581607E-1
118.066667	2.654195E+0	2.088042E+0
118.133333	2.585588E+0	1.245353E+0
118.200000	2.524749E+0	5.757167E-1
118.266667	2.521512E+0	5.431127E-1
118.333333	2.522807E+0	5.004766E-1
118.400000	2.523454E+0	5.330807E-1
118.466667	2.523454E+0	5.957807E-1
118.533333	2.520218E+0	6.434328E-1
118.600000	2.520218E+0	5.130166E-1
118.666667	2.522807E+0	5.280647E-1
118.733333	2.522160E+0	5.355887E-1
118.800000	2.521512E+0	5.004766E-1
118.866667	2.522807E+0	4.879366E-1
118.933333	2.521512E+0	5.029846E-1
119.000000	2.522807E+0	4.954606E-1
119.066667	2.522160E+0	5.004766E-1
119.133333	2.520218E+0	5.029846E-1
119.200000	2.522160E+0	4.929526E-1
119.266667	2.522160E+0	4.879366E-1
119.333333	2.647723E+0	2.499354E+0
119.400000	2.601122E+0	2.526942E+0
119.466667	2.526690E+0	5.481287E-1
119.533333	2.520865E+0	5.205407E-1
119.600000	2.520865E+0	5.556527E-1
119.666667	2.522160E+0	5.054926E-1
119.733333	2.521512E+0	5.130166E-1
119.800000	2.524101E+0	4.829206E-1
119.866667	2.520865E+0	4.829206E-1
119.933333	2.521512E+0	4.929526E-1
120.000000	2.522807E+0	4.804126E-1

