0.000000	2.521512E+0	4.603486E-1
0.066667	2.521512E+0	4.653646E-1
0.133333	2.522160E+0	4.603486E-1
0.200000	2.521512E+0	4.653646E-1
0.266667	2.523454E+0	4.603486E-1
0.333333	2.520865E+0	4.528246E-1
0.400000	2.522160E+0	4.528246E-1
0.466667	2.521512E+0	4.578406E-1
0.533333	2.521512E+0	4.478086E-1
0.600000	2.523454E+0	4.553326E-1
0.666667	2.520865E+0	4.553326E-1
0.733333	2.520218E+0	4.528246E-1
0.800000	2.522160E+0	4.528246E-1
0.866667	2.522160E+0	4.578406E-1
0.933333	2.522160E+0	4.578406E-1
1.000000	2.520218E+0	4.578406E-1
1.066667	2.521512E+0	4.628566E-1
1.133333	2.521512E+0	4.578406E-1
1.200000	2.521512E+0	4.628566E-1
1.266667	2.521512E+0	4.578406E-1
1.333333	2.523454E+0	4.503166E-1
1.400000	2.522160E+0	4.578406E-1
1.466667	2.522160E+0	4.653646E-1
1.533333	2.522160E+0	4.603486E-1
1.600000	2.520865E+0	4.603486E-1
1.666667	2.584294E+0	1.664190E+0
1.733333	2.618597E+0	2.316270E+0
1.800000	2.694971E+0	2.108106E+0
1.866667	2.746102E+0	2.609706E+0
1.933333	2.767461E+0	2.567070E+0
2.000000	2.782994E+0	2.617230E+0
2.066667	2.785583E+0	2.692470E+0
2.133333	2.795939E+0	2.775235E+0
2.200000	2.793350E+0	2.717550E+0
2.266667	2.782347E+0	2.687454E+0
2.333333	2.753222E+0	2.647326E+0
2.400000	2.693676E+0	2.394018E+0
2.466667	2.599180E+0	2.037882E+0
2.533333	2.531868E+0	4.553326E-1
2.600000	2.524101E+0	4.578406E-1
2.666667	2.520218E+0	4.603486E-1
2.733333	2.522160E+0	4.578406E-1
2.800000	2.522160E+0	4.628566E-1
2.866667	2.520218E+0	4.603486E-1
2.933333	2.524101E+0	4.528246E-1
3.000000	2.521512E+0	4.578406E-1
3.066667	2.521512E+0	4.528246E-1
3.133333	2.520865E+0	4.528246E-1
3.200000	2.520218E+0	4.628566E-1
3.266667	2.524101E+0	4.578406E-1
3.333333	2.522807E+0	4.478086E-1
3.400000	2.521512E+0	4.528246E-1
3.466667	2.522807E+0	4.503166E-1
3.533333	2.749338E+0	2.541990E+0
3.600000	2.865840E+0	3.048607E+0
3.666667	2.988167E+0	3.755863E+0
3.733333	3.039946E+0	3.442363E+0
3.800000	3.096255E+0	3.221659E+0
3.866667	3.111141E+0	3.567763E+0
3.933333	3.134442E+0	3.414775E+0
4.000000	3.133147E+0	3.372139E+0
4.066667	3.104669E+0	3.231691E+0
4.133333	3.034768E+0	3.138895E+0
4.200000	2.861957E+0	3.091243E+0
4.266667	2.677495E+0	2.158266E+0
4.333333	2.549343E+0	1.029665E+0
4.400000	2.522160E+0	4.678726E-1
4.466667	2.521512E+0	4.553326E-1
4.533333	2.524101E+0	4.553326E-1
4.600000	2.524101E+0	4.603486E-1
4.666667	2.524101E+0	4.578406E-1
4.733333	2.522160E+0	4.603486E-1
4.800000	2.521512E+0	4.553326E-1
4.866667	2.521512E+0	4.553326E-1
4.933333	2.523454E+0	4.503166E-1
5.000000	2.523454E+0	4.603486E-1
5.066667	2.521512E+0	4.578406E-1
5.133333	2.520865E+0	4.528246E-1
5.200000	2.522160E+0	4.678726E-1
5.266667	2.522807E+0	4.578406E-1
5.333333	2.521512E+0	4.528246E-1
5.400000	2.521512E+0	4.628566E-1
5.466667	2.522160E+0	4.653646E-1
5.533333	2.522807E+0	4.503166E-1
5.600000	2.524101E+0	4.603486E-1
5.666667	2.568113E+0	1.443485E+0
5.733333	2.523454E+0	4.503166E-1
5.800000	2.521512E+0	4.553326E-1
5.866667	2.522160E+0	4.628566E-1
5.933333	2.523454E+0	4.528246E-1
6.000000	2.522160E+0	4.528246E-1
6.066667	2.520218E+0	4.628566E-1
6.133333	2.520865E+0	4.553326E-1
6.200000	2.521512E+0	4.653646E-1
6.266667	2.520865E+0	4.578406E-1
6.333333	2.523454E+0	4.528246E-1
6.400000	2.524101E+0	4.503166E-1
6.466667	2.521512E+0	4.628566E-1
6.533333	2.521512E+0	4.503166E-1
6.600000	2.520218E+0	4.578406E-1
6.666667	2.524101E+0	4.578406E-1
6.733333	2.521512E+0	4.628566E-1
6.800000	2.520218E+0	4.578406E-1
6.866667	2.522160E+0	4.503166E-1
6.933333	2.595944E+0	2.679930E+0
7.000000	2.536399E+0	9.744890E-1
7.066667	2.523454E+0	4.628566E-1
7.133333	2.521512E+0	4.578406E-1
7.200000	2.521512E+0	4.653646E-1
7.266667	2.521512E+0	4.528246E-1
7.333333	2.522160E+0	4.628566E-1
7.400000	2.522160E+0	4.628566E-1
7.466667	2.520865E+0	4.553326E-1
7.533333	2.520865E+0	4.603486E-1
7.600000	2.522807E+0	4.653646E-1
7.666667	2.522807E+0	4.553326E-1
7.733333	2.524101E+0	4.528246E-1
7.800000	2.520218E+0	4.578406E-1
7.866667	2.520218E+0	4.578406E-1
7.933333	2.521512E+0	4.528246E-1
8.000000	2.520865E+0	4.603486E-1
8.066667	2.523454E+0	4.553326E-1
8.133333	2.522160E+0	4.578406E-1
8.200000	2.522160E+0	4.653646E-1
8.266667	2.521512E+0	4.528246E-1
8.333333	2.521512E+0	4.578406E-1
8.400000	2.522807E+0	4.528246E-1
8.466667	2.696912E+0	2.356398E+0
8.533333	2.757105E+0	2.271126E+0
8.600000	2.819239E+0	2.429130E+0
8.666667	2.843187E+0	2.968351E+0
8.733333	2.887846E+0	2.958319E+0
8.800000	2.924091E+0	2.933239E+0
8.866667	2.951922E+0	3.123847E+0
8.933333	2.958394E+0	3.098767E+0
9.000000	2.966808E+0	2.918191E+0
9.066667	2.969397E+0	3.041083E+0
9.133333	2.975870E+0	3.046099E+0
9.200000	2.970045E+0	2.980891E+0
9.266667	2.971339E+0	3.048607E+0
9.333333	2.971986E+0	3.108799E+0
9.400000	3.030884E+0	3.620431E+0
9.466667	3.300780E+0	3.296899E+0
9.533333	3.500128E+0	3.562747E+0
9.600000	3.660642E+0	4.069364E+0
9.666667	3.747371E+0	3.956503E+0
9.733333	3.567440E+0	3.846151E+0
9.800000	3.277480E+0	3.497539E+0
9.866667	2.819239E+0	3.091243E+0
9.933333	2.606947E+0	1.556346E+0
10.000000	2.522160E+0	4.653646E-1
10.066667	2.520865E+0	4.553326E-1
10.133333	2.520865E+0	4.528246E-1
10.200000	2.523454E+0	4.678726E-1
10.266667	2.521512E+0	4.628566E-1
10.333333	2.520865E+0	4.528246E-1
10.400000	2.524101E+0	4.628566E-1
10.466667	2.522160E+0	4.503166E-1
10.533333	2.522160E+0	4.628566E-1
10.600000	2.522160E+0	4.553326E-1
10.666667	2.520865E+0	4.578406E-1
10.733333	2.521512E+0	4.528246E-1
10.800000	2.523454E+0	4.628566E-1
10.866667	2.521512E+0	4.628566E-1
10.933333	2.522160E+0	4.453006E-1
11.000000	2.521512E+0	4.528246E-1
11.066667	2.524749E+0	4.578406E-1
11.133333	2.617950E+0	1.415897E+0
11.200000	2.769402E+0	3.342043E+0
11.266667	2.881374E+0	3.051115E+0
11.333333	2.918266E+0	2.910667E+0
11.400000	2.959689E+0	3.540175E+0
11.466667	2.975222E+0	3.567763E+0
11.533333	2.965514E+0	3.517603E+0
11.600000	2.955158E+0	3.703195E+0
11.666667	2.966808E+0	3.136387E+0
11.733333	2.968750E+0	3.244231E+0
11.800000	2.951275E+0	3.580303E+0
11.866667	2.970692E+0	3.622939E+0
11.933333	3.186867E+0	3.552715E+0
12.000000	3.480064E+0	3.943963E+0
12.066667	3.639283E+0	3.923899E+0
12.133333	3.602391E+0	3.866215E+0
12.200000	3.308547E+0	3.627955E+0
12.266667	2.949333E+0	3.081211E+0
12.333333	2.683321E+0	2.579610E+0
12.400000	2.523454E+0	4.553326E-1
12.466667	2.522807E+0	4.578406E-1
12.533333	2.521512E+0	4.528246E-1
12.600000	2.521512E+0	4.678726E-1
12.666667	2.521512E+0	4.578406E-1
12.733333	2.522160E+0	4.478086E-1
12.800000	2.520865E+0	4.603486E-1
12.866667	2.523454E+0	4.528246E-1
12.933333	2.523454E+0	4.553326E-1
13.000000	2.521512E+0	4.603486E-1
13.066667	2.522160E+0	4.503166E-1
13.133333	2.523454E+0	4.553326E-1
13.200000	2.520218E+0	4.628566E-1
13.266667	2.522160E+0	4.628566E-1
13.333333	2.521512E+0	4.528246E-1
13.400000	2.627011E+0	1.405865E+0
13.466667	2.707915E+0	3.028543E+0
13.533333	2.746749E+0	3.083719E+0
13.600000	2.704032E+0	2.730090E+0
13.666667	2.599828E+0	1.741938E+0
13.733333	2.522807E+0	4.478086E-1
13.800000	2.521512E+0	4.553326E-1
13.866667	2.521512E+0	4.628566E-1
13.933333	2.524101E+0	4.503166E-1
14.000000	2.522807E+0	4.628566E-1
14.066667	2.520865E+0	4.578406E-1
14.133333	2.522160E+0	4.603486E-1
14.200000	2.521512E+0	4.678726E-1
14.266667	2.520218E+0	4.578406E-1
14.333333	2.522160E+0	4.603486E-1
14.400000	2.521512E+0	4.528246E-1
14.466667	2.521512E+0	4.503166E-1
14.533333	2.522160E+0	4.628566E-1
14.600000	2.520865E+0	4.628566E-1
14.666667	2.522807E+0	4.503166E-1
14.733333	2.521512E+0	4.528246E-1
14.800000	2.620539E+0	1.445993E+0
14.866667	2.842540E+0	3.500047E+0
14.933333	3.147386E+0	3.765895E+0
15.000000	3.314372E+0	3.685639E+0
15.066667	3.434110E+0	3.760879E+0
15.133333	3.451586E+0	3.793483E+0
15.200000	3.291072E+0	3.710719E+0
15.266667	2.971986E+0	3.231691E+0
15.333333	2.661962E+0	1.809654E+0
15.400000	2.518923E+0	4.603486E-1
15.466667	2.520865E+0	4.553326E-1
15.533333	2.524101E+0	4.553326E-1
15.600000	2.521512E+0	4.628566E-1
15.666667	2.520218E+0	4.553326E-1
15.733333	2.521512E+0	4.603486E-1
15.800000	2.521512E+0	4.553326E-1
15.866667	2.522160E+0	4.628566E-1
15.933333	2.522807E+0	4.478086E-1
16.000000	2.522160E+0	4.528246E-1
16.066667	2.521512E+0	4.628566E-1
16.133333	2.520218E+0	4.603486E-1
16.200000	2.522160E+0	4.528246E-1
16.266667	2.521512E+0	4.628566E-1
16.333333	2.522160E+0	4.478086E-1
16.400000	2.520865E+0	4.678726E-1
16.466667	2.523454E+0	4.553326E-1
16.533333	2.522160E+0	4.528246E-1
16.600000	2.522160E+0	4.528246E-1
16.666667	2.681379E+0	2.017818E+0
16.733333	2.891729E+0	3.334519E+0
16.800000	3.100138E+0	3.261787E+0
16.866667	3.179748E+0	3.522619E+0
16.933333	3.129911E+0	3.487507E+0
17.000000	2.867782E+0	3.121339E+0
17.066667	2.661962E+0	3.276835E+0
17.133333	2.534457E+0	1.400849E+0
17.200000	2.523454E+0	4.628566E-1
17.266667	2.521512E+0	4.628566E-1
17.333333	2.524101E+0	4.528246E-1
17.400000	2.522160E+0	4.678726E-1
17.466667	2.521512E+0	4.653646E-1
17.533333	2.521512E+0	4.603486E-1
17.600000	2.523454E+0	4.603486E-1
17.666667	2.521512E+0	4.553326E-1
17.733333	2.521512E+0	4.603486E-1
17.800000	2.521512E+0	4.553326E-1
17.866667	2.523454E+0	4.578406E-1
17.933333	2.524101E+0	4.578406E-1
18.000000	2.520218E+0	4.603486E-1
18.066667	2.522807E+0	4.528246E-1
18.133333	2.522160E+0	4.503166E-1
18.200000	2.520865E+0	4.603486E-1
18.266667	2.520218E+0	4.553326E-1
18.333333	2.521512E+0	4.603486E-1
18.400000	2.522160E+0	4.678726E-1
18.466667	2.638661E+0	1.824702E+0
18.533333	2.813414E+0	3.464935E+0
18.600000	3.067777E+0	3.264295E+0
18.666667	3.175865E+0	3.535159E+0
18.733333	3.238646E+0	3.567763E+0
18.800000	3.155153E+0	3.412267E+0
18.866667	2.834773E+0	3.171499E+0
18.933333	2.605653E+0	2.547006E+0
19.000000	2.520218E+0	4.603486E-1
19.066667	2.521512E+0	4.503166E-1
19.133333	2.522160E+0	4.603486E-1
19.200000	2.522160E+0	4.553326E-1
19.266667	2.522160E+0	4.528246E-1
19.333333	2.524101E+0	4.553326E-1
19.400000	2.520865E+0	4.603486E-1
19.466667	2.521512E+0	4.628566E-1
19.533333	2.522807E+0	4.528246E-1
19.600000	2.520865E+0	4.603486E-1
19.666667	2.520218E+0	4.553326E-1
19.733333	2.522807E+0	4.553326E-1
19.800000	2.522807E+0	4.653646E-1
19.866667	2.521512E+0	4.503166E-1
19.933333	2.522160E+0	4.628566E-1
20.000000	2.522160E+0	4.703806E-1
20.066667	2.521512E+0	4.603486E-1
20.133333	2.522160E+0	4.503166E-1
20.200000	2.521512E+0	4.553326E-1
20.266667	2.520218E+0	4.628566E-1
20.333333	2.523454E+0	4.553326E-1
20.400000	2.523454E+0	4.528246E-1
20.466667	2.522807E+0	4.553326E-1
20.533333	2.522160E+0	4.603486E-1
20.600000	2.522160E+0	4.553326E-1
20.666667	2.520218E+0	4.553326E-1
20.733333	2.522160E+0	4.628566E-1
20.800000	2.522807E+0	4.628566E-1
20.866667	2.523454E+0	4.578406E-1
20.933333	2.550638E+0	1.145033E+0
21.000000	2.732510E+0	2.842951E+0
21.066667	3.031532E+0	3.803515E+0
21.133333	3.199812E+0	3.472459E+0
21.200000	3.210168E+0	3.861199E+0
21.266667	3.105316E+0	3.720751E+0
21.333333	2.789467E+0	3.224167E+0
21.400000	2.527337E+0	5.130166E-1
21.466667	2.522807E+0	4.628566E-1
21.533333	2.522160E+0	4.603486E-1
21.600000	2.521512E+0	4.553326E-1
21.666667	2.520865E+0	4.628566E-1
21.733333	2.522160E+0	4.553326E-1
21.800000	2.521512E+0	4.628566E-1
21.866667	2.521512E+0	4.628566E-1
21.933333	2.521512E+0	4.603486E-1
22.000000	2.523454E+0	4.628566E-1
22.066667	2.522160E+0	4.628566E-1
22.133333	2.523454E+0	4.503166E-1
22.200000	2.520865E+0	4.678726E-1
22.266667	2.522160E+0	4.553326E-1
22.333333	2.523454E+0	4.528246E-1
22.400000	2.521512E+0	4.678726E-1
22.466667	2.522160E+0	4.628566E-1
22.533333	2.523454E+0	4.553326E-1
22.600000	2.519571E+0	4.628566E-1
22.666667	2.520865E+0	4.553326E-1
22.733333	2.523454E+0	4.528246E-1
22.800000	2.522807E+0	4.628566E-1
22.866667	2.521512E+0	4.553326E-1
22.933333	2.521512E+0	4.628566E-1
23.000000	2.520218E+0	4.653646E-1
23.066667	2.520865E+0	4.578406E-1
23.133333	2.521512E+0	4.528246E-1
23.200000	2.523454E+0	4.528246E-1
23.266667	2.525396E+0	4.528246E-1
23.333333	2.549343E+0	9.293450E-1
23.400000	2.635425E+0	1.674222E+0
23.466667	2.757105E+0	3.339535E+0
23.533333	2.982989E+0	3.585319E+0
23.600000	3.025059E+0	3.357091E+0
23.666667	2.891082E+0	2.963335E+0
23.733333	2.662609E+0	2.609706E+0
23.800000	2.523454E+0	4.678726E-1
23.866667	2.523454E+0	4.528246E-1
23.933333	2.522160E+0	4.628566E-1
24.000000	2.521512E+0	4.553326E-1
24.066667	2.522160E+0	4.528246E-1
24.133333	2.523454E+0	4.553326E-1
24.200000	2.521512E+0	4.678726E-1
24.266667	2.522160E+0	4.528246E-1
24.333333	2.523454E+0	4.528246E-1
24.400000	2.520218E+0	4.628566E-1
24.466667	2.523454E+0	4.528246E-1
24.533333	2.520218E+0	4.553326E-1
24.600000	2.523454E+0	4.628566E-1
24.666667	2.521512E+0	4.478086E-1
24.733333	2.520865E+0	4.553326E-1
24.800000	2.522160E+0	4.653646E-1
24.866667	2.522807E+0	4.503166E-1
24.933333	2.520218E+0	4.578406E-1
25.000000	2.524101E+0	4.603486E-1
25.066667	2.521512E+0	4.478086E-1
25.133333	2.536399E+0	7.588009E-1
25.200000	2.803059E+0	2.815363E+0
25.266667	2.979106E+0	3.128863E+0
25.333333	3.065188E+0	3.459919E+0
25.400000	3.056126E+0	3.823579E+0
25.466667	2.961631E+0	3.311947E+0
25.533333	2.755811E+0	2.637294E+0
25.600000	2.586236E+0	1.097381E+0
25.666667	2.521512E+0	4.628566E-1
25.733333	2.523454E+0	4.578406E-1
25.800000	2.522160E+0	4.603486E-1
25.866667	2.522160E+0	4.478086E-1
25.933333	2.520865E+0	4.553326E-1
26.000000	2.520218E+0	4.603486E-1
26.066667	2.523454E+0	4.553326E-1
26.133333	2.522160E+0	4.578406E-1
26.200000	2.521512E+0	4.678726E-1
26.266667	2.523454E+0	4.553326E-1
26.333333	2.520865E+0	4.503166E-1
26.400000	2.520218E+0	4.628566E-1
26.466667	2.521512E+0	4.503166E-1
26.533333	2.522160E+0	4.503166E-1
26.600000	2.520218E+0	4.628566E-1
26.666667	2.521512E+0	4.603486E-1
26.733333	2.523454E+0	4.528246E-1
26.800000	2.518923E+0	4.653646E-1
26.866667	2.521512E+0	4.578406E-1
26.933333	2.524101E+0	4.528246E-1
27.000000	2.523454E+0	4.603486E-1
27.066667	2.523454E+0	4.553326E-1
27.133333	2.521512E+0	4.503166E-1
27.200000	2.521512E+0	4.528246E-1
27.266667	2.520218E+0	4.528246E-1
27.333333	2.521512E+0	4.503166E-1
27.400000	2.523454E+0	4.578406E-1
27.466667	2.520218E+0	4.528246E-1
27.533333	2.523454E+0	4.528246E-1
27.600000	2.521512E+0	4.528246E-1
27.666667	2.520218E+0	4.553326E-1
27.733333	2.520218E+0	4.553326E-1
27.800000	2.523454E+0	4.578406E-1
27.866667	2.520865E+0	4.553326E-1
27.933333	2.523454E+0	4.553326E-1
28.000000	2.521512E+0	4.678726E-1
28.066667	2.521512E+0	4.603486E-1
28.133333	2.522160E+0	4.628566E-1
28.200000	2.520218E+0	4.603486E-1
28.266667	2.520218E+0	4.553326E-1
28.333333	2.521512E+0	4.603486E-1
28.400000	2.519571E+0	4.603486E-1
28.466667	2.519571E+0	4.603486E-1
28.533333	2.522807E+0	4.528246E-1
28.600000	2.520218E+0	4.653646E-1
28.666667	2.522160E+0	4.628566E-1
28.733333	2.533810E+0	5.105086E-1
28.800000	2.700796E+0	2.519418E+0
28.866667	3.015998E+0	2.983399E+0
28.933333	3.236704E+0	3.424807E+0
29.000000	3.278127E+0	3.517603E+0
29.066667	3.249649E+0	3.417283E+0
29.133333	3.192693E+0	3.602875E+0
29.200000	3.089135E+0	3.811039E+0
29.266667	2.924738E+0	3.161467E+0
29.333333	2.735099E+0	2.173314E+0
29.400000	2.570702E+0	1.127477E+0
29.466667	2.521512E+0	4.528246E-1
29.533333	2.521512E+0	4.503166E-1
29.600000	2.520865E+0	4.628566E-1
29.666667	2.521512E+0	4.528246E-1
29.733333	2.522807E+0	4.628566E-1
29.800000	2.521512E+0	4.653646E-1
29.866667	2.520218E+0	4.553326E-1
29.933333	2.524101E+0	4.528246E-1
30.000000	2.523454E+0	4.603486E-1
30.066667	2.521512E+0	4.503166E-1
30.133333	2.523454E+0	4.528246E-1
30.200000	2.522807E+0	4.553326E-1
30.266667	2.520218E+0	4.528246E-1
30.333333	2.522807E+0	4.528246E-1
30.400000	2.521512E+0	4.603486E-1
30.466667	2.521512E+0	4.478086E-1
30.533333	2.521512E+0	4.503166E-1
30.600000	2.524101E+0	4.603486E-1
30.666667	2.588825E+0	1.787082E+0
30.733333	2.726038E+0	2.689962E+0
30.800000	2.777169E+0	3.259279E+0
30.866667	2.676848E+0	2.446686E+0
30.933333	2.554521E+0	1.298021E+0
31.000000	2.521512E+0	4.678726E-1
31.066667	2.523454E+0	4.578406E-1
31.133333	2.522160E+0	4.628566E-1
31.200000	2.523454E+0	4.603486E-1
31.266667	2.522160E+0	4.628566E-1
31.333333	2.521512E+0	4.628566E-1
31.400000	2.522160E+0	4.553326E-1
31.466667	2.523454E+0	4.528246E-1
31.533333	2.520218E+0	4.553326E-1
31.600000	2.521512E+0	4.528246E-1
31.666667	2.520865E+0	4.553326E-1
31.733333	2.520865E+0	4.553326E-1
31.800000	2.520218E+0	4.628566E-1
31.866667	2.521512E+0	4.553326E-1
31.933333	2.521512E+0	4.553326E-1
32.000000	2.522160E+0	4.653646E-1
32.066667	2.521512E+0	4.503166E-1
32.133333	2.521512E+0	4.628566E-1
32.200000	2.522160E+0	4.678726E-1
32.266667	2.521512E+0	4.628566E-1
32.333333	2.521512E+0	4.628566E-1
32.400000	2.522160E+0	4.553326E-1
32.466667	2.521512E+0	4.503166E-1
32.533333	2.522160E+0	4.478086E-1
32.600000	2.520218E+0	4.628566E-1
32.666667	2.521512E+0	4.578406E-1
32.733333	2.520865E+0	4.528246E-1
32.800000	2.520865E+0	4.678726E-1
32.866667	2.521512E+0	4.528246E-1
32.933333	2.522160E+0	4.603486E-1
33.000000	2.521512E+0	4.678726E-1
33.066667	2.522160E+0	4.503166E-1
33.133333	2.521512E+0	4.603486E-1
33.200000	2.522160E+0	4.553326E-1
33.266667	2.575880E+0	1.267925E+0
33.333333	2.839304E+0	2.895619E+0
33.400000	3.155800E+0	3.407251E+0
33.466667	3.394629E+0	3.713227E+0
33.533333	3.585563E+0	3.933931E+0
33.600000	3.581679E+0	3.886279E+0
33.666667	3.319550E+0	3.678115E+0
33.733333	2.883315E+0	2.762695E+0
33.800000	2.580411E+0	9.644570E-1
33.866667	2.519571E+0	4.578406E-1
33.933333	2.520218E+0	4.528246E-1
34.000000	2.521512E+0	4.603486E-1
34.066667	2.524101E+0	4.553326E-1
34.133333	2.521512E+0	4.503166E-1
34.200000	2.521512E+0	4.678726E-1
34.266667	2.522160E+0	4.528246E-1
34.333333	2.523454E+0	4.528246E-1
34.400000	2.523454E+0	4.528246E-1
34.466667	2.521512E+0	4.628566E-1
34.533333	2.522160E+0	4.478086E-1
34.600000	2.520865E+0	4.678726E-1
34.666667	2.524101E+0	4.578406E-1
34.733333	2.520865E+0	4.528246E-1
34.800000	2.520865E+0	4.628566E-1
34.866667	2.525396E+0	4.779046E-1
34.933333	2.810825E+0	2.720058E+0
35.000000	3.318256E+0	3.525127E+0
35.066667	3.528606E+0	3.710719E+0
35.133333	3.632163E+0	4.019204E+0
35.200000	3.489772E+0	3.818563E+0
35.266667	3.112436E+0	3.477475E+0
35.333333	2.651606E+0	1.762002E+0
35.400000	2.522807E+0	4.628566E-1
35.466667	2.520865E+0	4.603486E-1
35.533333	2.525396E+0	4.528246E-1
35.600000	2.521512E+0	4.603486E-1
35.666667	2.520865E+0	4.553326E-1
35.733333	2.523454E+0	4.478086E-1
35.800000	2.521512E+0	4.528246E-1
35.866667	2.520218E+0	4.603486E-1
35.933333	2.520865E+0	4.528246E-1
36.000000	2.520218E+0	4.678726E-1
36.066667	2.523454E+0	4.553326E-1
36.133333	2.522807E+0	4.528246E-1
36.200000	2.520865E+0	4.603486E-1
36.266667	2.522160E+0	4.578406E-1
36.333333	2.522160E+0	4.578406E-1
36.400000	2.522807E+0	4.628566E-1
36.466667	2.617303E+0	1.445993E+0
36.533333	2.538988E+0	6.910848E-1
36.600000	2.522807E+0	4.628566E-1
36.666667	2.521512E+0	4.628566E-1
36.733333	2.523454E+0	4.528246E-1
36.800000	2.522160E+0	4.528246E-1
36.866667	2.522160E+0	4.528246E-1
36.933333	2.521512E+0	4.528246E-1
37.000000	2.522160E+0	4.553326E-1
37.066667	2.520865E+0	4.603486E-1
37.133333	2.521512E+0	4.628566E-1
37.200000	2.523454E+0	4.578406E-1
37.266667	2.523454E+0	4.553326E-1
37.333333	2.521512E+0	4.578406E-1
37.400000	2.522807E+0	4.503166E-1
37.466667	2.684615E+0	1.940070E+0
37.533333	2.559052E+0	8.691529E-1
37.600000	2.522160E+0	4.578406E-1
37.666667	2.522160E+0	4.653646E-1
37.733333	2.522160E+0	4.528246E-1
37.800000	2.522160E+0	4.503166E-1
37.866667	2.522160E+0	4.653646E-1
37.933333	2.520865E+0	4.578406E-1
38.000000	2.521512E+0	4.628566E-1
38.066667	2.521512E+0	4.653646E-1
38.133333	2.523454E+0	4.553326E-1
38.200000	2.520865E+0	4.553326E-1
38.266667	2.521512E+0	4.653646E-1
38.333333	2.522160E+0	4.478086E-1
38.400000	2.522807E+0	4.553326E-1
38.466667	2.521512E+0	4.503166E-1
38.533333	2.522160E+0	4.603486E-1
38.600000	2.524101E+0	4.553326E-1
38.666667	2.519571E+0	4.678726E-1
38.733333	2.521512E+0	4.478086E-1
38.800000	2.522160E+0	4.503166E-1
38.866667	2.522160E+0	4.528246E-1
38.933333	2.524101E+0	4.528246E-1
39.000000	2.523454E+0	4.578406E-1
39.066667	2.524101E+0	4.553326E-1
39.133333	2.648370E+0	1.819686E+0
39.200000	2.830242E+0	3.005971E+0
39.266667	3.133794E+0	3.941455E+0
39.333333	3.340262E+0	3.562747E+0
39.400000	3.529901E+0	3.811039E+0
39.466667	3.526665E+0	3.856183E+0
39.533333	3.525370E+0	3.748339E+0
39.600000	3.599155E+0	3.861199E+0
39.666667	3.541551E+0	3.848659E+0
39.733333	3.269713E+0	3.602875E+0
39.800000	2.835420E+0	2.815363E+0
39.866667	2.577822E+0	1.217765E+0
39.933333	2.520865E+0	4.528246E-1
40.000000	2.520865E+0	4.603486E-1
40.066667	2.522160E+0	4.528246E-1
40.133333	2.521512E+0	4.603486E-1
40.200000	2.520218E+0	4.578406E-1
40.266667	2.521512E+0	4.603486E-1
40.333333	2.522160E+0	4.603486E-1
40.400000	2.522160E+0	4.653646E-1
40.466667	2.522160E+0	4.528246E-1
40.533333	2.520218E+0	4.553326E-1
40.600000	2.520865E+0	4.578406E-1
40.666667	2.521512E+0	4.628566E-1
40.733333	2.521512E+0	4.503166E-1
40.800000	2.519571E+0	4.553326E-1
40.866667	2.521512E+0	4.628566E-1
40.933333	2.522160E+0	4.603486E-1
41.000000	2.521512E+0	4.553326E-1
41.066667	2.520218E+0	4.603486E-1
41.133333	2.522160E+0	4.603486E-1
41.200000	2.521512E+0	4.553326E-1
41.266667	2.522807E+0	4.628566E-1
41.333333	2.521512E+0	4.603486E-1
41.400000	2.526043E+0	5.004766E-1
41.466667	2.576527E+0	1.313069E+0
41.533333	2.834126E+0	2.857999E+0
41.600000	3.355148E+0	3.770911E+0
41.666667	3.722776E+0	3.868723E+0
41.733333	3.955780E+0	3.984092E+0
41.800000	4.061279E+0	4.004156E+0
41.866667	3.994614E+0	4.031744E+0
41.933333	3.857400E+0	3.974060E+0
42.000000	3.487183E+0	3.660559E+0
42.066667	2.907263E+0	2.873047E+0
42.133333	2.572644E+0	1.064777E+0
42.200000	2.523454E+0	4.528246E-1
42.266667	2.522160E+0	4.678726E-1
42.333333	2.524101E+0	4.528246E-1
42.400000	2.521512E+0	4.478086E-1
42.466667	2.523454E+0	4.528246E-1
42.533333	2.521512E+0	4.553326E-1
42.600000	2.522807E+0	4.553326E-1
42.666667	2.522160E+0	4.553326E-1
42.733333	2.521512E+0	4.628566E-1
42.800000	2.520218E+0	4.578406E-1
42.866667	2.521512E+0	4.553326E-1
42.933333	2.520865E+0	4.553326E-1
43.000000	2.523454E+0	4.503166E-1
43.066667	2.521512E+0	4.553326E-1
43.133333	2.522807E+0	4.553326E-1
43.200000	2.522160E+0	4.603486E-1
43.266667	2.521512E+0	4.603486E-1
43.333333	2.522160E+0	4.553326E-1
43.400000	2.523454E+0	4.578406E-1
43.466667	2.520218E+0	4.603486E-1
43.533333	2.521512E+0	4.628566E-1
43.600000	2.523454E+0	4.578406E-1
43.666667	2.521512E+0	4.553326E-1
43.733333	2.521512E+0	4.628566E-1
43.800000	2.520865E+0	4.553326E-1
43.866667	2.541577E+0	8.290249E-1
43.933333	2.823770E+0	3.487507E+0
44.000000	3.401749E+0	3.477475E+0
44.066667	3.810800E+0	3.858691E+0
44.133333	4.047687E+0	4.011680E+0
44.200000	4.184900E+0	4.064348E+0
44.266667	4.186195E+0	4.104476E+0
44.333333	3.922771E+0	3.999140E+0
44.400000	3.375212E+0	3.688147E+0
44.466667	2.872312E+0	3.056131E+0
44.533333	2.586236E+0	1.972674E+0
44.600000	2.521512E+0	4.503166E-1
44.666667	2.522807E+0	4.553326E-1
44.733333	2.522807E+0	4.503166E-1
44.800000	2.521512E+0	4.503166E-1
44.866667	2.521512E+0	4.578406E-1
44.933333	2.523454E+0	4.553326E-1
45.000000	2.521512E+0	4.503166E-1
45.066667	2.523454E+0	4.528246E-1
45.133333	2.521512E+0	4.578406E-1
45.200000	2.522807E+0	4.553326E-1
45.266667	2.520218E+0	4.603486E-1
45.333333	2.522807E+0	4.628566E-1
45.400000	2.520865E+0	4.553326E-1
45.466667	2.521512E+0	4.528246E-1
45.533333	2.520865E+0	4.578406E-1
45.600000	2.520218E+0	4.553326E-1
45.666667	2.523454E+0	4.603486E-1
45.733333	2.524101E+0	4.553326E-1
45.800000	2.522160E+0	4.503166E-1
45.866667	2.574585E+0	9.544250E-1
45.933333	2.756458E+0	2.431638E+0
46.000000	3.287836E+0	3.452395E+0
46.066667	3.793972E+0	3.898819E+0
46.133333	4.080048E+0	3.948979E+0
46.200000	4.151244E+0	4.101968E+0
46.266667	4.099465E+0	4.034252E+0
46.333333	3.969372E+0	3.833611E+0
46.400000	3.545434E+0	3.540175E+0
46.466667	3.008879E+0	3.081211E+0
46.533333	2.595297E+0	1.122461E+0
46.600000	2.519571E+0	4.553326E-1
46.666667	2.522160E+0	4.678726E-1
46.733333	2.525396E+0	4.553326E-1
46.800000	2.523454E+0	4.528246E-1
46.866667	2.523454E+0	4.628566E-1
46.933333	2.522160E+0	4.503166E-1
47.000000	2.520218E+0	4.528246E-1
47.066667	2.523454E+0	4.603486E-1
47.133333	2.521512E+0	4.503166E-1
47.200000	2.523454E+0	4.553326E-1
47.266667	2.520865E+0	4.678726E-1
47.333333	2.520865E+0	4.578406E-1
47.400000	2.522160E+0	4.603486E-1
47.466667	2.521512E+0	4.678726E-1
47.533333	2.522160E+0	4.628566E-1
47.600000	2.520865E+0	4.553326E-1
47.666667	2.522807E+0	4.628566E-1
47.733333	2.570702E+0	1.077317E+0
47.800000	2.748691E+0	2.313762E+0
47.866667	2.728627E+0	2.579610E+0
47.933333	2.606947E+0	1.656666E+0
48.000000	2.525396E+0	4.603486E-1
48.066667	2.520865E+0	4.628566E-1
48.133333	2.522160E+0	4.578406E-1
48.200000	2.518923E+0	4.528246E-1
48.266667	2.521512E+0	4.553326E-1
48.333333	2.520218E+0	4.553326E-1
48.400000	2.520218E+0	4.528246E-1
48.466667	2.520865E+0	4.603486E-1
48.533333	2.522160E+0	4.628566E-1
48.600000	2.521512E+0	4.603486E-1
48.666667	2.520865E+0	4.603486E-1
48.733333	2.521512E+0	4.528246E-1
48.800000	2.522160E+0	4.628566E-1
48.866667	2.521512E+0	4.553326E-1
48.933333	2.519571E+0	4.578406E-1
49.000000	2.521512E+0	4.578406E-1
49.066667	2.521512E+0	4.528246E-1
49.133333	2.521512E+0	4.578406E-1
49.200000	2.521512E+0	4.478086E-1
49.266667	2.521512E+0	4.603486E-1
49.333333	2.521512E+0	4.628566E-1
49.400000	2.520218E+0	4.603486E-1
49.466667	2.522807E+0	4.528246E-1
49.533333	2.648370E+0	2.125662E+0
49.600000	2.929916E+0	2.855491E+0
49.666667	3.367445E+0	3.427315E+0
49.733333	3.651580E+0	3.798499E+0
49.800000	3.867756E+0	3.913867E+0
49.866667	3.905296E+0	3.966535E+0
49.933333	3.682000E+0	3.738307E+0
50.000000	3.190104E+0	3.665575E+0
50.066667	2.766814E+0	2.396526E+0
50.133333	2.520865E+0	4.553326E-1
50.200000	2.522160E+0	4.603486E-1
50.266667	2.524101E+0	4.603486E-1
50.333333	2.521512E+0	4.628566E-1
50.400000	2.521512E+0	4.528246E-1
50.466667	2.521512E+0	4.528246E-1
50.533333	2.522160E+0	4.503166E-1
50.600000	2.521512E+0	4.478086E-1
50.666667	2.520218E+0	4.603486E-1
50.733333	2.520218E+0	4.603486E-1
50.800000	2.520218E+0	4.528246E-1
50.866667	2.521512E+0	4.528246E-1
50.933333	2.523454E+0	4.528246E-1
51.000000	2.523454E+0	4.553326E-1
51.066667	2.522160E+0	4.653646E-1
51.133333	2.520218E+0	4.578406E-1
51.200000	2.520218E+0	4.578406E-1
51.266667	2.520218E+0	4.603486E-1
51.333333	2.521512E+0	4.653646E-1
51.400000	2.520865E+0	4.603486E-1
51.466667	2.521512E+0	4.678726E-1
51.533333	2.521512E+0	4.653646E-1
51.600000	2.522807E+0	4.528246E-1
51.666667	2.520865E+0	4.603486E-1
51.733333	2.522160E+0	4.628566E-1
51.800000	2.669081E+0	3.096259E+0
51.866667	3.120850E+0	3.429823E+0
51.933333	3.640577E+0	3.841135E+0
52.000000	3.862578E+0	4.034252E+0
52.066667	3.819214E+0	3.961519E+0
52.133333	3.518251E+0	3.848659E+0
52.200000	3.000464E+0	3.309439E+0
52.266667	2.606947E+0	1.782066E+0
52.333333	2.523454E+0	4.578406E-1
52.400000	2.521512E+0	4.503166E-1
52.466667	2.520865E+0	4.628566E-1
52.533333	2.522160E+0	4.603486E-1
52.600000	2.523454E+0	4.528246E-1
52.666667	2.521512E+0	4.653646E-1
52.733333	2.523454E+0	4.578406E-1
52.800000	2.520865E+0	4.528246E-1
52.866667	2.522160E+0	4.653646E-1
52.933333	2.521512E+0	4.653646E-1
53.000000	2.521512E+0	4.603486E-1
53.066667	2.522160E+0	4.653646E-1
53.133333	2.520865E+0	4.603486E-1
53.200000	2.524101E+0	4.503166E-1
53.266667	2.520218E+0	4.628566E-1
53.333333	2.521512E+0	4.628566E-1
53.400000	2.521512E+0	4.478086E-1
53.466667	2.522807E+0	4.578406E-1
53.533333	2.521512E+0	4.528246E-1
53.600000	2.523454E+0	4.528246E-1
53.666667	2.523454E+0	4.603486E-1
53.733333	2.523454E+0	4.603486E-1
53.800000	2.529926E+0	6.007967E-1
53.866667	2.524101E+0	4.929526E-1
53.933333	2.522160E+0	4.653646E-1
54.000000	2.533163E+0	5.280647E-1
54.066667	2.891729E+0	2.587134E+0
54.133333	3.459352E+0	3.678115E+0
54.200000	3.661289E+0	3.823579E+0
54.266667	3.423107E+0	3.575287E+0
54.333333	2.879432E+0	2.830411E+0
54.400000	2.557757E+0	1.313069E+0
54.466667	2.521512E+0	4.528246E-1
54.533333	2.521512E+0	4.678726E-1
54.600000	2.523454E+0	4.478086E-1
54.666667	2.523454E+0	4.603486E-1
54.733333	2.521512E+0	4.653646E-1
54.800000	2.521512E+0	4.628566E-1
54.866667	2.521512E+0	4.503166E-1
54.933333	2.521512E+0	4.553326E-1
55.000000	2.521512E+0	4.478086E-1
55.066667	2.521512E+0	4.528246E-1
55.133333	2.521512E+0	4.528246E-1
55.200000	2.522807E+0	4.528246E-1
55.266667	2.520865E+0	4.503166E-1
55.333333	2.524749E+0	4.553326E-1
55.400000	2.955805E+0	2.802823E+0
55.466667	3.049007E+0	3.063655E+0
55.533333	2.815356E+0	2.338842E+0
55.600000	2.541577E+0	6.258767E-1
55.666667	2.520218E+0	4.603486E-1
55.733333	2.520865E+0	4.578406E-1
55.800000	2.521512E+0	4.478086E-1
55.866667	2.522160E+0	4.528246E-1
55.933333	2.524101E+0	4.578406E-1
56.000000	2.523454E+0	4.478086E-1
56.066667	2.522160E+0	4.528246E-1
56.133333	2.521512E+0	4.653646E-1
56.200000	2.521512E+0	4.478086E-1
56.266667	2.522160E+0	4.553326E-1
56.333333	2.519571E+0	4.578406E-1
56.400000	2.520865E+0	4.528246E-1
56.466667	2.524101E+0	4.503166E-1
56.533333	2.520218E+0	4.578406E-1
56.600000	2.523454E+0	4.603486E-1
56.666667	2.699501E+0	1.882386E+0
56.733333	3.165509E+0	3.161467E+0
56.800000	3.610805E+0	3.557731E+0
56.866667	3.892351E+0	3.808531E+0
56.933333	3.899470E+0	3.913867E+0
57.000000	3.553201E+0	3.663067E+0
57.066667	3.066482E+0	3.364615E+0
57.133333	2.630247E+0	1.438469E+0
57.200000	2.521512E+0	4.528246E-1
57.266667	2.522160E+0	4.628566E-1
57.333333	2.524749E+0	4.603486E-1
57.400000	2.521512E+0	4.478086E-1
57.466667	2.523454E+0	4.603486E-1
57.533333	2.523454E+0	4.578406E-1
57.600000	2.520865E+0	4.528246E-1
57.666667	2.522807E+0	4.578406E-1
57.733333	2.520218E+0	4.603486E-1
57.800000	2.521512E+0	4.628566E-1
57.866667	2.523454E+0	4.553326E-1
57.933333	2.521512E+0	4.628566E-1
58.000000	2.522160E+0	4.603486E-1
58.066667	2.521512E+0	4.528246E-1
58.133333	2.524101E+0	4.628566E-1
58.200000	2.521512E+0	4.503166E-1
58.266667	2.522807E+0	4.603486E-1
58.333333	2.521512E+0	4.553326E-1
58.400000	2.521512E+0	4.478086E-1
58.466667	2.523454E+0	4.578406E-1
58.533333	2.521512E+0	4.603486E-1
58.600000	2.520865E+0	4.553326E-1
58.666667	2.521512E+0	4.503166E-1
58.733333	2.520218E+0	4.628566E-1
58.800000	2.523454E+0	4.478086E-1
58.866667	2.523454E+0	4.578406E-1
58.933333	2.521512E+0	4.528246E-1
59.000000	2.522160E+0	4.478086E-1
59.066667	2.529926E+0	4.678726E-1
59.133333	2.562935E+0	1.182653E+0
59.200000	3.044476E+0	3.241723E+0
59.266667	3.565498E+0	3.550207E+0
59.333333	3.693651E+0	3.683131E+0
59.400000	3.564851E+0	3.577795E+0
59.466667	3.228290E+0	3.314455E+0
59.533333	2.733157E+0	2.113122E+0
59.600000	2.522807E+0	4.553326E-1
59.666667	2.521512E+0	4.528246E-1
59.733333	2.524101E+0	4.578406E-1
59.800000	2.520865E+0	4.603486E-1
59.866667	2.520218E+0	4.553326E-1
59.933333	2.523454E+0	4.603486E-1
60.000000	2.520865E+0	4.603486E-1
60.066667	2.522807E+0	4.578406E-1
60.133333	2.521512E+0	4.603486E-1
60.200000	2.520218E+0	4.528246E-1
60.266667	2.521512E+0	4.628566E-1
60.333333	2.520218E+0	4.603486E-1
60.400000	2.523454E+0	4.503166E-1
60.466667	2.523454E+0	4.528246E-1
60.533333	2.522160E+0	4.628566E-1
60.600000	2.520865E+0	4.553326E-1
60.666667	2.522807E+0	4.553326E-1
60.733333	2.521512E+0	4.628566E-1
60.800000	2.521512E+0	4.528246E-1
60.866667	2.526690E+0	4.578406E-1
60.933333	2.619892E+0	2.790283E+0
61.000000	2.910499E+0	2.559546E+0
61.066667	3.144797E+0	3.602875E+0
61.133333	3.256769E+0	3.695671E+0
61.200000	3.300133E+0	3.570271E+0
61.266667	3.276186E+0	3.625447E+0
61.333333	3.239941E+0	3.625447E+0
61.400000	3.192693E+0	3.510079E+0
61.466667	3.165509E+0	3.565255E+0
61.533333	3.139619E+0	3.600367E+0
61.600000	3.122791E+0	3.562747E+0
61.666667	3.104669E+0	3.600367E+0
61.733333	3.082663E+0	3.472459E+0
61.800000	3.070366E+0	3.442363E+0
61.866667	3.060657E+0	3.394711E+0
61.933333	3.050301E+0	3.304423E+0
62.000000	3.041240E+0	3.321979E+0
62.066667	3.039946E+0	3.321979E+0
62.133333	3.039298E+0	3.321979E+0
62.200000	3.035415E+0	3.324487E+0
62.266667	3.027648E+0	3.329503E+0
62.333333	3.025707E+0	3.357091E+0
62.400000	3.018587E+0	3.382171E+0
62.466667	3.012762E+0	3.372139E+0
62.533333	3.011467E+0	3.362107E+0
62.600000	3.018587E+0	3.389695E+0
62.666667	3.017293E+0	3.402235E+0
62.733333	3.021176E+0	3.409759E+0
62.800000	3.024412E+0	3.422299E+0
62.866667	3.029590E+0	3.424807E+0
62.933333	3.032826E+0	3.432331E+0
63.000000	3.036710E+0	3.394711E+0
63.066667	3.041240E+0	3.462427E+0
63.133333	3.039298E+0	3.412267E+0
63.200000	3.036710E+0	3.444871E+0
63.266667	3.036062E+0	3.379663E+0
63.333333	3.031532E+0	3.357091E+0
63.400000	3.033473E+0	3.439855E+0
63.466667	3.026354E+0	3.374647E+0
63.533333	3.026354E+0	3.434839E+0
63.600000	3.029590E+0	3.477475E+0
63.666667	3.034768E+0	3.409759E+0
63.733333	3.030884E+0	3.329503E+0
63.800000	3.023765E+0	3.349567E+0
63.866667	3.022470E+0	3.349567E+0
63.933333	3.018587E+0	3.352075E+0
64.000000	3.017940E+0	3.354583E+0
64.066667	3.013409E+0	3.392203E+0
64.133333	3.013409E+0	3.384679E+0
64.200000	3.010820E+0	3.377155E+0
64.266667	3.006937E+0	3.437347E+0
64.333333	3.004995E+0	3.422299E+0
64.400000	3.010820E+0	3.369631E+0
64.466667	3.010820E+0	3.339535E+0
64.533333	3.012115E+0	3.329503E+0
64.600000	3.011467E+0	3.347059E+0
64.666667	3.010173E+0	3.326995E+0
64.733333	3.010173E+0	3.339535E+0
64.800000	3.010820E+0	3.352075E+0
64.866667	3.020529E+0	3.399727E+0
64.933333	3.023765E+0	3.449887E+0
65.000000	3.021823E+0	3.484999E+0
65.066667	3.026354E+0	3.482491E+0
65.133333	3.028943E+0	3.507571E+0
65.200000	3.028943E+0	3.482491E+0
65.266667	3.033473E+0	3.442363E+0
65.333333	3.029590E+0	3.417283E+0
65.400000	3.280716E+0	3.607891E+0
65.466667	3.629575E+0	3.888787E+0
65.533333	3.698181E+0	3.836119E+0
65.600000	3.550612E+0	3.813547E+0
65.666667	3.121497E+0	3.490015E+0
65.733333	2.742219E+0	2.474274E+0
65.800000	2.535752E+0	4.728886E-1
65.866667	2.521512E+0	4.653646E-1
65.933333	2.522160E+0	4.528246E-1
66.000000	2.524101E+0	4.578406E-1
66.066667	2.521512E+0	4.603486E-1
66.133333	2.521512E+0	4.628566E-1
66.200000	2.523454E+0	4.528246E-1
66.266667	2.520865E+0	4.628566E-1
66.333333	2.523454E+0	4.528246E-1
66.400000	2.521512E+0	4.478086E-1
66.466667	2.520218E+0	4.628566E-1
66.533333	2.522807E+0	4.578406E-1
66.600000	2.521512E+0	4.503166E-1
66.666667	2.524101E+0	4.628566E-1
66.733333	2.519571E+0	4.653646E-1
66.800000	2.521512E+0	4.528246E-1
66.866667	2.679437E+0	1.370753E+0
66.933333	2.711799E+0	2.128170E+0
67.000000	2.744808E+0	2.301222E+0
67.066667	2.754516E+0	1.997754E+0
67.133333	2.755163E+0	2.238522E+0
67.200000	2.751927E+0	2.406558E+0
67.266667	2.746749E+0	2.256078E+0
67.333333	2.759047E+0	2.278650E+0
67.400000	2.755811E+0	2.662374E+0
67.466667	2.748691E+0	2.599674E+0
67.533333	2.745455E+0	2.589642E+0
67.600000	2.741571E+0	2.622246E+0
67.666667	2.740924E+0	2.411574E+0
67.733333	2.741571E+0	2.414082E+0
67.800000	2.742866E+0	2.449194E+0
67.866667	2.744160E+0	2.484306E+0
67.933333	2.744808E+0	2.491830E+0
68.000000	2.747397E+0	2.544498E+0
68.066667	2.750633E+0	2.476782E+0
68.133333	2.753222E+0	2.481798E+0
68.200000	2.755163E+0	2.529450E+0
68.266667	2.753869E+0	2.536974E+0
68.333333	2.754516E+0	2.501862E+0
68.400000	2.753222E+0	2.401542E+0
68.466667	2.756458E+0	2.424114E+0
68.533333	2.755163E+0	2.429130E+0
68.600000	2.759694E+0	2.326302E+0
68.666667	2.760988E+0	2.381478E+0
68.733333	2.761636E+0	2.404050E+0
68.800000	2.763577E+0	2.539482E+0
68.866667	2.762930E+0	2.511894E+0
68.933333	2.760341E+0	2.504370E+0
69.000000	2.763577E+0	2.529450E+0
69.066667	2.761636E+0	2.579610E+0
69.133333	2.759694E+0	2.559546E+0
69.200000	2.761636E+0	2.679930E+0
69.266667	2.760988E+0	2.840443E+0
69.333333	2.760341E+0	2.903143E+0
69.400000	2.764225E+0	2.584626E+0
69.466667	2.762283E+0	2.855491E+0
69.533333	2.762930E+0	2.873047E+0
69.600000	2.762283E+0	2.855491E+0
69.666667	2.764872E+0	2.594658E+0
69.733333	2.765519E+0	2.486814E+0
69.800000	2.767461E+0	2.439162E+0
69.866667	2.768755E+0	2.559546E+0
69.933333	2.764872E+0	2.599674E+0
70.000000	2.765519E+0	2.614722E+0
70.066667	2.765519E+0	2.602182E+0
70.133333	2.766166E+0	2.652342E+0
70.200000	2.768755E+0	2.669898E+0
70.266667	2.894318E+0	2.757678E+0
70.333333	3.458058E+0	3.675607E+0
70.400000	3.546082E+0	3.590335E+0
70.466667	3.478769E+0	3.685639E+0
70.533333	3.264535E+0	3.653035E+0
70.600000	2.986225E+0	3.184039E+0
70.666667	2.709857E+0	2.173314E+0
70.733333	2.530574E+0	5.431127E-1
70.800000	2.521512E+0	4.503166E-1
70.866667	2.521512E+0	4.653646E-1
70.933333	2.520865E+0	4.578406E-1
71.000000	2.521512E+0	4.603486E-1
71.066667	2.521512E+0	4.528246E-1
71.133333	2.520865E+0	4.603486E-1
71.200000	2.520218E+0	4.503166E-1
71.266667	2.523454E+0	4.603486E-1
71.333333	2.521512E+0	4.628566E-1
71.400000	2.523454E+0	4.528246E-1
71.466667	2.521512E+0	4.678726E-1
71.533333	2.521512E+0	4.503166E-1
71.600000	2.522807E+0	4.603486E-1
71.666667	2.521512E+0	4.503166E-1
71.733333	2.521512E+0	4.578406E-1
71.800000	2.524101E+0	4.528246E-1
71.866667	2.522807E+0	4.603486E-1
71.933333	2.522160E+0	4.503166E-1
72.000000	2.520865E+0	4.603486E-1
72.066667	2.522160E+0	4.528246E-1
72.133333	2.522160E+0	4.503166E-1
72.200000	2.520865E+0	4.528246E-1
72.266667	2.520865E+0	4.603486E-1
72.333333	2.521512E+0	4.528246E-1
72.400000	2.522160E+0	4.503166E-1
72.466667	2.522807E+0	4.528246E-1
72.533333	2.599828E+0	1.089857E+0
72.600000	2.666492E+0	1.443485E+0
72.666667	2.710504E+0	1.947594E+0
72.733333	2.723449E+0	2.128170E+0
72.800000	2.742866E+0	2.338842E+0
72.866667	2.759694E+0	2.434146E+0
72.933333	2.784936E+0	2.654850E+0
73.000000	2.812767E+0	2.496846E+0
73.066667	2.848365E+0	2.727582E+0
73.133333	2.876196E+0	2.903143E+0
73.200000	2.891082E+0	2.960827E+0
73.266667	2.904674E+0	2.940763E+0
73.333333	2.907263E+0	3.048607E+0
73.400000	2.902085E+0	2.990923E+0
73.466667	2.904027E+0	2.910667E+0
73.533333	2.902732E+0	2.895619E+0
73.600000	2.910499E+0	3.013495E+0
73.666667	2.912441E+0	3.081211E+0
73.733333	2.909205E+0	3.016003E+0
73.800000	2.910499E+0	3.141403E+0
73.866667	2.904027E+0	3.056131E+0
73.933333	2.900143E+0	3.101275E+0
74.000000	2.898849E+0	3.081211E+0
74.066667	2.895613E+0	2.953303E+0
74.133333	2.889788E+0	3.053623E+0
74.200000	2.893671E+0	3.133879E+0
74.266667	2.886552E+0	2.993431E+0
74.333333	2.891729E+0	2.945779E+0
74.400000	2.885904E+0	3.081211E+0
74.466667	2.884610E+0	3.081211E+0
74.533333	2.884610E+0	3.053623E+0
74.600000	2.879432E+0	3.056131E+0
74.666667	2.874254E+0	3.086227E+0
74.733333	2.872960E+0	3.078703E+0
74.800000	2.868429E+0	3.091243E+0
74.866667	2.867135E+0	3.083719E+0
74.933333	2.858073E+0	3.005971E+0
75.000000	2.858073E+0	2.995939E+0
75.066667	2.849659E+0	2.955811E+0
75.133333	2.847070E+0	2.980891E+0
75.200000	2.844481E+0	2.980891E+0
75.266667	2.843187E+0	2.960827E+0
75.333333	2.842540E+0	3.005971E+0
75.400000	2.843187E+0	2.998447E+0
75.466667	2.839951E+0	3.016003E+0
75.533333	2.837362E+0	2.968351E+0
75.600000	2.837362E+0	2.958319E+0
75.666667	2.835420E+0	2.923207E+0
75.733333	2.837362E+0	2.842951E+0
75.800000	2.834126E+0	2.875555E+0
75.866667	2.829595E+0	2.918191E+0
75.933333	2.828948E+0	2.935747E+0
76.000000	2.823770E+0	2.857999E+0
76.066667	2.819239E+0	2.827903E+0
76.133333	2.815356E+0	2.617230E+0
76.200000	2.810825E+0	2.712534E+0
76.266667	2.803059E+0	2.699994E+0
76.333333	2.805000E+0	2.717550E+0
76.400000	2.805000E+0	2.682438E+0
76.466667	2.805000E+0	2.694978E+0
76.533333	2.807589E+0	2.707518E+0
76.600000	2.803706E+0	2.637294E+0
76.666667	2.806942E+0	2.594658E+0
76.733333	2.805647E+0	2.614722E+0
76.800000	2.805647E+0	2.612214E+0
76.866667	2.810178E+0	2.617230E+0
76.933333	2.811473E+0	2.639802E+0
77.000000	2.813414E+0	2.715042E+0
77.066667	2.826359E+0	2.720058E+0
77.133333	2.837362E+0	2.900635E+0
77.200000	2.871665E+0	3.128863E+0
77.266667	2.971986E+0	3.046099E+0
77.333333	3.120850E+0	3.199087E+0
77.400000	3.139619E+0	3.495031E+0
77.466667	3.124086E+0	3.484999E+0
77.533333	3.105316E+0	3.580303E+0
77.600000	3.096255E+0	3.520111E+0
77.666667	3.091077E+0	3.557731E+0
77.733333	3.084605E+0	3.447379E+0
77.800000	3.080721E+0	3.457411E+0
77.866667	3.072307E+0	3.434839E+0
77.933333	3.074249E+0	3.369631E+0
78.000000	3.065188E+0	3.352075E+0
78.066667	3.065188E+0	3.402235E+0
78.133333	3.061952E+0	3.442363E+0
78.200000	3.058715E+0	3.492523E+0
78.266667	3.057421E+0	3.439855E+0
78.333333	3.060010E+0	3.462427E+0
78.400000	3.065835E+0	3.522619E+0
78.466667	3.069071E+0	3.474967E+0
78.533333	3.063246E+0	3.472459E+0
78.600000	3.067777E+0	3.382171E+0
78.666667	3.063893E+0	3.372139E+0
78.733333	3.060657E+0	3.382171E+0
78.800000	3.053538E+0	3.349567E+0
78.866667	3.046418E+0	3.349567E+0
78.933333	3.042535E+0	3.362107E+0
79.000000	3.042535E+0	3.372139E+0
79.066667	3.044476E+0	3.329503E+0
79.133333	3.053538E+0	3.434839E+0
79.200000	3.105316E+0	3.311947E+0
79.266667	3.219229E+0	3.389695E+0
79.333333	3.363562E+0	3.632971E+0
79.400000	3.503364E+0	3.655543E+0
79.466667	3.614041E+0	3.738307E+0
79.533333	3.750607E+0	3.733291E+0
79.600000	3.846397E+0	3.881263E+0
79.666667	3.950602E+0	3.943963E+0
79.733333	3.986847E+0	3.933931E+0
79.800000	4.019209E+0	3.966535E+0
79.866667	4.093640E+0	3.928915E+0
79.933333	4.078107E+0	4.031744E+0
80.000000	4.061926E+0	4.021712E+0
80.066667	3.991378E+0	3.969043E+0
80.133333	3.748665E+0	3.838627E+0
80.200000	3.217287E+0	3.562747E+0
80.266667	2.788172E+0	2.115630E+0
80.333333	2.524749E+0	4.503166E-1
80.400000	2.519571E+0	4.603486E-1
80.466667	2.520865E+0	4.628566E-1
80.533333	2.522160E+0	4.653646E-1
80.600000	2.522160E+0	4.628566E-1
80.666667	2.520865E+0	4.578406E-1
80.733333	2.522160E+0	4.503166E-1
80.800000	2.521512E+0	4.553326E-1
80.866667	2.521512E+0	4.678726E-1
80.933333	2.524101E+0	4.578406E-1
81.000000	2.523454E+0	4.553326E-1
81.066667	2.521512E+0	4.578406E-1
81.133333	2.522160E+0	4.653646E-1
81.200000	2.523454E+0	4.553326E-1
81.266667	2.521512E+0	4.503166E-1
81.333333	2.521512E+0	4.553326E-1
81.400000	2.522807E+0	4.553326E-1
81.466667	2.523454E+0	4.603486E-1
81.533333	2.521512E+0	4.553326E-1
81.600000	2.521512E+0	4.603486E-1
81.666667	2.522807E+0	4.628566E-1
81.733333	2.522160E+0	4.678726E-1
81.800000	2.521512E+0	4.503166E-1
81.866667	2.520218E+0	4.603486E-1
81.933333	2.520218E+0	4.628566E-1
82.000000	2.520865E+0	4.553326E-1
82.066667	2.749985E+0	2.175822E+0
82.133333	3.183631E+0	3.427315E+0
82.200000	3.606921E+0	3.632971E+0
82.266667	3.843161E+0	3.783451E+0
82.333333	3.913062E+0	3.846151E+0
82.400000	3.949307E+0	3.918883E+0
82.466667	3.970019E+0	3.883771E+0
82.533333	3.850928E+0	3.783451E+0
82.600000	3.560321E+0	3.773419E+0
82.666667	3.099491E+0	3.241723E+0
82.733333	2.678143E+0	1.606506E+0
82.800000	2.522160E+0	4.728886E-1
82.866667	2.520865E+0	4.628566E-1
82.933333	2.522160E+0	4.653646E-1
83.000000	2.521512E+0	4.528246E-1
83.066667	2.524101E+0	4.603486E-1
83.133333	2.522807E+0	4.628566E-1
83.200000	2.521512E+0	4.528246E-1
83.266667	2.520865E+0	4.628566E-1
83.333333	2.521512E+0	4.528246E-1
83.400000	2.519571E+0	4.578406E-1
83.466667	2.523454E+0	4.578406E-1
83.533333	2.520865E+0	4.628566E-1
83.600000	2.523454E+0	4.503166E-1
83.666667	2.523454E+0	4.628566E-1
83.733333	2.521512E+0	4.703806E-1
83.800000	2.521512E+0	4.503166E-1
83.866667	2.523454E+0	4.578406E-1
83.933333	2.521512E+0	4.578406E-1
84.000000	2.522160E+0	4.503166E-1
84.066667	2.521512E+0	4.628566E-1
84.133333	2.560994E+0	6.534648E-1
84.200000	2.582999E+0	9.393770E-1
84.266667	2.686557E+0	1.809654E+0
84.333333	2.742219E+0	2.158266E+0
84.400000	2.744160E+0	2.067978E+0
84.466667	2.685909E+0	1.624062E+0
84.533333	2.639956E+0	1.568886E+0
84.600000	2.604358E+0	1.536281E+0
84.666667	2.552580E+0	8.791850E-1
84.733333	2.521512E+0	4.653646E-1
84.800000	2.520218E+0	4.528246E-1
84.866667	2.520865E+0	4.553326E-1
84.933333	2.521512E+0	4.528246E-1
85.000000	2.523454E+0	4.528246E-1
85.066667	2.520865E+0	4.553326E-1
85.133333	2.520218E+0	4.603486E-1
85.200000	2.523454E+0	4.528246E-1
85.266667	2.520218E+0	4.603486E-1
85.333333	2.521512E+0	4.553326E-1
85.400000	2.522807E+0	4.478086E-1
85.466667	2.562288E+0	6.384168E-1
85.533333	2.584294E+0	1.117445E+0
85.600000	2.616008E+0	1.290497E+0
85.666667	2.589472E+0	1.192685E+0
85.733333	2.548049E+0	9.418850E-1
85.800000	2.526690E+0	4.528246E-1
85.866667	2.522807E+0	4.578406E-1
85.933333	2.522807E+0	4.603486E-1
86.000000	2.522160E+0	4.528246E-1
86.066667	2.522160E+0	4.503166E-1
86.133333	2.522160E+0	4.553326E-1
86.200000	2.521512E+0	4.528246E-1
86.266667	2.524101E+0	4.578406E-1
86.333333	2.522160E+0	4.653646E-1
86.400000	2.520865E+0	4.553326E-1
86.466667	2.520218E+0	4.603486E-1
86.533333	2.570702E+0	1.064777E+0
86.600000	2.577822E+0	9.443930E-1
86.666667	2.571997E+0	1.162589E+0
86.733333	2.553227E+0	6.986088E-1
86.800000	2.526690E+0	4.829206E-1
86.866667	2.521512E+0	4.628566E-1
86.933333	2.522160E+0	4.628566E-1
87.000000	2.521512E+0	4.478086E-1
87.066667	2.521512E+0	4.553326E-1
87.133333	2.521512E+0	4.653646E-1
87.200000	2.521512E+0	4.503166E-1
87.266667	2.523454E+0	4.553326E-1
87.333333	2.523454E+0	4.628566E-1
87.400000	2.521512E+0	4.478086E-1
87.466667	2.543518E+0	6.534648E-1
87.533333	2.573938E+0	2.835427E+0
87.600000	2.578469E+0	3.216643E+0
87.666667	2.555168E+0	1.122461E+0
87.733333	2.527337E+0	8.064529E-1
87.800000	2.521512E+0	4.603486E-1
87.866667	2.523454E+0	4.603486E-1
87.933333	2.522807E+0	4.603486E-1
88.000000	2.523454E+0	4.528246E-1
88.066667	2.523454E+0	4.553326E-1
88.133333	2.520218E+0	4.628566E-1
88.200000	2.520865E+0	4.553326E-1
88.266667	2.522160E+0	4.503166E-1
88.333333	2.520865E+0	4.678726E-1
88.400000	2.521512E+0	4.503166E-1
88.466667	2.526690E+0	4.603486E-1
88.533333	2.581058E+0	1.047221E+0
88.600000	2.616656E+0	1.074809E+0
88.666667	2.603064E+0	1.170113E+0
88.733333	2.552580E+0	6.885768E-1
88.800000	2.521512E+0	4.553326E-1
88.866667	2.523454E+0	4.553326E-1
88.933333	2.521512E+0	4.678726E-1
89.000000	2.522807E+0	4.528246E-1
89.066667	2.522807E+0	4.578406E-1
89.133333	2.522160E+0	4.603486E-1
89.200000	2.523454E+0	4.528246E-1
89.266667	2.521512E+0	4.503166E-1
89.333333	2.521512E+0	4.653646E-1
89.400000	2.521512E+0	4.478086E-1
89.466667	2.522160E+0	4.628566E-1
89.533333	2.521512E+0	4.528246E-1
89.600000	2.520218E+0	4.553326E-1
89.666667	2.521512E+0	4.503166E-1
89.733333	2.537693E+0	5.180327E-1
89.800000	2.634778E+0	1.373261E+0
89.866667	2.943508E+0	2.619738E+0
89.933333	3.300780E+0	3.755863E+0
90.000000	3.482653E+0	3.783451E+0
90.066667	3.670350E+0	3.773419E+0
90.133333	3.760315E+0	3.858691E+0
90.200000	3.842514E+0	3.916375E+0
90.266667	3.892351E+0	3.898819E+0
90.333333	3.900765E+0	3.971551E+0
90.400000	3.867109E+0	3.956503E+0
90.466667	3.643814E+0	3.833611E+0
90.533333	3.155153E+0	3.241723E+0
90.600000	2.695618E+0	2.228490E+0
90.666667	2.530574E+0	4.804126E-1
90.733333	2.523454E+0	4.603486E-1
90.800000	2.522160E+0	4.578406E-1
90.866667	2.522160E+0	4.628566E-1
90.933333	2.522160E+0	4.653646E-1
91.000000	2.520218E+0	4.528246E-1
91.066667	2.520865E+0	4.603486E-1
91.133333	2.520865E+0	4.603486E-1
91.200000	2.522160E+0	4.528246E-1
91.266667	2.524101E+0	4.603486E-1
91.333333	2.521512E+0	4.628566E-1
91.400000	2.523454E+0	4.553326E-1
91.466667	2.522160E+0	4.553326E-1
91.533333	2.522160E+0	4.578406E-1
91.600000	2.520218E+0	4.553326E-1
91.666667	2.522160E+0	4.678726E-1
91.733333	2.523454E+0	4.578406E-1
91.800000	2.522160E+0	4.478086E-1
91.866667	2.522807E+0	4.628566E-1
91.933333	2.523454E+0	4.603486E-1
92.000000	2.520865E+0	4.528246E-1
92.066667	2.521512E+0	4.628566E-1
92.133333	2.524101E+0	4.603486E-1
92.200000	2.590766E+0	9.343610E-1
92.266667	3.049654E+0	2.900635E+0
92.333333	3.631516E+0	3.745831E+0
92.400000	3.887173E+0	3.873739E+0
92.466667	4.018561E+0	4.024220E+0
92.533333	4.009500E+0	3.984092E+0
92.600000	3.890409E+0	3.916375E+0
92.666667	3.726012E+0	3.811039E+0
92.733333	3.402396E+0	3.612907E+0
92.800000	2.913088E+0	2.800315E+0
92.866667	2.550638E+0	9.117890E-1
92.933333	2.519571E+0	4.753966E-1
93.000000	2.522160E+0	4.603486E-1
93.066667	2.521512E+0	4.653646E-1
93.133333	2.522160E+0	4.528246E-1
93.200000	2.522160E+0	4.628566E-1
93.266667	2.521512E+0	4.678726E-1
93.333333	2.521512E+0	4.528246E-1
93.400000	2.523454E+0	4.528246E-1
93.466667	2.522160E+0	4.653646E-1
93.533333	2.523454E+0	4.553326E-1
93.600000	2.521512E+0	4.628566E-1
93.666667	2.520865E+0	4.603486E-1
93.733333	2.522807E+0	4.628566E-1
93.800000	2.524101E+0	4.528246E-1
93.866667	2.521512E+0	4.578406E-1
93.933333	2.521512E+0	4.503166E-1
94.000000	2.599180E+0	9.393770E-1
94.066667	2.555816E+0	7.989289E-1
94.133333	2.520865E+0	4.628566E-1
94.200000	2.522807E+0	4.528246E-1
94.266667	2.523454E+0	4.603486E-1
94.333333	2.522160E+0	4.628566E-1
94.400000	2.521512E+0	4.628566E-1
94.466667	2.523454E+0	4.653646E-1
94.533333	2.521512E+0	4.628566E-1
94.600000	2.520218E+0	4.628566E-1
94.666667	2.523454E+0	4.628566E-1
94.733333	2.522160E+0	4.628566E-1
94.800000	2.520865E+0	4.528246E-1
94.866667	2.522160E+0	4.553326E-1
94.933333	2.520218E+0	4.603486E-1
95.000000	2.522160E+0	4.628566E-1
95.066667	2.620539E+0	1.293005E+0
95.133333	2.560346E+0	6.283847E-1
95.200000	2.524101E+0	4.503166E-1
95.266667	2.520218E+0	4.628566E-1
95.333333	2.524101E+0	4.553326E-1
95.400000	2.523454E+0	4.553326E-1
95.466667	2.522807E+0	4.553326E-1
95.533333	2.522160E+0	4.628566E-1
95.600000	2.520218E+0	4.553326E-1
95.666667	2.523454E+0	4.628566E-1
95.733333	2.520218E+0	4.578406E-1
95.800000	2.521512E+0	4.503166E-1
95.866667	2.520865E+0	4.628566E-1
95.933333	2.522160E+0	4.578406E-1
96.000000	2.521512E+0	4.603486E-1
96.066667	2.520865E+0	4.528246E-1
96.133333	2.520218E+0	4.628566E-1
96.200000	2.520218E+0	4.553326E-1
96.266667	2.520865E+0	4.628566E-1
96.333333	2.520865E+0	4.578406E-1
96.400000	2.520865E+0	4.553326E-1
96.466667	2.523454E+0	4.603486E-1
96.533333	2.523454E+0	4.553326E-1
96.600000	2.522160E+0	4.628566E-1
96.666667	2.520865E+0	4.603486E-1
96.733333	2.757105E+0	3.377155E+0
96.800000	3.287836E+0	3.477475E+0
96.866667	3.544140E+0	3.753355E+0
96.933333	3.689767E+0	3.823579E+0
97.000000	3.567440E+0	3.720751E+0
97.066667	3.178453E+0	3.434839E+0
97.133333	2.735099E+0	2.562054E+0
97.200000	2.530574E+0	6.033047E-1
97.266667	2.519571E+0	4.628566E-1
97.333333	2.520865E+0	4.553326E-1
97.400000	2.520865E+0	4.528246E-1
97.466667	2.521512E+0	4.553326E-1
97.533333	2.520865E+0	4.603486E-1
97.600000	2.521512E+0	4.503166E-1
97.666667	2.521512E+0	4.553326E-1
97.733333	2.521512E+0	4.628566E-1
97.800000	2.523454E+0	4.553326E-1
97.866667	2.520218E+0	4.603486E-1
97.933333	2.522807E+0	4.603486E-1
98.000000	2.520218E+0	4.578406E-1
98.066667	2.522160E+0	4.653646E-1
98.133333	2.522160E+0	4.503166E-1
98.200000	2.521512E+0	4.478086E-1
98.266667	2.520218E+0	4.628566E-1
98.333333	2.521512E+0	4.628566E-1
98.400000	2.521512E+0	4.628566E-1
98.466667	2.522807E+0	4.653646E-1
98.533333	2.521512E+0	4.653646E-1
98.600000	2.524101E+0	4.503166E-1
98.666667	2.521512E+0	4.603486E-1
98.733333	2.522160E+0	4.678726E-1
98.800000	2.524101E+0	4.528246E-1
98.866667	2.522160E+0	4.703806E-1
98.933333	2.520218E+0	4.628566E-1
99.000000	2.523454E+0	4.553326E-1
99.066667	2.522160E+0	4.628566E-1
99.133333	2.524749E+0	4.528246E-1
99.200000	2.651606E+0	1.425929E+0
99.266667	3.237999E+0	3.339535E+0
99.333333	3.575207E+0	3.665575E+0
99.400000	3.559026E+0	3.688147E+0
99.466667	3.331200E+0	3.432331E+0
99.533333	2.951275E+0	3.010987E+0
99.600000	2.560994E+0	6.133367E-1
99.666667	2.520218E+0	4.603486E-1
99.733333	2.521512E+0	4.553326E-1
99.800000	2.521512E+0	4.553326E-1
99.866667	2.522160E+0	4.678726E-1
99.933333	2.521512E+0	4.528246E-1
100.000000	2.522807E+0	4.528246E-1
100.066667	2.522160E+0	4.678726E-1
100.133333	2.520218E+0	4.578406E-1
100.200000	2.522160E+0	4.528246E-1
100.266667	2.523454E+0	4.603486E-1
100.333333	2.521512E+0	4.628566E-1
100.400000	2.523454E+0	4.528246E-1
100.466667	2.520865E+0	4.528246E-1
100.533333	2.521512E+0	4.628566E-1
100.600000	2.521512E+0	4.528246E-1
100.666667	2.522807E+0	4.578406E-1
100.733333	2.521512E+0	4.528246E-1
100.800000	2.524101E+0	4.578406E-1
100.866667	2.521512E+0	4.703806E-1
100.933333	2.521512E+0	4.628566E-1
101.000000	2.525396E+0	4.553326E-1
101.066667	2.522807E+0	4.628566E-1
101.133333	2.521512E+0	4.528246E-1
101.200000	2.522807E+0	4.528246E-1
101.266667	2.521512E+0	4.553326E-1
101.333333	2.522160E+0	4.578406E-1
101.400000	2.522807E+0	4.503166E-1
101.466667	2.556463E+0	8.440729E-1
101.533333	2.654195E+0	1.679238E+0
101.600000	2.966808E+0	2.682438E+0
101.666667	3.344792E+0	3.439855E+0
101.733333	3.559673E+0	3.610399E+0
101.800000	3.542198E+0	3.658051E+0
101.866667	3.349323E+0	3.362107E+0
101.933333	2.977811E+0	2.717550E+0
102.000000	2.650959E+0	1.641618E+0
102.066667	2.520218E+0	4.528246E-1
102.133333	2.520218E+0	4.553326E-1
102.200000	2.521512E+0	4.553326E-1
102.266667	2.522160E+0	4.553326E-1
102.333333	2.521512E+0	4.528246E-1
102.400000	2.523454E+0	4.503166E-1
102.466667	2.524101E+0	4.603486E-1
102.533333	2.520865E+0	4.553326E-1
102.600000	2.521512E+0	4.628566E-1
102.666667	2.522807E+0	4.603486E-1
102.733333	2.521512E+0	4.653646E-1
102.800000	2.522160E+0	4.478086E-1
102.866667	2.520218E+0	4.628566E-1
102.933333	2.522160E+0	4.628566E-1
103.000000	2.522160E+0	4.628566E-1
103.066667	2.522807E+0	4.628566E-1
103.133333	2.522160E+0	4.578406E-1
103.200000	2.520865E+0	4.628566E-1
103.266667	2.547402E+0	6.961008E-1
103.333333	2.556463E+0	8.240089E-1
103.400000	2.530574E+0	5.305727E-1
103.466667	2.524101E+0	4.628566E-1
103.533333	2.520218E+0	4.553326E-1
103.600000	2.522807E+0	4.503166E-1
103.666667	2.522160E+0	4.628566E-1
103.733333	2.524101E+0	4.553326E-1
103.800000	2.544166E+0	5.080006E-1
103.866667	2.575880E+0	7.236888E-1
103.933333	2.682673E+0	1.290497E+0
104.000000	3.036062E+0	3.186547E+0
104.066667	3.080721E+0	3.161467E+0
104.133333	2.894966E+0	2.817871E+0
104.200000	2.632189E+0	1.255385E+0
104.266667	2.521512E+0	4.578406E-1
104.333333	2.521512E+0	4.528246E-1
104.400000	2.523454E+0	4.528246E-1
104.466667	2.522160E+0	4.678726E-1
104.533333	2.521512E+0	4.528246E-1
104.600000	2.523454E+0	4.553326E-1
104.666667	2.523454E+0	4.628566E-1
104.733333	2.520218E+0	4.603486E-1
104.800000	2.520218E+0	4.628566E-1
104.866667	2.520865E+0	4.628566E-1
104.933333	2.520865E+0	4.553326E-1
105.000000	2.523454E+0	4.553326E-1
105.066667	2.522807E+0	4.528246E-1
105.133333	2.521512E+0	4.553326E-1
105.200000	2.523454E+0	4.578406E-1
105.266667	2.521512E+0	4.553326E-1
105.333333	2.520865E+0	4.553326E-1
105.400000	2.520865E+0	4.528246E-1
105.466667	2.522160E+0	4.678726E-1
105.533333	2.521512E+0	4.653646E-1
105.600000	2.520865E+0	4.553326E-1
105.666667	2.523454E+0	4.678726E-1
105.733333	2.521512E+0	4.603486E-1
105.800000	2.522160E+0	4.628566E-1
105.866667	2.520865E+0	4.628566E-1
105.933333	2.521512E+0	4.628566E-1
106.000000	2.535752E+0	5.155247E-1
106.066667	2.558405E+0	6.710208E-1
106.133333	2.848365E+0	2.223474E+0
106.200000	3.343498E+0	3.685639E+0
106.266667	3.626338E+0	3.648019E+0
106.333333	3.815977E+0	3.773419E+0
106.400000	3.836689E+0	3.851167E+0
106.466667	3.531842E+0	3.525127E+0
106.533333	3.085899E+0	3.088735E+0
106.600000	2.716977E+0	1.965150E+0
106.666667	2.521512E+0	4.653646E-1
106.733333	2.522807E+0	4.653646E-1
106.800000	2.521512E+0	4.528246E-1
106.866667	2.520865E+0	4.603486E-1
106.933333	2.522160E+0	4.503166E-1
107.000000	2.522160E+0	4.478086E-1
107.066667	2.521512E+0	4.678726E-1
107.133333	2.521512E+0	4.503166E-1
107.200000	2.522807E+0	4.478086E-1
107.266667	2.520218E+0	4.653646E-1
107.333333	2.521512E+0	4.628566E-1
107.400000	2.522160E+0	4.603486E-1
107.466667	2.521512E+0	4.628566E-1
107.533333	2.521512E+0	4.628566E-1
107.600000	2.520218E+0	4.528246E-1
107.666667	2.523454E+0	4.628566E-1
107.733333	2.522160E+0	4.528246E-1
107.800000	2.523454E+0	4.528246E-1
107.866667	2.520865E+0	4.678726E-1
107.933333	2.521512E+0	4.553326E-1
108.000000	2.521512E+0	4.553326E-1
108.066667	2.531868E+0	5.130166E-1
108.133333	2.535104E+0	4.929526E-1
108.200000	2.557757E+0	6.434328E-1
108.266667	2.606300E+0	1.185161E+0
108.333333	2.833478E+0	2.639802E+0
108.400000	3.193340E+0	3.369631E+0
108.466667	3.400454E+0	3.452395E+0
108.533333	3.546729E+0	3.863707E+0
108.600000	3.761610E+0	3.871231E+0
108.666667	3.865167E+0	3.921391E+0
108.733333	3.771318E+0	3.961519E+0
108.800000	3.443172E+0	3.723259E+0
108.866667	2.999817E+0	3.352075E+0
108.933333	2.663904E+0	2.125662E+0
109.000000	2.522160E+0	4.553326E-1
109.066667	2.522160E+0	4.628566E-1
109.133333	2.523454E+0	4.553326E-1
109.200000	2.524101E+0	4.553326E-1
109.266667	2.522160E+0	4.553326E-1
109.333333	2.521512E+0	4.503166E-1
109.400000	2.522160E+0	4.503166E-1
109.466667	2.523454E+0	4.603486E-1
109.533333	2.519571E+0	4.553326E-1
109.600000	2.521512E+0	4.603486E-1
109.666667	2.521512E+0	4.603486E-1
109.733333	2.523454E+0	4.553326E-1
109.800000	2.522160E+0	4.553326E-1
109.866667	2.522807E+0	4.603486E-1
109.933333	2.521512E+0	4.628566E-1
110.000000	2.520865E+0	4.553326E-1
110.066667	2.519571E+0	4.628566E-1
110.133333	2.522807E+0	4.628566E-1
110.200000	2.531221E+0	4.753966E-1
110.266667	2.532515E+0	5.431127E-1
110.333333	2.526690E+0	4.528246E-1
110.400000	2.531221E+0	4.779046E-1
110.466667	2.521512E+0	4.653646E-1
110.533333	2.524101E+0	4.553326E-1
110.600000	2.521512E+0	4.528246E-1
110.666667	2.521512E+0	4.603486E-1
110.733333	2.521512E+0	4.503166E-1
110.800000	2.521512E+0	4.628566E-1
110.866667	2.526690E+0	4.703806E-1
110.933333	2.559052E+0	6.133367E-1
111.000000	2.679437E+0	1.681746E+0
111.066667	2.938330E+0	2.702502E+0
111.133333	3.364209E+0	3.530143E+0
111.200000	3.577796E+0	3.617923E+0
111.266667	3.720834E+0	3.698179E+0
111.333333	3.814036E+0	3.778435E+0
111.400000	3.861931E+0	3.806023E+0
111.466667	3.843161E+0	3.748339E+0
111.533333	3.621160E+0	3.602875E+0
111.600000	3.236057E+0	3.359599E+0
111.666667	2.900791E+0	2.750154E+0
111.733333	2.679437E+0	1.995246E+0
111.800000	2.542871E+0	6.559728E-1
111.866667	2.522160E+0	4.603486E-1
111.933333	2.522807E+0	4.528246E-1
112.000000	2.521512E+0	4.603486E-1
112.066667	2.522807E+0	4.653646E-1
112.133333	2.522807E+0	4.503166E-1
112.200000	2.521512E+0	4.628566E-1
112.266667	2.521512E+0	4.528246E-1
112.333333	2.521512E+0	4.503166E-1
112.400000	2.522160E+0	4.503166E-1
112.466667	2.522160E+0	4.553326E-1
112.533333	2.522807E+0	4.578406E-1
112.600000	2.522160E+0	4.503166E-1
112.666667	2.522160E+0	4.553326E-1
112.733333	2.520865E+0	4.553326E-1
112.800000	2.521512E+0	4.628566E-1
112.866667	2.521512E+0	4.553326E-1
112.933333	2.520865E+0	4.553326E-1
113.000000	2.544166E+0	5.932727E-1
113.066667	2.665845E+0	1.300529E+0
113.133333	3.127322E+0	3.176515E+0
113.200000	3.540256E+0	3.545191E+0
113.266667	3.707242E+0	3.903835E+0
113.333333	3.708537E+0	3.953995E+0
113.400000	3.593329E+0	3.893803E+0
113.466667	3.434758E+0	3.763387E+0
113.533333	3.143503E+0	3.324487E+0
113.600000	2.783642E+0	2.459226E+0
113.666667	2.535104E+0	5.732087E-1
113.733333	2.522807E+0	4.578406E-1
113.800000	2.522807E+0	4.603486E-1
113.866667	2.523454E+0	4.578406E-1
113.933333	2.524101E+0	4.578406E-1
114.000000	2.520865E+0	4.553326E-1
114.066667	2.521512E+0	4.678726E-1
114.133333	2.522160E+0	4.478086E-1
114.200000	2.521512E+0	4.553326E-1
114.266667	2.521512E+0	4.678726E-1
114.333333	2.520218E+0	4.628566E-1
114.400000	2.520218E+0	4.578406E-1
114.466667	2.522807E+0	4.628566E-1
114.533333	2.521512E+0	4.503166E-1
114.600000	2.519571E+0	4.578406E-1
114.666667	2.523454E+0	4.603486E-1
114.733333	2.523454E+0	4.603486E-1
114.800000	2.683321E+0	2.880571E+0
114.866667	2.728627E+0	3.103783E+0
114.933333	2.754516E+0	2.597166E+0
115.000000	2.754516E+0	2.564562E+0
115.066667	2.750633E+0	2.888095E+0
115.133333	2.754516E+0	2.815363E+0
115.200000	2.753222E+0	2.888095E+0
115.266667	2.722802E+0	2.486814E+0
115.333333	2.707915E+0	2.027850E+0
115.400000	2.705326E+0	2.283666E+0
115.466667	2.701443E+0	2.351382E+0
115.533333	2.702738E+0	2.391510E+0
115.600000	2.701443E+0	2.180838E+0
115.666667	2.707268E+0	2.353890E+0
115.733333	2.708563E+0	2.286174E+0
115.800000	2.712446E+0	2.321286E+0
115.866667	2.715682E+0	2.316270E+0
115.933333	2.725391E+0	2.614722E+0
116.000000	2.733157E+0	2.489322E+0
116.066667	2.737688E+0	2.647326E+0
116.133333	2.742219E+0	2.639802E+0
116.200000	2.740924E+0	2.692470E+0
116.266667	2.742866E+0	2.707518E+0
116.333333	2.744160E+0	2.767711E+0
116.400000	2.741571E+0	2.928223E+0
116.466667	2.741571E+0	3.031051E+0
116.533333	2.746749E+0	2.795299E+0
116.600000	2.740924E+0	2.777743E+0
116.666667	2.741571E+0	2.825395E+0
116.733333	2.738983E+0	2.842951E+0
116.800000	2.738983E+0	2.807839E+0
116.866667	2.738983E+0	2.762695E+0
116.933333	2.735099E+0	2.755170E+0
117.000000	2.737688E+0	2.735106E+0
117.066667	2.737688E+0	2.740122E+0
117.133333	2.738983E+0	2.697486E+0
117.200000	2.740924E+0	2.692470E+0
117.266667	2.739630E+0	2.647326E+0
117.333333	2.740277E+0	2.682438E+0
117.400000	2.741571E+0	2.760187E+0
117.466667	2.744160E+0	2.767711E+0
117.533333	2.745455E+0	2.745138E+0
117.600000	2.744808E+0	2.639802E+0
117.666667	2.746749E+0	2.662374E+0
117.733333	2.748044E+0	2.777743E+0
117.800000	2.746749E+0	2.767711E+0
117.866667	2.746102E+0	2.705010E+0
117.933333	2.751927E+0	2.609706E+0
118.000000	2.752574E+0	2.604690E+0
118.066667	2.768755E+0	2.720058E+0
118.133333	2.771344E+0	2.842951E+0
118.200000	2.770697E+0	2.820379E+0
118.266667	2.770697E+0	2.767711E+0
118.333333	2.770050E+0	2.885587E+0
118.400000	2.769402E+0	2.787775E+0
118.466667	2.769402E+0	3.021019E+0
118.533333	2.774580E+0	3.018511E+0
118.600000	2.773933E+0	3.098767E+0
118.666667	2.775228E+0	3.036067E+0
118.733333	2.769402E+0	3.046099E+0
118.800000	2.785583E+0	2.898127E+0
118.866667	2.781053E+0	2.830411E+0
118.933333	2.781053E+0	2.847967E+0
119.000000	2.784289E+0	2.910667E+0
119.066667	2.783642E+0	2.893111E+0
119.133333	2.798528E+0	2.918191E+0
119.200000	2.801764E+0	2.978383E+0
119.266667	2.803706E+0	2.825395E+0
119.333333	2.798528E+0	3.051115E+0
119.400000	2.796586E+0	3.156451E+0
119.466667	2.796586E+0	3.151435E+0
119.533333	2.803059E+0	2.875555E+0
119.600000	2.796586E+0	2.868031E+0
119.666667	2.793350E+0	2.905651E+0
119.733333	2.793997E+0	2.787775E+0
119.800000	2.797881E+0	2.900635E+0
119.866667	2.798528E+0	2.935747E+0
119.933333	2.798528E+0	2.925715E+0
120.000000	2.797881E+0	2.973367E+0

