0.000000000000000000e+00 9.158776061304765501e-03 2.673456710101816680e-02 2.261556458703448125e-02 1.428647963817684385e-01 1.323502266827199583e-02 4.549505951670371195e-02 5.118762173407626070e-02 1.534265530801286366e-02 3.863183762106912195e-02 1.044585337930245689e-01 6.352625190996208371e-02 3.213634084837171251e-02 8.882541788227910073e-02 1.036714836242200732e-01 2.919117465194433561e-02 4.753712493744530199e-02 1.037108945204738841e-01 0.000000000000000000e+00
0.000000000000000000e+00 1.481643045121041474e-02 2.321037583272216390e-02 1.145359018004954293e-01 1.283138054096814029e-01 5.031636458054107586e-02 1.068344858472711073e-01 1.087140862311369166e-01 7.009627509510475696e-02 4.506374632680008874e-02 4.529162135833832148e-02 3.688516121169133771e-02 3.679300347812253930e-02 1.578046892675311896e-01 2.153848631709475228e-02 7.350156023096439395e-02 4.368688913030705639e-02 1.118746258901894414e-01 2.904057541386517380e-02
6.156977955339022193e-04 2.426564901966256696e-02 1.187121564868295724e-02 1.390034824895322076e-02 1.678125908806646013e-02 4.375951222620463876e-02 2.565390638036657220e-02 6.125150370330117305e-02 6.067493686192926977e-02 1.030084764302169192e-01 2.780969772723208833e-02 1.478232168784041241e-02 1.160314061555743764e-01 1.945997648261918178e-01 3.759200318311217009e-02 4.406483567343592173e-02 1.105232962826344506e-01 6.536520283258485942e-02 8.466884085560431872e-02
0.000000000000000000e+00 1.684786538864880556e-01 3.925784758785461070e-02 2.194337348644827962e-02 1.169967839848496532e-01 3.085559932311743303e-02 3.124808765686678744e-02 8.521696619466177791e-02 3.052621366274647918e-02 2.339123118744625140e-02 9.642080292383134466e-02 1.164397228102003884e-01 2.970038823293383312e-02 1.769031014271434388e-01 1.514505607920425823e-01 5.080297391186056749e-02 2.061304278187542013e-02 4.702582851513366358e-02 2.331352682703125359e-02
0.000000000000000000e+00 1.271500178150015460e-02 4.091680336888385561e-02 1.106925665777239304e-01 9.286491848352788903e-02 1.789811572430239917e-01 1.568311620080529711e-01 1.055583588960947866e-01 3.113156186695521105e-02 1.361270797052359927e-01 7.478614777601517646e-03 1.064024609152822501e-02 5.747357872386969768e-02 1.414718934284355245e-01 3.159812456077294718e-02 9.421645416516069571e-02 6.882504898414308625e-02 6.048682247954507984e-02 0.000000000000000000e+00
0.000000000000000000e+00 2.088657765187212911e-02 2.485486918494719463e-02 9.717569678678412981e-02 5.220375277418085047e-02 4.152540343862383410e-02 4.802614526023510355e-02 4.082412334132743542e-02 1.173704180903617500e-01 2.614896209964193835e-02 9.665160552601567701e-02 5.911244396600003059e-02 3.667338151522490236e-02 3.303838689988641136e-02 1.250552624979781313e-01 8.794712132468712751e-01 4.308138291587408630e-02 3.552958363615413978e-02 7.208437420694037423e-02
0.000000000000000000e+00 2.656855983171650670e-02 2.208390419257443352e-02 3.135012657493230215e-02 4.700590531361376750e-02 5.874254830309267456e-02 4.263311632862647194e-02 8.070773558933272418e-02 3.758695945272802486e-02 2.899872512928660176e-02 3.856943826970035682e-02 3.169563682248689035e-02 1.175366635228620726e-01 3.844601158983147055e-02 9.879849452181890812e-02 7.769666400975691611e-02 4.441027076219206809e-02 2.866417891323036135e-02 0.000000000000000000e+00
0.000000000000000000e+00 2.682974018618552656e-02 3.113389823904010728e-02 4.137778024287476486e-02 1.048795495307455611e-01 2.197082470021446618e-02 1.047211987527321003e-01 4.636265827158077973e-02 2.499155664643036220e-02 1.787251433310019580e-02 3.904225341007314803e-02 3.001761097786685012e-02 6.703190833928916736e-02 2.662480814550751557e-02 6.447474325856944639e-03 8.021096205055520956e-02 6.695237396910941330e-02 9.394094123777466110e-02 5.683203285887202666e-02
0.000000000000000000e+00 1.770933204895940721e-02 3.482973911127486971e-02 7.829548464352570347e-02 7.914125263184253189e-02 3.942204360477816888e-02 1.849544402222105810e-01 1.589888986355827288e-02 1.319233435021927546e-02 4.980151326692047742e-02 6.619726952121916808e-02 7.642833422231090634e-02 8.868510144321851973e-02 7.970594938098164717e-02 8.192046366609015418e-02 2.596113146746901329e-02 9.546492891165504757e-02 7.773169916172420479e-02 2.712821751745336449e-02
0.000000000000000000e+00 1.741173847743813022e-02 4.416303340454760112e-02 3.898929920544818434e-02 6.192958376378646795e-02 7.211812204904895218e-02 1.194968987168095048e-01 3.407645348823153120e-02 3.033634367739652254e-02 3.881553628566260933e-02 2.704635466960048432e-02 2.265581497899108940e-02 3.554411648060600698e-02 5.848989689512872764e-02 1.892530315867618496e-01 3.562851943172248848e-02 6.826971540256653037e-02 3.873034183300613081e-02 1.838457377195164624e-02
0.000000000000000000e+00 1.479547760069047611e-02 0.000000000000000000e+00 0.000000000000000000e+00 2.843941040058167377e-02 7.629634718369990298e-02 0.000000000000000000e+00 0.000000000000000000e+00 0.000000000000000000e+00 0.000000000000000000e+00 0.000000000000000000e+00 0.000000000000000000e+00 0.000000000000000000e+00 0.000000000000000000e+00 0.000000000000000000e+00 0.000000000000000000e+00 0.000000000000000000e+00 1.691892892121177674e-02 0.000000000000000000e+00
0.000000000000000000e+00 0.000000000000000000e+00 0.000000000000000000e+00 0.000000000000000000e+00 0.000000000000000000e+00 5.403374922149675047e-02 0.000000000000000000e+00 0.000000000000000000e+00 0.000000000000000000e+00 0.000000000000000000e+00 0.000000000000000000e+00 0.000000000000000000e+00 0.000000000000000000e+00 0.000000000000000000e+00 0.000000000000000000e+00 0.000000000000000000e+00 0.000000000000000000e+00 0.000000000000000000e+00 0.000000000000000000e+00
