0.000000000000000000e+00 9.734340000000001325e-01 1.953532000000000046e+00 2.432066000000000283e+00 2.933924000000000198e+00 3.412164000000000197e+00 4.392556000000000793e+00 4.816014000000000017e+00 5.796112000000000819e+00 6.769546000000000952e+00 7.248080000000000744e+00 7.749938000000000216e+00 9.201612000000000791e+00 9.777264000000000621e+00 1.075736200000000053e+01 1.220932999999999957e+01 1.315659800000000068e+01 1.464962799999999987e+01 1.708620199999999656e+01
0.000000000000000000e+00 9.734340000000001325e-01 1.953532000000000046e+00 2.432066000000000283e+00 2.933924000000000198e+00 3.412164000000000197e+00 4.392556000000000793e+00 4.816014000000000017e+00 5.796112000000000819e+00 6.769546000000000952e+00 7.248080000000000744e+00 7.749938000000000216e+00 9.201612000000000791e+00 9.777264000000000621e+00 1.075736200000000053e+01 1.220932999999999957e+01 1.315659800000000068e+01 1.464962799999999987e+01 1.708620199999999656e+01
0.000000000000000000e+00 9.734340000000001325e-01 1.953532000000000046e+00 2.432066000000000283e+00 2.933924000000000198e+00 3.412164000000000197e+00 4.392556000000000793e+00 4.816014000000000017e+00 5.796112000000000819e+00 6.769546000000000952e+00 7.248080000000000744e+00 7.749938000000000216e+00 9.201612000000000791e+00 9.777264000000000621e+00 1.075736200000000053e+01 1.220932999999999957e+01 1.315659800000000068e+01 1.464962799999999987e+01 1.708620199999999656e+01
0.000000000000000000e+00 9.734340000000001325e-01 1.953532000000000046e+00 2.432066000000000283e+00 2.933924000000000198e+00 3.412164000000000197e+00 4.392556000000000793e+00 4.816014000000000017e+00 5.796112000000000819e+00 6.769546000000000952e+00 7.248080000000000744e+00 7.749938000000000216e+00 9.201612000000000791e+00 9.777264000000000621e+00 1.075736200000000053e+01 1.220932999999999957e+01 1.315659800000000068e+01 1.464962799999999987e+01 1.708620199999999656e+01
0.000000000000000000e+00 9.734340000000001325e-01 1.953532000000000046e+00 2.432066000000000283e+00 2.933924000000000198e+00 3.412164000000000197e+00 4.392556000000000793e+00 4.816014000000000017e+00 5.796112000000000819e+00 6.769546000000000952e+00 7.248080000000000744e+00 7.749938000000000216e+00 9.201612000000000791e+00 9.777264000000000621e+00 1.075736200000000053e+01 1.220932999999999957e+01 1.315659800000000068e+01 1.464962799999999987e+01 1.708620199999999656e+01
0.000000000000000000e+00 9.734340000000001325e-01 1.953532000000000046e+00 2.432066000000000283e+00 2.933924000000000198e+00 3.412164000000000197e+00 4.392556000000000793e+00 4.816014000000000017e+00 5.796112000000000819e+00 6.769546000000000952e+00 7.248080000000000744e+00 7.749938000000000216e+00 9.201612000000000791e+00 9.777264000000000621e+00 1.075736200000000053e+01 1.220932999999999957e+01 1.315659800000000068e+01 1.464962799999999987e+01 1.708620199999999656e+01
0.000000000000000000e+00 9.734340000000001325e-01 1.953532000000000046e+00 2.432066000000000283e+00 2.933924000000000198e+00 3.412164000000000197e+00 4.392556000000000793e+00 4.816014000000000017e+00 5.796112000000000819e+00 6.769546000000000952e+00 7.248080000000000744e+00 7.749938000000000216e+00 9.201612000000000791e+00 9.777264000000000621e+00 1.075736200000000053e+01 1.220932999999999957e+01 1.315659800000000068e+01 1.464962799999999987e+01 1.708620199999999656e+01
0.000000000000000000e+00 9.734340000000001325e-01 1.953532000000000046e+00 2.432066000000000283e+00 2.933924000000000198e+00 3.412164000000000197e+00 4.392556000000000793e+00 4.816014000000000017e+00 5.796112000000000819e+00 6.769546000000000952e+00 7.248080000000000744e+00 7.749938000000000216e+00 9.201612000000000791e+00 9.777264000000000621e+00 1.075736200000000053e+01 1.220932999999999957e+01 1.315659800000000068e+01 1.464962799999999987e+01 1.708620199999999656e+01
0.000000000000000000e+00 9.734340000000001325e-01 1.953532000000000046e+00 2.432066000000000283e+00 2.933924000000000198e+00 3.412164000000000197e+00 4.392556000000000793e+00 4.816014000000000017e+00 5.796112000000000819e+00 6.769546000000000952e+00 7.248080000000000744e+00 7.749938000000000216e+00 9.201612000000000791e+00 9.777264000000000621e+00 1.075736200000000053e+01 1.220932999999999957e+01 1.315659800000000068e+01 1.464962799999999987e+01 1.708620199999999656e+01
0.000000000000000000e+00 9.734340000000001325e-01 1.953532000000000046e+00 2.432066000000000283e+00 2.933924000000000198e+00 3.412164000000000197e+00 4.392556000000000793e+00 4.816014000000000017e+00 5.796112000000000819e+00 6.769546000000000952e+00 7.248080000000000744e+00 7.749938000000000216e+00 9.201612000000000791e+00 9.777264000000000621e+00 1.075736200000000053e+01 1.220932999999999957e+01 1.315659800000000068e+01 1.464962799999999987e+01 1.708620199999999656e+01
0.000000000000000000e+00 9.734340000000001325e-01 0.000000000000000000e+00 0.000000000000000000e+00 2.933924000000000198e+00 3.412164000000000197e+00 0.000000000000000000e+00 0.000000000000000000e+00 0.000000000000000000e+00 0.000000000000000000e+00 0.000000000000000000e+00 0.000000000000000000e+00 0.000000000000000000e+00 0.000000000000000000e+00 0.000000000000000000e+00 0.000000000000000000e+00 0.000000000000000000e+00 1.464962799999999987e+01 0.000000000000000000e+00
0.000000000000000000e+00 0.000000000000000000e+00 0.000000000000000000e+00 0.000000000000000000e+00 0.000000000000000000e+00 3.412164000000000197e+00 0.000000000000000000e+00 0.000000000000000000e+00 0.000000000000000000e+00 0.000000000000000000e+00 0.000000000000000000e+00 0.000000000000000000e+00 0.000000000000000000e+00 0.000000000000000000e+00 0.000000000000000000e+00 0.000000000000000000e+00 0.000000000000000000e+00 0.000000000000000000e+00 0.000000000000000000e+00
