0.000000000000000000e+00 4.631872724439344280e-01 1.712954976712092625e+00 1.254726202991571338e+00 1.463246164659121051e+00 2.006798187150093504e+00 1.942168362946351534e+00 2.502942525984000799e+00 2.749489025148848853e+00 2.907443859719599732e+00 2.988054409596235583e+00 2.856074981312173300e+00 3.184919918790886317e+00 3.372526236190265703e+00 3.351972430703978212e+00 3.273755351063470709e+00 3.331936880323977057e+00 3.434373056073935615e+00 5.000000000000000000e+00
0.000000000000000000e+00 4.209552833841258557e-01 8.326238451108377570e-01 1.478722710980775457e+00 1.610772739804997800e+00 2.085532746823069328e+00 1.897265667426957902e+00 2.339953010581194093e+00 2.784826540586909704e+00 2.697598100823907608e+00 2.974401270772238703e+00 3.065578647626333808e+00 2.980242305755502308e+00 3.285434995112414658e+00 3.091716605040588650e+00 3.276896994134897323e+00 3.231392263650327834e+00 3.554252199413489688e+00 4.686583577712609916e+00
7.883202472172295310e-05 6.344974673420420430e-01 1.084151063989773567e+00 1.732453567937438876e+00 3.061606851929432604e+00 1.731427174975562089e+00 2.244072604603913668e+00 2.467959161507548682e+00 2.909927341254245459e+00 2.915963150567256079e+00 2.756935315333535641e+00 3.219153904637775288e+00 2.978622822620707211e+00 3.145898307188629506e+00 3.185309314341572495e+00 3.335614206581948515e+00 3.379512589746182627e+00 3.406353861192571220e+00 3.910586806481234579e+00
0.000000000000000000e+00 3.990047098551497418e-01 1.651442118627880706e+00 1.436814380362767540e+00 2.094894352958869277e+00 1.985797251451900447e+00 2.029093559984757267e+00 2.264893745229582755e+00 2.816278232237485302e+00 2.926306071467361658e+00 2.762288265417779165e+00 2.863659637853186446e+00 3.666539164435377529e+00 3.079013204764981637e+00 2.986991503120535185e+00 3.607750896057348111e+00 3.489993311725060554e+00 3.294873643895325888e+00 4.048191593352884254e+00
0.000000000000000000e+00 1.133648311067665809e-01 8.330989970406673661e-01 1.176318175929524479e+00 1.492019752587049553e+00 1.484838085730330270e+00 1.936190509839946339e+00 2.746065837842302848e+00 2.820263802668494968e+00 3.099059470027211827e+00 2.975462663816955455e+00 3.037848776388675009e+00 2.978851285302898333e+00 3.512906846240179792e+00 3.287250384024577254e+00 3.393613554903877727e+00 3.483773216031280207e+00 3.291742747007506686e+00 5.000000000000000000e+00
0.000000000000000000e+00 4.527485480995916967e-01 7.748180732051700437e-01 1.583268371753467907e+00 1.425578041675135355e+00 1.499092305543918480e+00 1.956129706407793156e+00 2.466756660305047699e+00 2.597563726595984779e+00 2.679870905677357751e+00 2.638330738689161237e+00 2.958992356136724400e+00 2.918022469502805638e+00 2.685338660093218532e+00 3.081622678396871873e+00 3.798405895180088976e+00 3.628543499511241333e+00 3.704018109790605529e+00 3.763064892097150338e+00
0.000000000000000000e+00 4.991942088716281867e-01 1.190652956679906449e+00 1.444482778448622939e+00 1.568777920903335676e+00 1.784888166235978346e+00 2.274498137050731561e+00 2.207652562491272175e+00 2.893683377554345348e+00 3.103953888158560215e+00 2.546432062561094778e+00 3.148683226956471959e+00 2.989760107687130297e+00 3.058242511781269268e+00 3.420921969309066224e+00 4.822524558114193560e+00 3.503030303030303383e+00 3.482874652229490664e+00 5.000000000000000000e+00
0.000000000000000000e+00 5.831417928192121902e-01 1.166526064891067138e+00 1.287378921176574931e+00 1.382948286960875572e+00 1.565160723645997010e+00 1.954158136446633165e+00 2.751804646965936740e+00 2.842456826327794062e+00 3.096935050793768518e+00 2.691005425928286954e+00 2.805774870290999257e+00 3.051503725990529770e+00 3.452139258590871229e+00 3.401404070025770832e+00 3.114081259242549304e+00 3.944212685693830434e+00 3.377617820433069351e+00 3.633919843597262833e+00
0.000000000000000000e+00 7.270514026448293698e-01 1.280221570544151311e+00 1.565512206590197630e+00 2.126417082428812666e+00 1.874517672480321195e+00 2.259363747726344851e+00 2.767201815862286196e+00 2.920700598561844608e+00 2.693670576735093025e+00 2.711795373085696070e+00 2.998786530488421587e+00 2.978494623655913998e+00 2.847344411860540880e+00 3.439955106621773062e+00 3.264353824305132878e+00 3.450352047827503377e+00 3.478894517017684151e+00 3.780507347403169849e+00
0.000000000000000000e+00 3.323955526945299166e-01 1.424382069543359997e+00 1.264673966656801873e+00 1.344439340941478545e+00 1.529690535407154384e+00 2.131336405529953737e+00 2.455400782013685390e+00 2.883305192689356922e+00 2.834162097836711691e+00 3.195321172357804329e+00 3.151106636903458824e+00 3.237509121198353323e+00 3.024872379711089465e+00 3.524532761412877413e+00 3.445061823669633760e+00 3.460539177856665205e+00 3.535945969963565361e+00 3.798542610859326096e+00
0.000000000000000000e+00 4.057497235709822125e-01 0.000000000000000000e+00 0.000000000000000000e+00 1.800242157646849694e+00 1.499073931162216544e+00 0.000000000000000000e+00 0.000000000000000000e+00 0.000000000000000000e+00 0.000000000000000000e+00 0.000000000000000000e+00 0.000000000000000000e+00 0.000000000000000000e+00 0.000000000000000000e+00 0.000000000000000000e+00 0.000000000000000000e+00 0.000000000000000000e+00 4.022565733883393335e+00 0.000000000000000000e+00
0.000000000000000000e+00 0.000000000000000000e+00 0.000000000000000000e+00 0.000000000000000000e+00 0.000000000000000000e+00 1.928535255391065739e+00 0.000000000000000000e+00 0.000000000000000000e+00 0.000000000000000000e+00 0.000000000000000000e+00 0.000000000000000000e+00 0.000000000000000000e+00 0.000000000000000000e+00 0.000000000000000000e+00 0.000000000000000000e+00 0.000000000000000000e+00 0.000000000000000000e+00 0.000000000000000000e+00 0.000000000000000000e+00
