095340.064  999		518
095340.064  1010	513
095340.064  1022	520
095340.097  1034	510
095340.097  1045	501
095340.097  1057	527
095340.143  1069	517
095340.143  1080	503
095340.176  1092	533
095340.176  1103	522
095340.176  1116	503
095340.176  1127	521
095340.176  1138	522
095340.209  1150	520
095340.209  1162	523
095340.242  1173	519
095340.242  1185	521
095340.242  1197	508
095340.275  1208	518
095340.275  1220	518
095340.275  1231	515
095340.308  1243	514
095340.308  1255	510
095340.308  1266	519
095340.341  1277	507
095340.341  1290	511
095340.341  1301	518
095340.374  1312	506
095340.374  1325	521
095340.374  1336	517
095340.407  1347	503
095340.407  1359	528
095340.441  1371	518
095340.441  1383	505
095340.441  1394	511
095340.474  1405	514
095340.474  1418	520
095340.474  1429	507
095340.507  1440	522
095340.507  1453	521
095340.507  1464	507
095340.540  1475	519
095340.540  1487	519
095340.540  1499	508
095340.573  1510	513
095340.573  1522	511
095340.606  1533	521
095340.606  1545	504
095340.606  1557	519
095340.639  1568	516
095340.639  1580	506
095340.639  1592	523
095340.673  1603	509
095340.673  1614	515
095340.673  1627	486
095340.706  1638	502
095340.706  1650	519
095340.706  1661	533
095340.739  1673	518
095340.739  1685	519
095340.739  1696	532
095340.772  1708	521
095340.772  1720	518
095340.805  1731	507
095340.805  1742	523
095340.805  1755	521
095340.838  1766	507
095340.838  1777	517
095340.838  1789	520
095340.871  1801	505
095340.871  1812	511
095340.871  1824	512
095340.904  1836	524
095340.904  1847	508
095340.904  1859	520
095340.938  1870	516
095340.938  1882	506
095340.938  1894	512
095340.971  1905	511
095340.971  1916	513
095341.005  1929	516
095341.005  1940	502
095341.005  1952	518
095341.037  1964	534
095341.037  1975	519
095341.037  1987	519
095341.070  1998	531
095341.070  2010	521
095341.070  2022	522
095341.103  2033	507
095341.103  2044	523
095341.103  2057	520
095341.136  2068	509
095341.136  2079	519
095341.169  2092	521
095341.169  2103	509
095341.169  2114	512
095341.203  2126	504
095341.203  2138	505
095341.203  2149	519
095341.236  2161	520
095341.236  2172	516
095341.236  2184	507
095341.269  2196	526
095341.269  2207	509
095341.269  2219	515
095341.302  2231	520
095341.302  2242	519
095341.302  2254	519
095341.335  2266	535
095341.335  2277	517
095341.368  2289	519
095341.368  2300	531
095341.368  2312	523
095341.401  2324	518
095341.401  2335	507
095341.401  2347	522
095341.434  2359	522
095341.434  2370	508
095341.434  2381	519
095341.468  2394	522
095341.468  2405	508
095341.468  2416	514
095341.501  2428	511
095341.501  2440	523
095341.501  2451	503
095341.535  2463	517
095341.535  2475	516
095341.567  2486	505
095341.567  2498	513
095341.567  2509	509
095341.600  2521	506
095341.600  2533	497
095341.600  2544	509
095341.633  2556	519
095341.633  2568	506
095341.633  2579	519
095341.666  2591	519
095341.666  2603	532
095341.666  2614	522
095341.700  2626	506
095341.700  2637	497
095341.733  2649	522
095341.733  2661	521
095341.733  2672	508
095341.766  2683	518
095341.766  2696	521
095341.766  2707	509
095341.799  2718	513
095341.799  2731	519
095341.799  2742	507
095341.832  2753	518
095341.832  2765	519
095341.832  2777	515
095341.865  2788	506
095341.865  2800	513
095341.865  2811	502
095341.898  2823	522
095341.898  2835	522
095341.931  2846	517
095341.931  2859	504
095341.931  2870	530
095341.965  2881	518
095341.965  2893	519
095341.965  2905	533
095341.998  2916	521
095341.998  2928	520
095341.998  2939	507
095342.031  2951	520
095342.031  2963	520
095342.031  2974	507
095342.064  2985	520
095342.064  2998	520
095342.064  3009	508
095342.097  3020	510
095342.097  3033	505
095342.130  3044	515
095342.130  3055	515
095342.130  3067	512
095342.163  3079	522
095342.163  3090	504
095342.163  3102	491
095342.196  3113	516
095342.196  3125	505
095342.196  3137	520
095342.230  3148	516
095342.230  3161	520
095342.230  3172	528
095342.263  3183	518
095342.263  3195	517
095342.296  3207	532
095342.296  3218	523
095342.296  3230	505
095342.329  3241	499
095342.329  3253	523
095342.329  3265	520
095342.362  3276	508
095342.362  3288	517
095342.362  3300	521
095342.395  3311	509
095342.395  3322	512
095342.395  3335	511
095342.428  3346	524
095342.428  3357	504
095342.428  3369	519
095342.461  3381	517
095342.461  3392	505
095342.494  3404	513
095342.494  3416	511
095342.494  3427	506
095342.528  3439	497
095342.528  3450	510
095342.528  3463	518
095342.561  3474	533
095342.561  3485	518
095342.561  3497	520
095342.594  3509	531
095342.594  3520	521
095342.594  3532	519
095342.627  3544	508
095342.627  3555	522
095342.627  3567	521
095342.660  3578	509
095342.660  3590	518
095342.693  3602	521
095342.693  3613	508
095342.693  3624	512
095342.726  3637	518
095342.726  3648	520
095342.726  3659	504
095342.760  3672	510
095342.760  3683	522
095342.760  3694	506
095342.793  3706	518
095342.793  3718	516
095342.793  3729	506
095342.826  3741	521
095342.826  3752	517
095342.826  3765	520
095342.859  3776	534
095342.859  3787	517
095342.892  3800	519
095342.892  3811	530
095342.892  3822	521
095342.925  3834	519
095342.925  3846	507
095342.925  3857	522
095342.958  3869	519
095342.958  3880	508
095342.958  3892	519
095342.991  3904	521
095342.991  3915	508
095342.991  3927	513
095343.024  3939	512
095343.024  3950	523
095343.057  3961	504
095343.057  3974	502
095343.057  3985	515
095343.091  3996	513
095343.091  4008	520
095343.091  4020	516
095343.124  4031	505
095343.124  4043	522
095343.124  4055	518
095343.157  4067	503
095343.157  4078	540
095343.157  4089	509
095343.190  4102	519
095343.190  4113	512
095343.190  4124	522
095343.223  4136	520
095343.223  4148	508
095343.256  4159	516
095343.256  4171	512
095343.256  4183	501
095343.289  4194	518
095343.289  4206	520
095343.289  4217	502
095343.322  4229	519
095343.322  4241	520
095343.322  4252	515
095343.355  4263	505
095343.355  4276	526
095343.355  4287	513
095343.389  4299	515
095343.389  4311	511
095343.422  4322	513
095343.422  4334	519
095343.422  4345	523
095343.455  4357	518
095343.455  4369	520
095343.455  4380	516
095343.488  4391	517
095343.488  4404	519
095343.488  4415	517
095343.521  4426	522
095343.521  4439	520
095343.521  4450	508
095343.554  4461	513
095343.554  4473	519
095343.554  4485	510
095343.587  4496	504
095343.587  4508	512
095343.620  4519	517
095343.620  4531	503
095343.620  4543	532
095343.653  4554	523
095343.653  4566	504
095343.653  4578	490
095343.687  4589	521
095343.687  4601	514
095343.687  4613	512
095343.720  4624	512
095343.720  4636	512
095343.720  4647	506
095343.753  4659	519
095343.753  4671	519
095343.753  4682	516
095343.786  4694	510
095343.786  4706	519
095343.819  4717	515
095343.819  4728	512
095343.819  4741	517
095343.852  4752	511
095343.852  4763	506
095343.852  4775	527
095343.885  4787	508
095343.885  4799	511
095343.885  4810	500
095343.918  4822	520
095343.918  4834	520
095343.918  4845	534
095343.951  4856	521
095343.951  4869	519
095343.984  4880	507
095343.984  4891	521
095343.984  4903	520
095344.018  4915	508
095344.018  4926	519
095344.018  4938	520
095344.051  4950	507
095344.051  4961	512
095344.051  4973	511
095344.084  4984	523
095344.084  4996	502
095344.084  5008	504
095344.117  5019	522
095344.117  5030	505
095344.117  5043	519
095344.150  5054	510
095344.150  5065	506
095344.183  5078	499
095344.183  5089	509
095344.183  5101	511
095344.216  5112	499
095344.216  5124	518
095344.216  5136	519
095344.249  5147	531
095344.249  5158	523
095344.249  5171	519
095344.283  5182	507
095344.283  5193	522
095344.283  5206	521
095344.316  5217	509
095344.316  5228	518
095344.316  5240	521
095344.349  5252	507
095344.349  5263	511
095344.382  5275	511
095344.382  5286	523
095344.382  5298	504
095344.415  5310	519
095344.415  5321	516
095344.415  5332	505
095344.448  5345	525
095344.448  5356	499
095344.448  5367	512
095344.481  5380	493
095344.481  5391	515
095344.481  5403	519
095344.514  5414	531
095344.514  5426	518
095344.547  5438	516
095344.547  5449	533
095344.547  5460	521
095344.580  5473	518
095344.580  5484	507
095344.580  5495	522
095344.614  5508	521
095344.614  5519	508
095344.614  5530	520
095344.647  5542	520
095344.647  5554	500
095344.647  5565	510
095344.680  5577	518
095344.680  5588	518
095344.680  5600	503
095344.713  5612	511
095344.713  5623	522
095344.747  5635	506
095344.747  5647	518
095344.747  5658	517
095344.779  5669	505
095344.779  5682	521
095344.779  5693	518
095344.812  5705	519
095344.812  5716	532
095344.812  5728	518
095344.845  5740	519
095344.845  5751	530
095344.845  5763	522
095344.879  5775	518
095344.879  5786	507
095344.879  5797	522
095344.912  5810	521
095344.912  5821	508
095344.945  5832	519
095344.945  5844	520
095344.945  5856	507
095344.978  5867	512
095344.978  5879	518
095344.978  5891	517
095345.011  5902	503
095345.011  5914	496
095345.011  5925	522
095345.044  5937	506
095345.044  5949	491
095345.044  5960	517
095345.078  5971	504
095345.078  5984	492
095345.110  5995	516
095345.110  6007	519
095345.110  6019	531
095345.143  6030	516
095345.143  6042	519
095345.143  6053	530
095345.176  6065	521
095345.176  6077	520
095345.176  6088	508
095345.210  6099	521
095345.210  6112	519
095345.210  6123	507
095345.243  6134	519
095345.243  6147	521
095345.243  6158	501
095345.276  6169	511
095345.276  6181	519
095345.309  6193	515
095345.309  6204	511
095345.309  6216	488
095345.342  6227	521
095345.342  6239	505
095345.342  6251	519
095345.375  6262	504
095345.375  6275	510
095345.375  6286	520
095345.408  6297	519
095345.408  6309	519
095345.408  6321	515
095345.441  6332	517
095345.441  6344	520
095345.474  6355	515
095345.474  6367	520
095345.474  6379	519
095345.508  6390	498
095345.508  6402	516
095345.508  6414	512
095345.541  6425	515
095345.541  6436	504
095345.541  6449	520
095345.574  6460	501
095345.574  6471	518
095345.574  6483	520
095345.607  6495	509
095345.607  6506	520
095345.607  6518	501
095345.640  6530	506
095345.640  6541	521
095345.673  6553	519
095345.673  6564	516
095345.673  6576	504
095345.706  6588	522
095345.706  6599	518
095345.706  6611	519
095345.739  6623	533
095345.739  6634	516
095345.739  6646	520
095345.772  6658	531
095345.772  6669	522
095345.772  6681	518
095345.805  6692	509
095345.805  6704	522
095345.805  6716	522
095345.839  6727	508
095345.839  6738	520
095345.872  6751	521
095345.872  6762	508
095345.872  6773	512
095345.905  6786	512
095345.905  6797	522
095345.905  6808	503
095345.938  6820	516
095345.938  6832	517
095345.938  6843	506
095345.971  6855	524
095345.971  6866	508
095345.971  6878	512
095346.004  6890	492
095346.004  6901	519
095346.037  6914	520
095346.037  6925	533
095346.037  6936	517
095346.070  6948	519
095346.070  6960	531
095346.070  6971	518
095346.103  6983	519
095346.103  6994	504
095346.103  7006	521
095346.136  7018	520
095346.136  7029	507
095346.136  7041	519
095346.170  7053	522
095346.170  7064	505
095346.170  7075	512
095346.203  7088	518
095346.203  7099	518
095346.236  7110	503
095346.236  7122	508
095346.236  7134	520
095346.269  7145	508
095346.269  7157	491
095346.269  7169	516
095346.302  7180	505
095346.302  7192	491
095346.302  7203	519
095346.335  7216	518
095346.335  7227	532
095346.335  7238	515
095346.368  7250	520
095346.368  7262	527
095346.401  7273	522
095346.401  7285	519
095346.401  7297	507
095346.434  7308	520
095346.434  7320	521
095346.434  7331	506
095346.468  7343	518
095346.468  7355	521
095346.468  7366	508
095346.501  7377	511
095346.501  7390	518
095346.501  7401	517
095346.534  7412	503
095346.534  7425	510
095346.534  7436	506
095346.567  7447	519
095346.567  7459	519
095346.600  7471	500
095346.600  7483	520
095346.600  7494	522
095346.633  7505	516
095346.633  7518	519
095346.633  7529	532
095346.666  7540	516
095346.666  7553	517
095346.666  7564	531
095346.701  7575	518
095346.701  7587	519
095346.701  7599	505
095346.732  7610	518
095346.732  7622	521
095346.732  7633	507
095346.765  7645	518
095346.765  7657	521
095346.799  7668	501
095346.799  7680	511
095346.799  7692	516
095346.832  7703	517
095346.832  7714	504
095346.832  7727	511
095346.865  7738	521
095346.865  7749	506
095346.865  7761	517
095346.898  7773	517
095346.898  7784	504
095346.898  7796	492
095346.931  7808	517
095346.931  7820	519
095346.931  7831	531
095346.964  7842	519
095346.964  7855	518
095346.997  7866	530
095346.997  7877	522
095346.997  7889	518
095347.030  7901	506
095347.030  7912	520
095347.030  7924	522
095347.063  7936	506
095347.063  7947	519
095347.063  7959	522
095347.097  7970	499
095347.097  7982	510
095347.097  7994	505
095347.130  8005	514
095347.130  8016	512
095347.163  8029	499
095347.163  8040	523
095347.163  8051	506
095347.196  8064	492
095347.196  8075	517
095347.196  8086	505
095347.229  8098	522
095347.229  8110	519
095347.229  8122	519
095347.262  8133	531
095347.262  8144	514
095347.262  8157	519
095347.295  8168	534
095347.295  8179	522
095347.295  8192	518
095347.328  8203	507
095347.328  8214	523
095347.361  8226	521
095347.361  8238	507
095347.361  8249	518
095347.394  8261	521
095347.394  8272	507
095347.394  8284	513
095347.428  8296	519
095347.428  8307	518
095347.428  8318	504
095347.461  8331	508
095347.461  8342	522
095347.461  8353	505
095347.494  8366	489
095347.494  8377	517
095347.494  8388	505
095347.527  8400	523
095347.527  8412	518
095347.560  8424	504
095347.560  8435	540
095347.560  8446	509
095347.593  8459	520
095347.593  8470	516
095347.593  8481	522
095347.626  8494	519
095347.626  8505	507
095347.626  8516	514
095347.659  8528	521
095347.659  8540	516
095347.659  8551	502
095347.693  8563	518
095347.693  8574	512
095347.726  8586	503
095347.726  8598	525
095347.726  8609	522
095347.759  8621	503
095347.759  8633	518
095347.759  8644	519
095347.792  8656	505
095347.792  8668	521
095347.792  8679	517
095347.825  8691	521
095347.825  8702	518
095347.825  8714	517
095347.858  8726	520
095347.858  8737	512
095347.858  8749	518
095347.891  8761	519
095347.891  8772	514
095347.924  8783	521
095347.924  8796	520
095347.924  8807	508
095347.958  8818	515
095347.958  8830	517
095347.958  8842	517
095347.991  8853	502
095347.991  8865	517
095347.991  8877	512
095348.024  8888	502
095348.024  8900	524
095348.024  8911	521
095348.057  8923	502
095348.057  8935	488
095348.057  8946	519
095348.090  8958	507
095348.090  8970	494
095348.123  8981	519
095348.123  8993	520
095348.123  9005	524
095348.156  9016	515
095348.156  9028	520
095348.156  9039	515
095348.189  9051	517
095348.189  9063	519
095348.189  9074	514
095348.222  9085	523
095348.222  9098	519
095348.222  9109	507
095348.255  9120	515
095348.255  9133	513
095348.288  9144	502
095348.288  9155	518
095348.288  9167	520
095348.322  9179	512
095348.322  9190	503
095348.322  9202	526
095348.355  9213	522
095348.355  9225	503
095348.355  9237	491
095348.388  9248	521
095348.388  9261	507
095348.388  9272	492
095348.421  9283	519
095348.421  9295	521
095348.421  9307	522
095348.454  9318	517
095348.454  9330	516
095348.487  9341	516
095348.487  9353	518
095348.487  9365	518
095348.520  9376	515
095348.520  9388	521
095348.520  9400	520
095348.553  9411	507
095348.553  9422	514
095348.553  9435	504
095348.586  9446	508
095348.586  9457	510
095348.586  9469	516
095348.620  9481	502
095348.620  9492	512
095348.620  9504	502
095348.653  9516	507
095348.653  9528	521
095348.686  9539	531
095348.686  9550	522
095348.686  9563	521
095348.719  9574	506
095348.719  9585	500
095348.719  9597	505
095348.752  9609	505
095348.752  9620	513
095348.752  9632	512
095348.785  9644	525
095348.785  9655	503
095348.785  9667	519
095348.818  9678	515
095348.818  9690	505
095348.851  9702	523
095348.851  9713	501
095348.851  9724	512
095348.884  9737	492
095348.884  9748	518
095348.884  9760	514
095348.917  9772	524
095348.917  9783	513
095348.917  9795	512
095348.951  9806	508
095348.951  9818	520
095348.951  9830	520
095348.984  9841	508
095348.984  9852	512
095348.984  9865	520
095349.017  9876	515
095349.017  9887	503
095349.050  9900	504
095349.050  9911	502
095349.050  9922	510
095349.083  9934	529
095349.083  9946	507
095349.083  9957	519
095349.116  9969	518
095349.116  9980	521
095349.116  9993	515
095349.149  10004	496
095349.149  10015	502
095349.149  10028	500
095349.182  10040	508
095349.182  10051	526
095349.215  10063	528
095349.215  10075	490
095349.215  10087	530
095349.248  10098	499
095349.248  10110	525
095349.248  10123	504
095349.282  10134	528
095349.282  10146	529
095349.282  10158	493
095349.315  10170	533
095349.315  10181	525
095349.348  10193	501
095349.348  10206	496
095349.348  10217	499
095349.381  10229	515
095349.381  10241	523
095349.381  10253	503
095349.414  10264	533
095349.414  10276	521
095349.414  10289	494
095349.447  10300	502
095349.447  10312	516
095349.480  10323	492
095349.480  10336	491
095349.480  10347	503
095349.513  10359	524
095349.513  10372	503
095349.513  10383	520
095349.546  10395	531
095349.546  10406	527
095349.546  10419	519
095349.580  10430	494
095349.580  10442	530
095349.580  10454	502
095349.613  10466	490
095349.613  10478	520
095349.646  10489	490
095349.646  10502	528
095349.646  10513	532
095349.679  10525	521
095349.679  10536	492
095349.679  10549	537
095349.712  10561	498
095349.712  10572	500
095349.712  10585	497
095349.746  10596	490
095349.746  10608	492
095349.778  10619	532
095349.778  10632	529
095349.778  10644	502
095349.811  10655	524
095349.811  10668	499
095349.811  10679	528
095349.844  10691	496
095349.844  10702	493
095349.844  10715	500
095349.877  10727	500
095349.877  10738	500
095349.877  10750	529
095349.911  10762	530
095349.911  10774	529
095349.944  10785	495
095349.944  10798	499
095349.944  10810	497
095349.977  10821	522
095349.977  10833	515
095349.977  10845	491
095350.010  10857	528
095350.010  10868	504
095350.010  10881	488
095350.043  10893	521
095350.043  10904	520
095350.076  10916	499
095350.076  10928	493
095350.076  10940	519
095350.109  10951	490
095350.109  10963	505
095350.109  10976	500
095350.142  10987	492
095350.142  10999	525
095350.142  11011	493
095350.175  11023	500
095350.175  11034	496
095350.209  11046	501
095350.209  11059	532
095350.209  11070	522
095350.242  11082	535
095350.242  11094	504
095350.242  11106	516
095350.275  11117	525
095350.275  11129	504
095350.275  11142	533
095350.308  11153	524
095350.308  11165	529
095350.341  11176	504
095350.341  11189	523
095350.341  11200	499
095350.374  11212	520
095350.374  11225	490
095350.374  11236	493
095350.407  11248	498
095350.407  11259	490
095350.407  11272	504
095350.440  11283	503
095350.440  11295	521
095350.473  11308	523
095350.473  11319	502
095350.473  11331	518
095350.506  11342	521
095350.506  11355	495
095350.506  11366	529
095350.539  11378	521
095350.539  11390	504
095350.539  11402	522
095350.573  11414	507
095350.573  11425	498
095350.573  11438	523
095350.606  11449	502
095350.606  11461	526
095350.639  11473	495
095350.639  11485	493
095350.639  11497	531
095350.672  11508	490
095350.672  11521	532
095350.672  11532	498
095350.705  11544	501
095350.705  11556	516
095350.705  11568	494
095350.738  11580	520
095350.738  11591	504
095350.771  11603	495
095350.771  11616	535
095350.771  11627	493
095350.804  11639	498
095350.804  11651	502
095350.804  11663	492
095350.837  11674	502
095350.837  11686	496
095350.837  11699	534
095350.871  11710	525
095350.871  11722	535
095350.871  11734	504
095350.904  11746	515
095350.904  11757	524
095350.937  11769	532
095350.937  11782	534
095350.937  11793	497
095350.970  11805	507
095350.970  11816	527
095350.970  11829	526
095351.003  11840	506
095351.003  11852	518
095351.003  11865	524
095351.036  11876	536
095351.036  11888	518
095351.070  11899	491
095351.070  11912	504
095351.070  11923	490
095351.103  11935	529
095351.103  11947	500
095351.103  11959	490
095351.136  11971	503
095351.136  11982	507
095351.136  11995	515
095351.169  12006	526
095351.169  12018	503
095351.202  12030	494
095351.202  12042	523
095351.202  12054	517
095351.235  12065	527
095351.235  12078	488
095351.235  12089	528
095351.268  12101	500
095351.268  12113	504
095351.268  12125	489
095351.301  12137	511
095351.301  12148	493
095351.301  12161	491
095351.334  12172	533
095351.334  12184	523
095351.368  12196	491
095351.368  12208	494
095351.368  12220	526
095351.401  12231	522
095351.401  12243	496
095351.401  12255	503
095351.434  12267	496
095351.434  12278	504
095351.434  12291	523
095351.467  12303	501
095351.467  12314	521
095351.500  12326	538
095351.500  12338	493
095351.500  12350	527
095351.533  12361	525
095351.533  12374	522
095351.533  12386	504
095351.566  12397	527
095351.566  12409	487
095351.566  12421	500
095351.599  12433	523
095351.599  12444	493
095351.632  12456	502
095351.632  12469	497
095351.632  12480	523
095351.665  12492	499
095351.665  12504	490
095351.665  12516	501
095351.699  12527	504
095351.699  12539	518
095351.699  12552	503
095351.732  12563	524
095351.732  12575	517
095351.732  12587	499
095351.765  12599	520
095351.765  12610	503
095351.798  12622	521
095351.798  12635	492
095351.798  12646	491
095351.831  12658	501

