095913522  999	518
095913522  1010	513
095913555  1022	520
095913555  1034	509
095913555  1045	504
095913588  1057	528
095913588  1069	518
095913588  1080	503
095913625  1092	530
095913625  1103	521
095913625  1116	503
095913658  1127	520
095913658  1138	522
095913658  1150	521
095913691  1162	524
095913691  1173	518
095913691  1185	521
095913746  1197	508
095913746  1208	518
095913746  1220	519
095913746  1231	516
095913746  1243	513
095913760  1255	510
095913791  1266	519
095913791  1277	506
095913824  1290	511
095913824  1301	516
095913824  1312	505
095913857  1325	520
095913857  1336	519
095913857  1347	504
095913890  1359	533
095913890  1371	519
095913890  1383	502
095913923  1394	509
095913923  1405	513
095913923  1418	516
095913956  1429	507
095913956  1440	521
095913956  1453	521
095913990  1464	509
095913990  1475	520
095914023  1487	520
095914023  1499	507
095914023  1510	511
095914056  1522	505
095914056  1533	523
095914056  1545	503
095914089  1557	503
095914089  1568	523
095914089  1580	504
095914122  1592	519
095914122  1603	500
095914122  1614	506
095914155  1627	498
095914155  1638	516
095914188  1649	510
095914188  1661	533
095914188  1673	519
095914221  1685	510
095914221  1696	533
095914221  1708	522
095914254  1720	519
095914254  1731	522
095914254  1742	522
095914288  1755	521
095914288  1766	520
095914288  1777	518
095914321  1789	521
095914321  1801	509
095914321  1812	519
095914354  1824	519
095914354  1836	516
095914387  1847	511
095914387  1859	511
095914387  1870	519
095914420  1882	506
095914420  1894	508
095914420  1905	517
095914453  1916	504
095914453  1929	519
095914453  1940	517
095914486  1951	504
095914486  1964	531
095914486  1975	519
095914520  1987	503
095914520  1998	538
095914520  2010	515
095914553  2022	519
095914553  2033	508
095914586  2044	522
095914586  2057	520
095914586  2068	509
095914619  2079	518
095914619  2092	520
095914619  2103	508
095914652  2114	512
095914652  2126	512
095914652  2138	524
095914685  2149	504
095914685  2161	503
095914685  2172	523
095914718  2184	507
095914718  2196	518
095914751  2207	513
095914751  2219	505
095914751  2231	499
095914784  2242	510
095914784  2254	513
095914784  2266	532
095914817  2277	518
095914817  2289	519
095914817  2300	530
095914851  2312	507
095914851  2324	510
095914851  2335	508
095914884  2347	514
095914884  2359	520
095914884  2370	509
095914917  2381	503
095914917  2394	511
095914950  2405	518
095914950  2416	504
095914950  2428	533
095914983  2440	523
095914983  2451	503
095914983  2463	522
095915016  2475	522
095915016  2487	514
095915016  2498	517
095915049  2509	510
095915049  2522	512
095915049  2533	500
095915082  2544	502
095915082  2556	510
095915115  2568	516
095915115  2579	513
095915115  2591	505
095915149  2603	524
095915149  2614	506
095915149  2626	520
095915182  2637	503
095915182  2649	522
095915182  2661	500
095915215  2672	518
095915215  2683	503
095915215  2696	536
095915248  2707	518
095915248  2719	505
095915248  2731	531
095915281  2742	521
095915281  2754	520
095915314  2765	523
095915314  2777	521
095915314  2789	520
095915347  2800	524
095915347  2811	518
095915347  2824	521
095915380  2835	508
095915380  2846	519
095915380  2859	519
095915413  2870	516
095915413  2881	511
095915413  2893	504
095915446  2905	509
095915446  2916	521
095915446  2928	520
095915480  2939	509
095915480  2951	506
095915513  2963	512
095915513  2974	517
095915513  2985	503
095915546  2998	534
095915546  3009	518
095915546  3021	503
095915579  3033	501
095915579  3044	519
095915579  3056	519
095915612  3067	520
095915612  3079	523
095915612  3091	520
095915645  3102	509
095915645  3113	517
095915678  3126	521
095915678  3137	504
095915678  3148	517
095915711  3161	520
095915711  3172	516
095915711  3183	510
095915744  3195	503
095915744  3207	516
095915744  3218	517
095915778  3230	514
095915778  3241	517
095915778  3253	506
095915811  3265	521
095915811  3276	517
095915811  3288	504
095915844  3300	531
095915844  3311	520
095915877  3323	503
095915877  3335	538
095915877  3346	510
095915910  3358	518
095915910  3369	508
095915910  3381	522
095915943  3393	520
095915943  3404	509
095915943  3416	519
095915976  3428	521
095915976  3439	505
095915976  3450	512
095916009  3463	505
095916009  3474	523
095916009  3485	503
095916042  3497	518
095916042  3509	518
095916076  3520	506
095916076  3532	512
095916076  3544	513
095916109  3555	513
095916109  3567	526
095916109  3578	517
095916142  3591	519
095916142  3602	533
095916142  3613	516
095916175  3625	520
095916175  3637	528
095916175  3648	522
095916208  3660	519
095916208  3672	507
095916241  3683	522
095916241  3695	520
095916241  3706	508
095916274  3718	518
095916274  3730	520
095916274  3741	507
095916307  3752	509
095916307  3765	519
095916307  3776	517
095916340  3787	504
095916340  3800	511
095916340  3811	521
095916374  3822	506
095916374  3834	491
095916374  3846	517
095916407  3857	505
095916407  3869	523
095916440  3880	519
095916440  3893	519
095916440  3904	533
095916473  3915	514
095916473  3928	519
095916473  3939	528
095916506  3950	521
095916506  3962	520
095916506  3974	507
095916539  3985	522
095916539  3997	521
095916539  4008	508
095916572  4020	517
095916572  4032	520
095916572  4043	508
095916605  4055	511
095916605  4067	504
095916638  4078	523
095916638  4089	501
095916638  4102	504
095916671  4113	520
095916671  4124	506
095916671  4136	516
095916705  4148	510
095916705  4159	506
095916705  4171	514
095916738  4183	512
095916738  4195	505
095916738  4206	525
095916771  4217	502
095916771  4230	505
095916804  4241	529
095916804  4252	521
095916804  4264	518
095916837  4276	507
095916837  4287	522
095916837  4299	521
095916870  4311	508
095916870  4322	519
095916870  4334	520
095916903  4345	507
095916903  4357	510
095916903  4369	519
095916936  4380	517
095916936  4391	505
095916936  4404	512
095916969  4415	521
095916969  4426	504
095917003  4439	489
095917003  4450	518
095917003  4461	505
095917036  4473	521
095917036  4485	519
095917036  4497	519
095917069  4508	533
095917069  4519	518
095917069  4532	519
095917102  4543	527
095917102  4554	522
095917102  4567	518
095917135  4578	508
095917135  4589	522
095917135  4601	521
095917169  4613	508
095917169  4624	518
095917201  4636	521
095917201  4647	507
095917201  4659	511
095917234  4671	512
095917234  4682	524
095917234  4694	503
095917267  4706	505
095917267  4717	514
095917267  4728	512
095917300  4741	492
095917300  4752	516
095917300  4763	506
095917334  4775	493
095917334  4787	518
095917334  4799	513
095917367  4810	508
095917367  4822	517
095917400  4834	518
095917400  4845	517
095917400  4856	522
095917433  4869	521
095917433  4880	510
095917433  4891	515
095917466  4903	519
095917466  4915	509
095917466  4926	504
095917499  4938	511
095917499  4950	519
095917532  4961	502
095917532  4973	527
095917532  4984	520
095917565  4996	503
095917565  5008	491
095917565  5019	519
095917598  5031	512
095917598  5043	501
095917598  5054	517
095917631  5066	521
095917631  5078	508
095917631  5089	518
095917665  5101	519
095917665  5112	508
095917665  5124	513
095917698  5136	510
095917698  5147	517
095917698  5158	506
095917731  5171	511
095917731  5182	513
095917764  5193	506
095917764  5206	517
095917764  5217	517
095917797  5228	504
095917797  5240	531
095917797  5252	518
095917830  5264	512
095917830  5275	532
095917830  5286	522
095917863  5299	519
095917863  5310	507
095917863  5321	522
095917896  5334	520
095917896  5345	509
095917929  5356	519
095917929  5368	521
095917929  5380	507
095917962  5391	510
095917962  5403	519
095917962  5414	517
095917996  5426	504
095917996  5438	511
095917996  5449	521
095918029  5460	505
095918029  5473	517
095918029  5484	514
095918062  5495	506
095918062  5508	521
095918095  5519	517
095918095  5531	518
095918095  5542	532
095918128  5554	518
095918128  5566	519
095918128  5577	529
095918161  5588	521
095918161  5601	518
095918161  5612	507
095918194  5623	522
095918194  5636	522
095918194  5647	509
095918227  5658	519
095918227  5670	521
095918227  5682	508
095918260  5693	512
095918260  5705	520
095918294  5716	517
095918294  5728	504
095918294  5740	511
095918327  5751	505
095918327  5763	520
095918327  5775	519
095918360  5786	517
095918360  5797	506
095918360  5810	522
095918393  5821	517
095918393  5833	511
095918393  5844	517
095918426  5856	518
095918426  5868	518
095918426  5879	516
095918459  5891	522
095918459  5903	520
095918492  5914	507
095918492  5925	514
095918492  5938	518
095918525  5949	509
095918525  5960	503
095918525  5972	511
095918558  5984	517
095918558  5995	504
095918558  6007	532
095918592  6019	522
095918592  6030	503
095918592  6042	519
095918625  6053	508
095918625  6066	512
095918658  6077	501
095918658  6088	518
095918658  6100	520
095918691  6112	507
095918691  6123	518
095918691  6135	520
095918724  6147	513
095918724  6158	511
095918724  6170	505
095918757  6181	515
095918757  6193	512
095918757  6205	518
095918790  6216	511
095918790  6227	505
095918790  6240	528
095918823  6251	508
095918823  6263	511
095918856  6275	500
095918856  6286	517
095918856  6298	518
095918889  6309	529
095918889  6321	521
095918889  6333	519
095918923  6344	506
095918923  6355	521
095918923  6368	520
095918956  6379	507
095918956  6390	516
095918956  6403	506
095918989  6414	505
095918989  6425	502
095918989  6437	511
095919022  6449	524
095919022  6460	508
095919055  6472	520
095919055  6483	508
095919055  6495	520
095919088  6507	519
095919088  6518	502
095919088  6530	521
095919121  6542	520
095919121  6553	519
095919121  6564	504
095919154  6577	533
095919154  6588	518
095919154  6600	504
095919187  6611	538
095919187  6623	514
095919221  6635	519
095919221  6646	507
095919221  6658	521
095919254  6670	521
095919254  6681	509
095919254  6692	518
095919287  6705	521
095919287  6716	500
095919287  6727	510
095919320  6739	518
095919320  6751	516
095919320  6762	505
095919353  6774	510
095919353  6786	522
095919353  6797	505
095919386  6809	520
095919386  6820	518
095919419  6832	505
095919419  6844	522
095919419  6855	518
095919452  6867	514
095919452  6879	516
095919452  6890	518
095919485  6902	518
095919485  6914	516
095919485  6925	521
095919519  6937	519
095919519  6948	507
095919519  6960	513
095919552  6972	503
095919552  6983	507
095919552  6994	511
095919585  7007	518
095919585  7018	510
095919618  7029	512
095919618  7042	503
095919618  7053	519
095919651  7065	503
095919651  7076	521
095919651  7088	521
095919684  7100	521
095919684  7111	509
095919684  7122	518
095919717  7135	521
095919717  7146	506
095919717  7157	517
095919750  7170	518
095919750  7181	515
095919783  7192	511
095919783  7204	520
095919783  7216	515
095919817  7227	506
095919817  7239	511
095919817  7250	516
095919850  7262	505
095919850  7274	492
095919850  7285	517
095919883  7297	503
095919883  7309	500
095919883  7320	517
095919916  7332	512
095919916  7344	501
095919916  7355	507
095919949  7367	510
095919949  7378	506
095919982  7390	513
095919982  7402	518
095919982  7413	507
095920015  7425	512
095920015  7437	508
095920015  7448	516
095920048  7459	502
095920048  7472	529
095920048  7483	507
095920081  7494	519
095920081  7506	521
095920081  7518	521
095920114  7530	512
095920114  7541	500
095920148  7553	501
095920148  7565	512
095920148  7576	500
095920181  7587	510
095920181  7600	504
095920181  7611	515
095920214  7622	512
095920214  7634	490
095920214  7646	521
095920247  7657	505
095920247  7669	516
095920247  7681	515
095920280  7693	507
095920280  7704	488
095920280  7715	502
095920313  7728	515
095920313  7739	516
095920346  7750	518
095920346  7762	518
095920346  7774	512
095920379  7785	523
095920379  7797	520
095920379  7809	509
095920412  7820	514
095920412  7832	521
095920412  7843	509
095920445  7855	503
095920445  7867	508
095920445  7878	518
095920479  7889	502
095920479  7902	502
095920479  7913	508
095920512  7924	518
095920512  7937	519
095920545  7948	521
095920545  7960	515
095920545  7971	525
095920578  7983	518
095920578  7995	520
095920578  8006	507
095920611  8017	517
095920611  8030	519
095920611  8041	516
095920644  8052	513
095920644  8065	511
095920644  8076	516
095920677  8087	505
095920677  8099	513
095920710  8111	516
095920710  8122	505
095920710  8134	490
095920743  8145	518
095920743  8157	503
095920743  8169	527
095920776  8180	518
095920776  8193	516
095920776  8204	533
095920810  8215	504
095920810  8227	510
095920810  8239	506
095920843  8250	514
095920843  8262	506
095920843  8273	507
095920876  8285	510
095920876  8297	519
095920909  8308	512
095920909  8320	504
095920909  8332	526
095920942  8343	507
095920942  8354	518
095920942  8367	521
095920975  8378	520
095920975  8390	511
095920975  8401	500
095921008  8413	518
095921008  8425	521
095921008  8436	508
095921041  8448	517
095921041  8460	518
095921041  8471	516
095921074  8482	512
095921074  8495	510
095921107  8506	516
095921107  8517	506
095921107  8529	511
095921141  8541	516
095921141  8552	504
095921141  8564	489
095921174  8576	518
095921174  8587	503
095921174  8599	500
095921207  8610	518
095921207  8623	510
095921207  8634	529
095921240  8645	521
095921240  8657	520
095921273  8669	508
095921273  8680	522
095921273  8692	521
095921306  8704	505
095921306  8715	518
095921306  8727	521
095921339  8738	500
095921339  8750	510
095921339  8762	518
095921372  8773	518
095921372  8784	504
095921372  8797	496
095921405  8808	522
095921405  8819	505
095921405  8832	516
095921438  8843	514
095921438  8854	505
095921472  8866	493
095921472  8878	517
095921472  8890	519
095921505  8901	531
095921505  8912	516
095921505  8925	516
095921538  8936	530
095921538  8947	522
095921538  8960	518
095921571  8971	508
095921571  8982	522
095921571  8994	521
095921604  9006	509
095921604  9017	519
095921637  9029	520
095921637  9040	507
095921637  9052	512
095921670  9064	518
095921670  9075	518
095921670  9086	504
095921703  9099	511
095921703  9110	507
095921703  9121	522
095921737  9134	517
095921737  9145	516
095921737  9156	506
095921770  9168	520
095921770  9180	517
095921770  9192	519
095921803  9203	531
095921803  9214	515
095921836  9227	520
095921836  9238	530
095921836  9249	522
095921869  9262	519
095921869  9273	505
095921869  9284	522
095921902  9296	521
095921902  9308	509
095921902  9319	518
095921935  9331	521
095921935  9342	505
095921935  9354	510
095921968  9366	506
095921968  9377	514
095921968  9389	512
095922001  9401	517
095922001  9412	507
095922035  9423	521
095922035  9436	522
095922035  9447	518
095922068  9459	505
095922068  9470	494
095922068  9482	517
095922101  9494	519
095922101  9505	514
095922101  9517	516
095922134  9529	520
095922134  9540	514
095922134  9551	521
095922167  9564	519
095922167  9575	506
095922200  9586	513
095922200  9598	518
095922200  9610	509
095922245  9621	503
095922245  9633	511
095922245  9645	518
095922245  9656	504
095922266  9668	529
095922266  9679	506
095922299  9691	519
095922299  9703	521
095922299  9714	518
095922333  9726	515
095922333  9738	501
095922333  9749	516
095922366  9761	521
095922366  9773	507
095922399  9784	518
095922399  9796	520
095922399  9807	515
095922432  9819	511
095922432  9831	505
095922432  9842	515
095922465  9853	513
095922465  9866	506
095922465  9877	507
095922498  9888	512
095922498  9901	495
095922498  9912	503
095922531  9924	516
095922531  9935	529
095922531  9947	517
095922564  9959	518
095922564  9970	530
095922597  9981	521
095922597  9994	519
095922597  10005	523
095922630  10017	490
095922630  10029	526
095922630  10041	509
095922664  10052	527
095922664  10064	493
095922664  10076	503
095922697  10088	527
095922697  10100	491
095922730  10112	521
095922730  10124	518
095922730  10135	527
095922763  10147	493
095922763  10159	530
095922763  10171	526
095922796  10183	493
095922796  10194	523
095922796  10207	530
095922829  10218	522
095922829  10230	528
095922829  10242	505
095922864  10254	524
095922864  10266	534
095922895  10277	526
095922895  10290	507
095922895  10301	498
095922928  10313	528
095922928  10324	505
095922928  10337	490
095922961  10349	498
095922961  10360	521
095922961  10373	499
095922995  10384	489
095922995  10396	527
095923028  10407	501
095923028  10420	489
095923028  10432	519
095923061  10443	492
095923061  10456	516
095923061  10467	493
095923094  10479	520
095923094  10490	504
095923094  10503	494
095923127  10515	534
095923127  10526	494
095923160  10539	495
095923160  10550	502
095923160  10562	492
095923193  10573	503
095923193  10586	495
095923193  10598	535
095923226  10609	525
095923226  10621	496
095923226  10633	534
095923259  10645	517
095923259  10656	506
095923259  10669	491
095923292  10681	534
095923292  10692	528
095923326  10704	527
095923326  10716	504
095923326  10728	525
095923359  10739	528
095923359  10752	496
095923359  10764	504
095923392  10775	527
095923392  10787	527
095923392  10799	504
095923425  10811	529
095923425  10822	488
095923458  10834	531
095923458  10846	498
095923458  10858	501
095923491  10870	520
095923491  10882	522
095923491  10894	492
095923524  10905	531
095923524  10917	527
095923524  10930	526
095923557  10941	522
095923557  10953	498
095923590  10964	501
095923590  10977	498
095923590  10988	502
095923623  11000	529
095923623  11013	506
095923623  11024	495
095923656  11036	527
095923656  11047	496
095923656  11060	525
095923690  11071	503
095923690  11083	520
095923723  11096	532
095923723  11107	499
095923723  11119	527
095923756  11130	504
095923756  11143	521
095923756  11154	529
095923789  11166	525
095923789  11179	532
095923789  11190	499
095923822  11202	486
095923822  11213	498
095923822  11226	527
095923855  11237	503
095923855  11249	517
095923888  11261	526
095923888  11273	523
095923888  11285	506
095923921  11296	530
095923921  11309	519
095923921  11320	491
095923954  11332	536
095923954  11343	499
095923954  11356	524
095923988  11368	535
095923988  11379	527
095924021  11392	498
095924021  11403	496
095924021  11415	531
095924054  11426	504
095924054  11439	524
095924054  11451	492
095924087  11462	498
095924087  11474	514
095924087  11486	520
095924120  11498	496
095924120  11509	492
095924153  11522	535
095924153  11534	498
095924153  11545	530
095924186  11557	529
095924186  11569	492
095924186  11581	497
095924219  11592	504
095924219  11604	523
095924219  11617	535
095924252  11628	521
095924252  11640	530
095924285  11652	520
095924285  11664	514
095924285  11675	503
095924318  11687	494
095924318  11699	504
095924318  11711	521
095924352  11723	496
095924352  11735	492
095924352  11747	502
095924385  11758	493
095924385  11770	500
095924385  11783	497
095924418  11794	497
095924418  11806	484
095924451  11817	499
095924451  11830	501
095924451  11841	497
095924484  11853	525
095924484  11865	505
095924484  11877	523
095924517  11889	487
095924517  11900	530
095924517  11913	495
095924550  11924	492
095924550  11936	508
095924583  11948	499
095924583  11960	525
095924583  11972	532
095924616  11983	498
095924616  11996	518
095924616  12007	494
095924649  12019	506
095924649  12030	529
095924649  12043	519
095924683  12055	531
095924683  12066	522
095924683  12079	517
095924716  12090	528
095924716  12102	494
095924749  12113	493
095924749  12126	503
095924749  12138	504
095924782  12149	524
095924782  12162	498
095924782  12173	503
095924815  12185	517
095924815  12196	489
095924815  12209	510
095924848  12220	496
095924848  12232	524
095924881  12244	534
095924881  12256	523
095924881  12268	508
095924914  12279	529
095924914  12292	494
095924914  12303	505
095924947  12315	519
095924947  12327	503
095924947  12339	523
095924980  12351	508
095924980  12362	499
095925014  12375	499
095925014  12386	496
095925014  12398	505
095925047  12410	498
095925047  12422	527
095925047  12434	505
095925080  12445	488
095925080  12457	491
095925080  12469	506
095925113  12481	519
095925113  12493	504
095925146  12505	527
095925146  12517	508
095925146  12528	504
095925179  12540	524
095925179  12552	527
095925179  12564	527
095925212  12576	532
095925212  12588	527
095925212  12600	517
095925245  12611	498
095925245  12623	528
095925245  12635	493
095925278  12647	528
095925278  12659	496

