153848128  0	418
153848128  10	418
153848128  20	419
153848161  30	418
153848161  40	419
153848161  51	419
153848236  61	419
153848236  72	419
153848236  82	418
153848236  93	419
153848236  103	419
153848236  113	420
153848236  123	418
153848261  135	418
153848261  145	419
153848261  155	419
153848294  165	419
153848294  176	419
153848294  187	419
153848327  197	418
153848327  207	418
153848327  218	417
153848360  228	417
153848360  238	418
153848360  249	421
153848393  260	421
153848393  270	420
153848393  280	419
153848426  290	420
153848426  302	419
153848426  312	419
153848459  322	419
153848459  332	421
153848459  343	419
153848459  354	421
153848492  364	422
153848492  374	422
153848492  385	421
153848525  395	421
153848525  406	421
153848525  416	421
153848560  427	421
153848560  437	422
153848560  447	422
153848592  457	423
153848592  468	421
153848592  479	422
153848625  489	422
153848625  499	422
153848625  509	421
153848658  521	420
153848658  531	420
153848658  541	421
153848691  551	421
153848691  562	421
153848691  573	421
153848724  583	421
153848724  593	420
153848724  604	420
153848724  614	421
153848757  624	421
153848757  635	420
153848757  646	421
153848790  656	421
153848790  666	420
153848790  676	421
153848823  688	421
153848823  698	421
153848823  708	421
153848856  718	420
153848856  729	420
153848856  740	421
153848889  750	421
153848889  760	421
153848889  771	421
153848923  781	421
153848923  792	421
153848923  802	421
153848956  813	422
153848956  823	422
153848956  833	421
153848956  843	422
153848989  855	422
153848989  865	422
153848989  875	421
153849022  885	421
153849022  896	421
153849022  907	422
153849055  917	423
153849055  927	422
153849055  937	422
153849088  948	422
153849088  959	421
153849088  969	421
153849121  979	422
153849121  990	422
153849154  1000	423
153849154  1011	422
153849154  1021	422
153849154  1032	422
153849187  1042	422
153849187  1052	422
153849187  1063	422
153849220  1074	422
153849220  1084	421
153849220  1094	421
153849254  1105	421
153849254  1116	421
153849254  1126	419
153849287  1136	420
153849287  1147	420
153849287  1158	418
153849320  1168	419
153849320  1178	419
153849320  1189	421
153849320  1200	421
153849353  1210	422
153849353  1220	421
153849353  1230	420
153849386  1242	420
153849386  1252	421
153849386  1262	421
153849419  1272	421
153849419  1284	420
153849419  1294	420
153849452  1304	420
153849452  1314	420
153849452  1326	421
153849485  1336	422
153849485  1346	422
153849485  1356	421
153849485  1367	419
153849518  1378	421
153849518  1388	419
153849518  1398	421
153849551  1409	421
153849551  1420	420
153849551  1430	420
153849584  1440	421
153849584  1451	421
153849584  1462	422
153849618  1472	422
153849618  1482	420
153849618  1492	420
153849651  1503	421
153849651  1514	421
153849651  1524	421
153849651  1534	421
153849684  1545	421
153849684  1556	420
153849684  1566	421
153849717  1576	422
153849717  1587	421
153849717  1598	421
153849750  1608	421
153849750  1618	421
153849750  1629	422
153849783  1640	422
153849783  1650	421
153849783  1660	422
153849816  1671	422
153849816  1681	420
153849816  1692	421
153849816  1702	422
153849849  1713	422
153849849  1723	420
153849849  1734	419
153849882  1744	420
153849882  1755	420
153849882  1765	420
153849915  1776	420
153849915  1786	420
153849915  1797	420
153849949  1807	420
153849949  1817	420
153849949  1828	419
153850015  1839	420
153850015  1849	419
153850015  1859	419
153850015  1870	420
153850048  1881	423
153850048  1891	420
153850048  1901	421
153850081  1912	419
153850081  1923	420
153850081  1933	420
153850114  1943	420
153850114  1953	420
153850114  1965	420
153850147  1975	421
153850147  1985	419
153850147  1995	421
153850180  2007	419
153850180  2017	419
153850180  2027	419
153850180  2037	420
153850213  2049	421
153850213  2059	421
153850213  2069	420
153850246  2079	421
153850246  2091	420
153850246  2101	420
153850280  2111	421
153850280  2121	422
153850280  2131	422
153850313  2143	421
153850313  2153	421
153850313  2163	422
153850346  2173	420
153850346  2185	421
153850346  2195	422
153850346  2205	422
153850379  2215	421
153850379  2227	421
153850379  2237	423
153850412  2247	423
153850412  2257	420
153850412  2269	422
153850445  2279	423
153850445  2289	423
153850445  2299	422
153850478  2310	422
153850478  2321	420
153850478  2331	420
153850511  2341	421
153850511  2352	421
153850511  2363	420
153850511  2373	420
153850544  2383	420
153850544  2394	421
153850544  2405	420
153850577  2415	421
153850577  2425	420
153850577  2436	420
153850610  2446	420
153850610  2457	420
153850610  2467	419
153850644  2478	420
153850644  2488	419
153850644  2499	419
153850677  2509	419
153850677  2520	420
153850677  2530	420
153850677  2541	419
153850710  2551	421
153850710  2562	419
153850710  2572	420
153850743  2583	420
153850743  2593	420
153850743  2604	420
153850776  2614	420
153850776  2624	421
153850776  2635	420
153850809  2646	420
153850809  2656	420
153850809  2666	420
153850842  2677	421
153850842  2688	421
153850842  2698	420
153850842  2708	420
153850875  2719	421
153850875  2729	421
153850875  2740	420
153850908  2750	420
153850908  2760	420
153850908  2771	419
153850941  2782	420
153850941  2792	421
153850941  2802	420
153850974  2813	421
153850974  2824	420
153850974  2834	420
153851009  2844	420
153851009  2855	422
153851009  2866	421
153851009  2876	421
153851042  2886	422
153851042  2897	422
153851042  2908	421
153851075  2918	422
153851075  2928	421
153851075  2938	421
153851108  2950	421
153851108  2960	422
153851108  2970	422
153851141  2980	422
153851141  2992	422
153851141  3002	421
153851174  3012	422
153851174  3022	422
153851174  3034	422
153851174  3044	423
153851207  3054	422
153851207  3064	422
153851207  3076	423
153851240  3086	422
153851240  3096	421
153851240  3106	420
153851274  3117	421
153851274  3128	421
153851274  3138	422
153851307  3148	421
153851307  3159	421
153851307  3170	422
153851340  3180	421
153851340  3190	421
153851340  3201	422
153851340  3212	421
153851373  3222	421
153851373  3232	421
153851373  3243	422
153851406  3253	422
153851406  3264	421
153851406  3274	422
153851439  3284	421
153851439  3295	422
153851439  3306	422
153851472  3316	422
153851472  3326	421
153851472  3337	421
153851505  3348	422
153851505  3358	421
153851505  3368	421
153851505  3379	421
153851571  3390	422
153851571  3400	421
153851571  3410	421
153851604  3421	422
153851604  3431	423
153851604  3442	423
153851638  3452	422
153851638  3463	422
153851638  3473	422
153851671  3484	423
153851671  3494	421
153851671  3505	421
153851704  3515	421
153851704  3526	421
153851704  3536	421
153851704  3547	422
153851737  3557	422
153851737  3568	422
153851737  3578	421
153851770  3589	421
153851770  3599	420
153851770  3609	421
153851803  3620	422
153851803  3631	420
153851803  3641	420
153851836  3651	421
153851836  3662	420
153851836  3673	421
153851870  3683	420
153851870  3693	421
153851870  3704	422
153851870  3715	421
153851903  3725	420
153851903  3735	421
153851903  3745	420
153851936  3757	420
153851936  3767	421
153851936  3777	422
153851969  3787	422
153851969  3799	422
153851969  3809	422
153852003  3819	422
153852003  3829	422
153852003  3841	422
153852035  3851	422
153852035  3861	422
153852035  3871	423
153852035  3883	423
153852068  3893	423
153852068  3903	423
153852068  3913	422
153852101  3923	423
153852101  3935	423
153852101  3945	423
153852135  3955	422
153852135  3965	424
153852135  3977	424
153852168  3987	423
153852168  3997	424
153852168  4007	423
153852201  4019	423
153852201  4029	423
153852201  4039	423
153852201  4049	424
153852234  4061	424
153852234  4071	423
153852234  4081	424
153852267  4091	424
153852267  4102	424
153852267  4113	423
153852300  4123	423
153852300  4133	424
153852300  4144	423
153852333  4155	423
153852333  4165	424
153852333  4175	423
153852366  4186	424
153852366  4197	423
153852366  4207	423
153852366  4217	423
153852400  4228	424
153852400  4239	424
153852400  4249	422
153852433  4259	423
153852433  4270	423
153852433  4280	424
153852466  4291	423
153852466  4301	424
153852466  4312	424
153852499  4322	422
153852499  4333	424
153852499  4343	424
153852532  4354	423
153852532  4364	423
153852532  4375	422
153852532  4385	422
153852565  4396	423
153852565  4406	422
153852565  4417	423
153852598  4427	422
153852598  4438	423
153852598  4448	424
153852634  4458	425
153852634  4469	425
153852634  4480	423
153852665  4490	424
153852665  4500	422
153852665  4511	423
153852698  4521	423
153852698  4532	424
153852698  4542	423
153852698  4553	425
153852731  4563	424
153852731  4574	424
153852731  4584	424
153852764  4594	424
153852764  4605	424
153852764  4616	424
153852797  4626	425
153852797  4636	424
153852797  4647	424
153852830  4658	424
153852830  4668	423
153852830  4678	425
153852863  4689	424
153852863  4700	423
153852863  4710	424
153852863  4720	425
153852896  4731	424
153852896  4742	424
153852896  4752	424
153852929  4762	424
153852929  4772	423
153852929  4784	423
153852963  4794	424
153852963  4804	425
153852963  4814	423
153852996  4826	425
153852996  4836	424
153852996  4846	424
153853029  4856	424
153853029  4868	425
153853029  4878	425
153853029  4888	425
153853062  4898	425
153853062  4910	425
153853062  4920	424
153853095  4930	424
153853095  4940	425
153853095  4951	425
153853161  4962	424
153853161  4972	425
153853161  4982	425
153853194  4993	425
153853194  5004	424
153853194  5014	425
153853228  5024	425
153853228  5035	425
153853228  5046	425
153853228  5056	426
153853260  5066	426
153853260  5076	425
153853260  5088	426
153853294  5098	426
153853294  5108	425
153853294  5118	426
153853327  5129	426
153853327  5140	425
153853327  5150	426
153853360  5160	426
153853360  5171	425
153853360  5182	425
153853393  5192	425
153853393  5202	425
153853393  5213	426
153853393  5224	426
153853426  5234	426
153853426  5244	426
153853426  5255	426
153853459  5266	425
153853459  5276	427
153853459  5286	426
153853492  5297	426
153853492  5307	425
153853492  5318	426
153853525  5328	427
153853525  5339	425
153853525  5349	426
153853558  5360	426
153853558  5370	427
153853558  5381	426
153853558  5391	425
153853592  5402	425
153853592  5412	427
153853592  5423	425
153853625  5433	426
153853625  5443	426
153853625  5454	426
153853658  5465	427
153853658  5475	426
153853658  5485	425
153853691  5496	425
153853691  5507	426
153853691  5517	426
153853724  5527	425
153853724  5538	425
153853724  5549	426
153853724  5559	425
153853757  5569	426
153853757  5580	426
153853757  5591	426
153853790  5601	427
153853790  5611	428
153853790  5621	425
153853823  5633	427
153853823  5643	426
153853823  5653	426
153853857  5663	427
153853857  5675	427
153853857  5685	426
153853890  5695	427
153853890  5705	425
153853890  5716	426
153853890  5727	425
153853923  5737	425
153853923  5747	426
153853923  5758	425
153853956  5769	425
153853956  5779	425
153853956  5789	426
153853989  5799	425
153853989  5811	426
153853989  5821	426
153854022  5831	426
153854022  5841	426
153854022  5853	426
153854055  5863	426
153854055  5873	426
153854055  5883	426
153854055  5895	425
153854088  5905	426
153854088  5915	426
153854088  5925	426
153854121  5937	425
153854121  5947	425
153854121  5957	427
153854155  5967	426
153854155  5978	426
153854155  5989	426
153854188  5999	427
153854188  6009	427
153854188  6020	427
153854221  6031	426
153854221  6041	427
153854221  6051	428
153854221  6062	427
153854254  6073	425
153854254  6083	425
153854254  6093	426
153854287  6104	427
153854287  6115	427
153854287  6125	427
153854320  6135	426
153854320  6146	425
153854320  6156	426
153854353  6167	426
153854353  6177	426
153854353  6188	426
153854387  6198	426
153854387  6209	425
153854387  6219	426
153854387  6230	425
153854420  6240	426
153854420  6251	425
153854420  6261	426
153854453  6272	426
153854453  6282	426
153854453  6292	427
153854486  6303	425
153854486  6313	426
153854486  6324	426
153854519  6334	426
153854519  6345	426
153854519  6355	426
153854552  6366	427
153854552  6376	427
153854552  6387	426
153854552  6397	426
153854585  6408	426
153854585  6418	426
153854585  6429	426
153854618  6439	426
153854618  6450	427
153854618  6460	427
153854685  6470	426
153854685  6481	425
153854685  6492	427
153854718  6502	427
153854718  6512	427
153854718  6523	426
153854751  6534	425
153854751  6544	425
153854751  6554	425
153854751  6565	426
153854784  6576	426
153854784  6586	426
153854784  6596	426
153854817  6607	426
153854817  6618	426
153854817  6628	426
153854850  6638	426
153854850  6648	425
153854850  6660	427
153854883  6670	426
153854883  6680	426
153854883  6690	427
153854917  6702	426
153854917  6712	427
153854917  6722	427
153854917  6732	427
153854949  6744	426
153854949  6754	427
153854949  6764	427
153854983  6774	427
153854983  6786	428
153854983  6796	427
153855016  6806	427
153855016  6816	428
153855016  6827	427
153855049  6838	427
153855049  6848	427
153855049  6858	428
153855082  6868	427
153855082  6880	428
153855082  6890	427
153855082  6900	427
153855115  6910	428
153855115  6922	429
153855115  6932	428
153855148  6942	428
153855148  6952	428
153855148  6963	427
153855181  6974	428
153855181  6984	428
153855181  6994	427
153855214  7005	427
153855214  7016	427
153855214  7026	428
153855247  7036	428
153855247  7047	427
153855247  7058	428
153855247  7068	428
153855281  7078	428
153855281  7089	428
153855281  7100	428
153855314  7110	428
153855314  7120	428
153855314  7131	427
153855348  7141	428
153855348  7152	427
153855348  7162	428
153855380  7173	428
153855380  7183	427
153855380  7194	427
153855413  7204	427
153855413  7215	428
153855413  7225	426
153855413  7236	428
153855446  7246	428
153855446  7257	428
153855446  7267	427
153855480  7278	428
153855480  7288	428
153855480  7299	428
153855513  7309	428
153855513  7319	428
153855513  7330	429
153855546  7341	428
153855546  7351	428
153855546  7361	428
153855579  7372	428
153855579  7383	428
153855579  7393	428
153855579  7403	428
153855612  7414	428
153855612  7425	428
153855612  7435	427
153855645  7445	428
153855645  7456	426
153855645  7467	427
153855678  7477	428
153855678  7487	427
153855678  7497	428
153855711  7508	428
153855711  7519	427
153855711  7529	428
153855744  7539	427
153855744  7550	427
153855744  7561	426
153855744  7571	427
153855777  7581	427
153855777  7592	427
153855777  7603	427
153855811  7613	427
153855811  7623	427
153855811  7634	426
153855844  7645	427
153855844  7655	427
153855844  7665	427
153855877  7675	427
153855877  7687	426
153855877  7697	427
153855910  7707	427
153855910  7717	427
153855910  7729	426
153855910  7739	427
153855943  7749	426
153855943  7759	427
153855943  7771	427
153855976  7781	427
153855976  7791	428
153855976  7801	428
153856009  7813	428
153856009  7823	428
153856009  7833	429
153856042  7843	429
153856042  7854	428
153856042  7865	428
153856076  7875	429
153856076  7885	430
153856076  7896	428
153856076  7907	429
153856109  7917	429
153856109  7927	429
153856109  7938	429
153856142  7949	428
153856142  7959	429
153856142  7969	430
153856208  7980	429
153856208  7990	429
153856208  8001	429
153856241  8011	430
153856241  8022	429
153856241  8032	429
153856275  8043	430
153856275  8053	429
153856275  8064	429
153856275  8074	429
153856307  8085	429
153856307  8095	429
153856307  8105	429
153856341  8116	429
153856341  8127	429
153856341  8137	429
153856374  8147	430
153856374  8158	428
153856374  8168	429
153856407  8179	429
153856407  8189	430
153856407  8200	430
153856440  8210	428
153856440  8221	429
153856440  8231	429
153856440  8242	428
153856473  8252	428
153856473  8263	428
153856473  8273	428
153856506  8284	429
153856506  8294	428
153856506  8305	428
153856539  8315	429
153856539  8326	429
153856539  8336	428
153856572  8346	428
153856572  8357	428
153856572  8368	429
153856606  8378	429
153856606  8388	429
153856606  8399	429
153856606  8410	428
153856639  8420	429
153856639  8430	428
153856639  8441	427
153856672  8452	428
153856672  8462	429
153856672  8472	429
153856705  8483	428
153856705  8494	428
153856705  8504	429
153856738  8514	428
153856738  8524	429
153856738  8536	428
153856771  8546	429
153856771  8556	428
153856771  8566	429
153856771  8578	429
153856804  8588	428
153856804  8598	430
153856804  8608	429
153856837  8620	429
153856837  8630	428
153856837  8640	429
153856870  8650	429
153856870  8660	428
153856870  8672	428
153856903  8682	429
153856903  8692	429
153856903  8702	428
153856937  8714	429
153856937  8724	429
153856937  8734	429
153856937  8744	431
153856970  8756	431
153856970  8766	431
153856970  8776	431
153857003  8786	429
153857003  8798	429
153857003  8808	431
153857036  8818	430
153857036  8828	430
153857036  8839	430
153857069  8850	430
153857069  8860	430
153857069  8870	429
153857102  8881	429
153857102  8892	429
153857102  8902	429
153857102  8912	429
153857135  8923	429
153857135  8934	428
153857135  8944	429
153857168  8954	430
153857168  8965	427
153857168  8976	428
153857201  8986	428
153857201  8996	428
153857201  9007	428
153857235  9017	428
153857235  9028	429
153857235  9038	428
153857268  9049	429
153857268  9059	429
153857268  9070	430
153857268  9080	430
153857301  9091	430
153857301  9101	429
153857301  9112	430
153857334  9122	430
153857334  9133	430
153857334  9143	430
153857367  9154	430
153857367  9164	430
153857367  9175	430
153857400  9185	430
153857400  9195	430
153857400  9206	430
153857433  9217	430
153857433  9227	430
153857433  9237	431
153857433  9248	430
153857466  9259	430
153857466  9269	430
153857466  9279	430
153857500  9290	430
153857500  9300	430
153857500  9311	430
153857533  9321	430
153857533  9332	430
153857533  9342	430
153857566  9353	430
153857566  9363	430
153857566  9373	430
153857599  9384	429
153857599  9395	429
153857599  9405	429
153857599  9415	430
153857632  9426	429
153857632  9437	430
153857632  9447	429
153857665  9457	430
153857665  9468	430
153857665  9479	430
153857731  9489	430
153857731  9499	431
153857731  9509	431
153857764  9521	429
153857764  9531	429
153857764  9541	429
153857798  9551	428
153857798  9563	429
153857798  9573	430
153857798  9583	428
153857831  9593	428
153857831  9605	428
153857831  9615	430
153857864  9625	430
153857864  9635	429
153857864  9647	429
153857897  9657	430
153857897  9667	429
153857897  9677	430
153857930  9688	430
153857930  9699	430
153857930  9709	431
153857963  9719	430
153857963  9730	430
153857963  9741	431
153857963  9751	431
153857996  9761	430
153857996  9772	430
153857996  9783	430
153858029  9793	430
153858029  9803	430
153858029  9814	430
153858063  9825	430
153858063  9835	430
153858063  9845	431
153858096  9856	431
153858096  9866	430
153858096  9877	431
153858129  9887	431
153858129  9897	430
153858129  9908	429
153858129  9919	430
153858162  9929	431
153858162  9939	431
153858162  9950	430
153858195  9961	430
153858195  9971	431
153858195  9981	431
153858228  9992	430
153858228  10003	430
153858228  10013	430
153858261  10023	430
153858261  10034	430
153858261  10045	430
153858294  10055	429
153858294  10065	429
153858294  10076	430
153858327  10087	430
153858327  10097	429
153858327  10107	430
153858361  10119	428
153858361  10129	429
153858361  10139	430
153858394  10149	429
153858394  10161	431
153858394  10171	430
153858427  10181	430
153858427  10192	431
153858427  10203	429
153858460  10213	429
153858460  10223	430
153858493  10234	430
153858493  10245	429
153858493  10255	430
153858526  10266	431
153858526  10276	429
153858526  10287	430
153858559  10297	430
153858559  10308	430
153858559  10318	430
153858592  10329	429
153858592  10339	430
153858592  10350	430
153858626  10360	430
153858626  10371	431
153858626  10382	431
153858659  10392	430
153858659  10402	430
153858659  10413	431
153858692  10424	431

