154423375  10	422
154423375  20	422
154423409  30	423
154423409  40	421
154423409  51	422
154423409  61	422
154423444  72	422
154423444  82	422
154423444  93	422
154423475  103	422
154423475  113	423
154423475  123	422
154423508  135	423
154423508  145	421
154423508  155	422
154423541  165	422
154423541  176	422
154423541  187	422
154423574  197	421
154423574  207	421
154423574  218	422
154423608  228	422
154423608  238	421
154423608  249	422
154423641  260	422
154423641  270	421
154423641  280	421
154423674  290	422
154423674  302	422
154423674  312	421
154423674  322	421
154423707  332	421
154423707  343	421
154423707  354	421
154423740  364	421
154423740  374	421
154423740  385	421
154423773  395	421
154423773  406	422
154423773  416	422
154423806  427	422
154423806  437	421
154423806  447	422
154423839  457	422
154423839  468	422
154423839  479	422
154423873  489	423
154423873  499	422
154423873  509	422
154423873  521	422
154423906  531	422
154423906  541	421
154423906  551	423
154423939  562	422
154423939  573	422
154423939  583	423
154423972  593	422
154423972  604	423
154423972  614	421
154424005  624	422
154424005  635	422
154424005  646	422
154424038  656	422
154424038  666	422
154424038  676	422
154424071  688	422
154424071  698	422
154424071  708	423
154424104  718	422
154424104  729	422
154424104  740	422
154424104  750	423
154424138  760	423
154424138  771	421
154424138  781	423
154424171  792	423
154424171  802	423
154424171  813	423
154424204  823	423
154424204  833	421
154424204  843	422
154424237  855	422
154424237  865	423
154424237  875	423
154424270  885	422
154424270  896	422
154424270  907	423
154424303  917	421
154424303  927	422
154424303  937	422
154424336  948	422
154424336  959	423
154424336  969	422
154424369  979	423
154424369  990	424
154424403  1000	424
154424403  1011	424
154424403  1021	424
154424403  1032	423
154424436  1042	424
154424436  1052	423
154424436  1063	422
154424469  1074	423
154424469  1084	423
154424469  1094	422
154424502  1105	423
154424502  1116	422
154424502  1126	422
154424535  1136	423
154424535  1147	423
154424535  1158	423
154424568  1168	423
154424568  1178	423
154424568  1189	422
154424568  1200	423
154424601  1210	423
154424601  1220	424
154424601  1230	423
154424634  1242	423
154424634  1252	422
154424634  1262	422
154424668  1272	423
154424668  1284	423
154424668  1294	422
154424702  1304	422
154424702  1314	423
154424702  1326	423
154424734  1336	422
154424734  1346	422
154424734  1356	422
154424734  1367	422
154424767  1378	422
154424767  1388	422
154424767  1398	423
154424800  1409	421
154424800  1420	422
154424800  1430	422
154424833  1440	422
154424833  1451	422
154424833  1462	421
154424867  1472	421
154424867  1482	421
154424867  1492	421
154424900  1503	421
154424900  1514	421
154424900  1524	421
154424900  1534	422
154424934  1545	422
154424934  1556	422
154424934  1566	423
154424966  1576	422
154424966  1587	423
154424966  1598	423
154424999  1608	422
154424999  1618	423
154424999  1629	423
154425032  1640	423
154425032  1650	423
154425032  1660	424
154425065  1671	423
154425065  1681	423
154425065  1692	424
154425065  1702	423
154425099  1713	424
154425099  1723	423
154425099  1734	423
154425132  1744	424
154425132  1755	423
154425132  1765	424
154425165  1776	423
154425165  1786	423
154425165  1797	423
154425198  1807	423
154425198  1817	423
154425198  1828	423
154425231  1839	423
154425231  1849	422
154425231  1859	423
154425231  1870	422
154425264  1881	423
154425264  1891	423
154425264  1901	423
154425297  1912	423
154425297  1923	423
154425297  1933	423
154425330  1943	423
154425330  1953	424
154425330  1965	423
154425365  1975	423
154425365  1985	424
154425365  1995	424
154425398  2007	424
154425398  2017	423
154425398  2027	423
154425398  2037	424
154425432  2049	422
154425432  2059	423
154425432  2069	422
154425465  2079	423
154425465  2091	423
154425465  2101	423
154425498  2111	423
154425498  2121	423
154425498  2131	423
154425531  2143	422
154425531  2153	422
154425531  2163	422
154425564  2173	423
154425564  2185	423
154425564  2195	423
154425564  2205	423
154425630  2215	423
154425630  2227	422
154425630  2237	423
154425664  2247	422
154425664  2257	423
154425664  2269	423
154425698  2279	422
154425698  2289	422
154425698  2299	423
154425730  2310	424
154425730  2321	424
154425730  2331	423
154425763  2341	422
154425763  2352	423
154425763  2363	423
154425763  2373	422
154425796  2383	424
154425796  2394	422
154425796  2405	423
154425829  2415	425
154425829  2425	425
154425829  2436	424
154425863  2446	423
154425863  2457	423
154425863  2467	423
154425896  2478	424
154425896  2488	424
154425896  2499	425
154425929  2509	423
154425929  2520	423
154425929  2530	423
154425929  2541	422
154425962  2551	423
154425962  2562	423
154425962  2572	424
154425995  2583	423
154425995  2593	422
154425995  2604	423
154426028  2614	423
154426028  2624	423
154426028  2635	423
154426061  2646	422
154426061  2656	423
154426061  2666	423
154426094  2677	423
154426094  2688	423
154426094  2698	423
154426094  2708	424
154426127  2719	424
154426127  2729	425
154426127  2740	424
154426160  2750	424
154426160  2760	424
154426160  2771	424
154426194  2782	424
154426194  2792	424
154426194  2802	423
154426227  2813	423
154426227  2824	423
154426227  2834	424
154426260  2844	424
154426260  2855	424
154426260  2866	423
154426260  2876	424
154426293  2886	424
154426293  2897	423
154426293  2908	424
154426326  2918	423
154426326  2928	424
154426326  2938	423
154426359  2950	424
154426359  2960	424
154426359  2970	423
154426393  2980	423
154426393  2992	423
154426393  3002	422
154426426  3012	423
154426426  3022	424
154426426  3034	424
154426426  3044	423
154426459  3054	424
154426459  3064	424
154426459  3076	424
154426492  3086	424
154426492  3096	424
154426492  3106	424
154426525  3117	424
154426525  3128	424
154426525  3138	424
154426558  3148	423
154426558  3159	424
154426558  3170	424
154426591  3180	424
154426591  3190	424
154426591  3201	424
154426591  3212	423
154426624  3222	425
154426624  3232	424
154426624  3243	425
154426657  3253	425
154426657  3264	423
154426657  3274	425
154426691  3284	425
154426691  3295	424
154426691  3306	424
154426724  3316	424
154426724  3326	424
154426724  3337	424
154426757  3348	424
154426757  3358	425
154426757  3368	425
154426757  3379	425
154426790  3390	424
154426790  3400	423
154426790  3410	424
154426823  3421	424
154426823  3431	423
154426823  3442	424
154426856  3452	424
154426856  3463	423
154426856  3473	424
154426889  3484	424
154426889  3494	424
154426889  3505	423
154426922  3515	424
154426922  3526	423
154426922  3536	424
154426922  3547	423
154426955  3557	423
154426955  3568	423
154426955  3578	423
154426988  3589	424
154426988  3599	423
154426988  3609	424
154427021  3620	424
154427021  3631	424
154427021  3641	425
154427055  3651	425
154427055  3662	425
154427055  3673	424
154427088  3683	424
154427088  3693	424
154427088  3704	425
154427088  3715	425
154427154  3725	424
154427154  3735	425
154427154  3745	424
154427187  3757	424
154427187  3767	425
154427187  3777	425
154427220  3787	424
154427220  3799	423
154427220  3809	425
154427253  3819	425
154427253  3829	425
154427253  3841	425
154427286  3851	425
154427286  3861	426
154427286  3871	426
154427286  3883	425
154427319  3893	425
154427319  3903	425
154427319  3913	425
154427353  3923	425
154427353  3935	425
154427353  3945	424
154427386  3955	424
154427386  3965	425
154427386  3977	425
154427419  3987	426
154427419  3997	425
154427419  4007	425
154427452  4019	424
154427452  4029	425
154427452  4039	425
154427452  4049	424
154427485  4061	424
154427485  4071	425
154427485  4081	425
154427518  4091	424
154427518  4102	425
154427518  4113	424
154427551  4123	424
154427551  4133	424
154427551  4144	424
154427584  4155	425
154427584  4165	425
154427584  4175	424
154427618  4186	425
154427618  4197	424
154427618  4207	424
154427618  4217	424
154427651  4228	423
154427651  4239	424
154427651  4249	423
154427684  4259	424
154427684  4270	424
154427684  4280	424
154427718  4291	425
154427718  4301	425
154427718  4312	425
154427750  4322	425
154427750  4333	425
154427750  4343	425
154427783  4354	425
154427783  4364	424
154427783  4375	425
154427783  4385	425
154427816  4396	425
154427816  4406	425
154427816  4417	424
154427849  4427	425
154427849  4438	425
154427849  4448	425
154427883  4458	424
154427883  4469	424
154427883  4480	424
154427916  4490	425
154427916  4500	425
154427916  4511	425
154427949  4521	425
154427949  4532	424
154427949  4542	422
154427949  4553	424
154427982  4563	425
154427982  4574	425
154427982  4584	425
154428015  4594	425
154428015  4605	424
154428015  4616	424
154428048  4626	423
154428048  4636	424
154428048  4647	424
154428081  4658	425
154428081  4668	425
154428081  4678	424
154428114  4689	425
154428114  4700	424
154428114  4710	425
154428114  4720	425
154428147  4731	425
154428147  4742	426
154428147  4752	425
154428181  4762	424
154428181  4772	424
154428181  4784	425
154428214  4794	425
154428214  4804	425
154428214  4814	425
154428247  4826	425
154428247  4836	425
154428247  4846	425
154428280  4856	425
154428280  4868	426
154428280  4878	426
154428280  4888	426
154428313  4898	425
154428313  4910	425
154428313  4920	424
154428346  4930	425
154428346  4940	425
154428346  4951	425
154428379  4962	425
154428379  4972	425
154428379  4982	424
154428412  4993	425
154428412  5004	425
154428412  5014	425
154428445  5024	425
154428445  5035	426
154428445  5046	426
154428445  5056	426
154428478  5066	425
154428478  5076	426
154428478  5088	426
154428512  5098	425
154428512  5108	426
154428512  5118	426
154428545  5129	426
154428545  5140	426
154428545  5150	425
154428578  5160	426
154428578  5171	426
154428578  5182	425
154428644  5192	425
154428644  5202	425
154428644  5213	425
154428644  5224	425
154428644  5234	425
154428644  5244	426
154428644  5255	426
154428679  5266	426
154428679  5276	425
154428679  5286	424
154428744  5297	425
154428744  5307	425
154428744  5318	425
154428777  5328	426
154428777  5339	426
154428777  5349	426
154428810  5360	425
154428810  5370	425
154428810  5381	426
154428810  5391	425
154428843  5402	425
154428843  5412	426
154428843  5423	426
154428881  5433	426
154428881  5443	425
154428881  5454	426
154428914  5465	426
154428914  5475	426
154428914  5485	426
154428947  5496	427
154428947  5507	426
154428947  5517	427
154428981  5527	426
154428981  5538	426
154428981  5549	426
154428981  5559	426
154429014  5569	425
154429014  5580	425
154429014  5591	425
154429046  5601	426
154429046  5611	426
154429046  5621	425
154429080  5633	426
154429080  5643	426
154429080  5653	426
154429113  5663	426
154429113  5675	426
154429113  5685	426
154429146  5695	425
154429146  5705	426
154429146  5716	427
154429146  5727	426
154429179  5737	426
154429179  5747	427
154429179  5758	427
154429212  5769	426
154429212  5779	426
154429212  5789	427
154429246  5799	427
154429246  5811	427
154429246  5821	427
154429279  5831	428
154429279  5841	427
154429279  5853	428
154429312  5863	428
154429312  5873	428
154429312  5883	427
154429312  5895	427
154429345  5905	427
154429345  5915	427
154429345  5925	426
154429378  5937	428
154429378  5947	427
154429378  5957	427
154429411  5967	427
154429411  5978	427
154429411  5989	427
154429445  5999	428
154429445  6009	428
154429445  6020	428
154429477  6031	428
154429477  6041	428
154429477  6051	428
154429477  6062	427
154429511  6073	427
154429511  6083	427
154429511  6093	428
154429544  6104	427
154429544  6115	427
154429544  6125	427
154429577  6135	427
154429577  6146	427
154429577  6156	427
154429610  6167	428
154429610  6177	427
154429610  6188	427
154429643  6198	427
154429643  6209	428
154429643  6219	427
154429643  6230	427
154429676  6240	427
154429676  6251	427
154429676  6261	427
154429709  6272	428
154429709  6282	427
154429709  6292	426
154429742  6303	427
154429742  6313	427
154429742  6324	427
154429776  6334	427
154429776  6345	427
154429776  6355	427
154429809  6366	427
154429809  6376	427
154429809  6387	427
154429809  6397	427
154429842  6408	426
154429842  6418	426
154429842  6429	427
154429875  6439	427
154429875  6450	427
154429875  6460	427
154429908  6470	427
154429908  6481	427
154429908  6492	427
154429941  6502	427
154429941  6512	427
154429941  6523	427
154429975  6534	427
154429975  6544	427
154429975  6554	427
154429975  6565	427
154430009  6576	427
154430009  6586	427
154430009  6596	427
154430041  6607	427
154430041  6618	426
154430041  6628	427
154430074  6638	427
154430074  6648	427
154430074  6660	427
154430109  6670	426
154430109  6680	426
154430109  6690	427
154430142  6702	426
154430142  6712	426
154430142  6722	426
154430142  6732	426
154430176  6744	427
154430176  6754	427
154430176  6764	426
154430209  6774	425
154430209  6786	426
154430209  6796	426
154430242  6806	426
154430242  6816	426
154430242  6827	426
154430275  6838	427
154430275  6848	426
154430275  6858	427
154430308  6868	427
154430308  6880	427
154430308  6890	427
154430308  6900	427
154430342  6910	426
154430342  6922	426
154430342  6932	427
154430375  6942	426
154430375  6952	426
154430375  6963	427
154430408  6974	427
154430408  6984	427
154430408  6994	427
154430441  7005	427
154430441  7016	427
154430441  7026	426
154430474  7036	426
154430474  7047	428
154430474  7058	427
154430474  7068	427
154430507  7078	427
154430507  7089	427
154430507  7100	427
154430540  7110	427
154430540  7120	427
154430540  7131	427
154430607  7141	427
154430607  7152	426
154430607  7162	428
154430640  7173	428
154430640  7183	428
154430640  7194	427
154430674  7204	427
154430674  7215	427
154430674  7225	427
154430674  7236	427
154430708  7246	426
154430708  7257	426
154430708  7267	426
154430740  7278	427
154430740  7288	427
154430740  7299	427
154430773  7309	426
154430773  7319	427
154430773  7330	427
154430806  7341	426
154430806  7351	427
154430806  7361	427
154430839  7372	426
154430839  7383	426
154430839  7393	427
154430839  7403	427
154430872  7414	427
154430872  7425	427
154430872  7435	427
154430906  7445	426
154430906  7456	427
154430906  7467	427
154430939  7477	427
154430939  7487	427
154430939  7497	426
154430972  7508	426
154430972  7519	426
154430972  7529	426
154431005  7539	426
154431005  7550	426
154431005  7561	426
154431005  7571	425
154431038  7581	427
154431038  7592	427
154431038  7603	425
154431071  7613	426
154431071  7623	426
154431071  7634	426
154431104  7645	426
154431104  7655	426
154431104  7665	425
154431137  7675	425
154431137  7687	426
154431137  7697	426
154431170  7707	426
154431170  7717	427
154431170  7729	427
154431170  7739	428
154431204  7749	427
154431204  7759	427
154431204  7771	427
154431237  7781	427
154431237  7791	426
154431237  7801	426
154431270  7813	427
154431270  7823	427
154431270  7833	425
154431303  7843	426
154431303  7854	427
154431303  7865	426
154431336  7875	426
154431336  7885	426
154431336  7896	426
154431336  7907	426
154431369  7917	427
154431369  7927	427
154431369  7938	427
154431402  7949	427
154431402  7959	428
154431402  7969	428
154431436  7980	428
154431436  7990	428
154431436  8001	428
154431469  8011	428
154431469  8022	427
154431469  8032	427
154431502  8043	426
154431502  8053	428
154431502  8064	427
154431502  8074	427
154431535  8085	427
154431535  8095	426
154431535  8105	427
154431568  8116	427
154431568  8127	427
154431568  8137	427
154431601  8147	427
154431601  8158	426
154431601  8168	427
154431634  8179	427
154431634  8189	428
154431634  8200	428
154431668  8210	428
154431668  8221	427
154431668  8231	428
154431668  8242	428
154431701  8252	427
154431701  8263	427
154431701  8273	427
154431734  8284	428
154431734  8294	427
154431734  8305	428
154431767  8315	427
154431767  8326	428
154431767  8336	428
154431800  8346	427
154431800  8357	426
154431800  8368	427
154431834  8378	428
154431834  8388	427
154431834  8399	428
154431834  8410	429
154431867  8420	428
154431867  8430	428
154431867  8441	428
154431900  8452	427
154431900  8462	427
154431900  8472	427
154431933  8483	428
154431933  8494	427
154431933  8504	427
154431966  8514	427
154431966  8524	428
154431966  8536	428
154431999  8546	428
154431999  8556	427
154431999  8566	428
154431999  8578	427
154432032  8588	427
154432032  8598	427
154432032  8608	427
154432065  8620	427
154432065  8630	427
154432065  8640	427
154432099  8650	427
154432099  8660	427
154432099  8672	427
154432132  8682	427
154432132  8692	427
154432132  8702	427
154432198  8714	427
154432198  8724	427
154432198  8734	427
154432198  8744	426
154432231  8756	427
154432231  8766	427
154432231  8776	428
154432264  8786	427
154432264  8798	428
154432264  8808	428
154432298  8818	427
154432298  8828	427
154432298  8839	427
154432331  8850	426
154432331  8860	427
154432331  8870	428
154432364  8881	427
154432364  8892	427
154432364  8902	427
154432364  8912	427
154432397  8923	427
154432397  8934	427
154432397  8944	428
154432430  8954	428
154432430  8965	427
154432430  8976	427
154432463  8986	428
154432463  8996	428
154432463  9007	427
154432497  9017	427
154432497  9028	427
154432497  9038	427
154432530  9049	427
154432530  9059	427
154432530  9070	428
154432530  9080	427
154432563  9091	427
154432563  9101	429
154432563  9112	427
154432596  9122	428
154432596  9133	428
154432596  9143	427
154432629  9154	427
154432629  9164	427
154432629  9175	427
154432662  9185	427
154432662  9195	427
154432662  9206	427
154432696  9217	427
154432696  9227	426
154432696  9237	427
154432696  9248	427
154432729  9259	427
154432729  9269	427
154432729  9279	426
154432762  9290	426
154432762  9300	427
154432762  9311	427
154432795  9321	427
154432795  9332	428
154432795  9342	428
154432828  9353	427
154432828  9363	427
154432828  9373	428
154432861  9384	428
154432861  9395	427
154432861  9405	427
154432861  9415	427
154432895  9426	427
154432895  9437	427
154432895  9447	427
154432928  9457	427
154432928  9468	428
154432928  9479	427
154432961  9489	428
154432961  9499	427
154432961  9509	427
154432994  9521	428
154432994  9531	428
154432994  9541	427
154433027  9551	428
154433027  9563	426
154433027  9573	426
154433027  9583	425
154433060  9593	427
154433060  9605	427
154433060  9615	426
154433093  9625	427
154433093  9635	426
154433093  9647	426
154433127  9657	426
154433127  9667	427
154433127  9677	426
154433160  9688	427
154433160  9699	426
154433160  9709	426
154433193  9719	426
154433193  9730	427
154433193  9741	426
154433193  9751	426
154433226  9761	427
154433226  9772	427
154433226  9783	428
154433259  9793	428
154433259  9803	427
154433259  9814	426
154433293  9825	426
154433293  9835	427
154433293  9845	426
154433326  9856	426
154433326  9866	426
154433326  9877	426
154433359  9887	427
154433359  9897	427
154433359  9908	427
154433359  9919	426
154433392  9929	427
154433392  9939	426
154433392  9950	426
154433425  9961	426
154433425  9971	426
154433425  9981	426
154433458  9992	426
154433458  10003	426
154433458  10013	426
154433491  10023	427
154433491  10034	426
154433491  10045	427
154433524  10055	427
154433524  10065	426
154433524  10076	426
154433557  10087	427
154433557  10097	426
154433557  10107	427
154433590  10119	426
154433590  10129	427
154433590  10139	427
154433624  10149	427
154433624  10161	428
154433624  10171	427
154433657  10181	426
154433657  10192	426
154433657  10203	427
154433690  10213	427
154433690  10223	426
154433723  10234	426
154433723  10245	425
154433723  10255	426
154433756  10266	427
154433756  10276	426
154433756  10287	428
154433789  10297	427
154433789  10308	427
154433789  10318	427
154433822  10329	426
154433822  10339	427
154433822  10350	426
154433856  10360	427
154433856  10371	426
154433856  10382	426
154433889  10392	427
154433889  10402	427
154433889  10413	427
154433922  10424	427

