164513108  0	333
164513108  10	332
164513108  20	332
164513141  30	333
164513141  40	332
164513141  51	333
164513141  61	333
164513174  72	333
164513174  82	334
164513174  93	332
164513208  103	333
164513208  113	333
164513208  123	332
164513241  135	333
164513241  145	333
164513241  155	333
164513274  165	333
164513274  176	333
164513274  187	333
164513307  197	333
164513307  207	334
164513307  218	333
164513340  228	333
164513340  238	333
164513340  249	334
164513373  260	333
164513373  270	334
164513373  280	334
164513406  290	333
164513406  302	333
164513406  312	332
164513406  322	333
164513439  332	333
164513439  343	333
164513439  354	333
164513473  364	333
164513473  374	333
164513473  385	333
164513506  395	333
164513506  406	333
164513506  416	333
164513539  427	334
164513539  437	334
164513539  447	334
164513572  457	334
164513572  468	334
164513572  479	334
164513605  489	334
164513605  499	335
164513605  509	333
164513605  521	334
164513638  531	334
164513638  541	333
164513638  551	334
164513671  562	333
164513671  573	333
164513671  583	334
164513705  593	334
164513705  604	334
164513705  614	334
164513738  624	334
164513738  635	334
164513738  646	333
164513771  656	334
164513771  666	334
164513771  676	333
164513804  688	334
164513804  698	334
164513804  708	334
164513804  718	335
164513837  729	334
164513837  740	333
164513837  750	334
164513870  760	334
164513870  771	333
164513870  781	334
164513903  792	334
164513903  802	334
164513903  813	333
164513937  823	334
164513937  833	334
164513937  843	334
164513970  855	334
164513970  865	335
164513970  875	333
164514003  885	333
164514003  896	333
164514003  907	334
164514036  917	333
164514036  927	333
164514036  937	332
164514069  948	332
164514069  959	331
164514069  969	332
164514069  979	333
164514102  990	332
164514135  1000	333
164514135  1011	332
164514135  1021	333
164514135  1032	333
164514168  1042	332
164514168  1052	331
164514168  1063	331
164514201  1074	332
164514201  1084	331
164514201  1094	331
164514234  1105	331
164514234  1116	333
164514234  1126	333
164514269  1136	333
164514269  1147	333
164514269  1158	333
164514301  1168	333
164514301  1178	333
164514301  1189	334
164514301  1200	334
164514334  1210	333
164514334  1220	333
164514334  1230	333
164514367  1242	334
164514367  1252	334
164514367  1262	334
164514401  1272	334
164514401  1284	334
164514401  1294	334
164514434  1304	333
164514434  1314	333
164514434  1326	334
164514467  1336	334
164514467  1346	333
164514467  1356	334
164514467  1367	333
164514500  1378	333
164514500  1388	333
164514500  1398	333
164514533  1409	332
164514533  1420	334
164514533  1430	332
164514567  1440	334
164514567  1451	333
164514567  1462	333
164514600  1472	334
164514600  1482	334
164514600  1492	333
164514633  1503	333
164514633  1514	334
164514633  1524	334
164514633  1534	335
164514666  1545	334
164514666  1556	334
164514666  1566	333
164514699  1576	332
164514699  1587	333
164514699  1598	333
164514732  1608	332
164514732  1618	333
164514732  1629	333
164514765  1640	332
164514765  1650	333
164514765  1660	334
164514798  1671	334
164514798  1681	334
164514798  1692	334
164514798  1702	333
164514831  1713	333
164514831  1723	333
164514831  1734	334
164514865  1744	333
164514865  1755	334
164514865  1765	334
164514897  1776	334
164514897  1786	334
164514897  1797	334
164514931  1807	333
164514931  1817	334
164514931  1828	334
164514964  1839	335
164514964  1849	334
164514964  1859	334
164514964  1870	336
164514997  1881	336
164514997  1891	335
164514997  1901	335
164515032  1912	335
164515032  1923	334
164515032  1933	334
164515064  1943	334
164515064  1953	335
164515064  1965	334
164515097  1975	335
164515097  1985	335
164515097  1995	335
164515130  2007	334
164515130  2017	334
164515130  2027	334
164515130  2037	335
164515163  2049	334
164515163  2059	333
164515163  2069	333
164515197  2079	331
164515197  2091	332
164515197  2101	333
164515230  2111	331
164515230  2121	332
164515230  2131	331
164515263  2143	333
164515263  2153	332
164515263  2163	332
164515329  2173	334
164515329  2185	332
164515329  2195	333
164515329  2205	332
164515362  2215	332
164515362  2227	332
164515362  2237	332
164515396  2247	332
164515396  2257	332
164515396  2269	332
164515429  2279	332
164515429  2289	332
164515429  2299	332
164515462  2310	333
164515462  2321	332
164515462  2331	332
164515496  2341	331
164515496  2352	332
164515496  2363	332
164515496  2373	332
164515529  2383	331
164515529  2394	332
164515529  2405	332
164515562  2415	331
164515562  2425	331
164515562  2436	332
164515595  2446	332
164515595  2457	331
164515595  2467	332
164515628  2478	331
164515628  2488	332
164515628  2499	331
164515661  2509	332
164515661  2520	332
164515661  2530	332
164515661  2541	332
164515694  2551	332
164515694  2562	333
164515694  2572	333
164515727  2583	333
164515727  2593	332
164515727  2604	332
164515760  2614	332
164515760  2624	332
164515760  2635	333
164515794  2646	331
164515794  2656	332
164515794  2666	332
164515827  2677	333
164515827  2688	333
164515827  2698	332
164515827  2708	332
164515860  2719	332
164515860  2729	331
164515860  2740	331
164515893  2750	332
164515893  2760	332
164515893  2771	332
164515926  2782	333
164515926  2792	332
164515926  2802	333
164515960  2813	332
164515960  2824	331
164515960  2834	332
164515993  2844	332
164515993  2855	332
164515993  2866	332
164515993  2876	333
164516026  2886	332
164516026  2897	333
164516026  2908	332
164516060  2918	332
164516060  2928	334
164516060  2938	333
164516093  2950	334
164516093  2960	333
164516093  2970	333
164516126  2980	332
164516126  2992	333
164516126  3002	334
164516159  3012	333
164516159  3022	333
164516159  3034	332
164516159  3044	332
164516192  3054	332
164516192  3064	331
164516192  3076	333
164516225  3086	332
164516225  3096	332
164516225  3106	331
164516258  3117	332
164516258  3128	331
164516258  3138	330
164516291  3148	331
164516291  3159	331
164516291  3170	332
164516325  3180	333
164516325  3190	333
164516325  3201	332
164516325  3212	333
164516359  3222	331
164516359  3232	331
164516359  3243	331
164516391  3253	331
164516391  3264	332
164516391  3274	331
164516424  3284	331
164516424  3295	332
164516424  3306	332
164516457  3316	331
164516457  3326	331
164516457  3337	331
164516490  3348	332
164516490  3358	331
164516490  3368	331
164516490  3379	332
164516523  3390	332
164516523  3400	332
164516523  3410	331
164516556  3421	332
164516556  3431	331
164516556  3442	331
164516589  3452	331
164516589  3463	330
164516589  3473	331
164516622  3484	331
164516622  3494	331
164516622  3505	333
164516655  3515	332
164516655  3526	331
164516655  3536	332
164516655  3547	332
164516689  3557	331
164516689  3568	332
164516689  3578	331
164516722  3589	331
164516722  3599	331
164516722  3609	331
164516755  3620	331
164516755  3631	331
164516755  3641	331
164516790  3651	331
164516790  3662	330
164516790  3673	331
164516823  3683	331
164516823  3693	331
164516823  3704	331
164516823  3715	332
164516856  3725	331
164516856  3735	332
164516856  3745	331
164516889  3757	332
164516889  3767	331
164516889  3777	332
164516922  3787	332
164516922  3799	331
164516922  3809	333
164516956  3819	332
164516956  3829	334
164516956  3841	332
164516989  3851	333
164516989  3861	332
164516989  3871	332
164516989  3883	333
164517055  3893	333
164517055  3903	333
164517055  3913	333
164517088  3923	332
164517088  3935	333
164517088  3945	334
164517121  3955	334
164517121  3965	333
164517121  3977	332
164517154  3987	333
164517154  3997	332
164517154  4007	332
164517187  4019	333
164517187  4029	333
164517187  4039	332
164517187  4049	332
164517220  4061	331
164517220  4071	333
164517220  4081	332
164517253  4091	332
164517253  4102	332
164517253  4113	333
164517286  4123	334
164517286  4133	334
164517286  4144	335
164517320  4155	334
164517320  4165	334
164517320  4175	333
164517353  4186	332
164517353  4197	333
164517353  4207	332
164517353  4217	333
164517386  4228	333
164517386  4239	333
164517386  4249	334
164517419  4259	333
164517419  4270	334
164517419  4280	333
164517452  4291	333
164517452  4301	333
164517452  4312	332
164517485  4322	332
164517485  4333	332
164517485  4343	333
164517518  4354	333
164517518  4364	334
164517518  4375	333
164517518  4385	333
164517551  4396	333
164517551  4406	333
164517551  4417	332
164517584  4427	331
164517584  4438	331
164517584  4448	332
164517617  4458	333
164517617  4469	333
164517617  4480	333
164517650  4490	333
164517650  4500	333
164517650  4511	332
164517684  4521	333
164517684  4532	332
164517684  4542	332
164517684  4553	333
164517717  4563	333
164517717  4574	334
164517717  4584	334
164517750  4594	333
164517750  4605	333
164517750  4616	332
164517783  4626	333
164517783  4636	333
164517783  4647	333
164517816  4658	333
164517816  4668	334
164517816  4678	334
164517849  4689	332
164517849  4700	334
164517849  4710	333
164517849  4720	333
164517882  4731	333
164517882  4742	332
164517882  4752	331
164517915  4762	332
164517915  4772	333
164517915  4784	333
164517948  4794	333
164517948  4804	334
164517948  4814	332
164517981  4826	333
164517981  4836	332
164517981  4846	332
164518015  4856	333
164518015  4868	332
164518015  4878	332
164518015  4888	334
164518048  4898	334
164518048  4910	333
164518048  4920	333
164518081  4930	331
164518081  4940	333
164518081  4951	332
164518114  4962	332
164518114  4972	333
164518114  4982	333
164518148  4993	333
164518148  5004	333
164518148  5014	334
164518181  5024	333
164518181  5035	333
164518181  5046	332
164518181  5056	333
164518214  5066	333
164518214  5076	333
164518214  5088	332
164518248  5098	332
164518248  5108	333
164518248  5118	332
164518281  5129	332
164518281  5140	332
164518281  5150	332
164518313  5160	332
164518313  5171	331
164518313  5182	331
164518347  5192	332
164518347  5202	333
164518347  5213	333
164518347  5224	333
164518380  5234	334
164518380  5244	332
164518380  5255	333
164518413  5266	333
164518413  5276	333
164518413  5286	333
164518446  5297	333
164518446  5307	333
164518446  5318	332
164518479  5328	332
164518479  5339	333
164518479  5349	331
164518545  5360	331
164518545  5370	331
164518545  5381	333
164518545  5391	333
164518578  5402	332
164518578  5412	333
164518578  5423	332
164518611  5433	333
164518611  5443	332
164518611  5454	333
164518644  5465	332
164518644  5475	332
164518644  5485	333
164518678  5496	333
164518678  5507	333
164518678  5517	333
164518711  5527	333
164518711  5538	332
164518711  5549	332
164518711  5559	333
164518744  5569	333
164518744  5580	333
164518744  5591	333
164518777  5601	333
164518777  5611	333
164518777  5621	333
164518810  5633	333
164518810  5643	333
164518810  5653	333
164518843  5663	332
164518843  5675	333
164518843  5685	333
164518876  5695	332
164518876  5705	332
164518876  5716	333
164518876  5727	332
164518909  5737	333
164518909  5747	333
164518909  5758	333
164518943  5769	333
164518943  5779	332
164518943  5789	333
164518976  5799	333
164518976  5811	333
164518976  5821	333
164519014  5831	333
164519014  5841	332
164519014  5853	332
164519044  5863	333
164519044  5873	333
164519044  5883	334
164519044  5895	334
164519076  5905	334
164519076  5915	334
164519076  5925	333
164519109  5937	333
164519109  5947	333
164519109  5957	333
164519143  5967	333
164519143  5978	332
164519143  5989	333
164519175  5999	333
164519175  6009	333
164519175  6020	334
164519209  6031	333
164519209  6041	333
164519209  6051	333
164519209  6062	333
164519242  6073	333
164519242  6083	333
164519242  6093	333
164519275  6104	334
164519275  6115	334
164519275  6125	333
164519309  6135	333
164519309  6146	333
164519309  6156	333
164519341  6167	332
164519341  6177	333
164519341  6188	333
164519375  6198	333
164519375  6209	333
164519375  6219	333
164519375  6230	333
164519408  6240	332
164519408  6251	332
164519408  6261	332
164519441  6272	333
164519441  6282	333
164519441  6292	332
164519474  6303	333
164519474  6313	333
164519474  6324	331
164519507  6334	333
164519507  6345	332
164519507  6355	333
164519541  6366	332
164519541  6376	333
164519541  6387	333
164519541  6397	332
164519574  6408	332
164519574  6418	333
164519574  6429	334
164519607  6439	333
164519607  6450	333
164519607  6460	333
164519640  6470	333
164519640  6481	333
164519640  6492	333
164519674  6502	333
164519674  6512	333
164519674  6523	332
164519706  6534	333
164519706  6544	333
164519706  6554	332
164519706  6565	333
164519739  6576	332
164519739  6586	332
164519739  6596	333
164519772  6607	333
164519772  6618	333
164519772  6628	333
164519806  6638	333
164519806  6648	334
164519806  6660	334
164519839  6670	333
164519839  6680	334
164519839  6690	334
164519872  6702	335
164519872  6712	335
164519872  6722	335
164519872  6732	335
164519905  6744	334
164519905  6754	335
164519905  6764	335
164519938  6774	336
164519938  6786	334
164519938  6796	335
164519971  6806	335
164519971  6816	334
164519971  6827	335
164520004  6838	335
164520004  6848	334
164520004  6858	334
164520040  6868	334
164520040  6880	335
164520040  6890	335
164520040  6900	335
164520071  6910	334
164520071  6922	334
164520071  6932	334
164520104  6942	334
164520104  6952	334
164520104  6963	334
164520170  6974	335
164520170  6984	335
164520170  6994	336
164520170  7005	334
164520170  7016	334
164520170  7026	334
164520236  7036	334
164520236  7047	333
164520236  7058	335
164520236  7068	335
164520269  7078	334
164520269  7089	335
164520269  7100	334
164520302  7110	334
164520302  7120	334
164520302  7131	333
164520336  7141	334
164520336  7152	335
164520336  7162	334
164520369  7173	334
164520369  7183	335
164520369  7194	334
164520402  7204	334
164520402  7215	334
164520402  7225	333
164520402  7236	335
164520435  7246	334
164520435  7257	334
164520435  7267	334
164520468  7278	334
164520468  7288	334
164520468  7299	334
164520501  7309	333
164520501  7319	335
164520501  7330	334
164520535  7341	334
164520535  7351	333
164520535  7361	334
164520568  7372	334
164520568  7383	335
164520568  7393	335
164520568  7403	335
164520601  7414	333
164520601  7425	333
164520601  7435	333
164520634  7445	334
164520634  7456	333
164520634  7467	333
164520668  7477	334
164520668  7487	334
164520668  7497	333
164520701  7508	333
164520701  7519	334
164520701  7529	333
164520734  7539	333
164520734  7550	333
164520734  7561	334
164520734  7571	334
164520768  7581	333
164520768  7592	334
164520768  7603	335
164520800  7613	334
164520800  7623	334
164520800  7634	334
164520833  7645	333
164520833  7655	334
164520833  7665	333
164520866  7675	334
164520866  7687	334
164520866  7697	333
164520899  7707	332
164520899  7717	333
164520899  7729	333
164520899  7739	334
164520933  7749	333
164520933  7759	334
164520933  7771	334
164520966  7781	334
164520966  7791	334
164520966  7801	334
164520999  7813	334
164520999  7823	334
164520999  7833	333
164521033  7843	333
164521033  7854	333
164521033  7865	333
164521066  7875	335
164521066  7885	334
164521066  7896	334
164521066  7907	334
164521099  7917	334
164521099  7927	334
164521099  7938	333
164521132  7949	333
164521132  7959	334
164521132  7969	334
164521166  7980	333
164521166  7990	334
164521166  8001	333
164521199  8011	334
164521199  8022	334
164521199  8032	333
164521232  8043	333
164521232  8053	333
164521232  8064	333
164521232  8074	334
164521265  8085	334
164521265  8095	333
164521265  8105	334
164521298  8116	334
164521298  8127	334
164521298  8137	334
164521331  8147	333
164521331  8158	333
164521331  8168	333
164521364  8179	333
164521364  8189	334
164521364  8200	334
164521397  8210	335
164521397  8221	334
164521397  8231	335
164521397  8242	335
164521431  8252	334
164521431  8263	334
164521431  8273	333
164521464  8284	333
164521464  8294	333
164521464  8305	334
164521498  8315	334
164521498  8326	333
164521498  8336	334
164521531  8346	334
164521531  8357	334
164521531  8368	333
164521564  8378	334
164521564  8388	334
164521564  8399	335
164521564  8410	334
164521597  8420	334
164521597  8430	334
164521597  8441	334
164521630  8452	335
164521630  8462	334
164521630  8472	334
164521663  8483	334
164521663  8494	333
164521663  8504	334
164521696  8514	334
164521696  8524	334
164521696  8536	334
164521729  8546	335
164521729  8556	334
164521729  8566	335
164521729  8578	335
164521762  8588	333
164521762  8598	335
164521762  8608	335
164521796  8620	335
164521796  8630	334
164521796  8640	336
164521862  8650	335
164521862  8660	336
164521862  8672	334
164521898  8682	335
164521898  8692	335
164521898  8702	335
164521928  8714	335
164521928  8724	336
164521928  8734	335
164521928  8744	336
164521963  8756	335
164521963  8766	336
164521963  8776	336
164521994  8786	335
164521994  8798	336
164521994  8808	335
164522028  8818	336
164522028  8828	335
164522028  8839	335
164522061  8850	335
164522061  8860	335
164522061  8870	335
164522095  8881	334
164522095  8892	334
164522095  8902	335
164522095  8912	334
164522128  8923	334
164522128  8934	334
164522128  8944	334
164522161  8954	333
164522161  8965	334
164522161  8976	334
164522194  8986	334
164522194  8996	335
164522194  9007	334
164522227  9017	335
164522227  9028	334
164522227  9038	334
164522263  9049	334
164522263  9059	333
164522263  9070	334
164522263  9080	334
164522296  9091	335
164522296  9101	334
164522296  9112	334
164522330  9122	334
164522330  9133	333
164522330  9143	334
164522363  9154	334
164522363  9164	334
164522363  9175	333
164522397  9185	334
164522397  9195	333
164522397  9206	333
164522430  9217	333
164522430  9227	334
164522430  9237	333
164522430  9248	333
164522463  9259	334
164522463  9269	333
164522463  9279	333
164522496  9290	332
164522496  9300	335
164522496  9311	334
164522529  9321	334
164522529  9332	335
164522529  9342	333
164522562  9353	333
164522562  9363	333
164522562  9373	334
164522595  9384	333
164522595  9395	333
164522595  9405	334
164522595  9415	333
164522628  9426	334
164522628  9437	334
164522628  9447	335
164522662  9457	334
164522662  9468	334
164522662  9479	333
164522695  9489	333
164522695  9499	334
164522695  9509	334
164522728  9521	335
164522728  9531	334
164522728  9541	334
164522761  9551	334
164522761  9563	334
164522761  9573	334
164522761  9583	334
164522794  9593	334
164522794  9605	334
164522794  9615	334
164522827  9625	334
164522827  9635	334
164522827  9647	335
164522860  9657	336
164522860  9667	334
164522860  9677	334
164522894  9688	334
164522894  9699	334
164522894  9709	334
164522927  9719	334
164522927  9730	334
164522927  9741	334
164522927  9751	334
164522960  9761	334
164522960  9772	334
164522960  9783	333
164522993  9793	333
164522993  9803	333
164522993  9814	333
164523027  9825	333
164523027  9835	334
164523027  9845	332
164523059  9856	334
164523059  9866	334
164523059  9877	333
164523093  9887	333
164523093  9897	334
164523093  9908	334
164523093  9919	334
164523126  9929	334
164523126  9939	335
164523126  9950	335
164523159  9961	334
164523159  9971	333
164523159  9981	333
164523192  9992	334
164523192  10003	333
164523192  10013	333
164523226  10023	333
164523226  10034	334
164523226  10045	334
164523259  10055	333
164523259  10065	334
164523259  10076	334
164523292  10087	335
164523292  10097	334
164523292  10107	335
164523325  10119	334
164523325  10129	334
164523325  10139	334
164523358  10149	333
164523358  10161	335
164523358  10171	334
164523391  10181	335
164523391  10192	334
164523391  10203	333
164523424  10213	334
164523424  10223	332
164523457  10234	333
164523457  10245	334
164523457  10255	334
164523490  10266	334
164523490  10276	334
164523490  10287	335
164523524  10297	335
164523524  10308	334
164523524  10318	334
164523557  10329	334
164523557  10339	333
164523557  10350	334
164523590  10360	333
164523590  10371	334
164523590  10382	333
164523623  10392	334
164523623  10402	333
164523623  10413	334
164523656  10424	335

