
154102290  10	418
154102323  20	418
154102323  30	419
154102323  40	417
154102356  51	418
154102356  61	418
154102356  72	418
154102390  82	416
154102390  93	416
154102390  103	416
154102422  113	415
154102422  123	416
154102422  135	417
154102456  145	418
154102456  155	419
154102456  165	418
154102489  176	418
154102489  187	418
154102489  197	418
154102522  207	417
154102522  218	417
154102522  228	417
154102522  238	417
154102555  249	419
154102555  260	418
154102555  270	418
154102588  280	418
154102588  290	418
154102588  302	418
154102621  312	419
154102621  322	418
154102621  332	417
154102655  343	418
154102655  354	418
154102655  364	418
154102688  374	418
154102688  385	419
154102688  395	419
154102721  406	418
154102721  416	419
154102721  427	419
154102754  437	419
154102754  447	420
154102754  457	419
154102754  468	419
154102787  479	419
154102787  489	418
154102787  499	419
154102820  509	419
154102820  521	419
154102820  531	418
154102853  541	419
154102853  551	419
154102853  562	419
154102886  573	418
154102886  583	419
154102886  593	420
154102919  604	420
154102919  614	420
154102919  624	419
154102952  635	420
154102952  646	420
154102952  656	420
154102986  666	419
154102986  676	419
154102986  688	419
154103019  698	419
154103019  708	420
154103019  718	419
154103019  729	419
154103052  740	419
154103052  750	419
154103052  760	420
154103085  771	420
154103085  781	418
154103085  792	419
154103118  802	420
154103118  813	418
154103118  823	418
154103151  833	418
154103151  843	419
154103151  855	419
154103184  865	419
154103184  875	419
154103184  885	419
154103218  896	418
154103218  907	418
154103218  917	419
154103218  927	419
154103251  937	418
154103251  948	416
154103251  959	417
154103284  969	417
154103284  979	417
154103284  990	419
154103317  1000	418
154103317  1011	418
154103317  1021	418
154103317  1032	418
154103350  1042	418
154103350  1052	418
154103350  1063	418
154103383  1074	419
154103383  1084	419
154103383  1094	418
154103416  1105	418
154103416  1116	418
154103416  1126	418
154103450  1136	418
154103450  1147	418
154103450  1158	417
154103483  1168	416
154103483  1178	416
154103483  1189	416
154103483  1200	417
154103549  1210	419
154103549  1220	419
154103549  1230	419
154103582  1242	418
154103582  1252	419
154103582  1262	418
154103615  1272	418
154103615  1284	419
154103615  1294	419
154103648  1304	418
154103648  1314	420
154103648  1326	419
154103682  1336	420
154103682  1346	419
154103682  1356	420
154103682  1367	419
154103714  1378	419
154103714  1388	419
154103714  1398	419
154103747  1409	419
154103747  1420	418
154103747  1430	419
154103781  1440	419
154103781  1451	418
154103781  1462	418
154103814  1472	418
154103814  1482	418
154103814  1492	418
154103847  1503	417
154103847  1514	417
154103847  1524	418
154103847  1534	417
154103880  1545	417
154103880  1556	418
154103880  1566	419
154103913  1576	419
154103913  1587	418
154103913  1598	418
154103946  1608	418
154103946  1618	419
154103946  1629	418
154103979  1640	419
154103979  1650	419
154103979  1660	419
154104012  1671	417
154104012  1681	418
154104012  1692	417
154104012  1702	418
154104045  1713	417
154104045  1723	417
154104045  1734	417
154104079  1744	417
154104079  1755	418
154104079  1765	418
154104112  1776	417
154104112  1786	418
154104112  1797	417
154104145  1807	417
154104145  1817	418
154104145  1828	418
154104178  1839	417
154104178  1849	417
154104178  1859	418
154104178  1870	417
154104211  1881	417
154104211  1891	417
154104211  1901	417
154104245  1912	417
154104245  1923	417
154104245  1933	417
154104277  1943	417
154104277  1953	417
154104277  1965	417
154104311  1975	418
154104311  1985	416
154104311  1995	417
154104344  2007	417
154104344  2017	417
154104344  2027	416
154104344  2037	417
154104377  2049	417
154104377  2059	417
154104377  2069	417
154104410  2079	417
154104410  2091	416
154104410  2101	415
154104443  2111	415
154104443  2121	416
154104443  2131	416
154104476  2143	415
154104476  2153	417
154104476  2163	416
154104509  2173	416
154104509  2185	415
154104509  2195	416
154104509  2205	416
154104542  2215	416
154104542  2227	415
154104542  2237	417
154104575  2247	416
154104575  2257	416
154104575  2269	417
154104609  2279	415
154104609  2289	415
154104609  2299	417
154104642  2310	416
154104642  2321	416
154104642  2331	417
154104675  2341	416
154104675  2352	416
154104675  2363	416
154104675  2373	416
154104708  2383	416
154104708  2394	416
154104708  2405	415
154104741  2415	416
154104741  2425	415
154104741  2436	415
154104774  2446	416
154104774  2457	415
154104774  2467	415
154104807  2478	416
154104807  2488	416
154104807  2499	415
154104841  2509	416
154104841  2520	414
154104841  2530	416
154104841  2541	416
154104874  2551	416
154104874  2562	416
154104874  2572	417
154104907  2583	416
154104907  2593	416
154104907  2604	415
154104941  2614	416
154104941  2624	415
154104941  2635	415
154104974  2646	416
154104974  2656	415
154104974  2666	416
154105007  2677	415
154105007  2688	415
154105007  2698	415
154105007  2708	415
154105041  2719	415
154105041  2729	416
154105041  2740	415
154105074  2750	414
154105074  2760	415
154105074  2771	415
154105108  2782	414
154105108  2792	415
154105108  2802	414
154105173  2813	415
154105173  2824	414
154105173  2834	414
154105206  2844	415
154105206  2855	415
154105206  2866	415
154105206  2876	415
154105239  2886	416
154105239  2897	415
154105239  2908	415
154105272  2918	416
154105272  2928	414
154105272  2938	416
154105305  2950	416
154105305  2960	416
154105305  2970	416
154105338  2980	416
154105338  2992	416
154105338  3002	416
154105372  3012	414
154105372  3022	415
154105372  3034	414
154105372  3044	415
154105405  3054	415
154105405  3064	414
154105405  3076	414
154105438  3086	415
154105438  3096	415
154105438  3106	414
154105471  3117	414
154105471  3128	415
154105471  3138	415
154105504  3148	415
154105504  3159	416
154105504  3170	416
154105537  3180	415
154105537  3190	417
154105537  3201	416
154105537  3212	416
154105570  3222	417
154105570  3232	416
154105570  3243	417
154105603  3253	416
154105603  3264	417
154105603  3274	416
154105636  3284	416
154105636  3295	416
154105636  3306	415
154105669  3316	416
154105669  3326	414
154105669  3337	415
154105702  3348	415
154105702  3358	416
154105702  3368	415
154105702  3379	416
154105736  3390	416
154105736  3400	415
154105736  3410	416
154105769  3421	414
154105769  3431	415
154105769  3442	415
154105802  3452	415
154105802  3463	414
154105802  3473	415
154105835  3484	415
154105835  3494	416
154105835  3505	415
154105868  3515	415
154105868  3526	415
154105868  3536	414
154105868  3547	415
154105901  3557	416
154105901  3568	416
154105901  3578	416
154105934  3589	415
154105934  3599	415
154105934  3609	415
154105967  3620	417
154105967  3631	415
154105967  3641	416
154106000  3651	415
154106000  3662	416
154106000  3673	416
154106034  3683	416
154106034  3693	417
154106034  3704	417
154106034  3715	416
154106067  3725	416
154106067  3735	416
154106067  3745	414
154106100  3757	415
154106100  3767	415
154106100  3777	415
154106133  3787	414
154106133  3799	416
154106133  3809	415
154106166  3819	416
154106166  3829	416
154106166  3841	416
154106200  3851	416
154106200  3861	416
154106200  3871	416
154106200  3883	416
154106233  3893	415
154106233  3903	416
154106233  3913	415
154106266  3923	416
154106266  3935	416
154106266  3945	415
154106299  3955	416
154106299  3965	415
154106299  3977	416
154106332  3987	416
154106332  3997	416
154106332  4007	416
154106366  4019	416
154106366  4029	416
154106366  4039	415
154106366  4049	416
154106399  4061	416
154106399  4071	417
154106399  4081	416
154106433  4091	417
154106433  4102	417
154106433  4113	417
154106467  4123	417
154106467  4133	417
154106467  4144	416
154106499  4155	416
154106499  4165	416
154106499  4175	416
154106532  4186	417
154106532  4197	417
154106532  4207	417
154106532  4217	416
154106566  4228	417
154106566  4239	417
154106566  4249	415
154106599  4259	415
154106599  4270	416
154106599  4280	417
154106632  4291	416
154106632  4301	416
154106632  4312	417
154106665  4322	417
154106665  4333	416
154106665  4343	416
154106698  4354	417
154106698  4364	416
154106698  4375	416
154106698  4385	416
154106764  4396	415
154106764  4406	416
154106764  4417	416
154106797  4427	417
154106797  4438	415
154106797  4448	415
154106830  4458	416
154106830  4469	416
154106830  4480	417
154106864  4490	417
154106864  4500	417
154106864  4511	417
154106897  4521	417
154106897  4532	417
154106897  4542	416
154106897  4553	416
154106930  4563	416
154106930  4574	415
154106930  4584	415
154106963  4594	416
154106963  4605	416
154106963  4616	416
154106996  4626	416
154106996  4636	416
154106996  4647	415
154107029  4658	416
154107029  4668	416
154107029  4678	414
154107062  4689	415
154107062  4700	416
154107062  4710	416
154107062  4720	416
154107095  4731	415
154107095  4742	415
154107095  4752	415
154107128  4762	415
154107128  4772	416
154107128  4784	416
154107162  4794	415
154107162  4804	416
154107162  4814	416
154107195  4826	415
154107195  4836	416
154107195  4846	416
154107228  4856	417
154107228  4868	416
154107228  4878	416
154107228  4888	417
154107261  4898	416
154107261  4910	416
154107261  4920	416
154107294  4930	416
154107294  4940	417
154107294  4951	417
154107327  4962	417
154107327  4972	416
154107327  4982	417
154107360  4993	417
154107360  5004	416
154107360  5014	417
154107394  5024	418
154107394  5035	417
154107394  5046	417
154107394  5056	417
154107427  5066	417
154107427  5076	416
154107427  5088	416
154107460  5098	416
154107460  5108	416
154107460  5118	416
154107493  5129	416
154107493  5140	416
154107493  5150	417
154107526  5160	417
154107526  5171	416
154107526  5182	415
154107559  5192	416
154107559  5202	416
154107559  5213	416
154107559  5224	415
154107593  5234	416
154107593  5244	417
154107593  5255	416
154107626  5266	417
154107626  5276	416
154107626  5286	416
154107659  5297	416
154107659  5307	417
154107659  5318	417
154107692  5328	417
154107692  5339	417
154107692  5349	417
154107725  5360	417
154107725  5370	417
154107725  5381	417
154107725  5391	417
154107758  5402	417
154107758  5412	417
154107758  5423	417
154107792  5433	417
154107792  5443	417
154107792  5454	416
154107825  5465	416
154107825  5475	417
154107825  5485	416
154107858  5496	416
154107858  5507	416
154107858  5517	416
154107891  5527	415
154107891  5538	416
154107891  5549	416
154107891  5559	415
154107925  5569	414
154107925  5580	414
154107925  5591	414
154107958  5601	414
154107958  5611	416
154107958  5621	415
154107991  5633	416
154107991  5643	416
154107991  5653	415
154108024  5663	416
154108024  5675	415
154108024  5685	416
154108057  5695	416
154108057  5705	415
154108057  5716	416
154108057  5727	416
154108090  5737	415
154108090  5747	415
154108090  5758	416
154108124  5769	415
154108124  5779	415
154108124  5789	416
154108157  5799	415
154108157  5811	414
154108157  5821	415
154108190  5831	415
154108190  5841	418
154108190  5853	417
154108223  5863	417
154108223  5873	417
154108223  5883	415
154108223  5895	417
154108258  5905	417
154108258  5915	418
154108258  5925	417
154108291  5937	417
154108291  5947	417
154108291  5957	417
154108324  5967	417
154108324  5978	418
154108324  5989	418
154108357  5999	419
154108357  6009	418
154108357  6020	418
154108423  6031	418
154108423  6041	418
154108423  6051	418
154108423  6062	418
154108458  6073	419
154108458  6083	418
154108458  6093	419
154108489  6104	418
154108489  6115	418
154108489  6125	420
154108523  6135	418
154108523  6146	419
154108523  6156	418
154108556  6167	420
154108556  6177	420
154108556  6188	419
154108589  6198	419
154108589  6209	420
154108589  6219	419
154108589  6230	419
154108622  6240	419
154108622  6251	418
154108622  6261	419
154108655  6272	419
154108655  6282	419
154108655  6292	419
154108688  6303	419
154108688  6313	419
154108688  6324	420
154108721  6334	420
154108721  6345	419
154108721  6355	420
154108754  6366	420
154108754  6376	420
154108754  6387	420
154108754  6397	420
154108787  6408	419
154108787  6418	420
154108787  6429	419
154108820  6439	419
154108820  6450	419
154108820  6460	420
154108855  6470	419
154108855  6481	420
154108855  6492	419
154108888  6502	420
154108888  6512	418
154108888  6523	420
154108921  6534	419
154108921  6544	419
154108921  6554	419
154108921  6565	420
154108954  6576	418
154108954  6586	419
154108954  6596	420
154108987  6607	419
154108987  6618	418
154108987  6628	419
154109020  6638	419
154109020  6648	419
154109020  6660	419
154109053  6670	418
154109053  6680	419
154109053  6690	419
154109086  6702	420
154109086  6712	419
154109086  6722	420
154109086  6732	420
154109120  6744	420
154109120  6754	419
154109120  6764	419
154109153  6774	420
154109153  6786	420
154109153  6796	419
154109186  6806	419
154109186  6816	419
154109186  6827	420
154109219  6838	419
154109219  6848	420
154109219  6858	420
154109252  6868	420
154109252  6880	420
154109252  6890	419
154109252  6900	420
154109285  6910	420
154109285  6922	420
154109285  6932	419
154109318  6942	419
154109318  6952	420
154109318  6963	419
154109351  6974	419
154109351  6984	420
154109351  6994	419
154109384  7005	420
154109384  7016	420
154109384  7026	419
154109418  7036	419
154109418  7047	420
154109418  7058	420
154109418  7068	418
154109451  7078	420
154109451  7089	420
154109451  7100	419
154109484  7110	419
154109484  7120	420
154109484  7131	419
154109517  7141	419
154109517  7152	419
154109517  7162	419
154109550  7173	420
154109550  7183	420
154109550  7194	420
154109586  7204	420
154109586  7215	420
154109586  7225	420
154109586  7236	420
154109619  7246	419
154109619  7257	419
154109619  7267	419
154109652  7278	419
154109652  7288	420
154109652  7299	420
154109685  7309	420
154109685  7319	420
154109685  7330	420
154109718  7341	420
154109718  7351	419
154109718  7361	419
154109754  7372	420
154109754  7383	420
154109754  7393	419
154109754  7403	418
154109787  7414	419
154109787  7425	420
154109787  7435	420
154109820  7445	419
154109820  7456	420
154109820  7467	420
154109853  7477	420
154109853  7487	419
154109853  7497	419
154109886  7508	419
154109886  7519	420
154109886  7529	420
154109919  7539	420
154109919  7550	420
154109919  7561	419
154109919  7571	419
154109952  7581	419
154109952  7592	418
154109952  7603	419
154109985  7613	419
154109985  7623	420
154109985  7634	420
154110018  7645	418
154110018  7655	420
154110018  7665	420
154110051  7675	420
154110051  7687	420
154110051  7697	418
154110085  7707	419
154110085  7717	419
154110085  7729	419
154110085  7739	419
154110118  7749	420
154110118  7759	419
154110118  7771	419
154110184  7781	419
154110184  7791	419
154110184  7801	419
154110217  7813	419
154110217  7823	419
154110217  7833	419
154110250  7843	419
154110250  7854	419
154110250  7865	419
154110283  7875	418
154110283  7885	420
154110283  7896	419
154110283  7907	420
154110317  7917	419
154110317  7927	418
154110317  7938	419
154110350  7949	420
154110350  7959	418
154110350  7969	419
154110383  7980	420
154110383  7990	419
154110383  8001	419
154110416  8011	418
154110416  8022	418
154110416  8032	419
154110449  8043	418
154110449  8053	418
154110449  8064	419
154110449  8074	419
154110484  8085	419
154110484  8095	420
154110484  8105	420
154110516  8116	419
154110516  8127	419
154110516  8137	418
154110549  8147	419
154110549  8158	419
154110549  8168	419
154110582  8179	420
154110582  8189	418
154110582  8200	419
154110615  8210	420
154110615  8221	419
154110615  8231	419
154110615  8242	420
154110648  8252	418
154110648  8263	419
154110648  8273	419
154110681  8284	418
154110681  8294	419
154110681  8305	418
154110714  8315	419
154110714  8326	419
154110714  8336	419
154110747  8346	419
154110747  8357	419
154110747  8368	419
154110781  8378	418
154110781  8388	416
154110781  8399	418
154110781  8410	419
154110814  8420	418
154110814  8430	419
154110814  8441	418
154110847  8452	419
154110847  8462	420
154110847  8472	420
154110880  8483	420
154110880  8494	419
154110880  8504	419
154110913  8514	420
154110913  8524	420
154110913  8536	420
154110946  8546	420
154110946  8556	421
154110946  8566	421
154110946  8578	420
154110979  8588	421
154110979  8598	421
154110979  8608	420
154111013  8620	421
154111013  8630	420
154111013  8640	420
154111046  8650	418
154111046  8660	419
154111046  8672	420
154111079  8682	419
154111079  8692	419
154111079  8702	420
154111112  8714	419
154111112  8724	420
154111112  8734	420
154111112  8744	419
154111145  8756	420
154111145  8766	420
154111145  8776	419
154111178  8786	419
154111178  8798	421
154111178  8808	420
154111211  8818	420
154111211  8828	420
154111211  8839	419
154111244  8850	419
154111244  8860	420
154111244  8870	419
154111278  8881	420
154111278  8892	419
154111278  8902	419
154111278  8912	420
154111311  8923	419
154111311  8934	420
154111311  8944	420
154111345  8954	420
154111345  8965	419
154111345  8976	421
154111377  8986	420
154111377  8996	420
154111377  9007	419
154111410  9017	420
154111410  9028	420
154111410  9038	419
154111443  9049	419
154111443  9059	420
154111443  9070	420
154111443  9080	420
154111476  9091	419
154111476  9101	420
154111476  9112	420
154111510  9122	419
154111510  9133	419
154111510  9143	418
154111543  9154	420
154111543  9164	420
154111543  9175	420
154111576  9185	421
154111576  9195	420
154111576  9206	420
154111609  9217	420
154111609  9227	419
154111609  9237	419
154111609  9248	420
154111642  9259	419
154111642  9269	420
154111642  9279	420
154111675  9290	420
154111675  9300	419
154111675  9311	420
154111708  9321	420
154111708  9332	419
154111708  9342	420
154111775  9353	420
154111775  9363	419
154111775  9373	420
154111808  9384	420
154111808  9395	420
154111808  9405	420
154111808  9415	420
154111841  9426	421
154111841  9437	420
154111841  9447	421
154111874  9457	420
154111874  9468	420
154111874  9479	420
154111907  9489	421
154111907  9499	420
154111907  9509	420
154111940  9521	419
154111940  9531	419
154111940  9541	420
154111974  9551	421
154111974  9563	421
154111974  9573	421
154111974  9583	420
154112007  9593	421
154112007  9605	421
154112007  9615	420
154112040  9625	419
154112040  9635	420
154112040  9647	421
154112073  9657	421
154112073  9667	420
154112073  9677	420
154112106  9688	421
154112106  9699	418
154112106  9709	418
154112139  9719	418
154112139  9730	418
154112139  9741	418
154112139  9751	418
154112173  9761	418
154112173  9772	418
154112173  9783	419
154112206  9793	417
154112206  9803	418
154112206  9814	418
154112239  9825	418
154112239  9835	418
154112239  9845	419
154112272  9856	418
154112272  9866	419
154112272  9877	419
154112305  9887	418
154112305  9897	419
154112305  9908	420
154112305  9919	418
154112338  9929	419
154112338  9939	420
154112338  9950	420
154112371  9961	420
154112371  9971	420
154112371  9981	417
154112405  9992	420
154112405  10003	420
154112405  10013	419
154112438  10023	420
154112438  10034	420
154112438  10045	421
154112471  10055	421
154112471  10065	421
154112471  10076	421
154112505  10087	421
154112505  10097	420
154112505  10107	421
154112537  10119	421
154112537  10129	421
154112537  10139	421
154112570  10149	422
154112570  10161	421
154112570  10171	421
154112603  10181	421
154112603  10192	420
154112603  10203	420
154112637  10213	419
154112637  10223	420
154112670  10234	420
154112670  10245	420
154112670  10255	420
154112703  10266	421
154112703  10276	421
154112703  10287	421
154112736  10297	421
154112736  10308	422
154112736  10318	421
154112769  10329	421
154112769  10339	420
154112769  10350	421
154112803  10360	421
154112803  10371	421
154112803  10382	421
154112836  10392	419
154112836  10402	420
154112836  10413	420
154112869  10424	420
