155745447  0	450
155745447  10	450
155745480  20	451
155745480  30	451
155745480  40	451
155745513  51	452
155745513  61	451
155745513  72	451
155745546  82	451
155745546  93	451
155745546  103	451
155745579  113	451
155745579  123	451
155745579  135	451
155745612  145	450
155745612  155	451
155745612  165	450
155745646  176	450
155745646  187	450
155745646  197	450
155745679  207	450
155745679  218	452
155745679  228	451
155745679  238	452
155745712  249	452
155745712  260	452
155745712  270	452
155745745  280	452
155745745  290	452
155745745  302	452
155745778  312	452
155745778  322	452
155745778  332	453
155745811  343	451
155745811  354	453
155745811  364	452
155745844  374	452
155745844  385	452
155745844  395	452
155745877  406	452
155745877  416	453
155745877  427	452
155745910  437	452
155745910  447	455
155745910  457	453
155745910  468	454
155745944  479	453
155745944  489	454
155745944  499	454
155745977  509	455
155745977  521	455
155745977  531	454
155746010  541	454
155746010  551	454
155746010  562	455
155746043  573	455
155746043  583	455
155746043  593	454
155746077  604	453
155746077  614	454
155746077  624	454
155746109  635	454
155746109  646	455
155746109  656	453
155746142  666	454
155746142  676	454
155746142  688	454
155746142  698	453
155746175  708	453
155746175  718	453
155746175  729	454
155746208  740	453
155746208  750	453
155746208  760	454
155746242  771	453
155746242  781	454
155746242  792	455
155746276  802	454
155746276  813	455
155746276  823	454
155746308  833	454
155746308  843	454
155746308  855	454
155746341  865	454
155746341  875	453
155746341  885	454
155746374  896	452
155746374  907	453
155746374  917	453
155746374  927	453
155746407  937	454
155746407  948	452
155746407  959	452
155746440  969	452
155746440  979	453
155746440  990	452
155746474  1000	454
155746474  1011	453
155746474  1021	455
155746474  1032	455
155746507  1042	454
155746507  1053	455
155746507  1063	454
155746540  1074	454
155746540  1084	454
155746540  1094	453
155746573  1105	454
155746573  1116	454
155746573  1126	453
155746606  1136	453
155746606  1147	452
155746606  1158	452
155746640  1168	453
155746640  1178	454
155746640  1189	453
155746640  1200	454
155746672  1210	453
155746672  1220	454
155746672  1231	454
155746738  1242	454
155746738  1252	454
155746738  1262	454
155746772  1272	455
155746772  1284	455
155746772  1294	455
155746805  1304	455
155746805  1314	453
155746805  1326	454
155746838  1336	454
155746838  1346	454
155746838  1356	453
155746838  1368	454
155746871  1378	453
155746871  1388	453
155746871  1398	454
155746904  1409	455
155746904  1420	454
155746904  1430	456
155746937  1440	456
155746937  1451	455
155746937  1462	457
155746970  1472	455
155746970  1482	456
155746970  1492	456
155747003  1504	455
155747003  1514	455
155747003  1524	455
155747003  1534	455
155747036  1546	456
155747036  1556	456
155747036  1566	456
155747069  1576	456
155747069  1587	456
155747069  1598	456
155747103  1608	456
155747103  1618	456
155747103  1629	455
155747136  1640	456
155747136  1650	455
155747136  1660	456
155747169  1671	456
155747169  1682	455
155747169  1692	456
155747169  1702	456
155747202  1713	455
155747202  1723	455
155747202  1734	455
155747235  1744	456
155747235  1755	455
155747235  1765	454
155747268  1776	454
155747268  1786	455
155747268  1797	455
155747301  1807	456
155747301  1818	455
155747301  1828	455
155747334  1839	456
155747334  1849	455
155747334  1860	455
155747334  1870	456
155747367  1881	455
155747367  1891	455
155747367  1901	457
155747401  1912	456
155747401  1923	455
155747401  1933	456
155747434  1943	455
155747434  1954	455
155747434  1965	456
155747467  1975	455
155747467  1985	456
155747467  1996	455
155747500  2007	455
155747500  2017	456
155747500  2027	456
155747500  2038	455
155747533  2049	456
155747533  2059	457
155747533  2069	455
155747566  2079	456
155747566  2091	456
155747566  2101	456
155747599  2111	455
155747599  2121	456
155747599  2132	455
155747632  2143	455
155747632  2153	455
155747632  2163	455
155747665  2174	455
155747665  2185	455
155747665  2195	455
155747665  2205	456
155747698  2216	455
155747698  2227	456
155747698  2237	456
155747732  2247	456
155747732  2257	456
155747732  2269	456
155747765  2279	456
155747765  2289	456
155747765  2299	457
155747798  2311	457
155747798  2321	457
155747798  2331	456
155747831  2341	455
155747831  2353	456
155747831  2363	454
155747831  2373	454
155747864  2383	455
155747864  2394	455
155747864  2405	455
155747897  2415	454
155747897  2425	454
155747897  2436	455
155747930  2447	455
155747930  2457	455
155747930  2467	454
155747963  2478	455
155747963  2489	454
155747963  2499	455
155747996  2509	456
155747996  2520	456
155747996  2531	455
155747996  2541	456
155748029  2551	456
155748029  2562	456
155748029  2572	456
155748063  2583	456
155748063  2593	455
155748063  2604	455
155748096  2614	455
155748096  2625	455
155748096  2635	455
155748129  2646	456
155748129  2656	456
155748129  2667	455
155748162  2677	455
155748162  2688	455
155748162  2698	454
155748162  2709	456
155748228  2719	456
155748228  2729	455
155748228  2740	455
155748228  2750	455
155748228  2761	455
155748228  2771	455
155748294  2782	455
155748294  2792	454
155748294  2803	455
155748327  2813	455
155748327  2824	456
155748327  2834	456
155748361  2845	456
155748361  2855	457
155748361  2866	457
155748361  2876	456
155748394  2887	457
155748394  2897	457
155748394  2908	457
155748427  2918	457
155748427  2928	457
155748427  2939	457
155748460  2950	457
155748460  2960	458
155748460  2970	457
155748493  2981	456
155748493  2992	457
155748493  3002	457
155748526  3012	457
155748526  3023	457
155748526  3034	458
155748526  3044	458
155748559  3054	458
155748559  3064	457
155748559  3076	458
155748592  3086	457
155748592  3096	458
155748592  3106	459
155748625  3118	458
155748625  3128	459
155748625  3138	458
155748658  3148	458
155748658  3160	458
155748658  3170	458
155748692  3180	458
155748692  3190	458
155748692  3202	458
155748692  3212	458
155748725  3222	458
155748725  3232	457
155748725  3243	457
155748758  3254	457
155748758  3264	458
155748758  3274	457
155748791  3284	459
155748791  3296	458
155748791  3306	459
155748824  3316	459
155748824  3326	458
155748824  3338	459
155748857  3348	457
155748857  3358	458
155748857  3368	458
155748857  3380	458
155748890  3390	459
155748890  3400	459
155748890  3410	459
155748923  3421	458
155748923  3432	458
155748923  3442	458
155748956  3452	459
155748956  3463	459
155748956  3474	459
155748989  3484	458
155748989  3494	459
155748989  3505	458
155749022  3516	459
155749022  3526	459
155749022  3536	459
155749022  3547	458
155749056  3557	460
155749056  3568	459
155749056  3578	460
155749089  3589	459
155749089  3599	459
155749089  3610	459
155749122  3620	459
155749122  3631	460
155749122  3641	460
155749155  3652	460
155749155  3662	460
155749155  3673	460
155749188  3683	460
155749188  3694	460
155749188  3704	460
155749188  3715	460
155749221  3725	460
155749221  3735	459
155749221  3746	459
155749254  3757	459
155749254  3767	459
155749254  3777	459
155749287  3788	460
155749287  3799	459
155749287  3809	459
155749320  3819	460
155749320  3830	460
155749320  3841	461
155749353  3851	460
155749353  3861	461
155749353  3872	461
155749353  3883	461
155749387  3893	461
155749387  3903	461
155749387  3913	460
155749420  3924	460
155749420  3935	460
155749420  3945	461
155749453  3955	461
155749453  3966	460
155749453  3977	461
155749486  3987	460
155749486  3997	461
155749486  4008	461
155749519  4019	461
155749519  4029	460
155749519  4039	461
155749519  4050	460
155749552  4061	460
155749552  4071	461
155749552  4081	461
155749585  4091	461
155749585  4103	461
155749585  4113	461
155749618  4123	461
155749618  4133	460
155749618  4145	461
155749651  4155	461
155749651  4165	461
155749651  4175	461
155749717  4187	461
155749717  4197	461
155749717  4207	460
155749717  4217	461
155749751  4229	460
155749751  4239	461
155749751  4249	461
155749784  4259	459
155749784  4270	460
155749784  4281	460
155749817  4291	459
155749817  4301	460
155749817  4312	460
155749850  4323	459
155749850  4333	460
155749850  4343	458
155749883  4354	460
155749883  4365	459
155749883  4375	459
155749883  4385	460
155749916  4396	460
155749916  4406	460
155749916  4417	461
155749949  4427	460
155749949  4438	460
155749949  4448	460
155749982  4459	460
155749982  4469	460
155749982  4480	460
155750015  4490	460
155750015  4501	460
155750015  4511	461
155750048  4521	461
155750048  4532	461
155750048  4543	461
155750048  4553	461
155750082  4563	461
155750082  4574	462
155750082  4584	461
155750115  4595	461
155750115  4605	461
155750115  4616	461
155750148  4626	461
155750148  4637	460
155750148  4647	461
155750181  4658	462
155750181  4668	462
155750181  4679	462
155750214  4689	462
155750214  4700	461
155750214  4710	461
155750214  4721	461
155750247  4731	461
155750247  4742	460
155750247  4752	461
155750281  4762	460
155750281  4773	460
155750281  4784	461
155750314  4794	461
155750314  4804	460
155750314  4815	460
155750347  4826	461
155750347  4836	461
155750347  4846	462
155750380  4857	460
155750380  4868	461
155750380  4878	461
155750380  4888	461
155750413  4899	461
155750413  4910	462
155750413  4920	461
155750446  4930	461
155750446  4940	460
155750446  4952	460
155750479  4962	461
155750479  4972	460
155750479  4982	461
155750512  4994	461
155750512  5004	460
155750512  5014	460
155750545  5024	460
155750545  5036	461
155750545  5046	460
155750545  5056	461
155750578  5066	461
155750578  5078	459
155750578  5088	460
155750612  5098	460
155750612  5108	460
155750612  5118	460
155750645  5130	461
155750645  5140	461
155750645  5150	461
155750678  5160	460
155750678  5172	461
155750678  5182	461
155750711  5192	461
155750711  5202	461
155750711  5214	461
155750711  5224	461
155750746  5234	461
155750746  5244	461
155750746  5256	460
155750777  5266	461
155750777  5276	460
155750777  5286	461
155750810  5297	461
155750810  5308	460
155750810  5318	461
155750843  5328	461
155750843  5339	461
155750843  5350	461
155750876  5360	462
155750876  5370	461
155750876  5381	460
155750876  5392	461
155750909  5402	461
155750909  5412	461
155750909  5423	461
155750943  5434	461
155750943  5444	461
155750943  5454	460
155750976  5465	461
155750976  5475	461
155750976  5486	461
155751009  5496	462
155751009  5507	461
155751009  5517	461
155751042  5528	461
155751042  5538	462
155751042  5549	462
155751042  5559	462
155751075  5570	461
155751075  5580	462
155751075  5591	462
155751108  5601	461
155751108  5611	462
155751108  5622	462
155751141  5633	463
155751141  5643	463
155751141  5653	461
155751174  5664	462
155751174  5675	462
155751174  5685	462
155751240  5695	462
155751240  5706	462
155751240  5716	461
155751240  5727	461
155751274  5737	461
155751274  5748	461
155751274  5758	461
155751307  5769	461
155751307  5779	460
155751307  5789	461
155751340  5800	461
155751340  5811	461
155751340  5821	461
155751373  5831	460
155751373  5842	461
155751373  5853	461
155751406  5863	461
155751406  5873	461
155751406  5884	462
155751406  5895	461
155751439  5905	462
155751439  5915	461
155751439  5926	460
155751472  5937	461
155751472  5947	461
155751472  5957	461
155751505  5967	461
155751505  5979	461
155751505  5989	461
155751538  5999	461
155751538  6009	461
155751538  6021	462
155751571  6031	462
155751571  6041	462
155751571  6051	462
155751571  6063	461
155751605  6073	460
155751605  6083	462
155751605  6093	460
155751638  6105	461
155751638  6115	461
155751638  6125	461
155751671  6135	461
155751671  6146	461
155751671  6157	462
155751704  6167	462
155751704  6177	462
155751704  6188	462
155751737  6199	463
155751737  6209	463
155751737  6219	462
155751737  6230	462
155751770  6241	462
155751770  6251	462
155751770  6261	462
155751803  6272	461
155751803  6282	462
155751803  6293	463
155751836  6303	463
155751836  6313	463
155751836  6324	462
155751869  6335	462
155751869  6345	463
155751869  6355	463
155751902  6366	462
155751902  6377	463
155751902  6387	463
155751902  6397	462
155751936  6408	463
155751936  6419	463
155751936  6429	463
155751969  6439	462
155751969  6450	462
155751969  6460	463
155752002  6471	462
155752002  6481	462
155752002  6492	462
155752035  6502	462
155752035  6513	462
155752035  6523	462
155752068  6534	461
155752068  6544	463
155752068  6555	463
155752068  6565	462
155752101  6576	463
155752101  6586	463
155752101  6597	463
155752135  6607	462
155752135  6618	463
155752135  6628	463
155752168  6638	463
155752168  6649	462
155752168  6660	462
155752201  6670	463
155752201  6680	463
155752201  6691	462
155752234  6702	463
155752234  6712	463
155752234  6722	463
155752234  6733	463
155752267  6744	462
155752267  6754	463
155752267  6764	463
155752300  6775	463
155752300  6786	463
155752300  6796	463
155752333  6806	463
155752333  6816	463
155752333  6828	463
155752366  6838	463
155752366  6848	463
155752366  6858	463
155752399  6870	463
155752399  6880	463
155752399  6890	462
155752399  6900	462
155752432  6912	464
155752432  6922	464
155752432  6932	464
155752465  6942	463
155752465  6953	463
155752465  6964	463
155752499  6974	464
155752499  6984	463
155752499  6994	463
155752532  7006	463
155752532  7016	462
155752532  7026	463
155752565  7036	462
155752565  7048	462
155752565  7058	462
155752565  7068	463
155752598  7078	462
155752598  7090	463
155752598  7100	462
155752631  7110	463
155752631  7120	463
155752631  7131	462
155752664  7142	462
155752664  7152	462
155752664  7162	463
155752730  7173	462
155752730  7184	462
155752730  7194	463
155752763  7204	462
155752763  7215	463
155752763  7226	463
155752763  7236	462
155752796  7246	462
155752796  7257	463
155752796  7268	463
155752830  7278	464
155752830  7288	463
155752830  7299	463
155752863  7309	463
155752863  7320	464
155752863  7330	464
155752896  7341	464
155752896  7351	464
155752896  7362	464
155752929  7372	463
155752929  7383	463
155752929  7393	464
155752929  7404	464
155752962  7414	463
155752962  7425	463
155752962  7435	464
155752995  7446	464
155752995  7456	464
155752995  7467	464
155753028  7477	464
155753028  7487	464
155753028  7498	464
155753061  7508	464
155753061  7519	463
155753061  7529	464
155753094  7540	465
155753094  7550	464
155753094  7561	464
155753094  7571	463
155753127  7582	464
155753127  7592	464
155753127  7603	463
155753161  7613	464
155753161  7624	463
155753161  7634	464
155753194  7645	464
155753194  7655	464
155753194  7665	465
155753227  7676	464
155753227  7687	464
155753227  7697	464
155753260  7707	464
155753260  7718	464
155753260  7729	464
155753260  7739	464
155753293  7749	465
155753293  7760	465
155753293  7771	465
155753326  7781	465
155753326  7791	464
155753326  7802	463
155753359  7813	463
155753359  7823	463
155753359  7833	462
155753392  7843	463
155753392  7855	463
155753392  7865	463
155753425  7875	463
155753425  7885	463
155753425  7897	464
155753425  7907	464
155753459  7917	463
155753459  7927	464
155753459  7939	463
155753492  7949	463
155753492  7959	463
155753492  7969	464
155753525  7980	464
155753525  7991	465
155753525  8001	465
155753558  8011	465
155753558  8022	465
155753558  8033	465
155753591  8043	464
155753591  8053	464
155753591  8064	464
155753591  8075	465
155753624  8085	464
155753624  8095	464
155753624  8105	464
155753657  8117	465
155753657  8127	464
155753657  8137	464
155753690  8147	464
155753690  8158	464
155753690  8169	464
155753723  8179	464
155753723  8189	464
155753723  8200	464
155753756  8211	465
155753756  8221	464
155753756  8231	464
155753756  8242	464
155753790  8253	464
155753790  8263	463
155753790  8273	463
155753823  8284	463
155753823  8295	464
155753823  8305	464
155753856  8315	465
155753856  8326	465
155753856  8336	464
155753889  8347	464
155753889  8357	464
155753889  8368	464
155753922  8378	464
155753922  8389	464
155753922  8399	465
155753922  8410	464
155753955  8420	464
155753955  8431	464
155753955  8441	464
155753988  8452	465
155753988  8462	464
155753988  8473	465
155754021  8483	465
155754021  8494	465
155754021  8504	465
155754054  8514	465
155754054  8525	465
155754054  8536	465
155754087  8546	465
155754087  8556	464
155754087  8567	464
155754087  8578	464
155754121  8588	464
155754121  8598	464
155754121  8609	464
155754154  8620	465
155754154  8630	464
155754154  8640	465
155754187  8650	465
155754187  8662	465
155754187  8672	465
155754253  8682	465
155754253  8692	466
155754253  8704	465
155754286  8714	465
155754286  8724	464
155754286  8734	464
155754286  8745	464
155754319  8756	464
155754319  8766	464
155754319  8776	464
155754353  8787	464
155754353  8798	465
155754353  8808	465
155754385  8818	464
155754385  8828	463
155754385  8840	464
155754419  8850	464
155754419  8860	464
155754419  8870	465
155754452  8882	464
155754452  8892	465
155754452  8902	465
155754452  8912	465
155754485  8924	466
155754485  8934	466
155754485  8944	465
155754518  8954	465
155754518  8966	465
155754518  8976	464
155754551  8986	466
155754551  8996	466
155754551  9007	465
155754584  9018	465
155754584  9028	466
155754584  9038	465
155754617  9049	466
155754617  9060	466
155754617  9070	466
155754617  9080	465
155754650  9091	465
155754650  9102	466
155754650  9112	465
155754683  9122	465
155754683  9133	466
155754683  9144	465
155754716  9154	466
155754716  9164	465
155754716  9175	467
155754750  9185	466
155754750  9196	466
155754750  9206	466
155754783  9217	466
155754783  9227	467
155754783  9238	466
155754783  9248	467
155754816  9259	466
155754816  9269	466
155754816  9280	467
155754849  9290	468
155754849  9300	468
155754849  9311	467
155754882  9321	467
155754882  9332	466
155754882  9342	466
155754915  9353	466
155754915  9363	466
155754915  9374	465
155754948  9384	465
155754948  9395	465
155754948  9405	466
155754948  9416	465
155754981  9426	466
155754981  9437	465
155754981  9447	467
155755014  9458	467
155755014  9468	466
155755014  9479	466
155755047  9489	466
155755047  9499	466
155755047  9510	466
155755081  9521	467
155755081  9531	465
155755081  9541	467
155755114  9552	467
155755114  9563	466
155755114  9573	466
155755114  9583	465
155755147  9594	466
155755147  9605	466
155755147  9615	464
155755180  9625	466
155755180  9636	465
155755180  9647	464
155755213  9657	466
155755213  9667	466
155755213  9677	466
155755246  9689	466
155755246  9699	467
155755246  9709	467
155755279  9719	466
155755279  9731	466
155755279  9741	467
155755279  9751	467
155755312  9761	467
155755312  9773	467
155755312  9783	466
155755345  9793	466
155755345  9803	467
155755345  9815	467
155755378  9825	467
155755378  9835	467
155755378  9845	467
155755412  9856	467
155755412  9867	468
155755412  9877	467
155755445  9887	468
155755445  9897	467
155755445  9909	468
155755445  9919	468
155755478  9929	468
155755478  9939	468
155755478  9951	468
155755511  9961	468
155755511  9971	467
155755511  9981	467
155755544  9993	466
155755544  10003	467
155755544  10013	466
155755577  10023	466
155755577  10035	466
155755577  10045	466
155755610  10055	468
155755610  10065	467
155755610  10077	466
155755643  10087	466
155755643  10097	467
155755643  10108	467
155755676  10119	467
155755676  10129	466
155755676  10139	467
155755709  10150	467
155755709  10161	466
155755709  10171	466
155755776  10182	466
155755776  10192	467
155755776  10203	467
155755776  10213	466
155755776  10224	465
155755842  10234	466
155755842  10245	466
155755842  10255	466
155755875  10266	465
155755875  10276	466
155755875  10287	465
155755908  10298	467
155755908  10308	467
155755908  10318	467
155755941  10329	467
155755941  10340	466
155755941  10350	467
155755974  10360	467
155755974  10372	466
155755974  10382	466
155756007  10392	467
155756007  10402	467
155756007  10414	466
155756007  10424	467

