160929557  0	490
160929590  10	490
160929590  20	490
160929590  30	491
160929623  40	490
160929623  51	489
160929623  61	489
160929656  72	491
160929656  82	490
160929656  93	490
160929689  103	490
160929689  113	490
160929689  123	489
160929722  135	490
160929722  145	490
160929722  155	490
160929755  165	490
160929755  176	490
160929755  187	489
160929788  197	490
160929788  207	490
160929788  218	489
160929788  228	490
160929821  238	491
160929821  249	490
160929821  260	490
160929854  270	491
160929854  280	490
160929854  290	490
160929888  302	490
160929888  312	491
160929888  322	489
160929921  332	490
160929921  343	490
160929921  354	490
160929954  364	489
160929954  374	489
160929954  385	490
160929987  395	490
160929987  406	490
160929987  416	490
160930020  427	489
160930020  437	490
160930020  447	490
160930020  457	490
160930053  468	491
160930053  479	490
160930053  489	491
160930086  499	491
160930086  509	491
160930086  521	490
160930119  531	491
160930119  541	490
160930119  551	490
160930153  562	490
160930153  573	490
160930153  583	490
160930186  593	490
160930186  604	490
160930186  614	490
160930219  624	490
160930219  635	490
160930219  646	490
160930252  656	491
160930252  666	491
160930252  676	490
160930252  688	490
160930285  698	490
160930285  708	491
160930285  718	490
160930318  729	490
160930318  740	489
160930318  750	491
160930351  760	491
160930351  771	491
160930351  781	490
160930385  792	491
160930385  802	491
160930385  813	490
160930418  823	489
160930418  833	491
160930418  843	491
160930451  855	490
160930451  865	491
160930451  875	491
160930484  885	491
160930484  896	490
160930484  907	491
160930484  917	490
160930517  927	490
160930517  937	491
160930517  948	491
160930550  959	491
160930550  969	491
160930550  979	491
160930583  990	491
160930616  1000	491
160930616  1011	491
160930616  1021	491
160930616  1032	491
160930649  1042	491
160930649  1052	491
160930649  1063	492
160930682  1074	490
160930682  1084	490
160930682  1094	491
160930716  1105	490
160930716  1116	490
160930716  1126	490
160930749  1136	491
160930749  1147	492
160930749  1158	491
160930782  1168	491
160930782  1178	490
160930782  1189	491
160930782  1200	491
160930815  1210	490
160930815  1220	491
160930815  1230	491
160930848  1242	490
160930848  1252	491
160930848  1262	490
160930881  1272	490
160930881  1284	490
160930881  1294	490
160930914  1304	489
160930914  1314	490
160930914  1326	490
160930947  1336	490
160930947  1346	490
160930947  1356	489
160930947  1367	491
160930980  1378	490
160930980  1388	490
160930980  1398	491
160931013  1409	491
160931013  1420	491
160931013  1430	491
160931047  1440	490
160931047  1451	490
160931047  1462	491
160931080  1472	490
160931080  1482	490
160931080  1492	491
160931113  1503	490
160931113  1514	490
160931113  1524	489
160931113  1534	490
160931146  1545	490
160931146  1556	490
160931146  1566	489
160931179  1576	489
160931179  1587	490
160931179  1598	491
160931212  1608	490
160931212  1618	490
160931212  1629	490
160931245  1640	490
160931245  1650	490
160931245  1660	489
160931278  1671	489
160931278  1681	489
160931278  1692	489
160931278  1702	489
160931311  1713	489
160931311  1723	490
160931311  1734	489
160931345  1744	490
160931345  1755	490
160931345  1765	491
160931378  1776	490
160931378  1786	491
160931378  1797	490
160931411  1807	489
160931411  1817	490
160931411  1828	490
160931444  1839	491
160931444  1849	490
160931444  1859	490
160931444  1870	490
160931477  1881	491
160931477  1891	490
160931477  1901	490
160931510  1912	491
160931510  1923	491
160931510  1933	490
160931543  1943	490
160931543  1953	491
160931543  1965	490
160931576  1975	490
160931576  1985	490
160931576  1995	490
160931609  2007	490
160931609  2017	489
160931609  2027	489
160931609  2037	490
160931642  2049	490
160931642  2059	490
160931642  2069	490
160931675  2079	490
160931675  2091	490
160931675  2101	491
160931709  2111	490
160931709  2121	490
160931709  2131	490
160931742  2143	491
160931742  2153	491
160931742  2163	491
160931775  2173	490
160931775  2185	491
160931775  2195	491
160931775  2205	490
160931808  2215	490
160931808  2227	490
160931808  2237	491
160931841  2247	490
160931841  2257	491
160931841  2269	491
160931907  2279	491
160931907  2289	491
160931907  2299	491
160931940  2310	490
160931940  2321	491
160931940  2331	490
160931973  2341	490
160931973  2352	491
160931973  2363	491
160931973  2373	491
160932007  2383	491
160932007  2394	491
160932007  2405	490
160932040  2415	491
160932040  2425	490
160932040  2436	491
160932073  2446	491
160932073  2457	491
160932073  2467	491
160932106  2478	491
160932106  2488	491
160932106  2499	491
160932139  2509	491
160932139  2520	491
160932139  2530	491
160932139  2541	491
160932172  2551	491
160932172  2562	491
160932172  2572	491
160932205  2583	490
160932205  2593	491
160932205  2604	491
160932238  2614	491
160932238  2624	492
160932238  2635	492
160932272  2646	492
160932272  2656	491
160932272  2666	492
160932305  2677	492
160932305  2688	492
160932305  2698	492
160932305  2708	492
160932338  2719	492
160932338  2729	492
160932338  2740	492
160932371  2750	492
160932371  2760	491
160932371  2771	491
160932404  2782	492
160932404  2792	492
160932404  2802	492
160932437  2813	492
160932437  2824	492
160932437  2834	491
160932470  2844	492
160932470  2855	492
160932470  2866	492
160932470  2876	491
160932503  2886	492
160932503  2897	491
160932503  2908	491
160932536  2918	491
160932536  2928	492
160932536  2938	492
160932569  2950	492
160932569  2960	491
160932569  2970	493
160932603  2980	492
160932603  2992	492
160932603  3002	491
160932636  3012	491
160932636  3022	492
160932636  3034	491
160932636  3044	491
160932669  3054	492
160932669  3064	492
160932669  3076	491
160932702  3086	492
160932702  3096	492
160932702  3106	492
160932735  3117	493
160932735  3128	492
160932735  3138	492
160932768  3148	492
160932768  3159	492
160932768  3170	492
160932801  3180	492
160932801  3190	492
160932801  3201	492
160932801  3212	493
160932834  3222	492
160932834  3232	491
160932834  3243	492
160932867  3253	492
160932867  3264	492
160932867  3274	493
160932900  3284	492
160932900  3295	491
160932900  3306	492
160932933  3316	492
160932933  3326	492
160932933  3337	492
160932967  3348	492
160932967  3358	492
160932967  3368	492
160932967  3379	492
160933000  3390	492
160933000  3400	492
160933000  3410	491
160933033  3421	492
160933033  3431	492
160933033  3442	492
160933066  3452	492
160933066  3463	492
160933066  3473	491
160933099  3484	492
160933099  3494	491
160933099  3505	491
160933132  3515	492
160933132  3526	492
160933132  3536	492
160933132  3547	491
160933165  3557	492
160933165  3568	492
160933165  3578	491
160933198  3589	492
160933198  3599	492
160933198  3609	491
160933231  3620	492
160933231  3631	492
160933231  3641	492
160933265  3651	491
160933265  3662	491
160933265  3673	492
160933298  3683	492
160933298  3693	492
160933298  3704	492
160933298  3715	491
160933364  3725	492
160933364  3735	491
160933364  3745	492
160933397  3757	492
160933397  3767	491
160933397  3777	491
160933430  3787	491
160933430  3799	492
160933430  3809	492
160933463  3819	492
160933463  3829	491
160933463  3841	492
160933496  3851	491
160933496  3861	492
160933496  3871	492
160933496  3883	491
160933531  3893	492
160933531  3903	492
160933531  3913	492
160933562  3923	492
160933562  3935	492
160933562  3945	493
160933596  3955	492
160933596  3965	492
160933596  3977	491
160933629  3987	492
160933629  3997	492
160933629  4007	492
160933662  4019	492
160933662  4029	492
160933662  4039	492
160933662  4049	492
160933695  4061	492
160933695  4071	491
160933695  4081	492
160933728  4091	491
160933728  4102	492
160933728  4113	492
160933761  4123	492
160933761  4133	492
160933761  4144	493
160933794  4155	492
160933794  4165	492
160933794  4175	493
160933827  4186	493
160933827  4197	491
160933827  4207	492
160933827  4217	492
160933860  4228	492
160933860  4239	491
160933860  4249	491
160933893  4259	492
160933893  4270	491
160933893  4280	492
160933927  4291	492
160933927  4301	491
160933927  4312	492
160933960  4322	492
160933960  4333	492
160933960  4343	491
160933993  4354	491
160933993  4364	491
160933993  4375	491
160933993  4385	491
160934026  4396	491
160934026  4406	493
160934026  4417	493
160934059  4427	492
160934059  4438	492
160934059  4448	492
160934092  4458	492
160934092  4469	492
160934092  4480	493
160934125  4490	492
160934125  4500	492
160934125  4511	492
160934158  4521	493
160934158  4532	492
160934158  4542	492
160934158  4553	492
160934191  4563	492
160934191  4574	493
160934191  4584	491
160934224  4594	491
160934224  4605	492
160934224  4616	491
160934258  4626	492
160934258  4636	492
160934258  4647	492
160934291  4658	492
160934291  4668	492
160934291  4678	492
160934324  4689	493
160934324  4700	492
160934324  4710	493
160934324  4720	493
160934357  4731	492
160934357  4742	492
160934357  4752	492
160934390  4762	493
160934390  4772	493
160934390  4784	492
160934423  4794	493
160934423  4804	492
160934423  4814	493
160934456  4826	493
160934456  4836	493
160934456  4846	492
160934489  4856	493
160934489  4868	492
160934489  4878	493
160934489  4888	493
160934523  4898	493
160934523  4910	493
160934523  4920	493
160934556  4930	492
160934556  4940	493
160934556  4951	494
160934589  4962	492
160934589  4972	494
160934589  4982	493
160934622  4993	493
160934622  5004	492
160934622  5014	492
160934655  5024	493
160934655  5035	493
160934655  5046	493
160934655  5056	492
160934688  5066	492
160934688  5076	493
160934688  5088	493
160934721  5098	493
160934721  5108	492
160934721  5118	493
160934754  5129	493
160934754  5140	493
160934754  5150	493
160934787  5160	493
160934787  5171	493
160934787  5182	493
160934820  5192	493
160934820  5202	493
160934820  5213	492
160934820  5224	493
160934887  5234	493
160934887  5244	492
160934887  5255	492
160934920  5266	493
160934920  5276	493
160934920  5286	493
160934953  5297	493
160934953  5307	492
160934953  5318	492
160934986  5328	492
160934986  5339	493
160934986  5349	492
160935019  5360	492
160935019  5370	491
160935019  5381	492
160935019  5391	492
160935052  5402	493
160935052  5412	493
160935052  5423	492
160935085  5433	493
160935085  5443	493
160935085  5454	493
160935118  5465	492
160935118  5475	492
160935118  5485	493
160935151  5496	493
160935151  5507	493
160935151  5517	493
160935184  5527	492
160935184  5538	493
160935184  5549	493
160935184  5559	492
160935218  5569	492
160935218  5580	493
160935218  5591	492
160935251  5601	493
160935251  5611	492
160935251  5621	493
160935284  5633	492
160935284  5643	493
160935284  5653	493
160935317  5663	493
160935317  5675	493
160935317  5685	494
160935351  5695	492
160935351  5705	492
160935351  5716	493
160935351  5727	494
160935384  5737	493
160935384  5747	492
160935384  5758	492
160935417  5769	492
160935417  5779	493
160935417  5789	492
160935450  5799	492
160935450  5811	493
160935450  5821	493
160935484  5831	492
160935484  5841	493
160935484  5853	493
160935517  5863	492
160935517  5873	492
160935517  5883	492
160935517  5895	491
160935550  5905	492
160935550  5915	491
160935550  5925	492
160935583  5937	493
160935583  5947	492
160935583  5957	493
160935617  5967	492
160935617  5978	492
160935617  5989	492
160935649  5999	493
160935649  6009	492
160935649  6020	492
160935682  6031	492
160935682  6041	492
160935682  6051	493
160935682  6062	492
160935716  6073	493
160935716  6083	493
160935716  6093	493
160935749  6104	493
160935749  6115	492
160935749  6125	493
160935782  6135	493
160935782  6146	492
160935782  6156	493
160935815  6167	493
160935815  6177	493
160935815  6188	492
160935848  6198	493
160935848  6209	493
160935848  6219	493
160935848  6230	493
160935881  6240	493
160935881  6251	493
160935881  6261	493
160935914  6272	494
160935914  6282	493
160935914  6292	493
160935947  6303	494
160935947  6313	494
160935947  6324	494
160935980  6334	493
160935980  6345	494
160935980  6355	494
160936013  6366	493
160936013  6376	493
160936013  6387	493
160936013  6397	494
160936047  6408	494
160936047  6418	493
160936047  6429	493
160936080  6439	494
160936080  6450	493
160936080  6460	493
160936114  6470	494
160936114  6481	494
160936114  6492	494
160936147  6502	493
160936147  6512	493
160936147  6523	494
160936180  6534	494
160936180  6544	493
160936180  6554	493
160936180  6565	494
160936213  6576	494
160936213  6586	493
160936213  6596	494
160936246  6607	494
160936246  6618	494
160936246  6628	494
160936279  6638	494
160936279  6648	493
160936279  6660	493
160936312  6670	494
160936312  6680	494
160936312  6690	494
160936345  6702	493
160936345  6712	494
160936345  6722	494
160936345  6732	495
160936411  6744	494
160936411  6754	494
160936411  6764	494
160936411  6774	494
160936411  6786	494
160936411  6796	494
160936478  6806	494
160936478  6816	494
160936478  6827	494
160936511  6838	494
160936511  6848	493
160936511  6858	494
160936544  6868	494
160936544  6880	493
160936544  6890	494
160936544  6900	494
160936577  6910	495
160936577  6922	494
160936577  6932	495
160936610  6942	494
160936610  6952	494
160936610  6963	495
160936643  6974	494
160936643  6984	494
160936643  6994	493
160936676  7005	494
160936676  7016	495
160936676  7026	494
160936710  7036	494
160936710  7047	494
160936710  7058	494
160936710  7068	495
160936743  7078	494
160936743  7089	495
160936743  7100	495
160936776  7110	494
160936776  7120	495
160936776  7131	495
160936809  7141	494
160936809  7152	494
160936809  7162	495
160936842  7173	495
160936842  7183	494
160936842  7194	494
160936875  7204	494
160936875  7215	494
160936875  7225	494
160936875  7236	494
160936909  7246	494
160936909  7257	494
160936909  7267	494
160936942  7278	494
160936942  7288	495
160936942  7299	494
160936975  7309	494
160936975  7319	494
160936975  7330	494
160937008  7341	494
160937008  7351	494
160937008  7361	494
160937041  7372	494
160937041  7383	495
160937041  7393	494
160937041  7403	494
160937074  7414	494
160937074  7425	495
160937074  7435	495
160937107  7445	495
160937107  7456	495
160937107  7467	494
160937140  7477	494
160937140  7487	494
160937140  7497	495
160937173  7508	495
160937173  7519	495
160937173  7529	493
160937206  7539	494
160937206  7550	495
160937206  7561	495
160937206  7571	495
160937240  7581	494
160937240  7592	494
160937240  7603	494
160937273  7613	494
160937273  7623	494
160937273  7634	495
160937306  7645	494
160937306  7655	495
160937306  7665	495
160937339  7675	495
160937339  7687	493
160937339  7697	494
160937372  7707	494
160937372  7717	494
160937372  7729	494
160937372  7739	494
160937405  7749	494
160937405  7759	494
160937405  7771	495
160937438  7781	495
160937438  7791	495
160937438  7801	494
160937471  7813	494
160937471  7823	494
160937471  7833	494
160937504  7843	494
160937504  7854	494
160937504  7865	493
160937538  7875	493
160937538  7885	493
160937538  7896	494
160937538  7907	494
160937571  7917	493
160937571  7927	494
160937571  7938	494
160937604  7949	494
160937604  7959	494
160937604  7969	494
160937637  7980	494
160937637  7990	494
160937637  8001	494
160937670  8011	494
160937670  8022	493
160937670  8032	494
160937703  8043	494
160937703  8053	494
160937703  8064	493
160937703  8074	494
160937736  8085	493
160937736  8095	494
160937736  8105	495
160937769  8116	494
160937769  8127	495
160937769  8137	494
160937803  8147	494
160937803  8158	495
160937803  8168	495
160937836  8179	494
160937836  8189	494
160937836  8200	495
160937869  8210	495
160937869  8221	495
160937869  8231	493
160937869  8242	494
160937902  8252	494
160937902  8263	495
160937902  8273	495
160937968  8284	493
160937968  8294	493
160937968  8305	493
160938001  8315	494
160938001  8326	494
160938001  8336	494
160938034  8346	493
160938034  8357	493
160938034  8368	494
160938067  8378	495
160938067  8388	494
160938067  8399	494
160938067  8410	493
160938101  8420	494
160938101  8430	494
160938101  8441	494
160938134  8452	494
160938134  8462	493
160938134  8472	495
160938167  8483	495
160938167  8494	494
160938167  8504	494
160938200  8514	494
160938200  8524	495
160938200  8536	495
160938233  8546	495
160938233  8556	495
160938233  8566	495
160938233  8578	495
160938266  8588	495
160938266  8598	495
160938266  8608	495
160938299  8620	494
160938299  8630	494
160938299  8640	494
160938332  8650	495
160938332  8660	494
160938332  8672	494
160938365  8682	494
160938365  8692	494
160938365  8702	495
160938398  8714	494
160938398  8724	495
160938398  8734	494
160938398  8744	494
160938432  8756	495
160938432  8766	494
160938432  8776	495
160938465  8786	494
160938465  8798	495
160938465  8808	493
160938498  8818	494
160938498  8828	495
160938498  8839	495
160938531  8850	495
160938531  8860	493
160938531  8870	495
160938564  8881	495
160938564  8892	495
160938564  8902	495
160938564  8912	494
160938597  8923	496
160938597  8934	494
160938597  8944	495
160938631  8954	495
160938631  8965	494
160938631  8976	494
160938663  8986	495
160938663  8996	495
160938663  9007	495
160938696  9017	494
160938696  9028	495
160938696  9038	494
160938730  9049	495
160938730  9059	495
160938730  9070	494
160938730  9080	494
160938763  9091	495
160938763  9101	495
160938763  9112	494
160938796  9122	495
160938796  9133	495
160938796  9143	494
160938829  9154	494
160938829  9164	495
160938829  9175	494
160938862  9185	494
160938862  9195	494
160938862  9206	494
160938895  9217	494
160938895  9227	494
160938895  9237	494
160938895  9248	494
160938928  9259	495
160938928  9269	495
160938928  9279	494
160938961  9290	494
160938961  9300	494
160938961  9311	494
160938994  9321	495
160938994  9332	494
160938994  9342	495
160939028  9353	495
160939028  9363	495
160939028  9373	494
160939061  9384	494
160939061  9395	494
160939061  9405	496
160939061  9415	495
160939094  9426	494
160939094  9437	494
160939094  9447	495
160939129  9457	495
160939129  9468	494
160939129  9479	494
160939160  9489	494
160939160  9499	495
160939160  9509	494
160939193  9521	494
160939193  9531	493
160939193  9541	495
160939226  9551	495
160939226  9563	494
160939226  9573	494
160939226  9583	494
160939259  9593	495
160939259  9605	494
160939259  9615	495
160939292  9625	494
160939292  9635	495
160939292  9647	495
160939325  9657	495
160939325  9667	494
160939325  9677	494
160939359  9688	495
160939359  9699	495
160939359  9709	494
160939392  9719	495
160939392  9730	494
160939392  9741	495
160939392  9751	495
160939425  9761	494
160939425  9772	494
160939425  9783	494
160939491  9793	495
160939491  9803	494
160939491  9814	494
160939524  9825	494
160939524  9835	494
160939524  9845	495
160939557  9856	494
160939557  9866	494
160939557  9877	495
160939590  9887	495
160939590  9897	494
160939590  9908	494
160939590  9919	494
160939623  9929	494
160939623  9939	495
160939623  9950	494
160939656  9961	494
160939656  9971	494
160939656  9981	494
160939690  9992	495
160939690  10003	494
160939690  10013	494
160939733  10023	495
160939733  10034	494
160939733  10045	494
160939733  10055	494
160939733  10065	494
160939733  10076	494
160939766  10087	494
160939766  10097	493
160939766  10107	494
160939799  10119	494
160939799  10129	494
160939799  10139	494
160939832  10149	495
160939832  10161	494
160939832  10171	494
160939865  10181	494
160939865  10192	494
160939865  10203	494
160939898  10213	495
160939898  10223	494
160939931  10234	494
160939931  10245	494
160939931  10255	495
160939966  10266	494
160939966  10276	494
160939966  10287	494
160939997  10297	493
160939997  10308	494
160939997  10318	494
160940064  10329	494
160940064  10339	494
160940064  10350	494
160940097  10360	494
160940097  10371	494
160940097  10382	494
160940130  10392	494
160940130  10402	494
160940130  10413	494
160940130  10424	495

