
160246923  10	513
160246923  20	513
160246956  30	513
160246956  40	513
160246956  51	512
160246989  61	513
160246989  72	512
160246989  82	511
160247022  93	510
160247022  103	508
160247022  113	509
160247056  123	508
160247056  135	508
160247056  145	509
160247089  155	509
160247089  165	511
160247089  176	511
160247122  187	512
160247122  197	513
160247122  207	513
160247155  218	513
160247155  228	513
160247155  238	513
160247188  249	514
160247188  260	514
160247188  270	515
160247188  280	514
160247221  290	514
160247221  302	514
160247221  312	514
160247254  322	512
160247254  332	512
160247254  343	509
160247287  354	510
160247287  364	510
160247287  374	510
160247320  385	510
160247320  395	509
160247320  406	497
160247354  416	499
160247354  427	508
160247354  437	510
160247387  447	512
160247387  457	512
160247387  468	513
160247420  479	512
160247420  489	514
160247420  499	513
160247420  509	514
160247453  521	513
160247453  531	474
160247453  541	458
160247486  551	447
160247486  562	427
160247486  573	434
160247519  583	445
160247519  593	460
160247519  604	470
160247552  614	460
160247552  624	468
160247552  635	474
160247585  646	474
160247585  656	467
160247585  666	471
160247618  676	493
160247618  688	515
160247618  698	516
160247651  708	514
160247651  718	513
160247651  729	472
160247651  740	495
160247684  750	497
160247684  760	514
160247684  771	514
160247718  781	512
160247718  792	511
160247718  802	513
160247751  813	513
160247751  823	513
160247751  833	514
160247784  843	511
160247784  855	511
160247784  865	510
160247817  875	511
160247817  885	510
160247817  896	510
160247850  907	511
160247850  917	513
160247850  927	514
160247883  937	514
160247883  948	514
160247883  959	515
160247883  969	514
160247916  979	514
160247916  990	514
160247949  1000	425
160247949  1011	514
160247949  1021	498
160247949  1032	513
160247982  1042	510
160247982  1052	514
160247982  1063	509
160248015  1074	469
160248015  1084	483
160248015  1094	513
160248049  1105	513
160248049  1116	496
160248049  1126	512
160248082  1136	513
160248082  1147	514
160248082  1158	516
160248115  1168	514
160248115  1178	515
160248115  1189	514
160248115  1200	514
160248148  1210	515
160248148  1220	514
160248148  1230	499
160248181  1242	514
160248181  1252	514
160248181  1262	514
160248214  1272	513
160248214  1284	512
160248214  1294	514
160248247  1304	489
160248247  1314	513
160248247  1326	515
160248280  1336	515
160248280  1346	515
160248280  1356	513
160248280  1368	514
160248313  1378	515
160248313  1388	518
160248313  1398	491
160248346  1409	514
160248346  1420	515
160248346  1430	515
160248380  1440	516
160248380  1451	502
160248380  1462	517
160248413  1472	516
160248413  1482	516
160248413  1492	518
160248446  1504	516
160248446  1514	515
160248446  1524	516
160248446  1534	515
160248479  1546	516
160248479  1556	517
160248479  1566	516
160248512  1576	515
160248512  1587	516
160248512  1598	516
160248545  1608	516
160248545  1618	517
160248545  1629	517
160248611  1640	430
160248611  1650	514
160248611  1660	516
160248644  1671	515
160248644  1682	515
160248644  1692	516
160248644  1702	517
160248677  1713	496
160248677  1723	492
160248677  1734	515
160248710  1744	513
160248710  1755	511
160248710  1765	515
160248744  1776	515
160248744  1786	515
160248744  1797	516
160248777  1807	516
160248777  1818	515
160248777  1828	517
160248810  1839	516
160248810  1849	517
160248810  1860	517
160248810  1870	517
160248843  1881	517
160248843  1891	516
160248843  1901	515
160248876  1912	517
160248876  1923	515
160248876  1933	517
160248909  1943	514
160248909  1954	514
160248909  1965	515
160248942  1975	516
160248942  1985	516
160248942  1996	515
160248975  2007	516
160248975  2017	514
160248975  2027	516
160248975  2038	515
160249008  2049	515
160249008  2059	516
160249008  2069	515
160249041  2079	516
160249041  2091	516
160249041  2101	516
160249075  2111	516
160249075  2121	516
160249075  2132	503
160249108  2143	515
160249108  2153	515
160249108  2163	516
160249141  2174	514
160249141  2185	515
160249141  2195	515
160249141  2205	515
160249174  2216	515
160249174  2227	514
160249174  2237	514
160249207  2247	514
160249207  2257	514
160249207  2269	516
160249241  2279	515
160249241  2289	516
160249241  2299	515
160249274  2311	515
160249274  2321	516
160249274  2331	516
160249307  2341	518
160249307  2353	517
160249307  2363	515
160249307  2373	516
160249340  2383	515
160249340  2395	515
160249340  2405	515
160249373  2415	515
160249373  2425	515
160249373  2436	516
160249406  2447	516
160249406  2457	516
160249406  2467	516
160249439  2478	515
160249439  2489	516
160249439  2499	516
160249472  2509	516
160249472  2520	516
160249472  2531	516
160249472  2541	526
160249505  2551	517
160249505  2562	517
160249505  2572	481
160249538  2583	520
160249538  2593	517
160249538  2604	516
160249572  2614	516
160249572  2625	517
160249572  2635	515
160249605  2646	516
160249605  2656	516
160249605  2667	516
160249638  2677	517
160249638  2688	516
160249638  2698	517
160249638  2709	516
160249671  2719	516
160249671  2729	503
160249671  2740	486
160249704  2750	473
160249704  2761	516
160249704  2771	515
160249737  2782	516
160249737  2792	512
160249737  2803	518
160249770  2813	499
160249770  2824	515
160249770  2834	501
160249803  2845	500
160249803  2855	501
160249803  2866	494
160249803  2876	488
160249836  2887	502
160249836  2897	426
160249836  2908	455
160249870  2918	508
160249870  2928	516
160249870  2939	517
160249903  2950	514
160249903  2960	516
160249903  2970	516
160249936  2981	502
160249936  2992	490
160249936  3002	495
160249969  3012	517
160249969  3023	505
160249969  3034	514
160249969  3044	517
160250004  3054	517
160250004  3065	516
160250004  3076	513
160250035  3086	517
160250035  3096	516
160250035  3106	516
160250101  3118	511
160250101  3128	516
160250101  3138	517
160250134  3148	518
160250134  3160	518
160250134  3170	517
160250167  3180	516
160250167  3190	514
160250167  3202	517
160250167  3212	517
160250200  3222	516
160250200  3232	517
160250200  3243	493
160250234  3254	513
160250234  3264	517
160250234  3274	517
160250267  3284	517
160250267  3296	517
160250267  3306	518
160250300  3316	517
160250300  3326	516
160250300  3338	515
160250333  3348	496
160250333  3358	487
160250333  3368	507
160250333  3380	510
160250366  3390	485
160250366  3400	511
160250366  3410	477
160250399  3421	511
160250399  3432	514
160250399  3442	513
160250432  3452	517
160250432  3463	515
160250432  3474	510
160250466  3484	507
160250466  3494	499
160250466  3505	516
160250499  3516	449
160250499  3526	462
160250499  3536	496
160250499  3547	517
160250532  3558	517
160250532  3568	517
160250532  3578	517
160250565  3589	515
160250565  3599	516
160250565  3610	517
160250598  3620	516
160250598  3631	512
160250598  3641	516
160250632  3652	513
160250632  3662	517
160250632  3673	517
160250665  3683	518
160250665  3694	516
160250665  3704	516
160250665  3715	516
160250698  3725	516
160250698  3736	516
160250698  3746	518
160250731  3757	515
160250731  3767	517
160250731  3777	515
160250764  3788	515
160250764  3799	506
160250764  3809	512
160250797  3819	511
160250797  3830	511
160250797  3841	515
160250830  3851	516
160250830  3861	515
160250830  3872	517
160250830  3883	515
160250863  3893	516
160250863  3903	516
160250863  3913	518
160250896  3924	519
160250896  3935	519
160250896  3945	519
160250929  3955	518
160250929  3966	518
160250929  3977	518
160250964  3987	518
160250964  3997	517
160250964  4008	515
160250996  4019	505
160250996  4029	512
160250996  4039	519
160250996  4050	518
160251029  4061	517
160251029  4071	516
160251029  4081	490
160251062  4091	514
160251062  4103	514
160251062  4113	515
160251095  4123	515
160251095  4133	516
160251095  4145	515
160251128  4155	517
160251128  4165	519
160251128  4175	518
160251161  4187	519
160251161  4197	519
160251161  4207	518
160251161  4217	518
160251194  4229	519
160251194  4239	518
160251194  4249	518
160251227  4259	518
160251227  4270	518
160251227  4281	518
160251260  4291	519
160251260  4301	519
160251260  4312	518
160251293  4323	518
160251293  4333	517
160251293  4343	517
160251327  4354	516
160251327  4365	517
160251327  4375	516
160251327  4385	517
160251360  4396	517
160251360  4407	517
160251360  4417	518
160251393  4427	518
160251393  4438	519
160251393  4448	519
160251426  4459	519
160251426  4469	517
160251426  4480	517
160251459  4490	518
160251459  4501	517
160251459  4511	518
160251492  4521	519
160251492  4532	519
160251492  4543	518
160251492  4553	518
160251525  4563	518
160251525  4574	517
160251525  4585	518
160251558  4595	518
160251558  4605	518
160251558  4616	517
160251591  4626	517
160251591  4637	518
160251591  4647	518
160251658  4658	517
160251658  4668	517
160251658  4679	517
160251691  4689	515
160251691  4700	516
160251691  4710	517
160251691  4721	514
160251724  4731	515
160251724  4742	516
160251724  4752	516
160251757  4762	517
160251757  4773	516
160251757  4784	517
160251790  4794	517
160251790  4804	519
160251790  4815	518
160251823  4826	494
160251823  4836	517
160251823  4846	515
160251856  4857	518
160251856  4868	517
160251856  4878	517
160251856  4888	517
160251889  4899	517
160251889  4910	518
160251889  4920	521
160251922  4930	519
160251922  4940	518
160251922  4952	519
160251955  4962	518
160251955  4972	518
160251955  4982	519
160251989  4994	518
160251989  5004	518
160251989  5014	517
160252022  5024	518
160252022  5036	520
160252022  5046	519
160252022  5056	521
160252055  5066	518
160252055  5078	505
160252055  5088	518
160252088  5098	517
160252088  5108	509
160252088  5118	515
160252121  5130	517
160252121  5140	517
160252121  5150	500
160252154  5160	504
160252154  5172	515
160252154  5182	515
160252187  5192	498
160252187  5202	518
160252187  5214	518
160252187  5224	517
160252220  5234	464
160252220  5244	516
160252220  5256	514
160252253  5266	518
160252253  5276	517
160252253  5286	507
160252286  5297	498
160252286  5308	506
160252286  5318	507
160252320  5328	507
160252320  5339	505
160252320  5350	506
160252353  5360	517
160252353  5370	517
160252353  5381	517
160252353  5392	491
160252386  5402	518
160252386  5412	520
160252386  5423	520
160252419  5434	518
160252419  5444	449
160252419  5454	520
160252452  5465	515
160252452  5475	519
160252452  5486	517
160252485  5496	518
160252485  5507	518
160252485  5517	517
160252518  5528	517
160252518  5538	518
160252518  5549	520
160252518  5559	520
160252551  5570	521
160252551  5580	519
160252551  5591	519
160252584  5601	518
160252584  5612	519
160252584  5622	517
160252617  5633	518
160252617  5643	519
160252617  5653	520
160252651  5664	520
160252651  5675	508
160252651  5685	497
160252684  5695	519
160252684  5706	519
160252684  5716	519
160252684  5727	519
160252717  5737	518
160252717  5748	519
160252717  5758	518
160252750  5769	518
160252750  5779	518
160252750  5789	519
160252783  5800	520
160252783  5811	520
160252783  5821	520
160252816  5831	519
160252816  5842	519
160252816  5853	519
160252849  5863	518
160252849  5873	517
160252849  5884	518
160252849  5895	518
160252882  5905	518
160252882  5915	518
160252882  5926	519
160252915  5937	519
160252915  5947	520
160252915  5957	520
160252948  5967	520
160252948  5979	517
160252948  5989	518
160252982  5999	516
160252982  6009	518
160252982  6021	519
160253015  6031	519
160253015  6041	519
160253015  6051	519
160253015  6063	520
160253048  6073	521
160253048  6083	520
160253048  6093	519
160253114  6105	519
160253114  6115	519
160253114  6125	519
160253147  6135	519
160253147  6146	520
160253147  6157	519
160253180  6167	519
160253180  6177	520
160253180  6188	521
160253213  6199	521
160253213  6209	520
160253213  6219	520
160253213  6230	521
160253246  6241	520
160253246  6251	520
160253246  6261	521
160253279  6272	520
160253279  6283	520
160253279  6293	521
160253312  6303	520
160253312  6313	521
160253312  6324	520
160253346  6335	521
160253346  6345	520
160253346  6355	520
160253379  6366	518
160253379  6377	518
160253379  6387	518
160253379  6397	520
160253412  6408	520
160253412  6419	520
160253412  6429	522
160253445  6439	521
160253445  6450	522
160253445  6461	521
160253478  6471	520
160253478  6481	521
160253478  6492	521
160253511  6502	520
160253511  6513	520
160253511  6523	521
160253544  6534	521
160253544  6544	522
160253544  6555	522
160253544  6565	523
160253577  6576	523
160253577  6586	521
160253577  6597	520
160253610  6607	520
160253610  6618	520
160253610  6628	521
160253643  6639	522
160253643  6649	522
160253643  6660	522
160253677  6670	522
160253677  6680	523
160253677  6691	522
160253710  6702	522
160253710  6712	521
160253710  6722	521
160253710  6733	520
160253743  6744	520
160253743  6754	521
160253743  6764	521
160253776  6775	520
160253776  6786	521
160253776  6796	521
160253809  6806	521
160253809  6816	522
160253809  6828	522
160253842  6838	521
160253842  6848	520
160253842  6858	520
160253875  6870	519
160253875  6880	520
160253875  6890	518
160253875  6900	516
160253908  6912	518
160253908  6922	519
160253908  6932	519
160253942  6942	519
160253942  6953	520
160253942  6964	520
160253975  6974	520
160253975  6984	519
160253975  6994	519
160254008  7006	520
160254008  7016	521
160254008  7026	521
160254041  7036	520
160254041  7048	518
160254041  7058	501
160254041  7068	476
160254074  7078	520
160254074  7090	519
160254074  7100	516
160254107  7110	512
160254107  7120	505
160254107  7132	496
160254140  7142	499
160254140  7152	499
160254140  7162	502
160254173  7173	500
160254173  7184	515
160254173  7194	518
160254206  7204	520
160254206  7215	459
160254206  7226	515
160254206  7236	510
160254240  7246	508
160254240  7257	496
160254240  7268	467
160254273  7278	469
160254273  7288	470
160254273  7299	468
160254306  7310	473
160254306  7320	472
160254306  7330	465
160254339  7341	467
160254339  7351	471
160254339  7362	468
160254372  7372	469
160254372  7383	468
160254372  7393	467
160254372  7404	471
160254405  7414	482
160254405  7425	484
160254405  7435	486
160254438  7446	493
160254438  7456	499
160254438  7467	503
160254471  7477	506
160254471  7487	507
160254471  7498	504
160254504  7508	503
160254504  7519	502
160254504  7529	502
160254538  7540	502
160254538  7550	500
160254538  7561	503
160254538  7571	503
160254604  7582	503
160254604  7592	504
160254604  7603	504
160254637  7613	503
160254637  7624	507
160254637  7634	507
160254670  7645	503
160254670  7655	508
160254670  7665	509
160254703  7676	510
160254703  7687	509
160254703  7697	510
160254736  7707	511
160254736  7718	510
160254736  7729	512
160254736  7739	509
160254769  7749	509
160254769  7760	508
160254769  7771	509
160254803  7781	510
160254803  7791	510
160254803  7802	508
160254836  7813	512
160254836  7823	508
160254836  7833	512
160254869  7843	512
160254869  7855	513
160254869  7865	512
160254902  7875	511
160254902  7885	515
160254902  7897	514
160254902  7907	515
160254935  7917	515
160254935  7927	514
160254935  7939	513
160254968  7949	514
160254968  7959	513
160254968  7969	514
160255001  7981	511
160255001  7991	503
160255001  8001	506
160255034  8011	506
160255034  8022	506
160255034  8033	510
160255067  8043	512
160255067  8053	511
160255067  8064	513
160255067  8075	512
160255101  8085	512
160255101  8095	513
160255101  8105	512
160255134  8117	519
160255134  8127	514
160255134  8137	511
160255167  8147	511
160255167  8159	513
160255167  8169	512
160255200  8179	513
160255200  8189	516
160255200  8200	519
160255233  8211	513
160255233  8221	510
160255233  8231	511
160255233  8242	506
160255266  8253	508
160255266  8263	511
160255266  8273	519
160255299  8284	520
160255299  8295	519
160255299  8305	518
160255332  8315	519
160255332  8326	519
160255332  8337	521
160255366  8347	520
160255366  8357	520
160255366  8368	520
160255399  8378	522
160255399  8389	522
160255399  8399	520
160255399  8410	520
160255432  8420	521
160255432  8431	522
160255432  8441	521
160255465  8452	521
160255465  8462	520
160255465  8473	520
160255498  8483	521
160255498  8494	520
160255498  8504	521
160255531  8514	521
160255531  8525	520
160255531  8536	521
160255564  8546	521
160255564  8556	521
160255564  8567	520
160255564  8578	520
160255597  8588	513
160255597  8598	500
160255597  8609	521
160255631  8620	518
160255631  8630	522
160255631  8640	521
160255664  8651	521
160255664  8662	519
160255664  8672	520
160255697  8682	521
160255697  8692	520
160255697  8704	521
160255730  8714	522
160255730  8724	521
160255730  8734	522
160255730  8745	455
160255763  8756	520
160255763  8766	522
160255763  8776	522
160255796  8787	509
160255796  8798	523
160255796  8808	516
160255829  8818	530
160255829  8829	522
160255829  8840	523
160255862  8850	523
160255862  8860	522
160255862  8870	523
160255896  8882	523
160255896  8892	523
160255896  8902	523
160255896  8912	523
160255929  8924	523
160255929  8934	522
160255929  8944	523
160255962  8954	523
160255962  8966	523
160255962  8976	523
160255995  8986	523
160255995  8996	519
160255995  9008	519
160256028  9018	522
160256028  9028	521
160256028  9038	524
160256061  9049	523
160256061  9060	524
160256061  9070	524
160256061  9080	525
160256095  9091	522
160256095  9102	521
160256095  9112	524
160256127  9122	523
160256127  9133	522
160256127  9144	523
160256194  9154	512
160256194  9164	521
160256194  9175	518
160256227  9185	523
160256227  9196	521
160256227  9206	524
160256260  9217	524
160256260  9227	524
160256260  9238	524
160256260  9248	526
160256293  9259	523
160256293  9269	524
160256293  9280	525
160256326  9290	514
160256326  9300	524
160256326  9311	524
160256359  9322	524
160256359  9332	525
160256359  9342	525
160256392  9353	525
160256392  9363	525
160256392  9374	526
160256425  9384	525
160256425  9395	525
160256425  9405	525
160256425  9416	525
160256459  9426	526
160256459  9437	526
160256459  9447	525
160256492  9458	525
160256492  9468	525
160256492  9479	525
160256525  9489	525
160256525  9500	526
160256525  9510	525
160256558  9521	525
160256558  9531	518
160256558  9541	525
160256591  9552	525
160256591  9563	523
160256591  9573	524
160256591  9583	523
160256624  9594	523
160256624  9605	523
160256624  9615	517
160256657  9625	523
160256657  9636	505
160256657  9647	517
160256691  9657	517
160256691  9667	522
160256691  9678	523
160256724  9689	521
160256724  9699	524
160256724  9709	524
160256757  9719	524
160256757  9731	524
160256757  9741	524
160256757  9751	524
160256790  9761	525
160256790  9773	523
160256790  9783	525
160256823  9793	525
160256823  9803	522
160256823  9815	523
160256856  9825	523
160256856  9835	523
160256856  9845	523
160256889  9857	521
160256889  9867	518
160256889  9877	511
160256922  9887	523
160256922  9897	521
160256922  9909	523
160256922  9919	523
160256955  9929	523
160256955  9939	523
160256955  9951	523
160256988  9961	523
160256988  9971	519
160256988  9981	519
160257021  9993	520
160257021  10003	515
160257021  10013	522
160257055  10023	523
160257055  10035	524
160257055  10045	525
160257088  10055	523
160257088  10065	525
160257088  10077	523
160257121  10087	525
160257121  10097	525
160257121  10108	524
160257154  10119	524
160257154  10129	524
160257154  10139	523
160257187  10150	524
160257187  10161	524
160257187  10171	525
160257220  10182	525
160257220  10192	526
160257220  10203	526
160257253  10213	525
160257253  10224	526
160257286  10234	524
160257286  10245	525
160257286  10256	524
160257319  10266	524
160257319  10276	525
160257319  10287	525
160257353  10298	526
160257353  10308	525
160257353  10318	526
160257386  10329	526
160257386  10340	527
160257386  10350	525
160257419  10360	527
160257419  10372	526
160257419  10382	527
160257452  10392	527
160257452  10402	526
160257452  10414	527
160257485  10424	525

