163230394  0	463
163230394  10	464
163230394  20	465
163230427  30	465
163230427  40	465
163230427  51	465
163230427  61	465
163230460  72	466
163230460  82	466
163230460  93	467
163230493  103	467
163230493  113	465
163230493  123	465
163230526  135	464
163230526  145	464
163230526  155	464
163230559  165	465
163230559  176	465
163230559  187	465
163230592  197	466
163230592  207	467
163230592  218	466
163230625  228	466
163230625  238	465
163230625  249	464
163230659  260	464
163230659  270	467
163230659  280	466
163230659  290	467
163230692  302	468
163230692  312	468
163230692  322	468
163230725  332	469
163230725  343	467
163230725  354	463
163230758  364	465
163230758  374	465
163230758  385	466
163230791  395	466
163230791  406	466
163230791  416	466
163230824  427	467
163230824  437	465
163230824  447	467
163230857  457	466
163230857  468	467
163230857  479	465
163230890  489	467
163230890  499	467
163230890  509	468
163230890  521	468
163230923  531	468
163230923  541	469
163230923  551	468
163230957  562	469
163230957  573	468
163230957  583	468
163230990  593	467
163230990  604	467
163230990  614	468
163231023  624	466
163231023  635	468
163231023  646	468
163231056  656	468
163231056  666	469
163231056  676	469
163231089  688	468
163231089  698	468
163231089  708	469
163231122  718	468
163231122  729	469
163231122  740	469
163231155  750	468
163231155  760	468
163231155  771	469
163231155  781	470
163231188  792	469
163231188  802	470
163231188  813	470
163231221  823	470
163231221  833	468
163231221  843	467
163231254  855	467
163231254  865	467
163231254  875	469
163231287  885	469
163231287  896	468
163231287  907	469
163231320  917	471
163231320  927	468
163231320  937	469
163231354  948	469
163231354  959	469
163231354  969	467
163231387  979	469
163231387  990	469
163231420  1000	469
163231420  1011	471
163231420  1021	471
163231420  1032	471
163231453  1042	469
163231453  1053	470
163231453  1063	468
163231486  1074	467
163231486  1084	467
163231486  1094	466
163231519  1105	468
163231519  1116	468
163231519  1126	467
163231552  1136	467
163231552  1147	468
163231552  1158	467
163231585  1168	467
163231585  1178	467
163231585  1189	467
163231585  1200	467
163231618  1210	467
163231618  1220	469
163231618  1231	469
163231651  1242	469
163231651  1252	470
163231651  1262	469
163231684  1272	469
163231684  1284	469
163231684  1294	469
163231718  1304	467
163231718  1314	468
163231718  1326	468
163231751  1336	467
163231751  1346	468
163231751  1356	468
163231751  1368	467
163231784  1378	469
163231784  1388	468
163231784  1398	468
163231817  1409	469
163231817  1420	469
163231817  1430	468
163231850  1440	469
163231850  1451	469
163231850  1462	470
163231883  1472	470
163231883  1482	471
163231883  1492	471
163231916  1504	471
163231916  1514	470
163231916  1524	470
163231916  1534	469
163231949  1546	469
163231949  1556	469
163231949  1566	469
163231982  1576	470
163231982  1587	469
163231982  1598	470
163232017  1608	469
163232017  1618	468
163232017  1629	469
163232050  1640	469
163232050  1650	469
163232050  1660	469
163232083  1671	469
163232083  1682	470
163232083  1692	470
163232083  1702	471
163232116  1713	472
163232116  1723	472
163232116  1734	472
163232149  1744	472
163232149  1755	472
163232149  1765	472
163232182  1776	471
163232182  1786	472
163232182  1797	471
163232215  1807	471
163232215  1818	472
163232215  1828	472
163232248  1839	471
163232248  1849	472
163232248  1860	471
163232248  1870	472
163232281  1881	471
163232281  1891	471
163232281  1901	472
163232315  1912	472
163232315  1923	473
163232315  1933	473
163232348  1943	473
163232348  1954	474
163232348  1965	472
163232381  1975	473
163232381  1985	472
163232381  1996	472
163232414  2007	471
163232414  2017	472
163232414  2027	472
163232414  2038	471
163232447  2049	471
163232447  2059	472
163232447  2069	472
163232480  2079	471
163232480  2091	471
163232480  2101	472
163232546  2111	471
163232546  2121	473
163232546  2132	472
163232579  2143	473
163232579  2153	473
163232579  2163	473
163232612  2174	473
163232612  2185	473
163232612  2195	473
163232612  2205	473
163232646  2215	473
163232646  2227	473
163232646  2237	473
163232679  2247	473
163232679  2257	472
163232679  2269	472
163232712  2279	472
163232712  2289	472
163232712  2299	472
163232745  2311	472
163232745  2321	473
163232745  2331	471
163232778  2341	470
163232778  2353	471
163232778  2363	472
163232778  2373	472
163232811  2383	473
163232811  2394	473
163232811  2405	473
163232844  2415	473
163232844  2425	472
163232844  2436	472
163232878  2447	472
163232878  2457	472
163232878  2467	472
163232911  2478	472
163232911  2489	471
163232911  2499	472
163232944  2509	470
163232944  2520	471
163232944  2531	472
163232944  2541	472
163232977  2551	472
163232977  2562	472
163232977  2572	472
163233010  2583	472
163233010  2593	473
163233010  2604	472
163233043  2614	473
163233043  2625	472
163233043  2635	473
163233076  2646	472
163233076  2656	473
163233076  2667	473
163233110  2677	473
163233110  2688	473
163233110  2698	473
163233110  2709	472
163233143  2719	473
163233143  2729	472
163233143  2740	472
163233176  2750	472
163233176  2761	472
163233176  2771	472
163233209  2782	472
163233209  2792	472
163233209  2803	472
163233242  2813	472
163233242  2824	471
163233242  2834	472
163233275  2845	472
163233275  2855	472
163233275  2866	472
163233275  2876	473
163233308  2887	473
163233308  2897	473
163233308  2908	473
163233341  2918	473
163233341  2928	473
163233341  2939	473
163233374  2950	472
163233374  2960	472
163233374  2970	472
163233407  2981	473
163233407  2992	472
163233407  3002	473
163233440  3012	472
163233440  3023	472
163233440  3034	473
163233440  3044	472
163233473  3054	472
163233473  3064	473
163233473  3076	474
163233506  3086	475
163233506  3096	475
163233506  3106	474
163233540  3118	474
163233540  3128	473
163233540  3138	474
163233573  3148	474
163233573  3160	474
163233573  3170	472
163233606  3180	473
163233606  3190	473
163233606  3202	474
163233606  3212	474
163233639  3222	474
163233639  3232	474
163233639  3243	472
163233672  3254	472
163233672  3264	474
163233672  3274	473
163233705  3284	473
163233705  3296	473
163233705  3306	474
163233738  3316	474
163233738  3326	474
163233738  3338	474
163233771  3348	473
163233771  3358	474
163233771  3368	473
163233771  3380	475
163233804  3390	474
163233804  3400	473
163233804  3410	474
163233838  3421	474
163233838  3432	474
163233838  3442	473
163233871  3452	475
163233871  3463	474
163233871  3474	474
163233904  3484	474
163233904  3494	473
163233904  3505	474
163233937  3516	474
163233937  3526	474
163233937  3536	474
163233937  3547	474
163233970  3558	474
163233970  3568	475
163233970  3578	474
163234036  3589	474
163234036  3599	474
163234036  3610	474
163234069  3620	474
163234069  3631	474
163234069  3641	474
163234102  3652	474
163234102  3662	474
163234102  3673	474
163234136  3683	473
163234136  3694	474
163234136  3704	474
163234136  3715	475
163234169  3725	474
163234169  3736	475
163234169  3746	474
163234202  3757	474
163234202  3767	474
163234202  3777	473
163234235  3788	474
163234235  3799	473
163234235  3809	474
163234268  3819	474
163234268  3830	474
163234268  3841	474
163234301  3851	474
163234301  3861	475
163234301  3872	475
163234301  3883	474
163234334  3893	475
163234334  3903	475
163234334  3913	475
163234367  3924	475
163234367  3935	474
163234367  3945	475
163234400  3955	475
163234400  3966	475
163234400  3977	474
163234434  3987	475
163234434  3997	474
163234434  4008	474
163234467  4019	474
163234467  4029	474
163234467  4039	475
163234467  4050	475
163234500  4061	474
163234500  4071	474
163234500  4081	474
163234533  4091	474
163234533  4103	474
163234533  4113	473
163234566  4123	474
163234566  4133	474
163234566  4145	474
163234599  4155	474
163234599  4165	474
163234599  4175	474
163234632  4187	474
163234632  4197	474
163234632  4207	475
163234632  4217	474
163234665  4229	474
163234665  4239	474
163234665  4249	475
163234699  4259	475
163234699  4270	475
163234699  4281	475
163234732  4291	474
163234732  4301	475
163234732  4312	474
163234765  4323	475
163234765  4333	474
163234765  4343	474
163234798  4354	474
163234798  4365	475
163234798  4375	473
163234798  4385	473
163234831  4396	474
163234831  4407	474
163234831  4417	474
163234864  4427	474
163234864  4438	475
163234864  4448	475
163234897  4459	474
163234897  4469	475
163234897  4480	475
163234930  4490	475
163234930  4501	475
163234930  4511	475
163234963  4521	475
163234963  4532	475
163234963  4543	476
163234963  4553	473
163234996  4563	474
163234996  4574	475
163234996  4585	476
163235030  4595	475
163235030  4605	476
163235030  4616	475
163235063  4626	476
163235063  4637	475
163235063  4647	475
163235096  4658	475
163235096  4668	476
163235096  4679	475
163235129  4689	475
163235129  4700	476
163235129  4710	476
163235129  4721	476
163235162  4731	475
163235162  4742	476
163235162  4752	475
163235195  4762	475
163235195  4773	475
163235195  4784	475
163235228  4794	475
163235228  4804	474
163235228  4815	475
163235261  4826	475
163235261  4836	475
163235261  4846	476
163235294  4857	475
163235294  4868	476
163235294  4878	475
163235294  4888	476
163235327  4899	475
163235327  4910	476
163235327  4920	476
163235361  4930	476
163235361  4940	475
163235361  4952	477
163235394  4962	477
163235394  4972	477
163235394  4982	476
163235427  4994	475
163235427  5004	476
163235427  5014	476
163235460  5024	475
163235460  5036	476
163235460  5046	475
163235460  5056	476
163235493  5066	477
163235493  5078	475
163235493  5088	476
163235559  5098	476
163235559  5108	476
163235559  5118	475
163235592  5130	476
163235592  5140	476
163235592  5150	476
163235625  5160	476
163235625  5172	476
163235625  5182	475
163235659  5192	477
163235659  5202	476
163235659  5214	476
163235659  5224	477
163235692  5234	476
163235692  5244	476
163235692  5256	477
163235725  5266	476
163235725  5276	476
163235725  5286	476
163235758  5297	476
163235758  5308	476
163235758  5318	477
163235791  5328	477
163235791  5339	477
163235791  5350	476
163235824  5360	477
163235824  5370	477
163235824  5381	477
163235824  5392	477
163235857  5402	477
163235857  5412	477
163235857  5423	477
163235890  5434	476
163235890  5444	477
163235890  5454	477
163235923  5465	476
163235923  5475	477
163235923  5486	477
163235957  5496	477
163235957  5507	477
163235957  5517	477
163235990  5528	477
163235990  5538	477
163235990  5549	477
163235990  5559	476
163236023  5570	476
163236023  5580	476
163236023  5591	477
163236056  5601	477
163236056  5612	476
163236056  5622	476
163236089  5633	477
163236089  5643	476
163236089  5653	477
163236122  5664	477
163236122  5675	477
163236122  5685	477
163236155  5695	477
163236155  5706	477
163236155  5716	476
163236155  5727	477
163236188  5737	477
163236188  5748	477
163236188  5758	476
163236222  5769	476
163236222  5779	477
163236222  5789	476
163236255  5800	476
163236255  5811	476
163236255  5821	475
163236288  5831	476
163236288  5842	476
163236288  5853	476
163236321  5863	476
163236321  5873	477
163236321  5884	476
163236321  5895	476
163236354  5905	477
163236354  5915	477
163236354  5926	476
163236387  5937	476
163236387  5947	477
163236387  5957	476
163236420  5967	476
163236420  5979	477
163236420  5989	476
163236453  5999	477
163236453  6009	477
163236453  6021	477
163236486  6031	477
163236486  6041	477
163236486  6051	478
163236486  6063	477
163236520  6073	478
163236520  6083	477
163236520  6093	478
163236553  6105	477
163236553  6115	478
163236553  6125	477
163236586  6135	477
163236586  6146	477
163236586  6157	478
163236619  6167	478
163236619  6177	478
163236619  6188	478
163236652  6199	478
163236652  6209	477
163236652  6219	477
163236652  6230	477
163236686  6241	478
163236686  6251	478
163236686  6261	478
163236718  6272	477
163236718  6283	477
163236718  6293	477
163236751  6303	478
163236751  6313	478
163236751  6324	478
163236784  6335	478
163236784  6345	478
163236784  6355	478
163236817  6366	478
163236817  6377	477
163236817  6387	478
163236817  6397	478
163236851  6408	478
163236851  6419	478
163236851  6429	477
163236884  6439	478
163236884  6450	477
163236884  6461	478
163236917  6471	478
163236917  6481	478
163236917  6492	478
163236950  6502	478
163236950  6513	478
163236950  6523	478
163236983  6534	478
163236983  6544	478
163236983  6555	478
163236983  6565	478
163237049  6576	478
163237049  6586	478
163237049  6597	478
163237082  6607	478
163237082  6618	478
163237082  6628	479
163237115  6639	478
163237115  6649	479
163237115  6660	479
163237149  6670	479
163237149  6680	479
163237149  6691	478
163237182  6702	478
163237182  6712	477
163237182  6722	477
163237182  6733	477
163237215  6744	477
163237215  6754	477
163237215  6764	477
163237248  6775	477
163237248  6786	477
163237248  6796	477
163237281  6806	478
163237281  6817	478
163237281  6828	478
163237314  6838	478
163237314  6848	478
163237314  6858	478
163237347  6870	478
163237347  6880	478
163237347  6890	477
163237347  6900	477
163237380  6912	478
163237380  6922	478
163237380  6932	479
163237414  6942	477
163237414  6953	478
163237414  6964	478
163237447  6974	477
163237447  6984	477
163237447  6994	477
163237480  7006	477
163237480  7016	478
163237480  7026	478
163237514  7036	477
163237514  7048	478
163237514  7058	478
163237514  7068	477
163237547  7078	478
163237547  7090	477
163237547  7100	478
163237580  7110	478
163237580  7120	477
163237580  7132	477
163237612  7142	478
163237612  7152	478
163237612  7162	477
163237646  7173	478
163237646  7184	478
163237646  7194	477
163237679  7204	477
163237679  7215	477
163237679  7226	477
163237679  7236	477
163237712  7246	477
163237712  7257	477
163237712  7268	478
163237745  7278	477
163237745  7288	478
163237745  7299	477
163237778  7310	477
163237778  7320	477
163237778  7330	477
163237811  7341	477
163237811  7351	477
163237811  7362	478
163237844  7372	478
163237844  7383	477
163237844  7393	477
163237844  7404	478
163237877  7414	478
163237877  7425	478
163237877  7435	478
163237910  7446	478
163237910  7456	478
163237910  7467	479
163237943  7477	478
163237943  7488	479
163237943  7498	478
163237977  7508	478
163237977  7519	478
163237977  7529	479
163238010  7540	479
163238010  7550	478
163238010  7561	478
163238010  7571	478
163238043  7582	479
163238043  7592	479
163238043  7603	479
163238076  7613	479
163238076  7624	479
163238076  7634	479
163238110  7645	479
163238110  7655	478
163238110  7666	479
163238142  7676	479
163238142  7687	478
163238142  7697	478
163238176  7707	479
163238176  7718	478
163238176  7729	478
163238176  7739	478
163238209  7749	479
163238209  7760	478
163238209  7771	479
163238242  7781	478
163238242  7791	479
163238242  7802	479
163238275  7813	479
163238275  7823	479
163238275  7833	479
163238308  7843	479
163238308  7855	479
163238308  7865	480
163238341  7875	479
163238341  7885	478
163238341  7897	480
163238341  7907	478
163238375  7917	479
163238375  7927	479
163238375  7939	478
163238408  7949	478
163238408  7959	478
163238408  7969	479
163238441  7981	478
163238441  7991	478
163238441  8001	479
163238474  8011	479
163238474  8022	479
163238474  8033	480
163238507  8043	480
163238507  8053	479
163238507  8064	478
163238507  8075	479
163238540  8085	480
163238540  8095	478
163238540  8105	479
163238606  8117	479
163238606  8127	479
163238606  8137	479
163238640  8147	478
163238640  8159	478
163238640  8169	479
163238673  8179	479
163238673  8189	479
163238673  8200	479
163238706  8211	479
163238706  8221	479
163238706  8231	479
163238706  8242	479
163238739  8253	480
163238739  8263	480
163238739  8273	480
163238772  8284	480
163238772  8295	480
163238772  8305	480
163238805  8315	479
163238805  8326	480
163238805  8337	480
163238838  8347	480
163238838  8357	480
163238838  8368	480
163238871  8378	478
163238871  8389	480
163238871  8399	479
163238871  8410	479
163238904  8420	479
163238904  8431	479
163238904  8441	479
163238938  8452	480
163238938  8462	479
163238938  8473	479
163238971  8483	479
163238971  8494	479
163238971  8504	479
163239004  8514	479
163239004  8525	480
163239004  8536	480
163239037  8546	478
163239037  8556	480
163239037  8567	479
163239037  8578	479
163239070  8588	479
163239070  8598	479
163239070  8609	479
163239103  8620	479
163239103  8630	479
163239103  8640	478
163239136  8651	479
163239136  8662	479
163239136  8672	478
163239169  8682	478
163239169  8692	478
163239169  8704	479
163239203  8714	479
163239203  8724	479
163239203  8734	480
163239203  8745	479
163239236  8756	479
163239236  8766	479
163239236  8776	479
163239269  8787	478
163239269  8798	479
163239269  8808	478
163239302  8818	478
163239302  8829	478
163239302  8840	479
163239335  8850	478
163239335  8860	478
163239335  8870	478
163239368  8882	479
163239368  8892	479
163239368  8902	478
163239368  8912	479
163239401  8924	480
163239401  8934	479
163239401  8944	479
163239434  8954	479
163239434  8966	479
163239434  8976	479
163239467  8986	478
163239467  8996	479
163239467  9008	479
163239500  9018	478
163239500  9028	478
163239500  9038	478
163239534  9049	478
163239534  9060	478
163239534  9070	478
163239534  9080	477
163239567  9091	478
163239567  9102	479
163239567  9112	478
163239600  9122	479
163239600  9133	478
163239600  9144	479
163239633  9154	480
163239633  9164	479
163239633  9175	479
163239666  9186	479
163239666  9196	479
163239666  9206	479
163239699  9217	479
163239699  9227	479
163239699  9238	479
163239699  9248	480
163239732  9259	479
163239732  9269	479
163239732  9280	479
163239765  9290	480
163239765  9300	480
163239765  9311	480
163239799  9322	480
163239799  9332	480
163239799  9342	480
163239832  9353	480
163239832  9363	479
163239832  9374	480
163239865  9384	479
163239865  9395	479
163239865  9405	480
163239865  9416	480
163239898  9426	480
163239898  9437	480
163239898  9447	480
163239931  9458	479
163239931  9468	480
163239931  9479	479
163239964  9489	478
163239964  9500	479
163239964  9510	479
163239998  9521	479
163239998  9531	479
163239998  9541	480
163240031  9552	479
163240031  9563	479
163240031  9573	479
163240031  9583	479
163240064  9594	480
163240064  9605	479
163240064  9615	479
163240097  9625	478
163240097  9636	479
163240097  9647	480
163240163  9657	480
163240163  9667	480
163240163  9678	479
163240197  9689	479
163240197  9699	479
163240197  9709	479
163240230  9719	478
163240230  9731	478
163240230  9741	478
163240230  9751	478
163240263  9761	478
163240263  9773	478
163240263  9783	479
163240296  9793	479
163240296  9803	478
163240296  9815	479
163240329  9825	478
163240329  9835	478
163240329  9845	479
163240362  9857	478
163240362  9867	478
163240362  9877	479
163240395  9887	478
163240395  9897	477
163240395  9909	478
163240395  9919	478
163240428  9929	478
163240428  9939	478
163240428  9951	477
163240461  9961	477
163240461  9971	478
163240461  9981	478
163240494  9993	478
163240494  10003	478
163240494  10013	479
163240527  10023	478
163240527  10035	479
163240527  10045	478
163240561  10055	479
163240561  10065	478
163240561  10077	479
163240594  10087	479
163240594  10097	478
163240594  10108	479
163240627  10119	478
163240627  10129	478
163240627  10139	479
163240660  10150	479
163240660  10161	479
163240660  10171	478
163240693  10182	478
163240693  10192	478
163240693  10203	478
163240726  10213	479
163240726  10224	479
163240760  10234	479
163240760  10245	480
163240760  10256	480
163240793  10266	480
163240793  10276	479
163240793  10287	479
163240826  10298	480
163240826  10308	480
163240826  10318	480
163240859  10330	479
163240859  10340	479
163240859  10350	480
163240892  10360	479
163240892  10372	479
163240892  10382	478
163240925  10392	478
163240925  10402	479
163240925  10414	478
163240958  10424	479

