
155334314  0	353
155334314  10	352
155334314  20	352
155334347  30	353
155334347  40	352
155334347  51	352
155334380  61	352
155334380  72	351
155334380  82	352
155334413  93	353
155334413  103	352
155334413  113	352
155334447  123	352
155334447  135	352
155334447  145	353
155334480  155	352
155334480  165	352
155334480  176	352
155334480  187	352
155334513  197	352
155334513  207	352
155334513  218	352
155334546  228	352
155334546  238	353
155334546  249	352
155334579  260	352
155334579  270	352
155334579  280	352
155334612  290	351
155334612  302	352
155334612  312	352
155334645  322	353
155334645  332	353
155334645  343	353
155334678  354	353
155334678  364	354
155334678  374	353
155334678  385	353
155334711  395	353
155334711  406	352
155334711  416	352
155334746  427	353
155334746  437	352
155334746  447	351
155334778  457	353
155334778  468	352
155334778  479	353
155334811  489	353
155334811  499	353
155334811  509	352
155334844  521	353
155334844  531	352
155334844  541	353
155334877  551	352
155334877  562	353
155334877  573	353
155334910  583	352
155334910  593	353
155334910  604	352
155334910  614	352
155334943  624	354
155334943  635	352
155334943  646	354
155334976  656	353
155334976  666	353
155334976  676	353
155335009  688	352
155335009  698	353
155335009  708	353
155335042  718	353
155335042  729	353
155335042  740	354
155335076  750	353
155335076  760	353
155335076  771	353
155335110  781	354
155335110  792	355
155335110  802	354
155335110  813	354
155335142  823	354
155335142  833	353
155335142  843	354
155335175  855	354
155335175  865	354
155335175  875	354
155335208  885	353
155335208  896	355
155335208  907	354
155335242  917	355
155335242  927	354
155335242  937	354
155335274  948	353
155335274  959	353
155335274  969	353
155335308  979	353
155335308  990	353
155335341  1000	354
155335341  1011	354
155335341  1021	354
155335341  1032	354
155335374  1042	353
155335374  1053	353
155335374  1063	354
155335407  1074	354
155335407  1084	355
155335407  1094	355
155335440  1105	355
155335440  1116	355
155335440  1126	355
155335473  1136	353
155335473  1147	353
155335473  1158	353
155335506  1168	353
155335506  1178	353
155335506  1189	353
155335506  1200	353
155335539  1210	353
155335539  1220	353
155335539  1231	353
155335572  1242	354
155335572  1252	355
155335572  1262	354
155335605  1272	354
155335605  1284	353
155335605  1294	353
155335639  1304	354
155335639  1314	353
155335639  1326	354
155335672  1336	354
155335672  1346	353
155335672  1356	353
155335672  1368	353
155335705  1378	353
155335705  1388	353
155335705  1398	353
155335738  1409	353
155335738  1420	353
155335738  1430	354
155335771  1440	353
155335771  1451	353
155335771  1462	354
155335804  1472	353
155335804  1482	353
155335804  1492	353
155335837  1504	354
155335837  1514	354
155335837  1524	353
155335837  1534	354
155335870  1546	353
155335870  1556	353
155335870  1566	353
155335903  1576	353
155335903  1587	354
155335903  1598	354
155335936  1608	354
155335936  1618	353
155335936  1629	353
155335970  1640	353
155335970  1650	354
155335970  1660	354
155336003  1671	354
155336003  1682	354
155336003  1692	354
155336003  1702	354
155336036  1713	353
155336036  1723	353
155336036  1734	353
155336069  1744	353
155336069  1755	353
155336069  1765	353
155336102  1776	353
155336102  1786	353
155336102  1797	355
155336135  1807	354
155336135  1818	353
155336135  1828	353
155336168  1839	353
155336168  1849	354
155336168  1860	353
155336168  1870	353
155336234  1881	353
155336234  1891	353
155336234  1901	353
155336268  1912	353
155336268  1923	353
155336268  1933	353
155336301  1943	353
155336301  1954	353
155336301  1965	353
155336334  1975	353
155336334  1985	353
155336334  1996	354
155336367  2007	354
155336367  2017	353
155336367  2027	353
155336367  2038	353
155336401  2049	353
155336401  2059	354
155336401  2069	353
155336434  2079	353
155336434  2091	353
155336434  2101	352
155336467  2111	353
155336467  2121	353
155336467  2132	354
155336500  2143	353
155336500  2153	353
155336500  2163	354
155336533  2174	352
155336533  2185	352
155336533  2195	353
155336533  2205	353
155336566  2216	353
155336566  2227	353
155336566  2237	353
155336599  2247	353
155336599  2257	353
155336599  2269	353
155336632  2279	353
155336632  2289	353
155336632  2299	353
155336665  2311	353
155336665  2321	354
155336665  2331	354
155336698  2341	353
155336698  2353	353
155336698  2363	354
155336698  2373	353
155336734  2383	353
155336734  2394	353
155336734  2405	353
155336766  2415	353
155336766  2425	353
155336766  2436	354
155336799  2447	353
155336799  2457	353
155336799  2467	353
155336832  2478	354
155336832  2489	353
155336832  2499	353
155336866  2509	353
155336866  2520	353
155336866  2531	353
155336866  2541	353
155336899  2551	353
155336899  2562	353
155336899  2572	353
155336932  2583	354
155336932  2593	352
155336932  2604	352
155336965  2614	352
155336965  2625	352
155336965  2635	353
155336998  2646	352
155336998  2656	352
155336998  2667	351
155337031  2677	352
155337031  2688	352
155337031  2698	353
155337031  2709	352
155337064  2719	352
155337064  2729	352
155337064  2740	351
155337097  2750	352
155337097  2761	352
155337097  2771	352
155337130  2782	352
155337130  2792	352
155337130  2803	352
155337163  2813	352
155337163  2824	352
155337163  2834	352
155337197  2845	352
155337197  2855	352
155337197  2866	352
155337197  2876	352
155337230  2887	352
155337230  2897	352
155337230  2908	351
155337263  2918	352
155337263  2928	351
155337263  2939	351
155337296  2950	351
155337296  2960	352
155337296  2970	352
155337329  2981	352
155337329  2992	352
155337329  3002	352
155337362  3012	353
155337362  3023	352
155337362  3034	351
155337362  3044	352
155337395  3054	352
155337395  3064	352
155337395  3076	352
155337428  3086	351
155337428  3096	352
155337428  3106	352
155337461  3118	352
155337461  3128	353
155337461  3138	353
155337494  3148	353
155337494  3160	353
155337494  3170	353
155337527  3180	353
155337527  3190	352
155337527  3202	352
155337527  3212	353
155337561  3222	353
155337561  3232	352
155337561  3243	353
155337594  3254	353
155337594  3264	353
155337594  3274	352
155337627  3284	353
155337627  3296	353
155337627  3306	353
155337660  3316	353
155337660  3326	352
155337660  3338	352
155337693  3348	352
155337693  3358	352
155337693  3368	352
155337693  3380	352
155337726  3390	353
155337726  3400	353
155337726  3410	353
155337759  3421	352
155337759  3432	352
155337759  3442	352
155337792  3452	352
155337792  3463	353
155337792  3474	352
155337858  3484	352
155337858  3494	351
155337858  3505	352
155337892  3516	352
155337892  3526	352
155337892  3536	352
155337892  3547	352
155337925  3557	353
155337925  3568	353
155337925  3578	352
155337958  3589	354
155337958  3599	352
155337958  3610	353
155337991  3620	352
155337991  3631	353
155337991  3641	353
155338024  3652	353
155338024  3662	353
155338024  3673	353
155338057  3683	352
155338057  3694	353
155338057  3704	353
155338057  3715	354
155338090  3725	353
155338090  3735	353
155338090  3746	352
155338123  3757	352
155338123  3767	352
155338123  3777	353
155338156  3788	352
155338156  3799	353
155338156  3809	353
155338189  3819	353
155338189  3830	353
155338189  3841	354
155338222  3851	353
155338222  3861	354
155338222  3872	354
155338222  3883	354
155338257  3893	353
155338257  3903	353
155338257  3913	353
155338289  3924	353
155338289  3935	353
155338289  3945	353
155338322  3955	353
155338322  3966	353
155338322  3977	353
155338356  3987	353
155338356  3997	354
155338356  4008	353
155338388  4019	354
155338388  4029	354
155338388  4039	354
155338388  4050	354
155338422  4061	354
155338422  4071	354
155338422  4081	354
155338455  4091	354
155338455  4103	354
155338455  4113	354
155338488  4123	353
155338488  4133	354
155338488  4145	354
155338521  4155	354
155338521  4165	354
155338521  4175	353
155338554  4187	354
155338554  4197	355
155338554  4207	355
155338554  4217	354
155338587  4229	354
155338587  4239	354
155338587  4249	354
155338621  4259	353
155338621  4270	353
155338621  4281	354
155338654  4291	353
155338654  4301	354
155338654  4312	354
155338687  4323	354
155338687  4333	354
155338687  4343	354
155338720  4354	353
155338720  4365	354
155338720  4375	354
155338720  4385	353
155338753  4396	354
155338753  4406	354
155338753  4417	355
155338786  4427	354
155338786  4438	354
155338786  4448	354
155338819  4459	354
155338819  4469	355
155338819  4480	353
155338852  4490	353
155338852  4501	353
155338852  4511	353
155338886  4521	354
155338886  4532	353
155338886  4543	353
155338886  4553	353
155338919  4563	353
155338919  4574	353
155338919  4584	354
155338952  4595	354
155338952  4605	354
155338952  4616	354
155338985  4626	354
155338985  4637	354
155338985  4647	354
155339018  4658	354
155339018  4668	353
155339018  4679	353
155339051  4689	354
155339051  4700	353
155339051  4710	354
155339051  4721	354
155339084  4731	354
155339084  4742	354
155339084  4752	354
155339117  4762	353
155339117  4773	354
155339117  4784	354
155339150  4794	354
155339150  4804	353
155339150  4815	354
155339183  4826	354
155339183  4836	354
155339183  4846	354
155339217  4857	354
155339217  4868	354
155339217  4878	353
155339217  4888	353
155339250  4899	353
155339250  4910	354
155339250  4920	354
155339283  4930	354
155339283  4940	354
155339283  4952	353
155339349  4962	353
155339349  4972	354
155339349  4982	353
155339382  4994	354
155339382  5004	354
155339382  5014	354
155339415  5024	353
155339415  5036	354
155339415  5046	354
155339415  5056	354
155339448  5066	354
155339448  5078	355
155339448  5088	355
155339481  5098	354
155339481  5108	355
155339481  5118	355
155339514  5130	355
155339514  5140	354
155339514  5150	354
155339547  5160	355
155339547  5172	353
155339547  5182	354
155339581  5192	353
155339581  5202	354
155339581  5214	355
155339581  5224	355
155339614  5234	354
155339614  5244	354
155339614  5256	353
155339647  5266	354
155339647  5276	354
155339647  5286	353
155339680  5297	354
155339680  5308	354
155339680  5318	355
155339713  5328	354
155339713  5339	354
155339713  5350	354
155339746  5360	354
155339746  5370	353
155339746  5381	354
155339746  5392	353
155339779  5402	354
155339779  5412	352
155339779  5423	353
155339812  5434	354
155339812  5444	354
155339812  5454	353
155339845  5465	354
155339845  5475	354
155339845  5486	354
155339878  5496	352
155339878  5507	354
155339878  5517	354
155339911  5528	354
155339911  5538	354
155339911  5549	354
155339911  5559	353
155339945  5570	354
155339945  5580	354
155339945  5591	353
155339978  5601	353
155339978  5611	354
155339978  5622	354
155340012  5633	353
155340012  5643	353
155340012  5653	352
155340045  5664	354
155340045  5675	354
155340045  5685	354
155340078  5695	354
155340078  5706	354
155340078  5716	354
155340078  5727	353
155340111  5737	354
155340111  5748	353
155340111  5758	354
155340144  5769	354
155340144  5779	354
155340144  5789	354
155340177  5800	354
155340177  5811	354
155340177  5821	354
155340210  5831	353
155340210  5842	354
155340210  5853	354
155340243  5863	353
155340243  5873	354
155340243  5884	354
155340243  5895	354
155340276  5905	355
155340276  5915	354
155340276  5926	354
155340310  5937	354
155340310  5947	353
155340310  5957	354
155340343  5967	354
155340343  5979	353
155340343  5989	354
155340376  5999	354
155340376  6009	353
155340376  6021	355
155340409  6031	354
155340409  6041	353
155340409  6051	353
155340409  6063	353
155340442  6073	354
155340442  6083	353
155340442  6093	354
155340475  6105	353
155340475  6115	354
155340475  6125	353
155340508  6135	354
155340508  6146	354
155340508  6157	354
155340541  6167	354
155340541  6177	353
155340541  6188	354
155340575  6199	354
155340575  6209	353
155340575  6219	354
155340575  6230	354
155340608  6241	353
155340608  6251	352
155340608  6261	353
155340641  6272	352
155340641  6282	354
155340641  6293	354
155340674  6303	354
155340674  6313	354
155340674  6324	353
155340707  6335	354
155340707  6345	353
155340707  6355	354
155340740  6366	353
155340740  6377	353
155340740  6387	353
155340740  6397	353
155340773  6408	354
155340773  6419	354
155340773  6429	354
155340806  6439	354
155340806  6450	354
155340806  6460	354
155340840  6471	355
155340840  6481	354
155340840  6492	354
155340906  6502	354
155340906  6513	354
155340906  6523	355
155340942  6534	355
155340942  6544	354
155340942  6555	355
155340942  6565	354
155340975  6576	354
155340975  6586	354
155340975  6597	356
155340975  6607	354
155340975  6618	355
155340975  6628	355
155341042  6638	355
155341042  6649	355
155341042  6660	355
155341075  6670	355
155341075  6680	355
155341075  6691	354
155341108  6702	355
155341108  6712	355
155341108  6722	356
155341108  6733	355
155341141  6744	355
155341141  6754	355
155341141  6764	355
155341174  6775	354
155341174  6786	354
155341174  6796	355
155341207  6806	355
155341207  6816	354
155341207  6828	355
155341241  6838	355
155341241  6848	355
155341241  6858	354
155341274  6870	353
155341274  6880	354
155341274  6890	354
155341274  6900	355
155341307  6912	354
155341307  6922	355
155341307  6932	354
155341340  6942	355
155341340  6953	355
155341340  6964	354
155341373  6974	355
155341373  6984	355
155341373  6994	355
155341406  7006	354
155341406  7016	355
155341406  7026	355
155341439  7036	354
155341439  7048	354
155341439  7058	354
155341439  7068	355
155341473  7078	354
155341473  7090	354
155341473  7100	354
155341506  7110	355
155341506  7120	355
155341506  7131	354
155341539  7142	354
155341539  7152	354
155341539  7162	354
155341572  7173	354
155341572  7184	354
155341572  7194	354
155341605  7204	354
155341605  7215	355
155341605  7226	354
155341605  7236	354
155341638  7246	355
155341638  7257	354
155341638  7268	355
155341672  7278	354
155341672  7288	354
155341672  7299	354
155341705  7309	355
155341705  7320	355
155341705  7330	354
155341738  7341	355
155341738  7351	355
155341738  7362	354
155341771  7372	354
155341771  7383	354
155341771  7393	355
155341771  7404	354
155341804  7414	354
155341804  7425	354
155341804  7435	354
155341837  7446	355
155341837  7456	354
155341837  7467	354
155341870  7477	355
155341870  7487	355
155341870  7498	355
155341904  7508	355
155341904  7519	355
155341904  7529	355
155341937  7540	355
155341937  7550	354
155341937  7561	354
155341937  7571	353
155341970  7582	354
155341970  7592	353
155341970  7603	354
155342003  7613	354
155342003  7624	355
155342003  7634	354
155342036  7645	355
155342036  7655	354
155342036  7665	355
155342069  7676	354
155342069  7687	354
155342069  7697	354
155342102  7707	354
155342102  7718	354
155342102  7729	354
155342102  7739	355
155342135  7749	355
155342135  7760	354
155342135  7771	354
155342169  7781	355
155342169  7791	354
155342169  7802	355
155342202  7813	354
155342202  7823	353
155342202  7833	354
155342235  7843	354
155342235  7855	354
155342235  7865	354
155342268  7875	354
155342268  7885	354
155342268  7897	354
155342268  7907	355
155342301  7917	355
155342301  7927	354
155342301  7939	354
155342334  7949	354
155342334  7959	354
155342334  7969	354
155342369  7980	353
155342369  7991	353
155342369  8001	354
155342401  8011	354
155342401  8022	354
155342401  8033	354
155342434  8043	355
155342434  8053	354
155342434  8064	354
155342434  8075	354
155342467  8085	353
155342467  8095	354
155342467  8105	354
155342500  8117	354
155342500  8127	354
155342500  8137	354
155342533  8147	354
155342533  8158	354
155342533  8169	354
155342567  8179	354
155342567  8189	353
155342567  8200	353
155342600  8211	354
155342600  8221	354
155342600  8231	354
155342600  8242	354
155342666  8253	353
155342666  8263	353
155342666  8273	353
155342699  8284	352
155342699  8295	353
155342699  8305	354
155342732  8315	354
155342732  8326	354
155342732  8336	354
155342765  8347	354
155342765  8357	354
155342765  8368	354
155342798  8378	354
155342798  8389	354
155342798  8399	355
155342798  8410	354
155342831  8420	354
155342831  8431	354
155342831  8441	354
155342865  8452	353
155342865  8462	353
155342865  8473	354
155342898  8483	354
155342898  8494	354
155342898  8504	354
155342931  8514	355
155342931  8525	355
155342931  8536	355
155342964  8546	355
155342964  8556	354
155342964  8567	354
155342964  8578	353
155342997  8588	354
155342997  8598	354
155342997  8609	354
155343030  8620	353
155343030  8630	355
155343030  8640	354
155343063  8650	354
155343063  8662	353
155343063  8672	354
155343096  8682	354
155343096  8692	354
155343096  8704	354
155343129  8714	355
155343129  8724	354
155343129  8734	355
155343129  8745	355
155343163  8756	353
155343163  8766	354
155343163  8776	355
155343196  8787	356
155343196  8798	355
155343196  8808	355
155343229  8818	354
155343229  8828	353
155343229  8840	354
155343262  8850	354
155343262  8860	355
155343262  8870	355
155343295  8882	355
155343295  8892	356
155343295  8902	355
155343295  8912	355
155343328  8924	356
155343328  8934	356
155343328  8944	355
155343361  8954	355
155343361  8966	355
155343361  8976	356
155343394  8986	357
155343394  8996	356
155343394  9007	356
155343427  9018	356
155343427  9028	356
155343427  9038	355
155343461  9049	356
155343461  9060	356
155343461  9070	356
155343461  9080	356
155343494  9091	356
155343494  9102	355
155343494  9112	357
155343527  9122	356
155343527  9133	357
155343527  9144	356
155343560  9154	356
155343560  9164	356
155343560  9175	356
155343593  9185	356
155343593  9196	356
155343593  9206	356
155343626  9217	357
155343626  9227	357
155343626  9238	357
155343626  9248	357
155343659  9259	356
155343659  9269	356
155343659  9280	355
155343692  9290	356
155343692  9300	357
155343692  9311	358
155343726  9321	357
155343726  9332	358
155343726  9342	357
155343759  9353	358
155343759  9363	357
155343759  9374	356
155343792  9384	358
155343792  9395	356
155343792  9405	357
155343792  9416	356
155343825  9426	357
155343825  9437	357
155343825  9447	357
155343858  9458	357
155343858  9468	357
155343858  9479	357
155343891  9489	357
155343891  9499	358
155343891  9510	357
155343924  9521	358
155343924  9531	357
155343924  9541	357
155343957  9552	357
155343957  9563	357
155343957  9573	356
155343957  9583	357
155343991  9594	356
155343991  9605	357
155343991  9615	357
155344024  9625	356
155344024  9636	357
155344024  9647	358
155344057  9657	357
155344057  9667	355
155344057  9677	357
155344090  9689	356
155344090  9699	356
155344090  9709	355
155344123  9719	355
155344123  9731	355
155344123  9741	356
155344123  9751	355
155344156  9761	356
155344156  9773	355
155344156  9783	356
155344222  9793	356
155344222  9803	356
155344222  9815	357
155344255  9825	357
155344255  9835	357
155344255  9845	357
155344289  9856	357
155344289  9867	357
155344289  9877	357
155344323  9887	357
155344323  9897	356
155344323  9909	357
155344323  9919	356
155344356  9929	357
155344356  9939	357
155344356  9951	357
155344389  9961	357
155344389  9971	357
155344389  9981	357
155344422  9993	356
155344422  10003	357
155344422  10013	358
155344455  10023	357
155344455  10035	357
155344455  10045	357
155344488  10055	356
155344488  10065	356
155344488  10077	356
155344521  10087	355
155344521  10097	357
155344521  10108	357
155344555  10119	356
155344555  10129	356
155344555  10139	356
155344588  10150	356
155344588  10161	356
155344588  10171	356
155344621  10182	355
155344621  10192	356
155344621  10203	356
155344654  10213	356
155344654  10224	356
155344687  10234	356
155344687  10245	356
155344687  10255	356
155344720  10266	356
155344720  10276	356
155344720  10287	356
155344753  10298	356
155344753  10308	356
155344753  10318	356
155344786  10329	356
155344786  10340	357
155344786  10350	356
155344819  10360	356
155344819  10372	356
155344819  10382	356
155344853  10392	357
155344853  10402	357
155344853  10414	357
155344886  10424	356

