163117398  0	447
163117432  10	447
163117432  20	447
163117432  30	448
163117465  40	447
163117465  51	446
163117465  61	447
163117465  72	448
163117498  82	447
163117498  93	446
163117498  103	447
163117531  113	447
163117531  123	447
163117531  135	447
163117564  145	446
163117564  155	447
163117564  165	447
163117597  176	446
163117597  187	446
163117597  197	447
163117630  207	447
163117630  218	447
163117630  228	447
163117664  238	447
163117664  249	447
163117664  260	447
163117697  270	448
163117697  280	447
163117697  290	446
163117697  302	447
163117730  312	447
163117730  322	446
163117730  332	447
163117763  343	448
163117763  354	447
163117763  364	448
163117796  374	447
163117796  385	448
163117796  395	447
163117829  406	447
163117829  416	447
163117829  427	448
163117863  437	448
163117863  447	448
163117863  457	447
163117896  468	447
163117896  479	447
163117896  489	448
163117929  499	447
163117929  509	448
163117929  521	448
163117962  531	448
163117962  541	448
163117962  551	448
163117962  562	448
163117995  573	448
163117995  583	449
163117995  593	448
163118028  604	448
163118028  614	447
163118028  624	448
163118061  635	449
163118061  646	449
163118061  656	448
163118094  666	448
163118094  676	448
163118094  688	448
163118128  698	448
163118128  708	449
163118128  718	448
163118161  729	449
163118161  740	449
163118161  750	448
163118161  760	449
163118194  771	448
163118194  781	447
163118194  792	448
163118227  802	449
163118227  813	449
163118227  823	449
163118260  833	448
163118260  843	448
163118260  855	449
163118293  865	449
163118293  875	448
163118293  885	449
163118326  896	448
163118326  907	448
163118326  917	448
163118359  927	448
163118359  937	449
163118359  948	448
163118393  959	448
163118393  969	447
163118393  979	448
163118393  990	448
163118426  1000	448
163118426  1011	448
163118426  1021	448
163118426  1032	448
163118459  1042	448
163118459  1052	448
163118459  1063	448
163118525  1074	448
163118525  1084	448
163118525  1094	447
163118558  1105	448
163118558  1116	448
163118558  1126	448
163118591  1136	448
163118591  1147	448
163118591  1158	448
163118624  1168	448
163118624  1178	448
163118624  1189	448
163118624  1200	448
163118657  1210	448
163118657  1220	447
163118657  1230	449
163118691  1242	449
163118691  1252	448
163118691  1262	448
163118724  1272	448
163118724  1284	448
163118724  1294	448
163118757  1304	449
163118757  1314	449
163118757  1326	448
163118790  1336	447
163118790  1346	448
163118790  1356	447
163118790  1367	447
163118823  1378	448
163118823  1388	449
163118823  1398	449
163118856  1409	448
163118856  1420	447
163118856  1430	449
163118889  1440	448
163118889  1451	448
163118889  1462	448
163118922  1472	448
163118922  1482	448
163118922  1492	448
163118956  1503	448
163118956  1514	448
163118956  1524	449
163118956  1534	448
163118989  1545	448
163118989  1556	449
163118989  1566	448
163119022  1576	449
163119022  1587	448
163119022  1598	448
163119055  1608	448
163119055  1618	448
163119055  1629	449
163119088  1640	448
163119088  1650	449
163119088  1660	449
163119121  1671	449
163119121  1681	450
163119121  1692	450
163119121  1702	449
163119154  1713	449
163119154  1723	449
163119154  1734	450
163119187  1744	449
163119187  1755	449
163119187  1765	450
163119220  1776	450
163119220  1786	449
163119220  1797	450
163119253  1807	449
163119253  1817	449
163119253  1828	450
163119287  1839	450
163119287  1849	449
163119287  1859	449
163119287  1870	449
163119320  1881	450
163119320  1891	449
163119320  1901	450
163119353  1912	450
163119353  1923	450
163119353  1933	450
163119386  1943	449
163119386  1953	451
163119386  1965	450
163119419  1975	450
163119419  1985	451
163119419  1995	450
163119452  2007	450
163119452  2017	450
163119452  2027	450
163119452  2037	451
163119485  2049	450
163119485  2059	450
163119485  2069	450
163119518  2079	450
163119518  2091	450
163119518  2101	451
163119551  2111	450
163119551  2121	450
163119551  2131	450
163119585  2143	451
163119585  2153	450
163119585  2163	449
163119618  2173	450
163119618  2185	450
163119618  2195	450
163119618  2205	450
163119651  2215	450
163119651  2227	450
163119651  2237	450
163119684  2247	451
163119684  2257	450
163119684  2269	450
163119717  2279	450
163119717  2289	451
163119717  2299	450
163119750  2310	450
163119750  2321	450
163119750  2331	451
163119783  2341	450
163119783  2352	450
163119783  2363	451
163119783  2373	451
163119816  2383	450
163119816  2394	451
163119816  2405	450
163119849  2415	450
163119849  2425	449
163119849  2436	451
163119883  2447	451
163119883  2457	450
163119883  2467	450
163119916  2478	451
163119916  2488	450
163119916  2499	450
163119949  2509	450
163119949  2520	450
163119949  2530	450
163119949  2541	450
163119982  2551	449
163119982  2562	450
163119982  2572	450
163120048  2583	450
163120048  2593	450
163120048  2604	450
163120081  2614	449
163120081  2624	450
163120081  2635	450
163120114  2646	451
163120114  2656	449
163120114  2666	450
163120147  2677	450
163120147  2688	449
163120147  2698	450
163120147  2708	451
163120180  2719	450
163120180  2729	450
163120180  2740	450
163120214  2750	451
163120214  2761	450
163120214  2771	450
163120247  2782	449
163120247  2792	451
163120247  2802	450
163120280  2813	450
163120280  2824	450
163120280  2834	450
163120313  2844	450
163120313  2855	451
163120313  2866	450
163120313  2876	450
163120346  2886	451
163120346  2897	450
163120346  2908	450
163120379  2918	450
163120379  2928	451
163120379  2939	451
163120412  2950	451
163120412  2960	451
163120412  2970	450
163120445  2980	451
163120445  2992	450
163120445  3002	451
163120478  3012	450
163120478  3022	452
163120478  3034	451
163120478  3044	451
163120512  3054	451
163120512  3064	451
163120512  3076	451
163120545  3086	451
163120545  3096	451
163120545  3106	451
163120578  3118	451
163120578  3128	452
163120578  3138	452
163120611  3148	452
163120611  3159	451
163120611  3170	452
163120644  3180	451
163120644  3190	452
163120644  3201	452
163120644  3212	451
163120677  3222	452
163120677  3232	452
163120677  3243	452
163120710  3254	451
163120710  3264	451
163120710  3274	453
163120743  3284	452
163120743  3295	452
163120743  3306	452
163120777  3316	452
163120777  3326	451
163120777  3337	452
163120810  3348	452
163120810  3358	452
163120810  3368	451
163120810  3379	451
163120843  3390	452
163120843  3400	452
163120843  3410	451
163120876  3421	452
163120876  3432	452
163120876  3442	450
163120909  3452	452
163120909  3463	452
163120909  3473	452
163120942  3484	451
163120942  3494	451
163120942  3505	452
163120975  3515	453
163120975  3526	451
163120975  3536	452
163120975  3547	452
163121008  3557	452
163121008  3568	452
163121008  3578	452
163121042  3589	451
163121042  3599	452
163121042  3610	452
163121075  3620	451
163121075  3631	451
163121075  3641	452
163121108  3651	451
163121108  3662	452
163121108  3673	451
163121141  3683	451
163121141  3693	451
163121141  3704	450
163121141  3715	452
163121174  3725	452
163121174  3735	451
163121174  3746	452
163121207  3757	451
163121207  3767	452
163121207  3777	451
163121240  3788	452
163121240  3799	452
163121240  3809	452
163121273  3819	451
163121273  3829	451
163121273  3841	452
163121307  3851	451
163121307  3861	452
163121307  3871	452
163121307  3883	452
163121340  3893	452
163121340  3903	452
163121340  3913	452
163121373  3924	452
163121373  3935	452
163121373  3945	452
163121406  3955	452
163121406  3965	452
163121406  3977	452
163121439  3987	453
163121439  3997	452
163121439  4007	452
163121472  4019	453
163121472  4029	452
163121472  4039	452
163121472  4049	452
163121505  4061	453
163121505  4071	453
163121505  4081	452
163121571  4091	452
163121571  4103	452
163121571  4113	453
163121605  4123	452
163121605  4133	452
163121605  4144	453
163121638  4155	452
163121638  4165	452
163121638  4175	453
163121671  4186	453
163121671  4197	452
163121671  4207	452
163121671  4217	452
163121704  4228	452
163121704  4239	452
163121704  4249	452
163121737  4259	452
163121737  4270	453
163121737  4281	452
163121770  4291	453
163121770  4301	453
163121770  4312	453
163121803  4322	452
163121803  4333	452
163121803  4343	453
163121836  4354	452
163121836  4364	452
163121836  4375	452
163121836  4385	452
163121869  4396	453
163121869  4406	452
163121869  4417	452
163121903  4427	452
163121903  4438	453
163121903  4448	452
163121936  4459	452
163121936  4469	452
163121936  4480	452
163121969  4490	452
163121969  4500	452
163121969  4511	453
163122002  4521	452
163122002  4532	453
163122002  4542	453
163122002  4553	453
163122035  4563	453
163122035  4574	452
163122035  4584	453
163122068  4595	453
163122068  4605	453
163122068  4616	452
163122101  4626	453
163122101  4637	453
163122101  4647	452
163122134  4658	452
163122134  4668	453
163122134  4678	453
163122167  4689	451
163122167  4700	452
163122167  4710	453
163122167  4720	452
163122201  4731	453
163122201  4742	452
163122201  4752	452
163122234  4762	452
163122234  4773	453
163122234  4784	452
163122267  4794	452
163122267  4804	453
163122267  4814	454
163122300  4826	452
163122300  4836	452
163122300  4846	453
163122333  4856	453
163122333  4868	453
163122333  4878	452
163122333  4888	452
163122366  4898	453
163122366  4910	452
163122366  4920	452
163122399  4930	452
163122399  4940	453
163122399  4952	453
163122432  4962	452
163122432  4972	453
163122432  4982	454
163122465  4993	453
163122465  5004	453
163122465  5014	453
163122499  5024	453
163122499  5035	453
163122499  5046	454
163122499  5056	453
163122532  5066	453
163122532  5076	454
163122532  5088	453
163122565  5098	453
163122565  5108	452
163122565  5118	453
163122598  5130	454
163122598  5140	453
163122598  5150	453
163122631  5160	452
163122631  5171	454
163122631  5182	453
163122664  5192	453
163122664  5202	453
163122664  5213	453
163122664  5224	454
163122697  5234	453
163122697  5244	453
163122697  5255	454
163122730  5266	453
163122730  5276	454
163122730  5286	453
163122764  5297	454
163122764  5308	454
163122764  5318	454
163122797  5328	454
163122797  5339	455
163122797  5349	454
163122830  5360	454
163122830  5370	453
163122830  5381	455
163122830  5391	453
163122863  5402	453
163122863  5412	455
163122863  5423	454
163122896  5433	454
163122896  5444	454
163122896  5454	454
163122929  5465	454
163122929  5475	453
163122929  5486	453
163122962  5496	454
163122962  5507	453
163122962  5517	454
163122995  5527	454
163122995  5538	454
163122995  5549	455
163122995  5559	455
163123028  5569	455
163123028  5580	455
163123028  5591	455
163123095  5601	454
163123095  5611	454
163123095  5622	454
163123128  5633	454
163123128  5643	453
163123128  5653	454
163123161  5663	454
163123161  5675	454
163123161  5685	454
163123194  5695	454
163123194  5705	453
163123194  5716	454
163123194  5727	454
163123227  5737	453
163123227  5747	454
163123227  5758	454
163123260  5769	454
163123260  5779	454
163123260  5789	454
163123293  5800	454
163123293  5811	453
163123293  5821	454
163123326  5831	454
163123326  5841	454
163123326  5853	455
163123360  5863	455
163123360  5873	454
163123360  5883	454
163123360  5895	454
163123393  5905	454
163123393  5915	455
163123393  5925	453
163123426  5937	454
163123426  5947	455
163123426  5957	455
163123459  5967	454
163123459  5979	454
163123459  5989	455
163123492  5999	455
163123492  6009	454
163123492  6020	454
163123525  6031	454
163123525  6041	454
163123525  6051	454
163123525  6062	454
163123558  6073	454
163123558  6083	453
163123558  6093	453
163123591  6104	454
163123591  6115	454
163123591  6125	453
163123625  6135	453
163123625  6146	455
163123625  6157	454
163123658  6167	454
163123658  6177	454
163123658  6188	454
163123691  6198	454
163123691  6209	454
163123691  6219	454
163123691  6230	453
163123724  6240	454
163123724  6251	453
163123724  6261	454
163123757  6272	454
163123757  6282	454
163123757  6293	455
163123790  6303	455
163123790  6313	454
163123790  6324	453
163123823  6334	454
163123823  6345	454
163123823  6355	454
163123856  6366	454
163123856  6376	453
163123856  6387	453
163123856  6397	454
163123889  6408	453
163123889  6418	453
163123889  6429	454
163123922  6439	454
163123922  6450	453
163123922  6460	453
163123956  6471	454
163123956  6481	454
163123956  6492	454
163123989  6502	454
163123989  6512	455
163123989  6523	453
163124022  6534	453
163124022  6544	454
163124022  6554	454
163124022  6565	454
163124055  6576	453
163124055  6586	454
163124055  6596	455
163124088  6607	454
163124088  6618	454
163124088  6628	454
163124121  6638	454
163124121  6649	454
163124121  6660	454
163124154  6670	455
163124154  6680	454
163124154  6690	454
163124187  6702	454
163124187  6712	454
163124187  6722	453
163124187  6732	453
163124221  6744	454
163124221  6754	454
163124221  6764	453
163124254  6774	454
163124254  6786	453
163124254  6796	453
163124287  6806	453
163124287  6816	455
163124287  6828	454
163124320  6838	455
163124320  6848	453
163124320  6858	454
163124353  6868	454
163124353  6880	453
163124353  6890	454
163124353  6900	454
163124386  6910	453
163124386  6922	454
163124386  6932	454
163124419  6942	454
163124419  6952	453
163124419  6964	454
163124452  6974	454
163124452  6984	454
163124452  6994	453
163124485  7005	453
163124485  7016	454
163124485  7026	454
163124519  7036	454
163124519  7047	453
163124519  7058	454
163124519  7068	453
163124552  7078	453
163124552  7089	454
163124552  7100	453
163124618  7110	453
163124618  7120	454
163124618  7131	454
163124651  7142	454
163124651  7152	454
163124651  7162	455
163124684  7173	454
163124684  7183	454
163124684  7194	453
163124717  7204	455
163124717  7215	454
163124717  7225	454
163124717  7236	454
163124750  7246	454
163124750  7257	455
163124750  7267	454
163124784  7278	454
163124784  7288	454
163124784  7299	454
163124817  7309	454
163124817  7320	454
163124817  7330	454
163124850  7341	454
163124850  7351	454
163124850  7361	454
163124883  7372	454
163124883  7383	454
163124883  7393	455
163124883  7403	453
163124916  7414	454
163124916  7425	454
163124916  7435	454
163124949  7445	454
163124949  7456	454
163124949  7467	454
163124982  7477	454
163124982  7487	455
163124982  7498	454
163125016  7508	454
163125016  7519	454
163125016  7529	454
163125049  7539	454
163125049  7550	454
163125049  7561	455
163125049  7571	454
163125082  7581	454
163125082  7592	454
163125082  7603	454
163125115  7613	454
163125115  7623	454
163125115  7634	453
163125148  7645	454
163125148  7655	454
163125148  7665	453
163125181  7676	455
163125181  7687	454
163125181  7697	454
163125214  7707	454
163125214  7717	455
163125214  7729	454
163125214  7739	454
163125247  7749	454
163125247  7759	454
163125247  7771	454
163125280  7781	453
163125280  7791	454
163125280  7801	454
163125314  7813	454
163125314  7823	454
163125314  7833	454
163125347  7843	454
163125347  7854	454
163125347  7865	454
163125380  7875	453
163125380  7885	454
163125380  7896	453
163125380  7907	454
163125413  7917	454
163125413  7927	454
163125413  7938	454
163125446  7949	454
163125446  7959	455
163125446  7969	454
163125479  7980	454
163125479  7991	454
163125479  8001	455
163125512  8011	454
163125512  8022	453
163125512  8032	454
163125545  8043	453
163125545  8053	454
163125545  8064	454
163125545  8074	453
163125579  8085	454
163125579  8095	454
163125579  8105	454
163125612  8116	454
163125612  8127	454
163125612  8137	454
163125645  8147	454
163125645  8158	454
163125645  8169	455
163125678  8179	454
163125678  8189	454
163125678  8200	454
163125711  8210	455
163125711  8221	454
163125711  8231	454
163125711  8242	455
163125744  8252	455
163125744  8263	455
163125744  8273	454
163125777  8284	454
163125777  8294	454
163125777  8305	455
163125810  8315	454
163125810  8326	455
163125810  8336	455
163125843  8347	454
163125843  8357	454
163125843  8368	455
163125877  8378	455
163125877  8388	454
163125877  8399	455
163125877  8410	455
163125910  8420	455
163125910  8430	454
163125910  8441	455
163125943  8452	455
163125943  8462	455
163125943  8472	454
163125976  8483	455
163125976  8494	455
163125976  8504	455
163126009  8514	455
163126009  8525	455
163126009  8536	454
163126042  8546	455
163126042  8556	455
163126042  8566	455
163126042  8578	455
163126075  8588	455
163126075  8598	455
163126075  8608	455
163126142  8620	456
163126142  8630	455
163126142  8640	455
163126175  8650	455
163126175  8662	454
163126175  8672	454
163126208  8682	455
163126208  8692	454
163126208  8702	455
163126241  8714	455
163126241  8724	455
163126241  8734	454
163126241  8744	454
163126274  8756	454
163126274  8766	455
163126274  8776	455
163126307  8786	454
163126307  8798	455
163126307  8808	455
163126340  8818	455
163126340  8828	454
163126340  8840	455
163126373  8850	455
163126373  8860	454
163126373  8870	455
163126406  8881	455
163126406  8892	455
163126406  8902	455
163126406  8912	454
163126440  8923	455
163126440  8934	455
163126440  8944	456
163126473  8954	454
163126473  8965	456
163126473  8976	455
163126506  8986	456
163126506  8996	455
163126506  9007	455
163126539  9018	455
163126539  9028	455
163126539  9038	455
163126572  9049	454
163126572  9059	455
163126572  9070	455
163126572  9080	455
163126605  9091	454
163126605  9101	455
163126605  9112	455
163126638  9122	454
163126638  9133	454
163126638  9143	454
163126671  9154	455
163126671  9164	454
163126671  9175	455
163126704  9185	454
163126704  9196	455
163126704  9206	456
163126738  9217	455
163126738  9227	455
163126738  9237	456
163126738  9248	456
163126771  9259	455
163126771  9269	454
163126771  9279	455
163126804  9290	456
163126804  9300	455
163126804  9311	454
163126837  9321	454
163126837  9332	455
163126837  9342	456
163126870  9353	455
163126870  9363	454
163126870  9374	454
163126903  9384	455
163126903  9395	455
163126903  9405	454
163126903  9415	455
163126936  9426	455
163126936  9437	455
163126936  9447	454
163126969  9457	455
163126969  9468	455
163126969  9479	455
163127003  9489	456
163127003  9499	455
163127003  9510	455
163127036  9521	455
163127036  9531	456
163127036  9541	455
163127069  9551	455
163127069  9563	455
163127069  9573	455
163127069  9583	455
163127102  9593	455
163127102  9605	455
163127102  9615	456
163127135  9625	456
163127135  9635	455
163127135  9647	455
163127168  9657	456
163127168  9667	454
163127168  9677	454
163127201  9689	455
163127201  9699	456
163127201  9709	455
163127234  9719	455
163127234  9730	455
163127234  9741	455
163127234  9751	456
163127268  9761	456
163127268  9772	455
163127268  9783	455
163127301  9793	455
163127301  9803	455
163127301  9814	456
163127334  9825	455
163127334  9835	455
163127334  9845	456
163127367  9856	456
163127367  9867	456
163127367  9877	456
163127400  9887	456
163127400  9897	456
163127400  9908	456
163127400  9919	456
163127433  9929	455
163127433  9939	455
163127433  9950	456
163127466  9961	456
163127466  9971	456
163127466  9981	456
163127499  9992	456
163127499  10003	457
163127499  10013	456
163127533  10023	456
163127533  10034	456
163127533  10045	456
163127566  10055	457
163127566  10065	457
163127566  10077	456
163127601  10087	456
163127601  10097	455
163127601  10107	457
163127632  10119	455
163127632  10129	456
163127632  10139	456
163127665  10149	456
163127665  10161	454
163127665  10171	455
163127731  10181	456
163127731  10192	455
163127731  10203	456
163127731  10213	456
163127731  10223	455
163127797  10234	456
163127797  10245	456
163127797  10255	457
163127831  10266	456
163127831  10276	457
163127831  10287	456
163127864  10297	456
163127864  10308	456
163127864  10318	456
163127897  10329	456
163127897  10340	456
163127897  10350	456
163127930  10360	456
163127930  10371	457
163127930  10382	457
163127963  10392	457
163127963  10402	457
163127963  10413	456
163127963  10424	456

