155054098  10	440
155054098  20	441
155054131  30	441
155054131  40	441
155054131  51	441
155054164  61	440
155054164  72	442
155054164  82	442
155054197  93	441
155054197  103	441
155054197  113	441
155054234  123	441
155054234  135	441
155054234  145	441
155054234  155	442
155054263  165	441
155054263  176	441
155054297  187	442
155054297  197	441
155054297  207	441
155054330  218	441
155054330  228	442
155054330  238	441
155054330  249	441
155054363  260	441
155054363  270	441
155054363  280	441
155054396  290	441
155054396  302	441
155054396  312	441
155054429  322	442
155054429  332	441
155054429  343	442
155054462  354	442
155054462  364	441
155054462  374	441
155054495  385	441
155054495  395	441
155054495  406	441
155054528  416	441
155054528  427	441
155054528  437	441
155054561  447	441
155054561  457	441
155054561  468	441
155054561  479	441
155054594  489	441
155054594  499	440
155054594  509	441
155054628  521	441
155054628  531	441
155054628  541	440
155054661  551	441
155054661  562	440
155054661  573	440
155054694  583	441
155054694  593	440
155054694  604	440
155054727  614	441
155054727  624	439
155054727  635	440
155054760  646	440
155054760  656	440
155054760  666	440
155054793  676	441
155054793  688	440
155054793  698	440
155054793  708	441
155054826  718	440
155054826  729	441
155054826  740	440
155054859  750	441
155054859  760	440
155054859  771	441
155054892  781	440
155054892  792	440
155054892  802	441
155054926  813	441
155054926  823	441
155054926  833	441
155054959  843	442
155054959  855	442
155054959  865	441
155054992  875	441
155054992  885	441
155054992  896	442
155055025  907	441
155055025  917	441
155055025  927	442
155055025  937	441
155055058  948	441
155055058  959	441
155055058  969	441
155055091  979	441
155055091  990	441
155055124  1000	441
155055124  1011	441
155055124  1021	441
155055124  1032	441
155055157  1042	441
155055157  1052	442
155055157  1063	441
155055190  1074	441
155055190  1084	441
155055190  1094	441
155055224  1105	442
155055224  1116	442
155055224  1126	442
155055257  1136	441
155055257  1147	442
155055257  1158	442
155055290  1168	442
155055290  1178	442
155055290  1189	442
155055290  1200	441
155055323  1210	441
155055323  1220	440
155055323  1230	442
155055356  1242	441
155055356  1252	441
155055356  1262	442
155055389  1272	441
155055389  1284	441
155055389  1294	440
155055422  1304	442
155055422  1314	441
155055422  1326	441
155055455  1336	441
155055455  1346	442
155055455  1356	441
155055455  1367	441
155055489  1378	441
155055489  1388	441
155055489  1398	441
155055522  1409	441
155055522  1420	441
155055522  1430	441
155055555  1440	440
155055555  1451	442
155055555  1462	442
155055588  1472	441
155055588  1482	441
155055588  1492	441
155055621  1503	442
155055621  1514	442
155055621  1524	442
155055621  1534	441
155055654  1545	441
155055654  1556	441
155055654  1566	441
155055687  1576	441
155055687  1587	440
155055687  1598	441
155055720  1608	441
155055720  1618	441
155055720  1629	442
155055753  1640	441
155055753  1650	440
155055753  1660	442
155055820  1671	441
155055820  1681	441
155055820  1692	441
155055820  1702	442
155055853  1713	441
155055853  1723	441
155055853  1734	441
155055886  1744	441
155055886  1755	441
155055886  1765	440
155055919  1776	440
155055919  1786	441
155055919  1797	441
155055952  1807	441
155055952  1817	441
155055952  1828	441
155055985  1839	441
155055985  1849	441
155055985  1859	441
155055985  1870	441
155056018  1881	441
155056018  1891	441
155056018  1901	442
155056051  1912	442
155056051  1923	442
155056051  1933	440
155056084  1943	441
155056084  1953	441
155056084  1965	440
155056118  1975	441
155056118  1985	441
155056118  1995	441
155056151  2007	441
155056151  2017	441
155056151  2027	441
155056151  2037	441
155056184  2049	441
155056184  2059	441
155056184  2069	441
155056217  2079	441
155056217  2091	441
155056217  2101	441
155056250  2111	440
155056250  2121	441
155056250  2131	441
155056283  2143	441
155056283  2153	441
155056283  2163	441
155056316  2173	442
155056316  2185	442
155056316  2195	440
155056316  2205	441
155056349  2215	441
155056349  2227	441
155056349  2237	442
155056382  2247	442
155056382  2257	442
155056382  2269	442
155056415  2279	442
155056415  2289	441
155056415  2299	441
155056448  2310	441
155056448  2321	442
155056448  2331	441
155056482  2341	441
155056482  2352	441
155056482  2363	441
155056482  2373	440
155056515  2383	441
155056515  2394	442
155056515  2405	441
155056548  2415	441
155056548  2425	441
155056548  2436	441
155056581  2446	440
155056581  2457	440
155056581  2467	441
155056614  2478	441
155056614  2488	441
155056614  2499	441
155056647  2509	441
155056647  2520	440
155056647  2530	440
155056647  2541	441
155056680  2551	440
155056680  2562	439
155056680  2572	441
155056714  2583	441
155056714  2593	440
155056714  2604	439
155056746  2614	441
155056746  2624	440
155056746  2635	440
155056780  2646	440
155056780  2656	440
155056780  2666	440
155056813  2677	440
155056813  2688	440
155056813  2698	440
155056813  2708	440
155056846  2719	440
155056846  2729	441
155056846  2740	441
155056879  2750	442
155056879  2760	441
155056879  2771	441
155056912  2782	440
155056912  2792	440
155056912  2802	441
155056945  2813	441
155056945  2824	440
155056945  2834	440
155056978  2844	440
155056978  2855	440
155056978  2866	440
155056978  2876	439
155057011  2886	441
155057011  2897	440
155057011  2908	440
155057044  2918	441
155057044  2928	440
155057044  2938	440
155057078  2950	440
155057078  2960	441
155057078  2970	440
155057111  2980	440
155057111  2992	440
155057111  3002	440
155057144  3012	441
155057144  3022	441
155057144  3034	441
155057144  3044	441
155057177  3054	440
155057177  3064	441
155057177  3076	441
155057210  3086	440
155057210  3096	440
155057210  3106	441
155057243  3117	441
155057243  3128	441
155057243  3138	441
155057276  3148	441
155057276  3159	441
155057276  3170	441
155057342  3180	442
155057342  3190	441
155057342  3201	441
155057342  3212	440
155057376  3222	441
155057376  3232	441
155057376  3243	441
155057409  3253	441
155057409  3264	440
155057409  3274	440
155057442  3284	441
155057442  3295	441
155057442  3306	441
155057475  3316	440
155057475  3326	441
155057475  3337	441
155057508  3348	441
155057508  3358	441
155057508  3368	442
155057508  3379	442
155057541  3390	442
155057541  3400	441
155057541  3410	441
155057574  3421	441
155057574  3431	441
155057574  3442	441
155057607  3452	440
155057607  3463	441
155057607  3473	440
155057640  3484	439
155057640  3494	440
155057640  3505	441
155057673  3515	441
155057673  3526	441
155057673  3536	441
155057673  3547	440
155057709  3557	440
155057709  3568	440
155057709  3578	440
155057742  3589	440
155057742  3599	440
155057742  3609	440
155057775  3620	440
155057775  3631	439
155057775  3641	440
155057808  3651	440
155057808  3662	440
155057808  3673	440
155057841  3683	440
155057841  3693	440
155057841  3704	440
155057841  3715	441
155057874  3725	440
155057874  3735	440
155057874  3745	440
155057907  3757	441
155057907  3767	441
155057907  3777	440
155057940  3787	441
155057940  3799	441
155057940  3809	440
155057974  3819	440
155057974  3829	440
155057974  3841	440
155058007  3851	439
155058007  3861	439
155058007  3871	440
155058007  3883	441
155058040  3893	440
155058040  3903	440
155058040  3913	441
155058073  3923	441
155058073  3935	441
155058073  3945	440
155058106  3955	439
155058106  3965	440
155058106  3977	440
155058139  3987	441
155058139  3997	441
155058139  4007	441
155058172  4019	442
155058172  4029	441
155058172  4039	441
155058172  4049	441
155058205  4061	442
155058205  4071	441
155058205  4081	441
155058238  4091	441
155058238  4102	441
155058238  4113	441
155058271  4123	441
155058271  4133	441
155058271  4144	441
155058305  4155	442
155058305  4165	442
155058305  4175	441
155058338  4186	441
155058338  4197	441
155058338  4207	441
155058338  4217	441
155058371  4228	441
155058371  4239	441
155058371  4249	441
155058404  4259	441
155058404  4270	441
155058404  4280	442
155058437  4291	442
155058437  4301	442
155058437  4312	441
155058470  4322	442
155058470  4333	441
155058470  4343	442
155058503  4354	442
155058503  4364	441
155058503  4375	442
155058503  4385	442
155058536  4396	442
155058536  4406	442
155058536  4417	442
155058569  4427	442
155058569  4438	440
155058569  4448	441
155058603  4458	440
155058603  4469	440
155058603  4480	441
155058636  4490	442
155058636  4500	441
155058636  4511	441
155058669  4521	441
155058669  4532	441
155058669  4542	442
155058669  4553	441
155058702  4563	441
155058702  4574	440
155058702  4584	441
155058735  4594	441
155058735  4605	441
155058735  4616	441
155058768  4626	441
155058768  4636	441
155058768  4647	441
155058801  4658	441
155058801  4668	441
155058801  4678	440
155058834  4689	441
155058834  4700	441
155058834  4710	441
155058834  4720	441
155058868  4731	440
155058868  4742	441
155058868  4752	441
155058901  4762	441
155058901  4772	442
155058901  4784	441
155058967  4794	441
155058967  4804	442
155058967  4814	441
155059000  4826	440
155059000  4836	441
155059000  4846	441
155059033  4856	441
155059033  4868	441
155059033  4878	440
155059033  4888	441
155059066  4898	441
155059066  4910	441
155059066  4920	440
155059099  4930	441
155059099  4940	441
155059099  4951	440
155059132  4962	441
155059132  4972	441
155059132  4982	441
155059165  4993	442
155059165  5004	441
155059165  5014	442
155059199  5024	441
155059199  5035	441
155059199  5046	441
155059199  5056	441
155059232  5066	440
155059232  5076	441
155059232  5088	441
155059265  5098	440
155059265  5108	441
155059265  5118	442
155059298  5129	442
155059298  5140	443
155059298  5150	442
155059331  5160	443
155059331  5171	442
155059331  5182	442
155059364  5192	442
155059364  5202	442
155059364  5213	442
155059364  5224	442
155059397  5234	441
155059397  5244	442
155059397  5255	442
155059430  5266	441
155059430  5276	441
155059430  5286	442
155059463  5297	440
155059463  5307	441
155059463  5318	441
155059496  5328	440
155059496  5339	442
155059496  5349	442
155059530  5360	442
155059530  5370	442
155059530  5381	442
155059530  5391	442
155059563  5402	441
155059563  5412	441
155059563  5423	442
155059596  5433	442
155059596  5443	441
155059596  5454	442
155059629  5465	441
155059629  5475	442
155059629  5485	442
155059662  5496	442
155059662  5507	442
155059662  5517	442
155059695  5527	441
155059695  5538	441
155059695  5549	441
155059695  5559	440
155059728  5569	441
155059728  5580	441
155059728  5591	441
155059761  5601	442
155059761  5611	442
155059761  5621	442
155059794  5633	441
155059794  5643	441
155059794  5653	441
155059827  5663	441
155059827  5675	441
155059827  5685	441
155059861  5695	441
155059861  5705	441
155059861  5716	441
155059861  5727	441
155059894  5737	441
155059894  5747	441
155059894  5758	442
155059927  5769	442
155059927  5779	441
155059927  5789	442
155059960  5799	442
155059960  5811	442
155059960  5821	442
155059993  5831	442
155059993  5841	442
155059993  5853	441
155100026  5863	442
155100026  5873	442
155100026  5883	442
155100026  5895	442
155100059  5905	442
155100059  5915	441
155100059  5925	441
155100092  5937	441
155100092  5947	442
155100092  5957	442
155100125  5967	441
155100125  5978	442
155100125  5989	442
155100158  5999	442
155100158  6009	442
155100158  6020	441
155100192  6031	442
155100192  6041	441
155100192  6051	442
155100192  6062	442
155100225  6073	442
155100225  6083	441
155100225  6093	442
155100258  6104	442
155100258  6115	441
155100258  6125	442
155100291  6135	442
155100291  6146	442
155100291  6156	442
155100324  6167	442
155100324  6177	442
155100324  6188	442
155100357  6198	441
155100357  6209	442
155100357  6219	442
155100357  6230	442
155100423  6240	442
155100423  6251	442
155100423  6261	442
155100456  6272	441
155100456  6282	441
155100456  6292	441
155100489  6303	441
155100489  6313	441
155100489  6324	441
155100523  6334	442
155100523  6345	441
155100523  6355	442
155100556  6366	442
155100556  6376	441
155100556  6387	442
155100556  6397	442
155100589  6408	443
155100589  6418	443
155100589  6429	443
155100622  6439	443
155100622  6450	443
155100622  6460	442
155100657  6470	441
155100657  6481	441
155100657  6492	441
155100689  6502	442
155100689  6512	442
155100689  6523	442
155100722  6534	441
155100722  6544	440
155100722  6554	442
155100722  6565	442
155100755  6576	442
155100755  6586	442
155100755  6596	442
155100788  6607	442
155100788  6618	442
155100788  6628	442
155100821  6638	442
155100821  6648	442
155100821  6660	442
155100854  6670	442
155100854  6680	442
155100854  6690	442
155100887  6702	441
155100887  6712	442
155100887  6722	441
155100887  6732	441
155100921  6744	441
155100921  6754	441
155100921  6764	441
155100954  6774	441
155100954  6786	442
155100954  6796	441
155100990  6806	441
155100990  6816	442
155100990  6827	442
155101021  6838	441
155101021  6848	442
155101021  6858	442
155101054  6868	442
155101054  6880	441
155101054  6890	441
155101054  6900	442
155101087  6910	441
155101087  6922	442
155101087  6932	441
155101120  6942	441
155101120  6952	441
155101120  6963	442
155101154  6974	441
155101154  6984	441
155101154  6994	441
155101187  7005	442
155101187  7016	442
155101187  7026	441
155101220  7036	442
155101220  7047	442
155101220  7058	443
155101220  7068	442
155101253  7078	443
155101253  7089	443
155101253  7100	442
155101286  7110	442
155101286  7120	442
155101286  7131	441
155101319  7141	442
155101319  7152	442
155101319  7162	442
155101352  7173	442
155101352  7183	442
155101352  7194	442
155101385  7204	442
155101385  7215	443
155101385  7225	442
155101385  7236	442
155101418  7246	441
155101418  7257	441
155101418  7267	442
155101452  7278	442
155101452  7288	442
155101452  7299	441
155101485  7309	442
155101485  7319	443
155101485  7330	442
155101518  7341	443
155101518  7351	442
155101518  7361	443
155101551  7372	442
155101551  7383	442
155101551  7393	442
155101551  7403	442
155101586  7414	442
155101586  7425	441
155101586  7435	443
155101618  7445	443
155101618  7456	443
155101618  7467	443
155101651  7477	443
155101651  7487	442
155101651  7497	443
155101684  7508	442
155101684  7519	442
155101684  7529	442
155101717  7539	443
155101717  7550	443
155101717  7561	443
155101717  7571	444
155101750  7581	444
155101750  7592	444
155101750  7603	444
155101783  7613	444
155101783  7623	443
155101783  7634	443
155101816  7645	443
155101816  7655	443
155101816  7665	442
155101849  7675	442
155101849  7687	443
155101849  7697	443
155101882  7707	444
155101882  7717	444
155101882  7729	443
155101882  7739	444
155101916  7749	443
155101916  7759	443
155101916  7771	443
155101949  7781	443
155101949  7791	443
155101949  7801	443
155102015  7813	443
155102015  7823	443
155102015  7833	444
155102015  7843	445
155102015  7854	445
155102015  7865	445
155102081  7875	444
155102081  7885	444
155102081  7896	443
155102081  7907	443
155102114  7917	443
155102114  7927	443
155102114  7938	443
155102147  7949	443
155102147  7959	443
155102147  7969	444
155102180  7980	444
155102180  7990	444
155102180  8001	443
155102214  8011	443
155102214  8022	443
155102214  8032	443
155102247  8043	443
155102247  8053	442
155102247  8064	443
155102247  8074	443
155102280  8085	443
155102280  8095	444
155102280  8105	444
155102314  8116	444
155102314  8127	444
155102314  8137	444
155102346  8147	444
155102346  8158	443
155102346  8168	443
155102379  8179	443
155102379  8189	444
155102379  8200	444
155102412  8210	444
155102412  8221	444
155102412  8231	444
155102412  8242	444
155102445  8252	444
155102445  8263	444
155102445  8273	443
155102479  8284	443
155102479  8294	444
155102479  8305	443
155102512  8315	443
155102512  8326	443
155102512  8336	443
155102545  8346	443
155102545  8357	444
155102545  8368	444
155102578  8378	443
155102578  8388	443
155102578  8399	443
155102578  8410	443
155102611  8420	443
155102611  8430	443
155102611  8441	443
155102644  8452	443
155102644  8462	443
155102644  8472	443
155102677  8483	444
155102677  8494	444
155102677  8504	443
155102711  8514	444
155102711  8524	442
155102711  8536	443
155102744  8546	443
155102744  8556	443
155102744  8566	443
155102744  8578	443
155102777  8588	444
155102777  8598	443
155102777  8608	443
155102810  8620	444
155102810  8630	444
155102810  8640	443
155102843  8650	443
155102843  8660	443
155102843  8672	443
155102876  8682	442
155102876  8692	442
155102876  8702	443
155102909  8714	442
155102909  8724	443
155102909  8734	443
155102909  8744	444
155102943  8756	444
155102943  8766	443
155102943  8776	443
155102976  8786	443
155102976  8798	443
155102976  8808	442
155103009  8818	443
155103009  8828	443
155103009  8839	443
155103042  8850	443
155103042  8860	443
155103042  8870	443
155103075  8881	444
155103075  8892	441
155103075  8902	433
155103075  8912	443
155103109  8923	443
155103109  8934	443
155103109  8944	443
155103141  8954	443
155103141  8965	443
155103141  8976	444
155103174  8986	443
155103174  8996	443
155103174  9007	443
155103207  9017	442
155103207  9028	443
155103207  9038	442
155103241  9049	443
155103241  9059	443
155103241  9070	442
155103241  9080	442
155103274  9091	443
155103274  9101	443
155103274  9112	443
155103307  9122	443
155103307  9133	442
155103307  9143	443
155103340  9154	444
155103340  9164	444
155103340  9175	443
155103373  9185	441
155103373  9195	442
155103373  9206	442
155103406  9217	443
155103406  9227	443
155103406  9237	442
155103406  9248	442
155103439  9259	443
155103439  9269	444
155103439  9279	443
155103472  9290	443
155103472  9300	443
155103472  9311	443
155103506  9321	443
155103506  9332	443
155103506  9342	443
155103539  9353	442
155103539  9363	442
155103539  9373	443
155103572  9384	443
155103572  9395	443
155103572  9405	444
155103572  9415	444
155103638  9426	444
155103638  9437	444
155103638  9447	443
155103671  9457	443
155103671  9468	442
155103671  9479	442
155103705  9489	442
155103705  9499	442
155103705  9509	442
155103738  9521	442
155103738  9531	443
155103738  9541	440
155103771  9551	443
155103771  9563	444
155103771  9573	443
155103771  9583	443
155103804  9593	442
155103804  9605	443
155103804  9615	442
155103837  9625	443
155103837  9635	443
155103837  9647	443
155103870  9657	443
155103870  9667	443
155103870  9677	443
155103903  9688	443
155103903  9699	442
155103903  9709	442
155103936  9719	442
155103936  9730	443
155103936  9741	344
155103936  9751	441
155103970  9761	443
155103970  9772	443
155103970  9783	443
155104002  9793	443
155104002  9803	444
155104002  9814	444
155104036  9825	444
155104036  9835	444
155104036  9845	443
155104069  9856	443
155104069  9866	442
155104069  9877	443
155104102  9887	442
155104102  9897	442
155104102  9908	443
155104102  9919	443
155104135  9929	440
155104135  9939	442
155104135  9950	443
155104168  9961	443
155104168  9971	443
155104168  9981	443
155104201  9992	442
155104201  10003	444
155104201  10013	426
155104234  10023	444
155104234  10034	427
155104234  10045	441
155104267  10055	443
155104267  10065	444
155104267  10076	443
155104301  10087	444
155104301  10097	443
155104301  10107	443
155104334  10119	440
155104334  10129	424
155104334  10139	441
155104367  10149	442
155104367  10161	443
155104367  10171	442
155104400  10181	444
155104400  10192	443
155104400  10203	442
155104433  10213	443
155104433  10223	444
155104466  10234	442
155104466  10245	443
155104466  10255	443
155104499  10266	443
155104499  10276	442
155104499  10287	443
155104532  10297	443
155104532  10308	442
155104532  10318	443
155104565  10329	444
155104565  10339	441
155104565  10350	442
155104598  10360	441
155104598  10371	443
155104598  10382	443
155104632  10392	443
155104632  10402	442
155104632  10413	442
155104665  10424	444

