154855503  0	516
154855503  10	517
154855503  20	516
154855503  30	517
154855503  40	517
154855503  10	517
154856353  10	517
154856387  20	517
154856387  30	518
154856387  40	517
154856387  51	517
154856420  61	518
154856420  72	517
154856420  82	517
154856454  93	517
154856454  103	517
154856454  113	517
154856487  123	516
154856487  135	518
154856487  145	517
154856520  155	517
154856520  165	517
154856520  176	517
154856553  187	517
154856553  197	517
154856553  207	517
154856586  218	517
154856586  228	517
154856586  238	517
154856619  249	517
154856619  260	517
154856619  270	519
154856652  280	517
154856652  290	518
154856652  302	517
154856652  312	517
154856685  322	517
154856685  332	517
154856685  343	517
154856718  354	517
154856718  364	517
154856718  374	517
154856752  385	517
154856752  395	518
154856752  406	517
154856785  416	517
154856785  427	516
154856785  437	517
154856818  447	517
154856818  457	517
154856818  468	518
154856851  479	517
154856851  489	517
154856851  499	517
154856884  509	516
154856884  521	517
154856884  531	516
154856884  541	517
154856917  551	517
154856917  562	517
154856917  573	517
154856950  583	517
154856950  593	515
154856950  604	517
154856983  614	517
154856983  624	516
154856983  635	518
154857016  646	517
154857016  656	517
154857016  666	518
154857050  676	517
154857050  688	518
154857050  698	516
154857083  708	517
154857083  718	517
154857083  729	517
154857083  740	517
154857116  750	517
154857116  760	518
154857116  771	518
154857149  781	518
154857149  792	518
154857149  802	520
154857182  813	519
154857182  823	520
154857182  833	521
154857215  843	520
154857215  855	521
154857215  865	521
154857248  875	520
154857248  885	519
154857248  896	519
154857281  907	520
154857281  917	519
154857281  927	519
154857314  937	520
154857314  948	519
154857314  959	519
154857348  969	520
154857348  979	521
154857348  990	520
154857381  1000	521
154857381  1011	521
154857381  1021	521
154857381  1032	521
154857414  1042	521
154857414  1052	521
154857414  1063	520
154857447  1074	520
154857447  1084	519
154857447  1094	520
154857480  1105	519
154857480  1116	519
154857480  1126	520
154857513  1136	519
154857513  1147	520
154857513  1158	518
154857546  1168	520
154857546  1178	520
154857546  1189	519
154857546  1200	520
154857579  1210	520
154857579  1220	521
154857579  1230	521
154857612  1242	521
154857612  1252	521
154857612  1262	520
154857646  1272	518
154857646  1284	519
154857646  1294	518
154857679  1304	519
154857679  1314	519
154857679  1326	520
154857712  1336	520
154857712  1346	520
154857712  1356	520
154857712  1368	520
154857745  1378	521
154857745  1388	521
154857745  1398	521
154857778  1409	521
154857778  1420	521
154857778  1430	521
154857811  1440	520
154857811  1451	521
154857811  1462	520
154857844  1472	520
154857844  1482	520
154857844  1492	520
154857910  1504	521
154857910  1514	521
154857910  1524	521
154857910  1534	520
154857944  1546	520
154857944  1556	520
154857944  1566	519
154857977  1576	520
154857977  1587	520
154857977  1598	520
154858010  1608	520
154858010  1618	521
154858010  1629	521
154858043  1640	521
154858043  1650	521
154858043  1660	521
154858076  1671	520
154858076  1682	520
154858076  1692	519
154858076  1702	519
154858109  1713	521
154858109  1723	521
154858109  1734	521
154858142  1744	520
154858142  1755	521
154858142  1765	520
154858175  1776	519
154858175  1786	519
154858175  1797	519
154858208  1807	519
154858208  1818	520
154858208  1828	520
154858242  1839	520
154858242  1849	520
154858242  1860	520
154858242  1870	519
154858275  1881	520
154858275  1891	519
154858275  1901	519
154858308  1912	518
154858308  1923	519
154858308  1933	519
154858341  1943	519
154858341  1954	519
154858341  1965	519
154858374  1975	520
154858374  1985	519
154858374  1996	520
154858407  2007	521
154858407  2017	520
154858407  2027	521
154858407  2038	521
154858440  2049	520
154858440  2059	520
154858440  2069	520
154858473  2079	521
154858473  2091	521
154858473  2101	521
154858506  2111	521
154858506  2121	521
154858506  2132	519
154858539  2143	520
154858539  2153	519
154858539  2163	519
154858573  2174	519
154858573  2185	519
154858573  2195	520
154858573  2205	520
154858606  2216	520
154858606  2227	520
154858606  2237	520
154858639  2247	520
154858639  2257	520
154858639  2269	520
154858672  2279	520
154858672  2289	520
154858672  2299	520
154858705  2311	520
154858705  2321	520
154858705  2331	520
154858738  2341	521
154858738  2353	520
154858738  2363	519
154858738  2373	520
154858771  2383	519
154858771  2394	520
154858771  2405	520
154858804  2415	520
154858804  2425	520
154858804  2436	521
154858837  2447	521
154858837  2457	520
154858837  2467	521
154858871  2478	521
154858871  2489	521
154858871  2499	520
154858904  2509	522
154858904  2520	521
154858904  2531	521
154858904  2541	520
154858937  2551	522
154858937  2562	520
154858937  2572	519
154858970  2583	520
154858970  2593	520
154858970  2604	521
154859003  2614	521
154859003  2625	520
154859003  2635	520
154859036  2646	520
154859036  2656	521
154859036  2667	520
154859069  2677	521
154859069  2688	521
154859069  2698	520
154859069  2709	521
154859102  2719	521
154859102  2729	521
154859102  2740	521
154859135  2750	521
154859135  2761	521
154859135  2771	520
154859169  2782	520
154859169  2792	519
154859169  2803	519
154859202  2813	520
154859202  2824	520
154859202  2834	520
154859235  2845	519
154859235  2855	519
154859235  2866	521
154859235  2876	521
154859268  2887	520
154859268  2897	520
154859268  2908	521
154859301  2918	521
154859301  2928	520
154859301  2939	520
154859334  2950	521
154859334  2960	521
154859334  2970	520
154859367  2981	520
154859367  2992	519
154859367  3002	520
154859400  3012	520
154859400  3023	520
154859400  3034	519
154859400  3044	520
154859467  3054	520
154859467  3064	520
154859467  3076	520
154859500  3086	520
154859500  3096	521
154859500  3106	521
154859533  3118	521
154859533  3128	521
154859533  3138	520
154859566  3148	521
154859566  3160	521
154859566  3170	521
154859599  3180	521
154859599  3190	522
154859599  3202	522
154859599  3212	520
154859632  3222	520
154859632  3232	520
154859632  3243	520
154859665  3254	519
154859665  3264	519
154859665  3274	520
154859698  3284	520
154859698  3296	520
154859698  3306	520
154859731  3316	520
154859731  3326	520
154859731  3338	521
154859764  3348	520
154859764  3358	520
154859764  3368	521
154859764  3380	521
154859798  3390	521
154859798  3400	522
154859798  3410	521
154859831  3421	521
154859831  3432	521
154859831  3442	520
154859864  3452	519
154859864  3463	520
154859864  3474	520
154859897  3484	521
154859897  3494	521
154859897  3505	521
154859930  3516	522
154859930  3526	522
154859930  3536	521
154859930  3547	520
154859963  3557	520
154859963  3568	521
154859963  3578	521
154859996  3589	521
154859996  3599	521
154859996  3610	521
154900029  3620	521
154900029  3631	522
154900029  3641	521
154900062  3652	520
154900062  3662	520
154900062  3673	520
154900096  3683	519
154900096  3694	519
154900096  3704	520
154900096  3715	521
154900129  3725	520
154900129  3735	520
154900129  3746	521
154900162  3757	522
154900162  3767	521
154900162  3777	521
154900195  3788	522
154900195  3799	522
154900195  3809	522
154900228  3819	521
154900228  3830	521
154900228  3841	521
154900261  3851	521
154900261  3861	521
154900261  3872	520
154900261  3883	521
154900294  3893	521
154900294  3903	521
154900294  3913	520
154900327  3924	520
154900327  3935	520
154900327  3945	521
154900360  3955	522
154900360  3966	521
154900360  3977	522
154900394  3987	520
154900394  3997	522
154900394  4008	521
154900427  4019	521
154900427  4029	522
154900427  4039	521
154900427  4050	521
154900460  4061	520
154900460  4071	519
154900460  4081	519
154900493  4091	521
154900493  4103	520
154900493  4113	520
154900526  4123	520
154900526  4133	520
154900526  4145	520
154900559  4155	521
154900559  4165	521
154900559  4175	520
154900592  4187	521
154900592  4197	523
154900592  4207	522
154900592  4217	522
154900625  4229	522
154900625  4239	522
154900625  4249	522
154900658  4259	522
154900658  4270	521
154900658  4281	520
154900691  4291	521
154900691  4301	520
154900691  4312	521
154900725  4323	521
154900725  4333	521
154900725  4343	520
154900758  4354	520
154900758  4365	520
154900758  4375	520
154900758  4385	521
154900791  4396	520
154900791  4406	521
154900791  4417	521
154900824  4427	521
154900824  4438	521
154900824  4448	521
154900857  4459	522
154900857  4469	522
154900857  4480	521
154900890  4490	521
154900890  4501	521
154900890  4511	522
154900956  4521	521
154900956  4532	521
154900956  4543	521
154900956  4553	521
154900989  4563	520
154900989  4574	520
154900989  4584	520
154901023  4595	522
154901023  4605	521
154901023  4616	521
154901056  4626	522
154901056  4637	522
154901056  4647	521
154901089  4658	522
154901089  4668	522
154901089  4679	521
154901122  4689	521
154901122  4700	521
154901122  4710	522
154901122  4721	520
154901155  4731	521
154901155  4742	521
154901155  4752	520
154901188  4762	519
154901188  4773	521
154901188  4784	521
154901221  4794	521
154901221  4804	522
154901221  4815	522
154901254  4826	523
154901254  4836	522
154901254  4846	522
154901287  4857	523
154901287  4868	523
154901287  4878	523
154901287  4888	523
154901320  4899	523
154901320  4910	522
154901320  4920	522
154901354  4930	522
154901354  4940	521
154901354  4952	521
154901387  4962	520
154901387  4972	520
154901387  4982	520
154901420  4994	521
154901420  5004	522
154901420  5014	521
154901453  5024	522
154901453  5036	522
154901453  5046	522
154901453  5056	522
154901486  5066	521
154901486  5078	522
154901486  5088	521
154901519  5098	522
154901519  5108	521
154901519  5118	521
154901552  5130	520
154901552  5140	521
154901552  5150	520
154901585  5160	521
154901585  5172	521
154901585  5182	521
154901618  5192	522
154901618  5202	521
154901618  5214	521
154901618  5224	521
154901651  5234	521
154901651  5244	522
154901651  5256	522
154901685  5266	522
154901685  5276	521
154901685  5286	522
154901718  5297	522
154901718  5308	522
154901718  5318	522
154901751  5328	521
154901751  5339	521
154901751  5350	521
154901784  5360	520
154901784  5370	520
154901784  5381	522
154901784  5392	521
154901817  5402	521
154901817  5412	521
154901817  5423	521
154901850  5434	522
154901850  5444	522
154901850  5454	522
154901883  5465	523
154901883  5475	522
154901883  5486	522
154901916  5496	522
154901916  5507	523
154901916  5517	522
154901949  5528	522
154901949  5538	521
154901949  5549	522
154901949  5559	522
154901983  5570	522
154901983  5580	522
154901983  5591	521
154902016  5601	522
154902016  5611	522
154902016  5622	522
154902049  5633	522
154902049  5643	521
154902049  5653	522
154902082  5664	522
154902082  5675	521
154902082  5685	521
154902115  5695	522
154902115  5706	522
154902115  5716	522
154902115  5727	522
154902148  5737	521
154902148  5748	522
154902148  5758	521
154902181  5769	521
154902181  5779	522
154902181  5789	522
154902214  5800	522
154902214  5811	522
154902214  5821	522
154902247  5831	520
154902247  5842	520
154902247  5853	519
154902280  5863	520
154902280  5873	521
154902280  5884	521
154902280  5895	522
154902313  5905	521
154902313  5915	522
154902313  5926	523
154902347  5937	521
154902347  5947	522
154902347  5957	521
154902380  5967	522
154902380  5979	521
154902380  5989	522
154902446  5999	523
154902446  6009	522
154902446  6021	522
154902479  6031	521
154902479  6041	521
154902479  6051	520
154902479  6063	520
154902512  6073	521
154902512  6083	521
154902512  6093	523
154902545  6105	523
154902545  6115	522
154902545  6125	522
154902578  6135	522
154902578  6146	523
154902578  6157	522
154902611  6167	522
154902611  6177	523
154902611  6188	523
154902644  6199	523
154902644  6209	523
154902644  6219	522
154902644  6230	521
154902678  6241	520
154902678  6251	521
154902678  6261	520
154902711  6272	521
154902711  6282	522
154902711  6293	522
154902744  6303	522
154902744  6313	523
154902744  6324	522
154902777  6335	522
154902777  6345	521
154902777  6355	522
154902810  6366	522
154902810  6377	522
154902810  6387	523
154902810  6397	522
154902843  6408	523
154902843  6419	521
154902843  6429	521
154902876  6439	522
154902876  6450	522
154902876  6460	522
154902909  6471	521
154902909  6481	522
154902909  6492	522
154902942  6502	522
154902942  6513	522
154902942  6523	523
154902976  6534	522
154902976  6544	522
154902976  6555	522
154902976  6565	523
154903009  6576	522
154903009  6586	522
154903009  6597	522
154903042  6607	522
154903042  6618	522
154903042  6628	522
154903075  6638	521
154903075  6649	522
154903075  6660	522
154903109  6670	522
154903109  6680	522
154903109  6691	522
154903142  6702	522
154903142  6712	522
154903142  6722	522
154903142  6733	522
154903175  6744	522
154903175  6754	521
154903175  6764	522
154903208  6775	522
154903208  6786	522
154903208  6796	523
154903241  6806	523
154903241  6816	523
154903241  6828	523
154903274  6838	522
154903274  6848	523
154903274  6858	523
154903307  6870	523
154903307  6880	522
154903307  6890	522
154903307  6900	522
154903340  6912	522
154903340  6922	521
154903340  6932	521
154903374  6942	522
154903374  6953	522
154903374  6964	522
154903407  6974	522
154903407  6984	523
154903407  6994	524
154903440  7006	523
154903440  7016	523
154903440  7026	523
154903473  7036	523
154903473  7048	523
154903473  7058	523
154903473  7068	524
154903506  7078	523
154903506  7090	523
154903506  7100	523
154903539  7110	523
154903539  7120	523
154903539  7131	521
154903572  7142	522
154903572  7152	521
154903572  7162	522
154903605  7173	522
154903605  7184	522
154903605  7194	523
154903638  7204	523
154903638  7215	523
154903638  7226	523
154903638  7236	523
154903672  7246	522
154903672  7257	523
154903672  7268	523
154903705  7278	523
154903705  7288	523
154903705  7299	523
154903738  7309	523
154903738  7320	522
154903738  7330	522
154903771  7341	522
154903771  7351	522
154903771  7362	522
154903804  7372	522
154903804  7383	522
154903804  7393	522
154903804  7404	523
154903837  7414	522
154903837  7425	522
154903837  7435	522
154903870  7446	522
154903870  7456	523
154903870  7467	522
154903903  7477	523
154903903  7487	523
154903903  7498	523
154903936  7508	522
154903936  7519	522
154903936  7529	522
154904003  7540	521
154904003  7550	522
154904003  7561	521
154904003  7571	522
154904036  7582	523
154904036  7592	522
154904036  7603	522
154904069  7613	523
154904069  7624	523
154904069  7634	522
154904102  7645	523
154904102  7655	524
154904102  7665	523
154904135  7676	523
154904135  7687	523
154904135  7697	523
154904168  7707	522
154904168  7718	523
154904168  7729	523
154904168  7739	522
154904201  7749	522
154904201  7760	522
154904201  7771	523
154904234  7781	523
154904234  7791	520
154904234  7802	523
154904267  7813	523
154904267  7823	522
154904267  7833	521
154904300  7843	522
154904300  7855	520
154904300  7865	522
154904334  7875	522
154904334  7885	522
154904334  7897	521
154904334  7907	522
154904367  7917	522
154904367  7927	521
154904367  7939	520
154904400  7949	520
154904400  7959	520
154904400  7969	521
154904433  7980	520
154904433  7991	522
154904433  8001	521
154904466  8011	523
154904466  8022	522
154904466  8033	522
154904499  8043	522
154904499  8053	522
154904499  8064	522
154904499  8075	522
154904532  8085	521
154904532  8095	522
154904532  8105	522
154904565  8117	521
154904565  8127	521
154904565  8137	521
154904598  8147	521
154904598  8158	521
154904598  8169	521
154904631  8179	521
154904631  8189	522
154904631  8200	521
154904665  8211	522
154904665  8221	522
154904665  8231	522
154904665  8242	521
154904698  8253	522
154904698  8263	522
154904698  8273	522
154904731  8284	522
154904731  8295	522
154904731  8305	522
154904764  8315	522
154904764  8326	521
154904764  8336	521
154904797  8347	521
154904797  8357	521
154904797  8368	521
154904830  8378	522
154904830  8389	522
154904830  8399	522
154904830  8410	522
154904863  8420	522
154904863  8431	521
154904863  8441	521
154904896  8452	522
154904896  8462	521
154904896  8473	522
154904929  8483	522
154904929  8494	522
154904929  8504	522
154904962  8514	522
154904962  8525	521
154904962  8536	521
154904996  8546	522
154904996  8556	522
154904996  8567	522
154904996  8578	522
154905029  8588	522
154905029  8598	522
154905029  8609	522
154905062  8620	523
154905062  8630	523
154905062  8640	522
154905095  8650	523
154905095  8662	522
154905095  8672	522
154905128  8682	520
154905128  8692	521
154905128  8704	521
154905161  8714	521
154905161  8724	521
154905161  8734	520
154905161  8745	522
154905194  8756	520
154905194  8766	520
154905194  8776	521
154905227  8787	521
154905227  8798	521
154905227  8808	521
154905262  8818	521
154905262  8828	521
154905262  8840	520
154905296  8850	520
154905296  8860	520
154905296  8870	521
154905329  8882	521
154905329  8892	521
154905329  8902	521
154905329  8912	520
154905362  8924	520
154905362  8934	521
154905362  8944	520
154905395  8954	520
154905395  8966	520
154905395  8976	521
154905428  8986	520
154905428  8996	521
154905428  9007	521
154905461  9018	521
154905461  9028	521
154905461  9038	521
154905494  9049	520
154905494  9060	521
154905494  9070	521
154905494  9080	521
154905527  9091	521
154905527  9102	521
154905527  9112	521
154905594  9122	521
154905594  9133	521
154905594  9144	521
154905627  9154	521
154905627  9164	520
154905627  9175	521
154905660  9185	521
154905660  9196	520
154905660  9206	521
154905693  9217	520
154905693  9227	520
154905693  9238	520
154905693  9248	520
154905726  9259	520
154905726  9269	520
154905726  9280	520
154905759  9290	520
154905759  9300	520
154905759  9311	520
154905792  9321	520
154905792  9332	520
154905792  9342	520
154905825  9353	520
154905825  9363	520
154905825  9374	520
154905858  9384	520
154905858  9395	521
154905858  9405	521
154905858  9416	521
154905892  9426	521
154905892  9437	521
154905892  9447	521
154905925  9458	521
154905925  9468	521
154905925  9479	521
154905958  9489	521
154905958  9499	520
154905958  9510	520
154905991  9521	520
154905991  9531	521
154905991  9541	520
154906024  9552	520
154906024  9563	520
154906024  9573	521
154906024  9583	520
154906057  9594	520
154906057  9605	520
154906057  9615	521
154906090  9625	520
154906090  9636	520
154906090  9647	519
154906123  9657	520
154906123  9667	521
154906123  9677	521
154906156  9689	522
154906156  9699	520
154906156  9709	520
154906189  9719	519
154906189  9731	519
154906189  9741	519
154906189  9751	518
154906223  9761	519
154906223  9773	520
154906223  9783	520
154906256  9793	521
154906256  9803	520
154906256  9815	521
154906289  9825	519
154906289  9835	521
154906289  9845	520
154906322  9856	520
154906322  9867	520
154906322  9877	520
154906355  9887	520
154906355  9897	520
154906355  9909	519
154906355  9919	520
154906388  9929	519
154906388  9939	518
154906388  9951	518
154906421  9961	518
154906421  9971	519
154906421  9981	519
154906454  9993	519
154906454  10003	520
154906454  10013	519
154906487  10023	520
154906487  10035	519
154906487  10045	520
154906520  10055	520
154906520  10065	521
154906520  10077	520
154906554  10087	520
154906554  10097	520
154906554  10108	520
154906587  10119	519
154906587  10129	520
154906587  10139	519
154906620  10150	519
154906620  10161	519
154906620  10171	519
154906653  10182	519
154906653  10192	519
154906653  10203	519
154906686  10213	520
154906686  10224	520
154906719  10234	520
154906719  10245	520
154906719  10255	520
154906752  10266	520
154906752  10276	520
154906752  10287	520
154906785  10298	519
154906785  10308	520
154906785  10318	519
154906818  10329	519
154906818  10340	519
154906818  10350	520
154906851  10360	520
154906851  10372	519
154906851  10382	519
154906885  10392	520
154906885  10402	519
154906885  10414	520
154906918  10424	519

