
154322345  10	343
154322378  20	345
154322378  30	346
154322378  40	345
154322378  51	346
154322413  61	344
154322413  72	345
154322413  82	347
154322445  93	346
154322445  103	345
154322445  113	346
154322478  123	346
154322478  135	345
154322478  145	344
154322511  155	345
154322511  165	344
154322511  176	343
154322544  187	344
154322544  197	344
154322544  207	343
154322577  218	344
154322577  228	344
154322577  238	342
154322610  249	344
154322610  260	344
154322610  270	343
154322610  280	344
154322643  290	343
154322643  302	344
154322643  312	344
154322677  322	343
154322677  332	344
154322677  343	343
154322710  354	343
154322710  364	345
154322710  374	344
154322743  385	345
154322743  395	345
154322743  406	345
154322776  416	341
154322776  427	344
154322776  437	344
154322809  447	342
154322809  457	343
154322809  468	344
154322842  479	342
154322842  489	343
154322842  499	341
154322842  509	343
154322875  521	343
154322875  531	344
154322875  541	344
154322908  551	344
154322908  562	343
154322908  573	343
154322942  583	345
154322942  593	345
154322942  604	346
154322975  614	342
154322975  624	343
154322975  635	342
154323008  646	344
154323008  656	344
154323008  666	343
154323041  676	343
154323041  688	344
154323041  698	344
154323041  708	342
154323074  718	344
154323074  729	342
154323074  740	343
154323107  750	344
154323107  760	344
154323107  771	343
154323140  781	344
154323140  792	344
154323140  802	343
154323173  813	345
154323173  823	345
154323173  833	344
154323207  843	343
154323207  855	345
154323207  865	344
154323240  875	343
154323240  885	343
154323240  896	342
154323273  907	343
154323273  917	344
154323273  927	342
154323306  937	343
154323306  948	343
154323306  959	343
154323306  969	343
154323339  979	343
154323339  990	342
154323372  1000	342
154323372  1011	342
154323372  1021	342
154323372  1032	343
154323405  1042	343
154323405  1052	345
154323405  1063	346
154323439  1074	346
154323439  1084	346
154323439  1094	345
154323472  1105	345
154323472  1116	346
154323472  1126	346
154323505  1136	345
154323505  1147	345
154323505  1158	344
154323538  1168	345
154323538  1178	345
154323538  1189	345
154323538  1200	349
154323571  1210	348
154323571  1220	349
154323571  1230	349
154323604  1242	349
154323604  1252	349
154323604  1262	349
154323637  1272	348
154323637  1284	349
154323637  1294	348
154323670  1304	345
154323670  1314	346
154323670  1326	346
154323704  1336	345
154323704  1346	346
154323704  1356	345
154323704  1367	346
154323737  1378	346
154323737  1388	345
154323737  1398	345
154323774  1409	345
154323774  1420	345
154323774  1430	345
154323803  1440	346
154323803  1451	345
154323803  1462	346
154323836  1472	346
154323836  1482	346
154323836  1492	345
154323869  1503	345
154323869  1514	346
154323869  1524	346
154323869  1534	347
154323902  1545	346
154323902  1556	346
154323902  1566	346
154323935  1576	348
154323935  1587	345
154323935  1598	347
154323968  1608	346
154323968  1618	346
154323968  1629	346
154324001  1640	346
154324001  1650	347
154324001  1660	345
154324068  1671	347
154324068  1681	347
154324068  1692	346
154324068  1702	347
154324101  1713	348
154324101  1723	347
154324101  1734	348
154324134  1744	347
154324134  1755	347
154324134  1765	348
154324167  1776	346
154324167  1786	345
154324167  1797	345
154324200  1807	346
154324200  1817	346
154324200  1828	349
154324233  1839	349
154324233  1849	349
154324233  1859	350
154324233  1870	350
154324266  1881	350
154324266  1891	350
154324266  1901	351
154324299  1912	350
154324299  1923	348
154324299  1933	348
154324333  1943	348
154324333  1953	349
154324333  1965	350
154324366  1975	348
154324366  1985	348
154324366  1995	348
154324399  2007	348
154324399  2017	348
154324399  2027	347
154324399  2037	347
154324432  2049	349
154324432  2059	349
154324432  2069	349
154324465  2079	347
154324465  2091	348
154324465  2101	349
154324498  2111	348
154324498  2121	348
154324498  2131	348
154324532  2143	349
154324532  2153	348
154324532  2163	349
154324565  2173	348
154324565  2185	349
154324565  2195	348
154324565  2205	348
154324598  2215	349
154324598  2227	347
154324598  2237	347
154324631  2247	347
154324631  2257	348
154324631  2269	350
154324664  2279	350
154324664  2289	347
154324664  2299	347
154324697  2310	346
154324697  2321	346
154324697  2331	346
154324730  2341	345
154324730  2352	347
154324730  2363	347
154324730  2373	347
154324763  2383	345
154324763  2394	348
154324763  2405	347
154324797  2415	346
154324797  2425	347
154324797  2436	347
154324830  2447	347
154324830  2457	346
154324830  2467	347
154324863  2478	349
154324863  2488	349
154324863  2499	348
154324896  2509	349
154324896  2520	349
154324896  2530	349
154324896  2541	345
154324929  2551	345
154324929  2562	346
154324929  2572	347
154324962  2583	343
154324962  2593	348
154324962  2604	348
154324995  2614	348
154324995  2624	348
154324995  2635	348
154325028  2646	348
154325028  2656	349
154325028  2666	349
154325061  2677	349
154325061  2688	348
154325061  2698	347
154325061  2708	348
154325095  2719	349
154325095  2729	347
154325095  2740	348
154325128  2750	348
154325128  2760	348
154325128  2771	347
154325161  2782	347
154325161  2792	347
154325161  2802	347
154325194  2813	348
154325194  2824	348
154325194  2834	347
154325227  2844	347
154325227  2855	347
154325227  2866	347
154325227  2876	347
154325260  2886	346
154325260  2897	347
154325260  2908	348
154325293  2918	347
154325293  2928	348
154325293  2938	347
154325326  2950	346
154325326  2960	347
154325326  2970	347
154325359  2980	348
154325359  2992	347
154325359  3002	346
154325393  3012	347
154325393  3022	347
154325393  3034	347
154325393  3044	347
154325426  3054	346
154325426  3064	347
154325426  3076	347
154325459  3086	347
154325459  3096	346
154325459  3106	346
154325492  3117	347
154325492  3128	345
154325492  3138	347
154325525  3148	347
154325525  3159	346
154325525  3170	346
154325591  3180	347
154325591  3190	347
154325591  3201	347
154325591  3212	346
154325624  3222	347
154325624  3232	346
154325624  3243	347
154325658  3253	349
154325658  3264	347
154325658  3274	346
154325691  3284	345
154325691  3295	345
154325691  3306	346
154325724  3316	345
154325724  3326	346
154325724  3337	346
154325757  3348	346
154325757  3358	345
154325757  3368	346
154325757  3379	347
154325790  3390	348
154325790  3400	347
154325790  3410	346
154325823  3421	346
154325823  3431	345
154325823  3442	346
154325856  3452	346
154325856  3463	345
154325856  3473	346
154325889  3484	346
154325889  3494	347
154325889  3505	345
154325922  3515	345
154325922  3526	345
154325922  3536	347
154325922  3547	346
154325956  3557	346
154325956  3568	345
154325956  3578	345
154325989  3589	345
154325989  3599	346
154325989  3609	347
154326022  3620	347
154326022  3631	346
154326022  3641	346
154326055  3651	346
154326055  3662	345
154326055  3673	344
154326088  3683	346
154326088  3693	345
154326088  3704	345
154326088  3715	344
154326121  3725	345
154326121  3735	346
154326121  3745	346
154326154  3757	346
154326154  3767	347
154326154  3777	346
154326188  3787	346
154326188  3799	346
154326188  3809	346
154326220  3819	347
154326220  3829	347
154326220  3841	346
154326254  3851	346
154326254  3861	346
154326254  3871	346
154326254  3883	346
154326287  3893	346
154326287  3903	347
154326287  3913	347
154326320  3923	347
154326320  3935	346
154326320  3945	346
154326353  3955	347
154326353  3965	347
154326353  3977	347
154326386  3987	346
154326386  3997	343
154326386  4007	343
154326419  4019	344
154326419  4029	344
154326419  4039	344
154326419  4049	348
154326452  4061	348
154326452  4071	347
154326452  4081	348
154326486  4091	348
154326486  4102	348
154326486  4113	347
154326519  4123	346
154326519  4133	346
154326519  4144	347
154326552  4155	347
154326552  4165	346
154326552  4175	345
154326585  4186	346
154326585  4197	346
154326585  4207	346
154326585  4217	345
154326618  4228	347
154326618  4239	346
154326618  4249	347
154326651  4259	346
154326651  4270	346
154326651  4280	347
154326684  4291	346
154326684  4301	346
154326684  4312	346
154326717  4322	346
154326717  4333	346
154326717  4343	347
154326750  4354	345
154326750  4364	345
154326750  4375	347
154326750  4385	347
154326783  4396	347
154326783  4406	346
154326783  4417	347
154326817  4427	346
154326817  4438	347
154326817  4448	347
154326850  4458	347
154326850  4469	346
154326850  4480	347
154326883  4490	347
154326883  4500	347
154326883  4511	345
154326916  4521	347
154326916  4532	346
154326916  4542	347
154326916  4553	346
154326949  4563	346
154326949  4574	346
154326949  4584	347
154326982  4594	347
154326982  4605	345
154326982  4616	347
154327015  4626	347
154327015  4636	346
154327015  4647	345
154327048  4658	346
154327048  4668	346
154327048  4678	346
154327115  4689	346
154327115  4700	346
154327115  4710	346
154327115  4720	346
154327148  4731	346
154327148  4742	347
154327148  4752	345
154327181  4762	346
154327181  4772	346
154327181  4784	346
154327214  4794	347
154327214  4804	347
154327214  4814	347
154327247  4826	347
154327247  4836	347
154327247  4846	348
154327280  4856	349
154327280  4868	348
154327280  4878	348
154327280  4888	347
154327314  4898	348
154327314  4910	348
154327314  4920	348
154327347  4930	348
154327347  4940	347
154327347  4951	347
154327380  4962	348
154327380  4972	347
154327380  4982	348
154327413  4993	346
154327413  5004	348
154327413  5014	348
154327446  5024	348
154327446  5035	347
154327446  5046	348
154327446  5056	346
154327479  5066	347
154327479  5076	347
154327479  5088	347
154327512  5098	347
154327512  5108	348
154327512  5118	347
154327545  5129	347
154327545  5140	347
154327545  5150	347
154327578  5160	347
154327578  5171	347
154327578  5182	348
154327612  5192	347
154327612  5202	347
154327612  5213	347
154327612  5224	347
154327645  5234	347
154327645  5244	348
154327645  5255	347
154327678  5266	346
154327678  5276	347
154327678  5286	348
154327711  5297	347
154327711  5307	348
154327711  5318	347
154327744  5328	347
154327744  5339	347
154327744  5349	348
154327777  5360	347
154327777  5370	346
154327777  5381	346
154327777  5391	347
154327810  5402	347
154327810  5412	347
154327810  5423	348
154327843  5433	348
154327843  5443	349
154327843  5454	349
154327877  5465	349
154327877  5475	349
154327877  5485	349
154327910  5496	349
154327910  5507	349
154327910  5517	349
154327943  5527	349
154327943  5538	348
154327943  5549	349
154327943  5559	349
154327976  5569	350
154327976  5580	349
154327976  5591	350
154328009  5601	348
154328009  5611	349
154328009  5621	349
154328042  5633	349
154328042  5643	348
154328042  5653	348
154328075  5663	350
154328075  5675	349
154328075  5685	349
154328110  5695	348
154328110  5705	349
154328110  5716	350
154328110  5727	350
154328143  5737	350
154328143  5747	349
154328143  5758	350
154328176  5769	350
154328176  5779	350
154328176  5789	351
154328209  5799	350
154328209  5811	352
154328209  5821	350
154328242  5831	350
154328242  5841	350
154328242  5853	350
154328275  5863	351
154328275  5873	350
154328275  5883	350
154328275  5895	351
154328308  5905	350
154328308  5915	349
154328308  5925	350
154328341  5937	349
154328341  5947	350
154328341  5957	350
154328375  5967	351
154328375  5978	350
154328375  5989	352
154328408  5999	353
154328408  6009	351
154328408  6020	353
154328441  6031	351
154328441  6041	353
154328441  6051	352
154328441  6062	351
154328474  6073	352
154328474  6083	351
154328474  6093	352
154328507  6104	352
154328507  6115	351
154328507  6125	351
154328540  6135	350
154328540  6146	351
154328540  6156	351
154328573  6167	352
154328573  6177	350
154328573  6188	351
154328606  6198	350
154328606  6209	351
154328606  6219	350
154328606  6230	351
154328673  6240	350
154328673  6251	350
154328673  6261	350
154328673  6272	350
154328673  6282	349
154328673  6292	350
154328739  6303	349
154328739  6313	349
154328739  6324	349
154328772  6334	350
154328772  6345	349
154328772  6355	350
154328805  6366	351
154328805  6376	350
154328805  6387	350
154328805  6397	350
154328838  6408	351
154328838  6418	351
154328838  6429	349
154328871  6439	351
154328871  6450	350
154328871  6460	350
154328904  6470	350
154328904  6481	349
154328904  6492	349
154328938  6502	348
154328938  6512	349
154328938  6523	349
154328971  6534	349
154328971  6544	350
154328971  6554	350
154328971  6565	350
154329004  6576	348
154329004  6586	349
154329004  6596	349
154329037  6607	350
154329037  6618	349
154329037  6628	349
154329070  6638	350
154329070  6648	349
154329070  6660	348
154329103  6670	348
154329103  6680	349
154329103  6690	351
154329136  6702	350
154329136  6712	350
154329136  6722	349
154329136  6732	349
154329170  6744	349
154329170  6754	350
154329170  6764	349
154329204  6774	350
154329204  6786	350
154329204  6796	349
154329236  6806	350
154329236  6816	350
154329236  6827	349
154329269  6838	350
154329269  6848	349
154329269  6858	350
154329302  6868	350
154329302  6880	350
154329302  6890	349
154329302  6900	349
154329335  6910	351
154329335  6922	351
154329335  6932	351
154329368  6942	351
154329368  6952	351
154329368  6963	350
154329401  6974	350
154329401  6984	350
154329401  6994	350
154329434  7005	350
154329434  7016	350
154329434  7026	349
154329468  7036	351
154329468  7047	350
154329468  7058	350
154329468  7068	349
154329501  7078	349
154329501  7089	350
154329501  7100	350
154329534  7110	351
154329534  7120	350
154329534  7131	350
154329567  7141	350
154329567  7152	351
154329567  7162	351
154329600  7173	350
154329600  7183	350
154329600  7194	350
154329633  7204	351
154329633  7215	350
154329633  7225	351
154329633  7236	350
154329666  7246	350
154329666  7257	351
154329666  7267	351
154329699  7278	350
154329699  7288	349
154329699  7299	351
154329732  7309	350
154329732  7319	350
154329732  7330	350
154329766  7341	351
154329766  7351	351
154329766  7361	351
154329799  7372	351
154329799  7383	351
154329799  7393	351
154329799  7403	352
154329832  7414	351
154329832  7425	350
154329832  7435	351
154329865  7445	352
154329865  7456	350
154329865  7467	351
154329898  7477	351
154329898  7487	352
154329898  7497	352
154329931  7508	352
154329931  7519	350
154329931  7529	351
154329964  7539	352
154329964  7550	351
154329964  7561	352
154329964  7571	351
154329997  7581	351
154329997  7592	350
154329997  7603	351
154330030  7613	351
154330030  7623	352
154330030  7634	351
154330064  7645	351
154330064  7655	351
154330064  7665	351
154330097  7675	351
154330097  7687	350
154330097  7697	351
154330130  7707	351
154330130  7717	351
154330130  7729	350
154330130  7739	351
154330163  7749	351
154330163  7759	351
154330163  7771	351
154330196  7781	350
154330196  7791	352
154330196  7801	352
154330262  7812	352
154330262  7823	351
154330262  7833	350
154330295  7843	352
154330295  7854	351
154330295  7865	351
154330329  7875	351
154330329  7885	352
154330329  7896	351
154330329  7907	351
154330362  7917	351
154330362  7927	351
154330362  7938	351
154330395  7949	350
154330395  7959	351
154330395  7969	351
154330428  7980	351
154330428  7990	350
154330428  8001	350
154330461  8011	350
154330461  8022	350
154330461  8032	351
154330494  8043	349
154330494  8053	351
154330494  8064	350
154330494  8074	351
154330530  8085	350
154330530  8095	350
154330530  8105	350
154330561  8116	350
154330561  8127	351
154330561  8137	351
154330594  8147	350
154330594  8158	350
154330594  8168	350
154330627  8179	350
154330627  8189	349
154330627  8200	349
154330660  8210	350
154330660  8221	350
154330660  8231	349
154330660  8242	349
154330693  8252	350
154330693  8263	350
154330693  8273	349
154330726  8284	350
154330726  8294	349
154330726  8305	347
154330759  8315	349
154330759  8326	350
154330759  8336	350
154330792  8346	350
154330792  8357	350
154330792  8368	350
154330826  8378	350
154330826  8388	350
154330826  8399	350
154330826  8410	351
154330859  8420	350
154330859  8430	350
154330859  8441	350
154330892  8452	350
154330892  8462	350
154330892  8472	349
154330925  8482	350
154330925  8494	349
154330925  8504	350
154330958  8514	350
154330958  8524	350
154330958  8536	349
154330991  8546	349
154330991  8556	350
154330991  8566	350
154330991  8578	350
154331024  8588	350
154331024  8598	350
154331024  8608	351
154331057  8620	350
154331057  8630	350
154331057  8640	349
154331091  8650	350
154331091  8660	349
154331091  8672	349
154331124  8682	350
154331124  8692	350
154331124  8702	350
154331157  8714	350
154331157  8724	350
154331157  8734	350
154331157  8744	351
154331190  8756	350
154331190  8766	349
154331190  8776	349
154331223  8786	350
154331223  8798	350
154331223  8808	350
154331256  8818	350
154331256  8828	350
154331256  8839	350
154331289  8850	351
154331289  8860	351
154331289  8870	350
154331322  8881	350
154331322  8892	351
154331322  8902	351
154331322  8912	350
154331355  8923	351
154331355  8934	350
154331355  8944	351
154331388  8954	351
154331388  8965	350
154331388  8976	350
154331422  8986	349
154331422  8996	349
154331422  9007	350
154331455  9017	351
154331455  9028	349
154331455  9038	350
154331488  9049	350
154331488  9059	351
154331488  9070	350
154331488  9080	351
154331521  9091	350
154331521  9101	351
154331521  9112	352
154331554  9122	351
154331554  9133	350
154331554  9143	350
154331587  9154	351
154331587  9164	350
154331587  9175	350
154331620  9185	352
154331620  9195	352
154331620  9206	351
154331653  9217	351
154331653  9227	351
154331653  9237	352
154331653  9248	352
154331686  9259	351
154331686  9269	351
154331686  9279	351
154331753  9290	351
154331753  9300	350
154331753  9311	351
154331786  9321	351
154331786  9331	352
154331786  9342	351
154331819  9353	351
154331819  9363	350
154331819  9373	351
154331852  9384	351
154331852  9395	349
154331852  9405	350
154331852  9415	350
154331885  9426	350
154331885  9437	350
154331885  9447	350
154331918  9457	349
154331918  9468	349
154331918  9479	350
154331951  9489	351
154331951  9499	350
154331951  9509	350
154331985  9521	350
154331985  9531	349
154331985  9541	350
154332018  9551	350
154332018  9563	351
154332018  9573	350
154332018  9583	350
154332051  9593	350
154332051  9605	350
154332051  9615	350
154332084  9625	350
154332084  9635	350
154332084  9647	351
154332117  9657	350
154332117  9667	350
154332117  9677	350
154332150  9688	350
154332150  9699	349
154332150  9709	350
154332183  9719	351
154332183  9730	350
154332183  9741	350
154332183  9751	349
154332216  9761	349
154332216  9772	350
154332216  9783	349
154332249  9793	349
154332249  9803	350
154332249  9814	350
154332282  9825	350
154332282  9835	350
154332282  9845	350
154332316  9856	350
154332316  9866	350
154332316  9877	349
154332349  9887	349
154332349  9897	350
154332349  9908	351
154332349  9919	351
154332385  9929	350
154332385  9939	350
154332385  9950	350
154332418  9961	350
154332418  9971	350
154332418  9981	350
154332451  9992	350
154332451  10003	350
154332451  10013	351
154332484  10023	351
154332484  10034	351
154332484  10045	351
154332517  10055	351
154332517  10065	352
154332517  10076	353
154332551  10087	351
154332551  10097	352
154332551  10107	352
154332584  10119	351
154332584  10129	352
154332584  10139	352
154332617  10149	351
154332617  10161	352
154332617  10171	351
154332650  10181	350
154332650  10192	351
154332650  10203	351
154332683  10213	350
154332683  10223	352
154332716  10234	352
154332716  10245	351
154332716  10255	353
154332749  10266	352
154332749  10276	350
154332749  10287	352
154332782  10297	352
154332782  10308	352
154332782  10318	352
154332815  10329	352
154332815  10339	352
154332815  10350	352
154332848  10360	352
154332848  10371	353
154332848  10382	352
154332881  10392	352
154332881  10402	352
154332881  10413	352
154332914  10424	350

