155201868  10	481
155201868  20	481
155201868  30	482
155201901  40	482
155201901  51	481
155201901  61	481
155201934  72	482
155201934  82	482
155201934  93	482
155201968  103	482
155201968  113	481
155201968  123	482
155202001  135	481
155202001  145	482
155202001  155	480
155202034  165	481
155202034  176	481
155202034  187	481
155202067  197	481
155202067  207	482
155202067  218	482
155202100  228	482
155202100  238	482
155202100  249	482
155202100  260	482
155202133  270	482
155202133  280	481
155202133  290	482
155202166  302	482
155202166  312	483
155202166  322	483
155202200  332	483
155202200  343	482
155202200  354	482
155202233  364	482
155202233  374	482
155202233  385	482
155202267  395	482
155202267  406	482
155202267  416	482
155202300  427	482
155202300  437	482
155202300  447	481
155202300  457	483
155202333  468	482
155202333  479	481
155202333  489	481
155202366  499	482
155202366  509	483
155202366  521	482
155202399  531	482
155202399  541	482
155202399  551	482
155202432  562	482
155202432  573	482
155202432  583	482
155202465  593	481
155202465  604	482
155202465  614	482
155202498  624	481
155202498  635	482
155202498  646	481
155202531  656	482
155202531  666	482
155202531  676	482
155202531  688	482
155202564  698	482
155202564  708	482
155202564  718	482
155202597  729	483
155202597  740	483
155202597  750	483
155202630  760	482
155202630  771	482
155202630  781	481
155202663  792	482
155202663  802	482
155202663  813	482
155202696  823	482
155202696  833	482
155202696  843	482
155202730  855	482
155202730  865	482
155202730  875	482
155202763  885	482
155202763  896	482
155202763  907	481
155202763  917	482
155202796  927	482
155202796  937	482
155202796  948	483
155202829  959	483
155202829  969	483
155202829  979	482
155202862  990	483
155202895  1000	482
155202895  1011	481
155202895  1021	482
155202895  1032	481
155202928  1042	482
155202928  1052	482
155202928  1063	482
155202961  1074	482
155202961  1084	481
155202961  1094	482
155202994  1105	481
155202994  1116	482
155202994  1126	482
155203028  1136	482
155203028  1147	483
155203028  1158	483
155203061  1168	482
155203061  1178	482
155203061  1188	482
155203061  1200	483
155203094  1210	482
155203094  1220	481
155203094  1230	480
155203127  1242	481
155203127  1252	482
155203127  1262	481
155203160  1272	482
155203160  1284	481
155203160  1294	482
155203193  1304	482
155203193  1314	481
155203193  1326	482
155203226  1336	482
155203226  1346	481
155203226  1356	481
155203226  1367	482
155203260  1378	482
155203260  1388	483
155203260  1398	483
155203293  1409	482
155203293  1420	483
155203293  1430	482
155203326  1440	482
155203326  1451	482
155203326  1462	482
155203359  1472	482
155203359  1482	482
155203359  1492	481
155203393  1503	482
155203393  1514	481
155203393  1524	482
155203393  1534	482
155203426  1545	482
155203426  1556	483
155203426  1566	483
155203458  1576	483
155203458  1587	483
155203458  1598	482
155203492  1608	483
155203492  1618	483
155203492  1629	482
155203525  1639	482
155203525  1650	483
155203525  1660	482
155203558  1671	482
155203558  1681	483
155203558  1692	482
155203558  1702	482
155203591  1713	482
155203591  1723	482
155203591  1734	482
155203625  1744	482
155203625  1755	482
155203625  1765	482
155203658  1775	483
155203658  1786	483
155203658  1797	484
155203690  1807	484
155203690  1817	483
155203690  1828	483
155203723  1839	483
155203723  1849	483
155203723  1859	482
155203723  1870	482
155203756  1881	482
155203756  1891	482
155203756  1901	481
155203790  1911	482
155203790  1923	483
155203790  1933	483
155203823  1943	483
155203823  1953	482
155203823  1965	482
155203856  1975	482
155203856  1985	482
155203856  1995	483
155203889  2007	483
155203889  2017	482
155203889  2027	483
155203889  2037	483
155203922  2048	483
155203922  2059	482
155203922  2069	483
155203955  2079	483
155203955  2089	483
155203955  2101	483
155203988  2111	483
155203988  2121	483
155203988  2131	482
155204021  2143	482
155204021  2153	482
155204021  2163	482
155204055  2173	482
155204055  2185	481
155204055  2195	483
155204055  2205	482
155204121  2215	483
155204121  2226	483
155204121  2237	484
155204121  2247	482
155204121  2257	483
155204121  2268	483
155204187  2279	483
155204187  2289	482
155204187  2299	483
155204220  2310	482
155204220  2321	483
155204220  2331	481
155204253  2341	482
155204253  2352	482
155204253  2362	482
155204253  2373	483
155204286  2383	482
155204286  2394	483
155204286  2404	483
155204319  2415	483
155204319  2425	483
155204319  2436	483
155204352  2446	483
155204352  2457	484
155204352  2467	483
155204386  2478	483
155204386  2488	484
155204386  2499	484
155204419  2509	482
155204419  2520	481
155204419  2530	481
155204419  2540	482
155204452  2551	482
155204452  2562	482
155204452  2572	482
155204485  2582	483
155204485  2593	482
155204485  2604	483
155204526  2614	483
155204526  2624	483
155204526  2635	483
155204558  2646	483
155204558  2656	482
155204558  2666	482
155204591  2676	482
155204591  2688	482
155204591  2698	483
155204591  2708	483
155204625  2718	483
155204625  2729	483
155204625  2740	484
155204658  2750	483
155204658  2760	484
155204658  2771	483
155204691  2782	484
155204691  2792	483
155204691  2802	483
155204724  2812	483
155204724  2824	482
155204724  2834	483
155204757  2844	483
155204757  2854	483
155204757  2866	483
155204757  2876	483
155204790  2886	483
155204790  2896	483
155204790  2908	482
155204824  2918	483
155204824  2928	483
155204824  2938	482
155204857  2950	481
155204857  2960	483
155204857  2970	482
155204890  2980	482
155204890  2991	482
155204890  3002	483
155204923  3012	483
155204923  3022	482
155204923  3033	482
155204923  3044	482
155204956  3054	482
155204956  3064	481
155204956  3075	482
155204989  3086	483
155204989  3096	482
155204989  3106	482
155205022  3117	482
155205022  3128	482
155205022  3138	482
155205055  3148	482
155205055  3159	483
155205055  3169	483
155205088  3180	483
155205088  3190	482
155205088  3201	481
155205088  3211	481
155205121  3222	482
155205121  3232	483
155205121  3243	483
155205154  3253	482
155205154  3264	483
155205154  3274	483
155205187  3284	483
155205187  3295	482
155205187  3305	482
155205221  3316	482
155205221  3326	482
155205221  3337	482
155205254  3347	483
155205254  3358	482
155205254  3368	482
155205254  3379	483
155205287  3389	483
155205287  3400	483
155205287  3410	482
155205320  3421	481
155205320  3431	482
155205320  3441	482
155205354  3452	483
155205354  3463	482
155205354  3473	482
155205386  3483	482
155205386  3494	482
155205386  3505	482
155205419  3515	482
155205419  3525	482
155205419  3536	482
155205419  3547	482
155205452  3557	482
155205452  3567	482
155205452  3578	482
155205486  3589	483
155205486  3599	482
155205486  3609	481
155205519  3619	482
155205519  3631	482
155205519  3641	482
155205552  3651	482
155205552  3661	483
155205552  3673	482
155205585  3683	482
155205585  3693	482
155205585  3703	482
155205585  3715	482
155205619  3725	483
155205619  3735	482
155205619  3745	483
155205652  3757	482
155205652  3767	481
155205652  3777	482
155205685  3787	483
155205685  3798	482
155205685  3809	482
155205717  3819	483
155205717  3829	483
155205717  3840	483
155205751  3851	483
155205751  3861	482
155205751  3871	482
155205751  3881	482
155205784  3893	482
155205784  3903	482
155205784  3913	482
155205817  3923	482
155205817  3934	482
155205817  3945	483
155205850  3955	482
155205850  3965	483
155205850  3976	481
155205883  3987	483
155205883  3997	483
155205883  4007	482
155205916  4018	483
155205916  4029	483
155205916  4039	482
155205916  4049	483
155205949  4060	482
155205949  4071	481
155205949  4081	481
155206016  4091	482
155206016  4102	481
155206016  4112	482
155206049  4123	481
155206049  4133	482
155206049  4144	483
155206091  4154	482
155206091  4165	482
155206091  4175	483
155206091  4186	483
155206091  4196	483
155206091  4207	482
155206091  4217	483
155206149  4228	482
155206149  4238	482
155206149  4248	482
155206182  4259	483
155206182  4270	481
155206182  4280	482
155206215  4290	481
155206215  4301	481
155206215  4312	481
155206248  4322	482
155206248  4332	482
155206248  4343	482
155206281  4354	482
155206281  4364	481
155206281  4374	482
155206281  4385	481
155206314  4396	482
155206314  4406	481
155206314  4416	481
155206347  4426	482
155206347  4438	481
155206347  4448	481
155206380  4458	481
155206380  4468	481
155206380  4480	482
155206413  4490	480
155206413  4500	481
155206413  4510	481
155206448  4521	481
155206448  4532	481
155206448  4542	481
155206448  4552	482
155206481  4563	482
155206481  4574	482
155206481  4584	481
155206514  4594	481
155206514  4604	482
155206514  4616	481
155206547  4626	480
155206547  4636	481
155206547  4646	482
155206580  4658	483
155206580  4668	483
155206580  4678	483
155206613  4688	482
155206613  4700	483
155206613  4710	482
155206613  4720	481
155206647  4730	481
155206647  4742	481
155206647  4752	481
155206679  4762	482
155206679  4772	482
155206679  4783	483
155206712  4794	482
155206712  4804	482
155206712  4814	482
155206746  4825	481
155206746  4836	481
155206746  4846	482
155206779  4856	482
155206779  4867	483
155206779  4878	482
155206779  4888	482
155206812  4898	482
155206812  4909	482
155206812  4919	481
155206845  4930	482
155206845  4940	481
155206845  4951	482
155206878  4961	482
155206878  4972	481
155206878  4982	480
155206911  4993	483
155206911  5003	482
155206911  5014	483
155206945  5024	483
155206945  5035	483
155206945  5045	482
155206945  5056	482
155206978  5066	483
155206978  5076	482
155206978  5087	483
155207012  5097	483
155207012  5108	483
155207012  5118	482
155207044  5129	483
155207044  5139	482
155207044  5150	483
155207077  5160	483
155207077  5171	484
155207077  5181	483
155207110  5192	484
155207110  5202	483
155207110  5213	482
155207110  5223	482
155207143  5233	483
155207143  5244	482
155207143  5255	483
155207176  5265	484
155207176  5275	482
155207176  5286	483
155207209  5297	483
155207209  5307	484
155207209  5317	483
155207242  5328	484
155207242  5339	483
155207242  5349	483
155207275  5359	483
155207275  5370	483
155207275  5381	483
155207275  5391	483
155207309  5401	483
155207309  5411	483
155207309  5423	482
155207342  5433	484
155207342  5443	481
155207342  5453	482
155207375  5465	481
155207375  5475	482
155207375  5485	482
155207408  5495	482
155207408  5507	482
155207408  5517	483
155207441  5527	484
155207441  5537	482
155207441  5549	482
155207441  5559	483
155207474  5569	482
155207474  5579	482
155207474  5590	482
155207508  5601	482
155207508  5611	483
155207508  5621	483
155207541  5632	482
155207541  5643	483
155207541  5653	483
155207574  5663	483
155207574  5673	484
155207574  5685	482
155207640  5695	483
155207640  5705	483
155207640  5715	483
155207640  5727	484
155207673  5737	484
155207673  5747	483
155207673  5757	483
155207707  5768	483
155207707  5779	484
155207707  5789	484
155207740  5799	484
155207740  5810	483
155207740  5821	484
155207773  5831	482
155207773  5841	482
155207773  5852	482
155207806  5863	482
155207806  5873	482
155207806  5883	482
155207806  5894	483
155207839  5904	483
155207839  5915	483
155207839  5925	484
155207872  5936	484
155207872  5946	484
155207872  5957	483
155207905  5967	483
155207905  5978	483
155207905  5988	484
155207938  5999	483
155207938  6009	484
155207938  6020	484
155207971  6030	483
155207971  6041	484
155207971  6051	484
155207971  6062	484
155208005  6072	483
155208005  6082	483
155208005  6093	483
155208037  6104	483
155208037  6114	482
155208037  6124	482
155208071  6135	483
155208071  6146	484
155208071  6156	484
155208104  6166	484
155208104  6177	483
155208104  6188	483
155208138  6198	484
155208138  6208	484
155208138  6219	484
155208138  6230	483
155208170  6240	484
155208170  6250	484
155208170  6260	484
155208203  6272	484
155208203  6282	483
155208203  6292	484
155208236  6302	484
155208236  6313	483
155208236  6324	483
155208270  6334	482
155208270  6344	482
155208270  6355	483
155208303  6366	482
155208303  6376	482
155208303  6386	482
155208303  6397	482
155208336  6408	482
155208336  6418	482
155208336  6428	482
155208369  6438	483
155208369  6450	483
155208369  6460	483
155208402  6470	482
155208402  6480	482
155208402  6492	482
155208435  6502	483
155208435  6512	482
155208435  6522	482
155208468  6534	483
155208468  6544	482
155208468  6554	482
155208468  6564	482
155208502  6575	482
155208502  6586	482
155208502  6596	483
155208535  6606	483
155208535  6617	483
155208535  6628	482
155208568  6638	483
155208568  6648	483
155208568  6659	483
155208601  6670	482
155208601  6680	483
155208601  6690	484
155208634  6701	483
155208634  6711	483
155208634  6722	482
155208634  6732	481
155208667  6743	483
155208667  6753	482
155208667  6764	483
155208701  6774	484
155208701  6785	483
155208701  6795	483
155208734  6806	483
155208734  6816	483
155208734  6827	483
155208767  6837	483
155208767  6848	483
155208767  6858	483
155208801  6868	484
155208801  6879	483
155208801  6889	484
155208801  6900	482
155208834  6910	484
155208834  6921	484
155208834  6931	483
155208867  6942	483
155208867  6952	483
155208867  6963	483
155208900  6973	484
155208900  6984	484
155208900  6994	483
155208933  7005	483
155208933  7015	484
155208933  7026	484
155208966  7036	484
155208966  7047	484
155208966  7057	484
155208966  7067	485
155208999  7078	484
155208999  7089	485
155208999  7099	484
155209032  7109	484
155209032  7120	483
155209032  7131	483
155209065  7141	484
155209065  7151	483
155209065  7162	484
155209099  7173	484
155209099  7183	484
155209099  7193	484
155209132  7204	484
155209132  7215	482
155209132  7225	484
155209132  7235	484
155209198  7245	484
155209198  7257	483
155209198  7267	483
155209231  7277	484
155209231  7287	484
155209231  7299	484
155209264  7309	484
155209264  7319	485
155209264  7329	484
155209298  7341	485
155209298  7351	484
155209298  7361	483
155209331  7371	483
155209331  7382	483
155209331  7393	484
155209331  7403	484
155209364  7413	483
155209364  7424	484
155209364  7435	484
155209397  7445	484
155209397  7455	484
155209397  7465	484
155209430  7477	484
155209430  7487	484
155209430  7497	485
155209463  7507	484
155209463  7519	483
155209463  7529	484
155209497  7539	484
155209497  7549	484
155209497  7560	484
155209497  7571	484
155209530  7581	485
155209530  7591	484
155209530  7602	484
155209563  7613	484
155209563  7623	484
155209563  7633	483
155209596  7644	483
155209596  7655	484
155209596  7665	484
155209630  7675	484
155209630  7686	484
155209630  7697	484
155209663  7707	483
155209663  7717	484
155209663  7728	484
155209663  7738	484
155209696  7749	484
155209696  7759	484
155209696  7770	484
155209729  7780	483
155209729  7791	483
155209729  7801	484
155209762  7812	484
155209762  7822	484
155209762  7833	484
155209795  7843	485
155209795  7854	485
155209795  7864	485
155209828  7875	484
155209828  7885	485
155209828  7896	485
155209828  7906	483
155209861  7916	484
155209861  7927	485
155209861  7938	485
155209894  7948	484
155209894  7958	484
155209894  7969	482
155209927  7980	483
155209927  7990	484
155209927  8000	483
155209961  8011	483
155209961  8022	483
155209961  8032	483
155209994  8042	484
155209994  8052	484
155209994  8064	485
155209994  8074	485
155210027  8084	484
155210027  8094	483
155210027  8105	483
155210060  8116	484
155210060  8126	484
155210060  8136	483
155210093  8147	484
155210093  8158	484
155210093  8168	484
155210126  8178	483
155210126  8189	483
155210126  8200	483
155210159  8210	483
155210159  8220	483
155210159  8230	484
155210159  8242	483
155210193  8252	483
155210193  8262	484
155210193  8272	483
155210226  8284	482
155210226  8294	483
155210226  8304	483
155210260  8314	484
155210260  8326	483
155210260  8336	483
155210293  8346	484
155210293  8356	484
155210293  8367	484
155210328  8378	484
155210328  8388	484
155210328  8398	483
155210328  8409	483
155210361  8420	482
155210361  8430	482
155210361  8440	483
155210395  8451	483
155210395  8462	483
155210395  8472	483
155210428  8482	483
155210428  8493	483
155210428  8504	483
155210461  8514	484
155210461  8524	484
155210461  8535	484
155210494  8545	484
155210494  8556	484
155210494  8566	484
155210494  8577	484
155210529  8587	484
155210529  8598	483
155210529  8608	484
155210560  8619	484
155210560  8629	483
155210560  8640	483
155210593  8650	483
155210593  8660	483
155210593  8671	483
155210626  8682	483
155210626  8692	483
155210626  8702	483
155210660  8713	482
155210660  8723	483
155210660  8734	483
155210660  8744	483
155210693  8755	483
155210693  8765	483
155210693  8776	483
155210726  8786	484
155210726  8797	484
155210726  8807	484
155210759  8818	483
155210759  8828	484
155210759  8839	484
155210792  8849	485
155210792  8860	484
155210792  8870	483
155210826  8881	483
155210826  8891	483
155210826  8901	484
155210826  8912	483
155210859  8923	483
155210859  8933	483
155210859  8943	483
155210892  8954	483
155210892  8965	483
155210892  8975	484
155210925  8985	485
155210925  8996	485
155210925  9007	484
155210991  9017	484
155210991  9027	485
155210991  9037	484
155211025  9049	484
155211025  9059	484
155211025  9069	484
155211025  9079	484
155211057  9091	484
155211057  9101	484
155211057  9111	483
155211091  9121	482
155211091  9133	483
155211091  9143	483
155211124  9153	483
155211124  9163	482
155211124  9175	483
155211157  9185	484
155211157  9195	484
155211157  9205	484
155211190  9216	483
155211190  9227	484
155211190  9237	484
155211190  9247	484
155211223  9257	483
155211223  9269	484
155211223  9279	483
155211256  9289	483
155211256  9299	483
155211256  9311	483
155211290  9321	483
155211290  9331	484
155211290  9341	484
155211323  9353	484
155211323  9363	484
155211323  9373	484
155211356  9383	483
155211356  9394	484
155211356  9405	483
155211356  9415	484
155211389  9425	484
155211389  9436	484
155211389  9447	484
155211423  9457	484
155211423  9467	484
155211423  9478	484
155211455  9489	483
155211455  9499	483
155211455  9509	483
155211489  9520	483
155211489  9531	482
155211489  9541	484
155211522  9551	484
155211522  9562	482
155211522  9572	483
155211522  9583	483
155211558  9593	482
155211558  9604	483
155211558  9614	483
155211588  9625	484
155211588  9635	484
155211588  9646	484
155211621  9656	483
155211621  9667	482
155211621  9677	483
155211654  9688	483
155211654  9698	484
155211654  9709	483
155211687  9719	483
155211687  9730	483
155211687  9740	482
155211687  9750	483
155211721  9761	483
155211721  9772	484
155211721  9782	483
155211754  9792	483
155211754  9803	483
155211754  9814	484
155211787  9824	484
155211787  9834	484
155211787  9845	483
155211820  9856	483
155211820  9866	483
155211820  9876	483
155211853  9887	483
155211853  9897	484
155211853  9908	484
155211853  9918	484
155211886  9928	484
155211886  9939	483
155211886  9950	483
155211919  9960	484
155211919  9970	483
155211919  9981	483
155211953  9992	482
155211953  10002	483
155211953  10012	483
155211987  10023	484
155211987  10034	483
155211987  10044	484
155212019  10054	484
155212019  10065	484
155212019  10076	483
155212053  10086	483
155212053  10097	484
155212053  10107	484
155212086  10118	483
155212086  10128	484
155212086  10139	484
155212119  10149	484
155212119  10160	483
155212119  10171	483
155212152  10181	483
155212152  10191	484
155212152  10202	484
155212185  10213	483
155212185  10223	483
155212219  10233	484
155212219  10245	483
155212219  10255	484
155212252  10265	483
155212252  10275	482
155212252  10287	483
155212285  10297	484
155212285  10307	483
155212285  10317	483
155212318  10329	483
155212318  10339	484
155212318  10349	484
155212351  10360	483
155212351  10371	483
155212351  10381	482
155212384  10391	483
155212384  10402	483
155212384  10413	484
155212417  10423	483

