18041	634
18132	632
18213	635
18295	638
18376	637
18457	638
18538	637
18620	637
18701	638
18782	637
18863	638
18945	639
19025	644
19106	646
19187	641
19269	642
19350	642
19431	639
19512	638
19594	641
19675	643
19756	628
19836	610
19918	601
19999	603
20080	604
20162	606
20243	604
20324	602
20405	602
20487	597
20568	596
20648	594
20729	595
20811	594
20892	594
20973	594
21054	594
21136	594
21217	594
21298	593
21379	592
21460	592
21541	592
21622	592
21703	593
21785	592
21869	590
21951	586
22032	586
22113	589
22194	591
22276	596
22356	594
22437	596
22518	595
22600	593
22681	593
22762	593
	
40858	590
40942	594
41023	589
41104	591
41186	592
41267	598
41348	601
41428	601
41510	607
41591	608
41672	607
41753	607
41835	616
41916	616
41997	619
42078	617
42160	620
42241	618
42321	619
42402	619
42484	619
42565	618
42646	620
42727	616
42809	619
42890	620
42971	624
43053	623
43133	619
43214	616
43295	607
43377	608
43458	609
43539	607
43624	607
43705	608
43786	607
43867	602
43949	604
44029	607
44110	603
44191	608
44273	599
44354	600
44435	601
44516	603
44598	604
44679	604
	
66775	561
66859	563
66939	565
67021	564
67102	565
67183	565
67264	567
67346	569
67427	571
67508	573
67589	575
67671	576
67751	575
67832	571
67913	571
67995	568
68076	568
68157	569
68238	572
68320	573
68401	571
68482	572
68562	568
68644	568
68725	565
68806	564
68887	564
68969	564
69050	565
69131	563
69212	563
69294	564
69374	560
69459	561
69540	561
69621	563
69702	564
69784	563
69865	564
69946	562
70027	562
70109	561
70190	560
70270	560
70351	560
70433	558
70514	557
70595	560
70676	561
70758	555
70839	560
70920	560
71002	559
71083	560
71163	558
71244	554
71326	551
71407	550
	
82503	562
82587	567
82668	560
82749	559
82830	554
82912	559
82993	563
83074	558
83154	556
83236	566
83317	559
83398	551
83479	535
83561	543
83642	541
83723	543
83804	545
83886	543
83966	545
84047	550
84128	554
84213	557
84294	551
84376	548
84457	546
84538	539
84619	536
84701	536
84782	546
84862	565
84943	559
85025	549
85106	546
85187	554
85268	563
85350	563
85431	570
85512	558
85593	561
85675	556
85755	568
85836	567
85918	568
85999	564
86080	558
86161	560
86243	560
86324	574
86405	570
86486	575
86567	574
86648	581
86729	578
86810	576
86892	573
86973	586
87054	589
87135	592
87217	601
87298	598
87378	602
87459	600
87541	598
87622	605
87703	606
87784	615
87866	612
	
98965	607
99049	606
99130	608
99211	608
99292	608
99374	607
99454	605
99535	607
99616	608
99698	608
99779	607
99860	607
99942	608
100023	607
100104	607
100185	609
100267	609
100347	608
100428	609
100510	606
100591	608
100673	607
100754	610
100835	609
100917	609
100998	608
101079	612
101160	608
101241	609
101322	609
101404	610
101485	611
101566	612
101648	613
101729	610
101810	609
101892	609
101972	608
102053	610
102135	609
102216	609
102297	609
102379	608
102460	611
102545	610
102626	608
102707	611
102789	609
102870	608
102950	609
103032	610
103113	609
103194	609
103276	610
103357	610
103439	611
103520	610
103601	608
103683	610
	
113778	577
113862	571
113943	568
114024	570
114106	570
114187	569
114268	571
114350	563
114430	562
114512	563
114593	559
114674	557
114756	551
114837	551
114918	553
115000	552
115081	549
115162	552
115244	551
115324	545
115405	542
115487	539
115568	551
115649	541
115731	541
115812	547
115893	552
115978	550
116059	557
116141	558
116221	559
116302	554
116384	552
116465	552
116546	561
116628	565
116709	561
116790	564
116872	560
116953	556
117033	557
117115	545
117196	544
117278	542
117359	539
117440	540
117522	543
117603	536
117684	538
117766	535
117847	532
117927	525
118009	525
118090	529
118171	524
118253	517
118334	516
118415	517
118497	512
118578	515
118659	517
118740	514
118821	514
118902	513
118984	527
119065	520
119146	519
119228	515
119309	517
119390	511
119475	513
119556	507
119638	509
119718	514
119799	519
119881	514
119962	520
120043	515
120125	515
120206	515
120288	519
	
133384	539
133467	536
133549	540
133629	535
133710	535
133792	532
133873	532
133954	531
134036	530
134117	524
134198	527
134280	526
134361	527
134441	528
134523	525
134604	525
134685	523
134767	519
134848	521
134929	523
135011	522
135092	521
135173	520
135255	520
135335	521
135417	521
135498	525
135579	529
135661	528
135742	524
135823	523
135908	524
135989	523
136071	521
136152	523
136232	521
136314	520
136395	520
136476	525
136558	519
136639	516
136720	518
136802	517
136883	520
136964	516
137046	516
137126	518
137207	522
137289	515
137370	522
137451	514
137533	516
137614	514
137695	520
137777	515
137858	513
137938	515
138020	511
138101	510
138182	510
138264	508
138345	509
138426	508
138508	506
138589	505
138670	504
	
154767	541
154850	540
154931	542
155013	543
155094	540
155175	542
155256	541
155337	539
155422	544
155503	542
155585	542
155666	542
155747	542
155829	544
155910	545
155991	542
156072	543
156153	544
156234	544
156316	545
156397	546
156478	544
156560	545
156641	546
156722	547
156804	546
156884	545
156965	545
157047	545
157128	544
157209	544
157291	544
157372	543
157454	542
157535	545
157616	546
157698	546
157778	549
157859	558
157941	563
158022	557
158103	559
158185	557
158266	557
158347	555
158429	557
158510	561
158590	559
158672	559
158753	560
158834	563
158919	561
159000	561
159082	559
159163	563
159244	561
159326	562
159407	562
159489	563
159569	560
159650	559
159732	559
159813	557
159894	558
159976	555
160057	556
160138	557
160220	555
160301	558
	
196398	547
196481	539
196562	538
196643	536
196724	530
196806	536
196887	533
196968	532
197050	532
197131	530
197212	536
197294	559
197374	543
197455	540
197537	536
197618	541
197699	539
197781	541
197862	541
197943	541
198025	547
198106	550
198187	549
198268	548
198352	553
198434	558
198515	557
198596	569
198678	565
198759	561
198840	565
198922	567
199003	570
199085	573
199165	573
199246	574
199328	581
199409	575
199490	568
199572	565
199653	568
199734	566
199816	562
199897	562
199977	561
200059	562
200140	560
200221	556
200303	563
200384	560
200465	559
200547	561
200628	558
200709	565
200791	562
200871	561
200952	566
201034	571
201115	565
201196	564
	
212293	663
212376	663
212457	662
212539	661
212620	662
212701	662
212786	663
212868	662
212948	661
213029	659
213111	661
213192	662
213273	663
213355	662
213436	662
213517	660
213599	657
213680	658
213761	656
213842	655
213923	654
214004	655
214086	650
214167	650
214248	649
214330	651
214411	649
214492	650
214574	652
214654	654
214735	655
214817	650
214898	652
214979	649
215061	649
215142	653
215223	653
215305	651
215386	651
215467	648
215548	649
215629	647
215710	647
215792	646
215873	647
215954	645
216036	647
216117	648
216198	650
216283	649
216365	647
216445	650
216526	652
216608	652
216689	654
216770	651
216852	650
216933	650
217014	652
	
