32066	677
32172	683
32252	670
32333	668
32415	671
32496	666
32577	668
32658	668
32740	672
32821	670
32902	672
32983	667
33064	664
33145	664
33226	661
33307	662
33389	661
33470	688
33551	689
33632	689
33714	690
33795	692
33875	692
33956	689
34038	689
34119	690
34200	688
34281	697
34363	696
34444	697
34525	692
34606	684
34688	687
34768	698
34849	712
34931	715
35012	715
35093	711
35174	718
35256	717
35337	720
35418	715
35499	720
35580	717
35661	719
35742	716
35823	708
35908	702
35990	692
36071	691
36152	690
36233	690
36315	692
	
89414	681
89497	677
89578	682
89660	680
89741	679
89822	677
89903	676
89985	678
90065	680
90146	682
90228	684
90309	684
90390	691
90471	694
90553	697
90634	697
90715	692
90796	690
90877	688
90958	698
91039	696
91120	700
91202	701
91283	700
91364	703
91445	703
91527	704
91608	699
91688	695
91769	696
91851	699
91932	695
92013	689
92094	687
92176	689
92257	688
92338	689
92419	664
92500	641
92581	623
92666	615
92747	620
92828	607
92909	611
92991	614
93072	612
93153	610
93234	608
93316	626
93396	619
	
139496	623
139580	633
139661	616
139742	597
139824	594
139905	606
139985	601
140067	601
140148	598
140229	607
140311	595
140392	593
140473	602
140555	594
140636	597
140717	592
140798	596
140879	618
140960	611
141042	616
141123	618
141204	620
141286	622
141367	623
141448	619
141530	626
141611	636
141691	622
141773	619
141854	634
141935	680
142017	672
142098	656
142179	627
142264	636
142346	631
142427	642
142508	633
142589	634
142670	629
142751	629
142833	630
142914	653
142995	637
143077	647
143158	697
143239	700
143321	698
143401	702
143482	700
143564	685
143645	694
143726	669
143808	696
143889	701
143970	708
144052	710
144133	714
144214	718
144295	715
144376	706
144457	704
144539	668
	
170638	692
170722	688
170803	689
170884	690
170966	691
171046	687
171127	686
171209	676
171290	678
171371	675
171453	680
171534	680
171616	683
171700	684
171782	675
171863	680
171943	665
172025	674
172106	604
172187	592
172269	599
172350	584
172431	580
172513	580
172594	585
172675	584
172756	589
172837	594
172918	602
173000	600
173081	602
173162	600
173244	601
173325	606
173406	597
173488	603
173569	611
173649	612
173731	621
173812	618
173893	620
173975	623
174056	622
174137	619
174219	619
174300	617
174381	613
174462	620
174543	620
174625	617
174706	619
174787	616
174869	613
174950	612
175031	613
175113	622
175197	616
175279	616
175360	614
	
196459	722
196542	721
196623	725
196705	721
196786	715
196867	721
196948	714
197029	712
197111	715
197192	720
197273	720
197355	709
197436	709
197517	706
197599	720
197680	716
197761	716
197842	723
197923	717
198004	707
198086	725
198167	732
198248	730
198330	731
198411	673
198492	688
198574	644
198654	631
198735	631
198817	635
198898	665
198979	726
199061	725
199142	739
199223	737
199305	733
199386	737
199467	741
199548	741
199632	742
199714	738
199795	743
199876	740
199958	742
200039	741
200120	744
200202	741
200283	741
200365	744
200445	746
200526	742
200608	743
200689	741
200770	731
	
223869	540
223952	549
224034	544
224115	543
224197	543
224278	542
224359	543
224441	540
224522	540
224603	542
224685	545
224765	544
224846	543
224928	547
225009	547
225090	550
225172	554
225253	548
225334	554
225416	548
225497	554
225577	551
225659	550
225740	551
225821	552
225903	547
225984	549
226065	549
226150	548
226231	551
226313	552
226394	549
226475	552
226556	550
226637	545
226718	547
226800	551
226881	554
226962	552
227044	550
227125	549
227207	551
227288	551
227368	550
227450	545
227531	539
227612	537
227694	542
227775	542
227856	541
227938	545
228019	544
228100	545
228182	549
228262	548
228343	548
228425	552
228506	553
228587	554
228669	557
228750	555
228831	555
228913	557
228994	564
229074	562
229156	561
229237	562
229318	569
229400	573
	
259499	628
259587	629
259667	625
259748	623
259830	617
259911	608
259992	622
260074	610
260155	613
260236	609
260318	614
260399	619
260480	614
260561	620
260642	623
260723	623
260805	629
260886	629
260967	629
261049	627
261130	627
261211	627
261293	627
261373	628
261454	630
261536	631
261617	626
261698	631
261780	629
261861	637
261942	638
262024	640
262105	638
262185	637
262267	641
262348	641
262429	638
262511	631
262592	626
262673	628
262755	629
262836	630
262917	629
262999	628
263084	632
263164	631
263245	629
263327	631
263408	629
263489	632
263571	628
263652	629
263733	625
263815	624
263896	626
263976	625
264058	623
264139	626
264220	625
264302	625
264383	622
264464	617
264546	615
264627	610
264708	612
264790	614
264870	615
	
289970	716
290053	717
290135	716
290215	712
290297	714
290378	716
290459	714
290541	713
290622	715
290703	712
290785	713
290866	708
290947	705
291028	703
291109	701
291190	704
291272	707
291353	711
291434	712
291519	712
291600	708
291682	707
291763	709
291844	706
291926	700
292006	708
292087	707
292169	708
292250	704
292331	706
292413	705
292494	704
292576	706
292657	703
292738	702
292819	704
292900	703
292981	708
293063	704
293144	698
293225	697
293307	699
293388	699
293469	697
293551	702
293632	703
293712	702
293794	704
293875	705
293956	701
294038	699
294119	699
	
315217	565
315301	567
315382	565
315464	567
315545	560
315626	557
315708	553
315789	558
315870	563
315955	563
316037	568
316118	572
316198	574
316280	574
316361	574
316442	567
316524	567
316605	565
316686	566
316768	568
316849	571
316930	568
317011	571
317092	574
317173	570
317255	575
317336	582
317417	586
317499	588
317580	588
317661	583
317743	588
317824	588
317904	584
317986	584
318067	583
318149	579
318230	583
318311	580
318393	584
318474	582
318555	581
318637	595
318717	594
318798	592
318880	605
318961	604
319042	602
319124	601
319205	604
319286	603
319368	604
319452	602
319534	605
319614	608
319695	609
319777	608
319858	609
319939	611
320021	613
	
341120	595
341203	595
341284	597
341366	606
341447	597
341528	594
341610	597
341691	605
341772	606
341854	599
341935	608
342016	604
342097	605
342178	608
342259	616
342341	614
342422	613
342503	607
342585	609
342666	616
342747	622
342829	619
342909	623
342990	624
343072	624
343153	625
343234	625
343316	625
343397	626
343478	633
343560	634
343641	637
343721	636
343803	634
343884	632
343969	632
344050	631
344132	626
344213	625
344294	629
344376	633
344457	636
344538	636
344620	635
344700	630
344781	632
344863	624
344944	624
345025	620
345107	628
345188	623
345269	625
345351	620
345432	620
345512	619
345594	609
345675	608
345756	610
345838	611
345919	610
346000	615
346082	608
346163	614
346244	610
346326	615
346406	615
346487	620
346569	630
346650	632
346731	630
346813	633
346894	632
	
