3041	409
3132	410
3213	409
3294	411
3376	410
3457	411
3537	409
3618	411
3699	410
3780	409
3862	410
3943	411
4024	412
4105	411
4186	411
4268	412
4348	411
4429	411
4510	413
4591	412
4672	415
4754	413
4835	411
4916	413
4997	411
5078	411
5158	412
5240	411
5321	412
5402	411
5483	411
5564	411
5646	408
5727	412
5808	413
5889	416
5969	415
6050	414
6132	412
6213	410
6294	409
6375	409
6456	408
6537	412
6619	412
6700	412
6780	413
6861	414
6942	416
7023	415
7105	413
7186	411
7270	407
7352	407
7433	410
7514	413
7595	410
7675	409
7756	408
7838	407
7919	406
8000	405
8081	405
8162	404
8243	405
8325	404
	
15420	393
15504	393
15585	395
15666	404
15747	408
15828	413
15909	404
15990	438
16071	433
16153	442
16234	439
16315	436
16396	439
16478	439
16559	435
16640	434
16721	437
16802	431
16883	428
16964	432
17046	429
17127	431
17208	433
17289	435
17371	434
17452	431
17532	434
17613	431
17695	431
17776	428
17857	431
17938	434
18020	432
18104	434
18185	436
18267	434
18348	431
18428	429
18509	428
18591	429
18672	431
18753	426
18834	431
18916	433
18997	434
19078	435
19160	432
19240	429
19321	422
19402	429
19484	427
19565	425
19646	425
19727	430
19809	427
19890	424
19971	420
20051	420
20133	421
20214	423
20295	421
20376	423
20458	419
20539	421
20620	421
20701	418
20783	428
20864	421
20944	423
21025	422
	
34121	335
34205	352
34286	349
34368	342
34449	339
34530	341
34611	344
34693	352
34774	352
34854	347
34939	361
35020	358
35101	354
35183	353
35264	353
35345	357
35426	360
35508	363
35589	358
35670	359
35750	360
35832	355
35913	357
35994	359
36075	361
36157	361
36238	362
36319	363
36400	361
36482	364
36562	363
36643	368
36724	367
36806	366
36887	364
36968	367
37049	366
37131	365
37212	367
37293	358
37373	354
37455	353
37536	364
37617	364
37698	361
37780	368
37861	356
37942	357
38024	350
38105	343
38185	353
38266	360
38348	349
38429	351
38510	349
38591	347
38676	351
38757	348
38838	347
38920	347
39001	348
39081	346
39162	344
39244	345
39325	348
39406	351
39487	352
39569	365
39650	353
39731	337
39813	332
39894	330
	
53989	395
54073	396
54154	397
54235	401
54317	403
54397	405
54478	404
54560	406
54641	402
54722	401
54803	398
54885	399
54966	401
55047	402
55128	403
55209	400
55290	404
55371	404
55452	400
55534	400
55615	398
55696	401
55777	403
55859	405
55940	406
56020	403
56101	399
56183	404
56264	400
56345	398
56430	395
56511	397
56592	396
56674	401
56755	401
56836	401
56916	399
56998	399
57079	396
57160	397
57241	397
57323	398
57404	393
57485	400
57566	403
57648	401
57729	400
57809	399
57890	398
57972	397
58053	403
58134	401
58215	413
58297	411
58378	411
58459	405
58540	406
58621	408
58702	408
58783	409
58864	406
58946	414
59027	411
59108	417
59190	408
59271	412
59352	412
59432	408
59514	415
59595	412
59676	410
59757	410
59839	407
59920	410
60001	408
60082	410
60164	420
60248	415
60328	412
60410	413
60491	414
60572	417
60653	417
60735	417
60816	415
60897	414
60978	408
61060	410
61140	409
61221	411
61303	414
61384	416
61465	412
61546	408
61628	408
61709	413
61790	410
61871	410
61953	412
62033	412
62114	417
62195	403
62277	412
62358	406
62439	407
62520	404
62602	409
62683	408
62764	412
62844	406
62926	414
63007	413
63088	411
63169	411
63251	408
63332	416
63413	409
63494	414
63576	411
	
76672	241
76754	248
76836	252
76917	256
77002	251
77083	245
77164	251
77245	249
77327	251
77408	246
77489	256
77570	249
77651	259
77732	257
77813	254
77894	263
77976	268
78057	262
78138	263
78219	264
78301	273
78382	282
78462	278
78543	299
78625	283
78706	282
78787	273
78868	275
78950	287
79031	281
79112	285
79194	290
79275	291
79355	289
79436	293
79518	296
79599	298
79680	293
79761	290
79843	298
79924	294
80005	291
80086	300
80167	302
80248	307
80329	307
80410	316
80492	313
80573	324
80654	364
80735	360
80820	354
80901	346
80983	369
81063	378
81144	374
81225	366
81307	354
81388	359
81469	345
81550	334
81632	343
81713	348
81794	341
81874	358
81956	365
82037	365
82118	355
82199	362
82281	353
82362	332
82443	327
82524	329
82606	328
82686	331
82767	337
82848	321
82930	321
83011	297
83092	321
83173	325
83255	321
83336	308
83417	300
83499	297
83579	297
83660	295
83741	304
83823	301
83904	299
83985	301
84066	297
84148	300
84229	300
	
101324	303
101408	306
101489	298
101574	292
101655	288
101737	288
101818	290
101899	295
101981	292
102062	299
102142	289
102224	297
102305	297
102386	297
102468	298
102549	293
102630	291
102712	297
102793	296
102874	295
102956	293
103036	297
103117	301
103199	298
103280	297
103361	301
103443	298
103524	307
103605	304
103687	305
103768	306
103848	304
103930	309
104011	312
104092	309
104174	310
104255	310
104336	309
104418	314
104499	313
104580	305
104662	307
104742	308
104823	309
104905	306
104986	308
105071	307
105152	310
105233	311
105315	310
105396	307
105477	306
105559	306
105639	304
105720	304
105802	308
105883	307
105965	305
106046	309
106127	313
106209	303
106290	301
106371	304
106452	306
106533	305
106614	318
106696	322
106777	321
106858	322
106940	320
107021	314
107102	309
107184	304
107265	303
107345	318
107427	317
107508	314
107589	316
107671	325
107752	312
107833	310
107915	312
107996	314
108077	319
108158	314
108239	313
108320	314
108402	312
108486	315
108568	316
108649	311
108730	310
108812	311
108893	317
108974	314
109056	319
109136	314
109217	321
	
122314	343
122397	351
122479	348
122560	348
122641	348
122723	341
122804	344
122885	348
122967	339
123047	341
123128	343
123210	344
123291	342
123372	346
123454	354
123535	354
123616	359
123698	363
123779	365
123859	365
123941	363
124022	367
124103	353
124185	359
124266	357
124347	358
124429	364
124510	363
124592	364
124673	359
124753	365
124835	360
124916	365
125001	365
125082	366
125163	368
125245	368
125326	368
125407	370
125489	367
125570	367
125650	365
125732	368
125813	367
125894	365
125976	369
126057	368
126138	369
126220	369
126301	371
126382	372
126464	369
126544	370
126625	370
126707	369
126788	369
126869	367
126951	365
127032	365
127113	362
127195	366
127276	366
127356	366
127438	367
127519	363
127600	363
127682	361
127763	360
127845	359
127926	358
128007	360
128089	361
128169	362
128250	364
128332	365
128416	364
128498	362
128579	363
128660	366
128742	368
128823	368
128904	370
128986	370
129067	371
129147	370
129229	373
129310	371
129391	371
129473	377
129554	383
129635	384
129717	385
129798	390
129879	387
129960	393
130041	389
130122	389
130204	390
130285	390
130366	391
130448	397
	
140544	309
140627	310
140708	311
140789	309
140871	317
140952	325
141033	318
141115	321
141196	323
141277	319
141359	321
141440	322
141520	321
141602	317
141683	319
141765	321
141846	322
141931	319
142012	317
142093	320
142175	319
142256	317
142337	322
142418	322
142499	323
142580	325
142662	325
142743	322
142824	319
142906	321
142987	318
143068	316
143150	320
143230	321
143311	322
143393	320
143474	318
143555	321
143637	321
143718	317
143799	314
143881	319
143962	320
144043	317
144124	316
144205	315
144286	318
144368	316
144449	312
144530	316
144612	318
144693	320
144774	323
144856	323
144936	327
145017	329
145099	327
145180	327
145261	327
145346	330
145428	324
145509	325
145590	324
145672	324
145753	326
145833	328
145915	320
145996	318
146077	323
	
160174	391
160258	375
160338	373
160419	369
160501	368
160582	368
160663	378
160745	376
160826	374
160907	376
160989	381
161070	382
161150	378
161232	378
161313	377
161394	378
161476	376
161557	374
161638	374
161720	376
161801	379
161882	382
161964	387
162044	387
162125	394
162207	389
162288	395
162369	396
162451	392
162532	398
162613	398
162695	397
162776	396
162861	395
162941	397
163023	393
163104	393
163185	386
163267	387
163348	396
163429	382
163511	379
163592	384
163673	384
163755	388
163835	385
163916	376
163998	381
164079	381
164160	383
164242	382
164323	382
164404	380
164486	385
164567	383
164647	383
164729	384
	
185825	294
185909	299
185990	302
186072	291
186152	288
186233	287
186315	289
186396	288
186477	303
186559	285
186640	294
186721	293
186803	293
186884	297
186964	296
187046	313
187127	315
187208	321
187293	319
187374	312
187456	316
187537	308
187619	288
187700	295
187781	298
187863	289
187943	288
188024	287
188106	303
188187	303
188268	309
188350	305
188431	311
188512	315
188594	312
188675	313
188755	314
188837	313
188918	312
188999	317
189081	317
189162	325
189243	321
189325	318
189406	321
189487	315
189569	314
189649	333
189730	329
189812	312
189893	313
189974	316
190056	312
190137	315
190218	335
190300	331
190381	329
190461	331
190543	333
190624	334
190705	335
190790	340
190872	334
190953	334
191034	316
191116	315
191197	327
191278	325
191360	318
191440	320
191521	326
191603	324
191684	317
191765	319
191847	323
191928	330
192009	330
192091	330
192172	333
	
204268	303
204351	303
204432	304
204514	301
204595	301
204676	300
204758	302
204838	295
204919	292
205001	290
205082	291
205163	289
205245	288
205326	287
205407	290
205489	290
205570	292
205650	290
205732	289
205813	284
205894	286
205976	286
206057	286
206139	288
206223	292
206305	290
206386	289
206467	288
206548	291
206629	289
206710	290
206792	288
206873	294
206954	293
207036	293
207117	298
207198	296
207280	296
207361	295
207441	299
207523	305
207604	307
207685	318
207767	323
207848	323
207929	321
208011	322
208092	322
208173	322
208254	322
208335	317
208416	320
208498	318
208579	322
208660	325
208742	323
208823	326
208904	323
208986	325
209067	326
209147	323
209229	323
209310	324
209392	324
209473	323
209554	322
209636	325
209720	323
209802	322
209883	325
209964	326
210045	324
210126	328
210207	326
210289	325
210370	329
	
228466	380
228550	379
228631	377
228712	381
228794	379
228875	380
228956	391
229038	389
229118	387
229199	385
229281	384
229362	384
229443	384
229525	381
229606	388
229687	395
229769	399
229850	397
229931	398
230012	398
230093	396
230174	388
230256	387
230337	390
230418	389
230500	390
230581	392
230662	395
230744	394
230824	391
230905	391
230987	394
231068	391
231153	392
231234	391
231315	394
231397	382
231478	381
231560	383
231641	382
231721	384
231803	389
231884	389
231965	390
232047	384
232128	384
232209	383
232291	382
232372	382
232453	382
232535	386
232615	385
232696	384
232778	396
232859	397
232940	393
233022	399
233103	401
233184	404
233266	411
233347	405
233427	402
233509	403
233590	405
233671	407
233753	407
233834	412
233915	412
233997	411
234078	412
234159	412
234241	410
234321	414
234402	408
234484	410
234565	407
234650	414
234731	411
234813	410
234894	408
234975	409
235057	411
235138	416
	
