13467	26
	0	0	977
13673	26
	0	0	987
13856	26
	0	0	992
14039	26
	0	0	998
14221	26
	0	0	989
14404	27
	0	0	994
14586	27
	0	0	960
14769	27
	0	0	920
14952	27
	0	0	885
15134	0
	17	0	857
15316	27
	0	0	833
15500	25
	0	0	802
15682	23
	14	0	772
15864	30
	31	0	744
16048	30
	4	0	720
16230	28
	0	0	702
16412	27
	0	0	692
16595	29
	0	0	687
16778	26
	33	0	683
16960	26
	32	0	684
17143	27
	31	0	675
17326	28
	0	0	663
17508	9
	0	0	654
17691	26
	0	0	654
17873	25
	0	0	655
18056	25
	0	0	651
18242	28
	0	0	645
18424	0
	1	0	674
18608	0
	0	0	665
18790	1
	5	0	658
18972	0
	11	0	635
19154	0
	30	0	628
19338	0
	34	0	613
19520	0
	46	0	703
19702	0
	21	0	737
19886	0
	78	0	761
20068	3
	0	0	880
20250	0
	0	0	913
20432	0
	2	0	893
20616	0
	4	0	919
20798	0
	6	0	882
20980	0
	0	0	982
21163	0
	0	0	955
21346	0
	0	0	917
21528	0
	33	0	915
21710	0
	28	0	1004
21894	0
	26	0	1006
22076	0
	27	0	1005
22258	0
	26	0	1006
22441	0
	34	0	1003
22624	0
	37	0	1000
22806	0
	0	0	1003
22992	0
	0	0	1007
23176	0
	0	0	1006
23358	0
	31	0	1007
23540	0
	53	0	977
23724	0
	52	0	935
23906	0
	67	0	897
24088	0
	20	0	881
24270	0
	1	0	945
24454	3
	23	0	976
24636	0
	0	9	998
24818	16
	0	10	983
25001	0
	0	0	944
25184	0
	0	16	948
25366	3
	0	10	952
25548	0
	0	9	949
25732	0
	35	0	944
25914	0
	33	9	918
26096	0
	0	14	902
26279	0
	0	2	916
26462	0
	0	0	880
26644	23
	0	0	855
26826	0
	1	0	898
27010	24
	0	0	880
27192	0
	4	0	866
27374	0
	0	0	854
27556	0
	0	0	907
27743	0
	42	0	908
27925	0
	55	0	887
28108	0
	17	11	1006
28291	0
	0	0	1006
28473	0
	0	0	985
28656	53
	4	0	922
28838	0
	0	0	904
29021	1
	1	0	907
29203	2
	0	0	956
29386	0
	48	0	934
29569	7
	47	0	908
29751	0
	0	8	893
29933	0
	0	22	875
30116	0
	0	0	839
30299	12
	0	0	891
30481	0
	0	0	872
30663	0
	0	0	852
30846	0
	0	0	830
31029	0
	19	0	851
31211	3
	0	8	866
31393	0
	57	8	836
31577	1
	48	1	805
31759	0
	49	0	778
31941	7
	53	0	763
32124	24
	51	0	751
32307	10
	50	0	748
32493	7
	0	0	725
32675	11
	25	0	706
32858	5
	44	0	689
33041	4
	37	0	677
33223	20
	45	0	666
33405	20
	50	0	655
33589	18
	28	0	665
33771	22
	0	0	669
33954	0
	0	0	741
34137	3
	0	0	869
34319	0
	0	0	829
34501	2
	0	0	847
34683	0
	0	0	852
34867	0
	0	0	827
35049	0
	0	0	829
35231	0
	0	0	828
35414	0
	0	0	872
35597	1
	0	0	859
35779	1
	0	0	824
35961	10
	0	0	800
36144	15
	0	0	954
36327	0
	0	0	925
36509	0
	20	0	898
36691	0
	21	0	865
36874	0
	0	2	836
37057	0
	20	0	803
37242	0
	0	0	779
37426	0
	0	9	791
37608	0
	0	0	825
37790	0
	0	0	791
37972	0
	0	2	757
38156	0
	0	0	729
38338	0
	0	14	703
38520	0
	0	8	680
38703	0
	0	10	698
38886	0
	1	8	680
39068	0
	0	0	665
39250	0
	0	0	648
39433	0
	0	0	655
39615	0
	0	3	869
39798	0
	0	0	845
39981	1
	0	0	867
40163	0
	0	0	889
40345	0
	9	0	931
40528	0
	2	0	943
40711	0
	0	0	928
40893	0
	0	0	878
41075	0
	0	0	847
41259	0
	0	0	807
41441	0
	1	0	838
41623	0
	0	2	994
41805	0
	0	1	967
41988	0
	0	0	928
42174	0
	4	0	888
42356	0
	0	0	857
42540	0
	0	3	830
42722	0
	0	2	802
42904	0
	0	0	1002
43086	0
	0	2	999
43270	0
	0	9	967
43452	0
	0	0	919
43634	0
	0	0	981
43816	0
	0	0	946
43999	3
	0	0	962
44182	0
	0	5	942
44364	0
	0	6	943
44547	0
	0	0	971
44729	0
	0	0	954
44912	0
	0	0	946
45094	0
	0	1	942
45277	0
	0	17	912
45459	0
	0	14	963
45642	0
	0	15	915
45825	0
	0	13	974
46007	0
	0	9	930
46189	0
	0	0	971
46372	0
	0	6	985
46555	6
	0	5	970
46737	0
	19	4	926
46923	0
	0	4	881
47106	1
	5	3	846
47288	2
	3	16	815
47471	3
	0	10	783
47653	0
	0	3	771
47836	2
	0	8	819
48018	3
	0	0	843
48201	0
	0	0	833
48384	0
	0	0	813
48566	0
	0	1	811
48748	0
	0	20	783
48931	0
	0	18	759
49114	6
	0	18	737
49296	0
	17	23	780
49479	0
	24	0	847
49661	0
	0	9	865
49844	0
	0	0	830
50026	0
	0	0	796
50209	0
	0	0	763
50392	3
	21	0	748
50574	0
	0	0	868
50756	0
	0	0	831
50938	0
	0	0	927
51122	0
	0	12	903
51304	3
	0	18	937
51486	15
	0	27	907
51673	0
	0	27	867
51855	0
	0	15	975
52038	0
	22	9	927
52220	0
	0	19	898
52403	5
	0	10	903
52586	11
	0	24	930
52768	13
	0	0	885
52951	8
	0	1	847
53134	13
	0	21	965
53316	11
	0	12	962
53498	10
	0	0	980
53682	12
	0	14	978
53864	12
	0	18	958
54046	11
	0	9	960
54230	12
	0	9	991
54412	12
	0	0	950
54594	0
	0	0	996
54777	3
	1	0	1004
54960	0
	0	0	1008
55142	0
	0	0	986
55324	3
	0	0	943
55507	0
	0	0	922
55690	4
	0	0	901
55872	10
	0	0	890
56054	12
	0	0	874
56238	12
	0	0	853
56423	15
	0	0	819
56606	18
	0	0	836
56788	9
	0	0	804
56971	2
	0	0	803
57153	0
	1	0	776
57336	0
	23	0	751
57519	0
	0	3	878
57701	0
	0	4	983
57883	0
	0	6	1000
58066	0
	0	17	973
58249	0
	0	33	973
58431	0
	0	7	948
58614	0
	0	17	1000
58797	0
	0	26	1003
58979	0
	0	20	1002
59162	0
	0	20	1002
59344	1
	0	18	972
59527	0
	0	27	937
59710	0
	0	13	945
59892	0
	0	0	1004
60075	0
	0	0	994
60258	0
	0	0	949
60440	57
	10	17	912
60622	55
	0	22	877
60806	51
	0	20	842
60988	0
	0	19	810
61174	0
	0	18	779
61357	0
	0	19	752
61539	3
	42	23	726
61722	4
	26	18	703
61904	3
	28	23	768
62088	3
	0	25	919
62270	0
	0	10	963
62452	0
	0	21	926
62636	0
	0	25	909
62818	0
	0	2	875
63000	0
	0	0	867
63182	3
	0	2	843
63366	0
	24	2	849
63548	0
	31	1	849
63730	2
	10	17	833
63913	0
	0	18	841
64096	0
	0	19	875
64278	0
	0	15	962
64460	0
	0	17	919
64644	0
	0	18	880
64826	0
	5	9	874
65008	0
	0	17	959
65191	62
	31	30	922
65374	0
	0	8	898
65556	0
	0	1	882
65742	0
	0	0	868
65925	0
	1	19	924
66107	0
	0	21	915
66290	0
	0	22	899
66472	0
	0	0	888
66655	0
	0	4	883
66838	0
	0	10	883
67020	0
	0	9	882
67203	0
	0	12	881
67385	0
	0	10	876
67568	0
	0	18	880
67750	0
	0	21	881
67933	0
	0	19	889
68116	0
	0	1	880
68298	0
	0	18	861
68481	0
	0	14	1016
68664	0
	0	18	968
68846	0
	0	16	926
69028	0
	0	14	970
69211	0
	0	17	948
69394	0
	1	19	963
69576	0
	1	13	928
69758	0
	0	0	893
69942	0
	27	2	881
70124	0
	27	0	873
70306	0
	27	0	865
70493	0
	33	0	863
70675	0
	33	19	863
70858	0
	1	21	867
71041	0
	27	20	863
	
211244	0
	0	0	961
211428	0
	0	0	918
211611	0
	0	0	991
211793	0
	0	0	1017
211976	0
	0	0	973
212159	1
	0	0	940
212341	0
	0	0	1001
212524	1
	0	0	988
212707	0
	0	0	982
212889	0
	0	0	939
213071	1
	0	2	895
213254	1
	0	11	865
213437	0
	0	25	832
213619	0
	0	0	808
213803	0
	0	16	776
213985	0
	0	15	744
214167	7
	7	0	907
214350	2
	0	0	898
214533	118
	141	0	997
214716	173
	129	0	974
214898	119
	281	0	956
215085	143
	256	0	925
215268	235
	178	0	935
215451	148
	247	0	935
215633	288
	247	0	931
215817	478
	271	0	898
215999	458
	242	0	976
216182	462
	182	0	926
216366	352
	224	0	959
216548	314
	198	1	975
216731	361
	112	0	987
216914	129
	134	0	1004
217097	13
	4	0	1004
217280	0
	7	57	1004
217462	0
	3	0	997
217646	0
	5	0	988
217828	2
	14	0	963
218010	2
	7	3	978
218193	2
	37	2	958
218376	0
	73	0	928
218558	24
	119	0	937
218741	6
	197	0	924
218924	5
	119	0	909
219110	0
	23	0	901
219293	3
	16	0	896
219475	0
	298	0	874
219659	1
	2	0	879
219841	4
	9	0	898
220023	134
	5	0	898
220207	14
	11	0	889
220389	28
	14	0	892
220572	233
	69	0	947
220754	498
	1	1	927
220938	521
	31	0	900
221120	403
	59	0	881
221303	362
	48	0	847
221486	421
	179	0	820
221669	461
	174	10	779
221852	393
	102	0	831
222034	295
	185	0	833
222218	5
	15	0	846
222400	9
	1	10	894
222583	3
	2	95	968
222766	38
	3	243	994
222949	0
	2	224	1010
223131	0
	3	272	1007
223318	0
	23	181	975
223501	0
	177	11	939
223683	0
	207	0	923
223866	59
	136	9	956
224049	124
	7	0	912
224232	11
	27	0	898
224414	0
	19	0	864
224598	21
	5	0	978
224780	14
	18	10	945
224963	0
	7	17	903
225145	1
	12	18	875
225328	210
	125	0	973
225511	83
	374	0	926
225694	0
	309	0	1009
225876	0
	262	11	969
226060	0
	214	0	935
226242	0
	224	10	927
226425	329
	225	0	910
226608	286
	78	0	870
226791	3
	3	4	847
226973	0
	4	0	838
227155	0
	49	20	813
227339	0
	25	23	923
227525	0
	17	13	925
227707	0
	7	6	962
227891	0
	7	1	1019
228073	0
	10	7	983
228255	0
	4	0	1019
228439	0
	9	0	983
228621	667
	265	0	965
228804	14
	49	0	927
228986	0
	59	0	973
229170	1
	23	0	1018
229352	0
	0	0	985
229534	0
	2	0	974
229718	4
	0	0	979
229900	0
	0	0	955
230082	0
	0	0	984
230265	0
	0	16	978
230448	0
	0	0	938
230630	0
	0	0	905
230813	0
	2	0	999
230995	0
	20	98	976
231178	0
	4	384	970
231361	0
	5	342	997
231543	0
	0	369	963
231727	0
	1	0	944
231909	0
	0	0	936
232095	0
	0	0	909
232278	0
	0	0	932
232460	0
	0	0	928
232643	0
	0	0	977
232825	0
	0	0	985
233008	0
	0	0	996
	
249208	0
	0	17	1020
249394	0
	0	20	989
249576	0
	0	23	1020
249759	0
	0	23	1019
249942	0
	0	24	1019
250125	2
	0	0	1020
250307	2
	15	0	1020
250490	1
	8	0	1020
250673	0
	0	0	981
250855	4
	0	0	1020
251038	2
	0	0	1020
251220	1
	0	21	991
251403	1
	0	0	984
251586	2
	0	0	984
251768	2
	30	22	1018
251952	1
	0	21	986
252134	5
	0	21	976
252316	0
	0	22	990
252503	0
	0	0	948
252685	0
	0	22	910
252868	0
	0	17	975
253050	0
	0	0	981
253234	0
	1	0	988
253416	100
	114	0	945
253598	241
	190	0	914
253782	348
	113	0	887
253965	233
	173	0	856
254147	338
	209	0	948
254330	529
	194	0	1014
254514	507
	150	0	982
254696	466
	79	0	989
254879	568
	131	0	985
255063	621
	71	5	974
255245	531
	161	0	992
255428	617
	115	0	980
255610	430
	28	6	986
255794	309
	74	20	972
255977	343
	201	34	990
256159	187
	180	0	970
256343	0
	122	26	969
256529	0
	5	298	1004
256711	0
	16	253	1023
256894	0
	34	177	1022
257078	0
	78	370	1000
257260	0
	149	0	959
257443	429
	188	15	929
257627	569
	35	15	918
257809	530
	8	17	992
257992	468
	1	0	1021
258174	394
	9	0	977
258358	456
	42	0	954
258540	524
	84	15	944
258723	476
	61	0	1010
258907	482
	93	0	974
259089	0
	35	1	981
259272	0
	0	137	997
259454	16
	0	157	1023
259638	0
	0	225	1023
259820	0
	1	159	1007
260003	0
	2	166	1004
260186	0
	0	184	1010
260369	0
	0	174	1011
260555	0
	0	178	1021
260738	0
	7	0	983
260921	77
	50	0	947
261103	447
	197	0	976
261286	663
	7	0	951
261469	748
	0	11	917
261652	569
	0	0	874
261834	0
	1	0	836
262018	0
	0	3	815
262200	0
	0	22	867
262382	0
	0	20	839
262565	0
	0	17	821
262748	0
	29	4	784
262930	0
	0	0	816
263113	0
	59	64	856
263296	0
	22	0	896
263479	0
	0	21	863
263661	0
	0	22	824
263843	0
	0	23	794
264027	0
	0	0	768
264209	0
	0	0	860
264391	0
	0	0	822
264574	31
	25	0	885
264757	40
	10	0	930
264943	31
	11	0	958
265125	0
	3	1	936
265309	0
	8	24	899
265491	0
	0	21	863
265674	0
	91	23	837
265857	1
	88	0	815
266039	2
	16	11	800
266222	0
	0	22	947
266404	0
	2	21	960
266588	34
	58	18	942
266770	0
	26	0	915
266953	0
	2	18	928
267136	0
	0	0	906
267318	0
	0	24	899
267501	0
	0	11	932
267683	0
	0	5	901
267866	0
	0	21	867
268049	0
	32	21	828
268231	0
	0	17	910
268414	0
	0	20	963
268597	0
	60	19	972
268780	0
	0	13	969
268962	0
	0	0	960
269145	5
	0	15	975
269328	0
	0	21	987
269513	601
	0	19	963
269697	610
	0	14	949
269879	498
	61	0	972
270062	595
	15	17	968
270245	36
	0	0	987
270428	0
	0	0	994
270610	0
	4	273	1022
270793	3
	0	167	1015
270976	0
	0	225	1009
271159	0
	0	172	1023
271342	6
	12	120	1005
271524	0
	0	27	969
271708	29
	312	0	1005
271890	456
	100	14	1005
272073	437
	13	18	978
272257	563
	0	0	946
272439	501
	0	0	928
272622	411
	0	0	921
272804	437
	0	0	914
272988	386
	0	0	976
273170	524
	16	6	977
273353	388
	190	1	966
273540	0
	83	0	954
273722	0
	1	6	979
273904	0
	0	96	1011
274087	0
	0	165	1022
274270	0
	69	169	1021
274453	0
	1	168	1022
274636	0
	0	97	1022
274819	0
	0	82	1005
275001	0
	63	0	964
275184	0
	4	0	928
275366	0
	147	0	918
275550	248
	210	0	973
275732	331
	150	0	961
275915	198
	93	0	955
276098	226
	0	0	928
276281	394
	8	0	947
276463	65
	76	0	945
276646	505
	65	0	900
276829	15
	20	0	875
277012	0
	0	0	921
277194	0
	0	0	1014
277378	0
	81	0	1023
277560	0
	94	33	1018
277746	0
	0	169	1019
277929	0
	0	215	1003
278112	0
	0	48	966
278295	0
	55	0	936
278477	0
	49	0	910
278660	0
	61	0	911
278843	0
	129	0	922
279025	0
	185	0	939
279208	0
	157	0	935
279391	0
	162	0	949
279574	12
	329	0	995
279756	111
	374	14	984
279940	352
	60	0	950
280122	15
	36	0	923
280305	0
	22	0	940
280487	0
	95	0	941
280671	0
	2	17	929
280853	0
	125	14	935
281036	0
	0	0	927
281219	0
	109	0	943
281401	0
	3	0	986
	
