10437	0	0	0	953
10643	0	0	0	993
10825	0	2	0	944
11008	0	3	0	904
11190	0	0	0	867
11373	0	0	0	852
11555	0	0	0	855
11738	0	0	14	840
11920	0	0	12	831
12102	0	0	14	826
12285	0	0	0	793
12468	0	0	21	777
12650	0	0	0	757
12832	0	0	14	755
13016	0	0	14	742
13198	0	0	15	783
13380	0	0	21	770
13562	0	0	6	740
13746	0	0	0	773
13928	0	0	11	771
14110	0	0	16	744
14292	0	0	33	784
14476	0	0	28	745
14658	0	0	15	712
14840	1	0	31	698
15023	0	0	14	679
15206	0	0	24	662
15388	0	0	28	638
15570	1	0	16	629
15753	0	0	16	631
15939	0	0	15	637
16121	0	0	29	658
16305	0	0	14	652
16487	0	0	30	624
16669	0	0	23	627
16852	0	0	16	612
17035	0	0	9	611
17217	0	0	8	624
17399	0	0	15	679
17582	1	0	15	709
17765	0	0	32	687
17947	5	19	0	730
18129	1	1	6	979
18312	0	92	0	995
18495	3	68	0	961
18677	58	112	0	982
18860	0	66	0	1005
19043	5	72	0	1008
19225	98	50	0	966
19407	0	69	0	947
19591	0	45	0	947
19773	0	51	0	1007
19955	1	22	0	999
20137	0	17	0	1021
20321	0	14	0	1023
20503	1	20	0	1007
20685	0	21	0	1023
20869	8	20	1	1011
21055	0	115	0	1002
21237	11	157	0	1008
21421	10	21	0	1012
21603	6	52	0	1015
21785	0	23	0	1010
21968	3	38	0	1005
22151	3	24	0	1002
22333	0	25	0	1021
22516	0	60	0	1010
22699	0	73	0	1020
22881	6	70	0	1016
23064	0	79	0	1010
23246	5	26	0	1011
23429	18	69	0	1011
23612	29	56	0	1023
23794	1	84	0	1014
23977	2	96	17	1021
24160	5	146	0	1020
24342	2	51	0	1001
24525	12	20	0	1007
24708	0	10	0	1007
24891	33	47	0	1023
25073	4	148	0	1008
25255	4	211	0	1009
25439	40	55	0	1004
25621	16	166	0	973
25807	5	96	0	927
25990	3	104	0	896
26173	9	62	0	864
26355	21	118	0	839
26537	0	93	0	808
26721	5	76	0	863
26903	7	61	0	938
27085	0	36	0	961
27268	56	91	0	992
27451	57	90	0	1003
27633	53	77	0	1002
27816	0	114	0	988
27999	0	171	0	967
28181	0	197	0	1008
28364	2	160	0	987
28547	9	225	0	973
28729	0	69	0	950
28912	0	14	1	969
29094	0	10	83	944
29277	0	248	0	961
29460	0	80	0	950
29642	0	456	0	923
29825	0	195	0	896
30007	6	16	0	909
30190	5	14	0	886
30372	0	73	0	904
30555	0	35	0	874
30741	6	70	0	876
30923	0	112	0	850
31107	3	128	0	811
31289	0	105	0	794
31471	0	102	0	781
31654	0	34	3	785
31837	0	11	0	950
32019	9	7	0	989
32201	0	45	17	995
32385	0	20	0	966
32567	5	5	0	928
32749	0	7	0	899
32931	54	30	0	874
33115	95	8	0	936
33297	154	6	7	930
33479	241	10	0	972
33662	181	4	0	934
33845	148	15	0	916
34027	1	27	0	899
34210	0	3	1	921
34393	0	0	15	884
34575	0	1	23	858
34757	0	86	16	826
34940	0	93	8	801
35123	0	103	0	808
35305	0	0	0	798
35487	1	0	0	814
35671	0	1	13	813
35856	0	71	0	836
36039	0	82	0	827
36221	0	0	0	833
36404	0	25	0	865
36586	0	64	0	850
36769	0	36	0	828
36952	0	0	0	799
37134	0	0	0	785
37316	0	84	4	775
37499	2	0	0	781
37682	0	0	0	799
37864	3	0	0	969
38046	0	0	0	989
38228	0	65	0	952
38412	0	63	0	1020
38594	3	0	0	988
38776	3	2	0	940
38959	2	0	5	925
39141	0	0	0	888
39324	24	0	0	872
39506	0	3	0	926
39689	107	29	0	924
39871	129	27	0	923
40054	135	90	0	956
40237	150	40	0	932
40420	88	91	0	923
40602	133	108	0	922
40785	212	85	0	938
40968	126	137	0	947
41154	147	107	0	955
41336	278	15	0	949
41520	143	49	0	923
41702	232	54	0	972
41885	176	22	0	999
42067	124	108	0	994
42251	183	102	1	969
42433	189	114	0	951
42616	241	71	0	987
42799	30	11	0	980
42981	0	0	0	945
43164	0	2	0	917
43346	0	0	0	913
43529	0	4	0	953
43711	23	0	0	963
43893	21	5	0	938
44077	0	15	0	914
44259	0	0	0	986
44441	45	0	0	993
44623	36	0	0	992
44807	0	0	0	1000
44989	0	0	0	999
45171	0	0	0	988
45353	44	0	0	962
45536	0	0	0	953
45719	0	0	0	982
45901	4	0	0	962
46087	0	0	0	948
46269	0	0	0	918
46452	4	0	0	935
46635	0	0	14	898
46817	0	0	0	873
46999	0	0	1	871
47181	0	4	0	908
47365	3	0	13	867
47547	0	0	14	915
47729	0	0	0	873
47911	0	0	0	854
48094	0	0	0	828
48277	0	5	14	824
48459	0	1	0	824
48642	0	1	15	829
48824	0	0	0	824
49007	0	0	0	823
49189	0	12	0	839
49372	0	7	0	941
49554	0	80	0	913
49736	0	43	0	874
49920	0	0	0	918
50102	0	0	0	942
50284	0	6	0	958
50466	0	79	1	973
50649	0	79	0	937
50832	0	0	0	947
51014	0	0	0	928
51196	0	80	0	898
51379	0	0	0	859
51565	0	0	0	839
51747	0	2	0	821
51930	2	1	0	812
52112	0	38	1	858
52295	0	0	0	874
52477	0	8	0	875
52660	0	0	0	876
52842	0	0	0	836
53024	0	5	0	810
53208	0	0	0	820
53390	0	4	0	794
53572	0	0	0	814
53754	0	0	0	843
53937	0	0	0	808
54119	0	0	0	810
54302	0	0	0	784
54484	0	0	15	772
54667	3	0	0	739
54849	42	0	1	712
55032	0	0	0	729
55215	0	0	0	718
55397	0	0	0	726
55579	0	0	0	728
55761	0	0	0	685
55944	0	3	13	668
56127	0	0	13	667
56309	0	78	1	670
56492	0	0	0	705
56674	0	0	0	719
56860	0	9	0	714
57042	0	91	0	827
57225	2	0	0	943
57408	1	0	0	917
57590	0	0	2	899
57773	0	0	0	867
57955	47	0	0	828
58137	0	0	0	910
58319	0	0	0	867
58503	0	0	0	852
58685	9	0	2	812
58867	0	0	0	793
59049	0	0	0	809
59232	0	0	0	839
59415	8	1	0	886
59597	0	0	0	970
59780	0	0	0	942
59962	0	5	0	910
60144	1	0	0	962
60326	0	0	0	970
60510	0	0	0	957
60692	0	0	0	931
60874	0	3	0	885
61057	1	0	0	851
61239	0	0	0	829
61422	0	0	0	792
61604	0	0	0	780
61787	0	0	0	819
61969	28	0	0	813
62151	0	0	0	786
62338	1	0	0	794
62520	0	0	0	797
62702	0	35	0	807
62884	0	0	0	784
63068	3	0	0	753
63250	0	0	0	725
63432	0	0	0	715
63614	0	0	0	721
63797	0	0	0	486
63980	0	0	0	643
64162	0	0	0	753
64345	0	0	0	744
64527	0	2	0	731
64709	29	24	0	735
64892	0	0	0	845
65075	0	0	0	805
65257	28	1	1	780
65439	2	0	0	961
65622	0	0	1	989
65805	0	0	0	913
65987	0	0	0	911
66169	0	40	0	883
66352	0	14	0	847
66534	0	0	0	822
66717	0	68	0	802
66899	0	0	0	847
67082	0	0	0	820
67264	0	0	0	791
67446	0	0	0	922
67630	0	0	0	989
67815	0	0	0	946
67997	1	0	0	904
68179	2	0	0	914
68363	0	3	0	938
68545	0	0	0	907
68727	0	0	0	869
68910	0	0	0	855
69092	0	8	0	887
69275	0	0	0	903
69457	0	23	300	918
69640	288	27	215	898
69823	323	24	245	898
70005	228	38	261	887
70189	250	71	244	957
70372	230	27	203	928
70554	307	61	240	923
70737	323	103	205	914
70920	193	62	259	931
71103	164	89	336	978
71286	143	68	212	956
71469	331	46	289	941
71652	314	47	274	910
71834	292	99	306	892
72017	334	38	218	878
72200	243	53	188	876
72387	211	32	266	853
72569	144	144	187	880
72753	162	112	339	861
72935	187	114	252	868
73118	254	174	208	844
73302	205	90	260	819
73484	238	80	405	806
73667	216	134	208	777
73850	192	61	346	773
74033	241	209	294	756
74216	244	175	332	748
74399	129	275	249	790
74582	182	112	323	841
74765	280	164	265	814
74948	257	274	355	894
75130	294	279	296	881
75314	205	249	316	856
75497	244	238	228	831
75679	451	197	374	816
75863	138	272	386	802
76046	173	248	250	843
76228	109	258	241	815
76411	137	239	245	864
76598	216	215	186	874
76781	213	269	167	845
76963	222	275	258	826
77147	281	246	294	813
77330	270	246	168	783
77512	338	268	197	770
77696	296	211	210	771
77879	275	229	223	758
78061	254	155	282	747
78244	290	209	189	739
78428	311	253	283	743
78610	365	209	312	740
78793	235	162	332	733
78977	272	148	220	772
79159	198	156	322	768
79342	263	220	333	773
79525	268	222	327	779
79708	222	275	300	782
79891	260	140	270	772
80074	233	136	275	810
80257	228	301	347	811
80440	195	254	354	799
80626	299	258	363	790
80809	252	281	354	788
80993	176	262	329	824
81175	175	291	308	798
81358	186	213	211	782
81542	308	208	219	775
81724	302	200	235	763
81907	276	222	246	758
82091	209	233	362	758
82273	221	146	301	748
82456	232	216	241	784
82639	148	226	355	858
82822	116	168	247	827
83005	132	162	318	815
83188	114	218	223	793
83371	74	182	210	789
83554	119	213	236	777
83737	125	145	141	788
83919	37	93	121	841
84103	4	65	56	841
84285	0	58	7	855
84467	6	62	0	861
84651	0	13	0	836
84836	0	12	1	825
85018	0	0	0	825
85201	0	3	0	823
85384	0	5	0	808
85566	0	17	5	783
85748	0	13	7	759
85932	0	19	7	747
86114	0	0	0	744
86296	0	0	4	793
86478	0	0	0	799
86661	0	0	0	837
86844	0	0	0	816
87026	0	0	0	814
87208	0	0	1	821
87391	0	0	0	801
87573	0	0	0	788
87755	0	0	0	790
87939	0	0	0	834
88121	0	0	0	863
88303	0	53	0	998
88485	0	0	0	989
88668	0	0	0	971
88851	0	60	0	952
89033	0	0	0	918
89216	0	8	0	883
89398	0	0	0	856
89580	0	71	0	847
89763	0	63	0	849
89946	0	110	0	986
90128	2	76	0	942
90314	0	13	0	958
90497	10	0	0	921
90679	14	0	0	894
90862	133	0	0	866
91044	0	0	0	838
91227	0	0	0	804
91409	2	0	0	784
91591	9	0	0	928
91774	39	0	0	912
91957	6	6	0	884
92139	2	5	0	921
92321	0	0	0	941
92504	2	111	0	914
92687	0	0	0	904
92869	0	0	0	872
93051	0	25	0	851
93234	3	0	0	866
93417	0	0	31	955
93599	2	244	0	985
93782	0	0	0	998
93964	0	0	0	954
94147	0	0	0	912
94329	0	0	0	889
94512	0	0	0	863
94694	0	0	0	837
94876	0	0	0	836
95058	0	0	0	853
95242	0	0	0	838
95424	0	0	0	830
95609	0	0	0	859
95793	0	0	5	984
95975	0	0	0	965
96157	0	0	0	922
96339	0	0	0	885
96522	0	0	0	858
96704	0	0	0	825
96887	6	0	0	795
97070	1	0	0	797
97252	3	0	605	882
97434	0	0	413	946
97617	1	0	0	957
97800	1	0	0	970
97982	1	0	0	932
98164	1	0	1	898
98347	1	0	0	884
98530	1	0	1	881
98712	0	0	0	870
98894	0	0	0	851
99077	0	0	0	856
99259	0	0	0	856
99441	0	1	0	870
99624	204	380	0	924
99807	0	669	0	891
99989	0	0	1	878
100172	0	0	5	850
100355	0	0	0	954
100537	0	0	0	974
100719	3	4	0	927
100905	0	0	0	883
101088	4	0	0	852
101271	4	9	0	827
101453	2	52	0	921
101636	24	0	0	911
101819	0	0	0	938
102001	0	0	0	913
102183	7	7	0	957
102366	0	25	0	947
102549	0	0	0	915
102731	4	23	0	893
102914	0	0	0	885
103097	0	70	0	876
103279	4	0	0	872
103461	0	0	0	871
103644	0	108	0	837
103827	0	1	0	837
104009	0	9	0	805
104192	0	0	0	811
104375	0	0	0	794
104557	1	0	0	853
104739	0	65	0	858
104922	1	0	0	926
105105	2	3	0	904
105287	2	0	0	865
105469	1	8	0	831
105652	7	0	0	801
105835	0	3	0	827
106020	8	31	0	822
106204	9	14	0	957
106386	4	5	0	920
106568	9	0	0	888
106752	8	0	0	870
106934	5	0	0	921
107116	2	0	0	912
107298	22	2	0	876
107482	3	4	0	889
107664	1	3	0	926
107846	2	2	0	925
108029	2	6	0	902
	
433	0	0	0	883
617	0	0	0	862
799	0	0	0	846
982	0	0	0	832
1164	0	0	0	822
1346	0	0	0	816
1528	0	0	0	813
1712	0	0	0	815
1894	0	0	0	824
2076	0	25	0	830
2258	0	23	0	813
2441	0	1	0	793
2623	0	0	0	762
2805	0	13	0	786
2988	0	16	0	843
3171	0	17	0	953
3353	0	18	0	1003
3535	0	19	0	985
3755	0	12	0	948
3938	0	12	0	907
4120	0	13	0	877
4302	0	10	0	852
4485	0	41	0	983
4667	1	42	8	997
4849	0	42	0	992
	
3400	0	0	0	146
3585	0	0	0	231
3767	0	0	0	201
3950	0	0	0	125
4132	0	0	0	164
4315	0	0	0	175
4497	0	0	0	46
4679	0	0	0	118
4861	0	0	0	77
5044	0	0	0	209
5226	0	0	0	127
5408	0	0	0	85
5591	0	0	0	92
5773	0	0	2	112
5955	0	0	0	96
6137	0	0	0	80
6320	0	0	0	179
6502	0	0	0	55
6684	0	0	0	107
6866	0	0	0	86
7049	3	0	0	122
7232	0	0	0	93
7414	3	0	0	29
7597	193	81	0	93
7779	219	84	0	85
7998	355	92	0	98
8180	316	112	0	169
8364	377	237	0	79
8546	526	202	0	185
8728	678	93	0	236
8911	619	15	0	152
9094	567	103	0	163
9277	539	73	0	55
9459	446	8	0	115
9641	410	269	0	104
9824	460	119	0	48
10007	183	3	0	95
10189	0	0	0	120
10372	0	1	0	331
10554	14	0	0	266
10737	0	0	114	194
10919	0	0	72	300
11102	0	1	47	379
11285	0	0	0	89
11467	0	0	0	115
11650	0	0	0	165
11832	0	2	0	149
12014	0	0	0	113
12196	0	0	0	26
12379	45	22	0	51
12562	412	39	0	15
12744	597	114	0	43
12926	598	6	0	63
13116	624	3	0	68
13298	392	33	0	53
13480	591	61	0	62
13664	583	58	0	48
13846	676	46	0	69
14028	785	5	0	39
14212	597	6	0	28
14394	339	5	0	61
14576	315	7	0	44
14758	354	0	0	19
14942	407	3	0	40
15124	478	105	0	8
15306	361	0	0	7
15489	139	0	0	0
15672	0	0	0	38
15854	0	0	0	111
16036	0	0	0	141
16219	0	0	1	179
16401	0	0	0	219
16583	0	0	0	292
16766	0	0	39	261
16949	127	0	35	110
17131	92	0	43	49
17314	0	0	62	31
17497	0	0	0	5
17679	0	0	0	10
17861	97	4	0	16
18043	366	0	0	18
18226	509	0	0	61
18412	484	0	0	39
18595	435	0	0	32
18778	435	0	0	19
18960	292	0	0	3
19142	364	0	0	39
19324	234	0	0	19
19508	361	0	0	216
19690	400	0	0	216
19872	280	0	1	182
20056	382	1	2	64
20238	449	0	2	105
20420	525	0	2	203
20603	375	154	0	5
20786	236	33	0	3
20968	14	3	0	7
21150	0	0	29	53
21334	0	0	29	96
21516	0	0	0	32
21698	0	0	0	10
21880	0	0	0	41
22063	0	0	0	45
22245	0	0	0	1
22427	0	0	0	37
22609	0	0	0	14
22792	0	0	0	4
22974	0	0	0	86
23156	0	0	0	9
23339	0	0	0	4
23521	0	0	0	41
23704	0	0	0	23
23889	0	0	0	30
24072	0	0	0	173
24255	0	0	0	51
24437	0	0	0	213
24620	0	78	0	182
24802	0	0	0	345
24984	0	0	0	145
25166	0	0	0	273
25350	0	0	0	249
25532	0	5	0	277
25714	0	0	0	132
25896	0	28	0	23
26079	0	55	0	38
26261	0	22	0	218
26444	411	5	0	69
26627	366	105	0	0
26809	368	94	0	229
26992	403	157	0	43
27174	422	27	0	59
27358	456	4	0	96
27540	451	0	0	110
27722	437	0	0	110
27905	478	3	0	98
28088	485	0	0	114
28270	524	1	0	52
28452	502	0	0	57
28636	0	12	0	63
28818	0	1	0	42
29000	0	0	23	162
29186	0	0	0	208
29369	0	0	3	264
29551	0	0	0	317
29733	0	0	0	343
29916	0	0	0	235
30098	0	0	1	222
30281	0	0	17	134
30464	0	0	0	97
30646	0	17	0	93
30828	0	27	0	34
31010	0	77	3	11
31193	0	67	0	160
31376	324	0	0	70
31558	340	2	0	13
31740	304	0	0	160
31924	311	0	0	31
32106	0	0	0	39
32288	466	0	0	28
32471	264	0	0	25
32653	0	1	0	52
32836	0	0	0	169
33018	0	0	0	179
33201	0	0	0	175
33383	0	0	0	165
33565	0	0	0	1
33747	0	0	0	191
33931	0	1	0	3
34113	0	0	0	72
34295	0	0	0	2
34478	0	0	0	1
34663	0	0	0	2
34845	26	0	0	1
35027	0	0	0	0
35210	0	0	0	5
35392	0	0	0	0
35574	0	0	0	2
35757	5	0	0	139
35939	10	0	0	0
36121	0	0	0	250
36304	0	5	0	52
36487	0	0	0	101
36669	0	0	0	15
36851	0	0	0	30
37033	0	0	0	34
37216	0	0	0	29
37398	0	0	0	83
37580	0	0	182	40
37764	0	69	0	22
37946	0	0	0	70
38128	0	0	0	14
38310	3	0	0	133
38493	1	0	0	124
38675	1	0	0	20
38857	2	0	0	98
39041	0	64	0	26
39223	2	76	0	87
39405	3	0	0	243
39587	2	0	0	81
39770	0	0	0	47
39952	2	0	0	265
40134	8	0	0	3
40316	0	0	0	220
40503	3	0	0	218
40685	3	0	0	198
40867	4	0	0	91
41051	4	0	0	77
41233	0	0	0	62
41415	0	0	0	280
41597	0	0	0	193
41780	0	0	0	66
41962	0	0	0	99
42144	0	0	0	90
42327	0	0	0	182
42510	0	0	2	20
42692	1	0	0	22
42874	0	0	0	288
43057	0	0	0	45
43239	0	0	0	17
43421	0	0	0	0
43603	0	0	0	52
43786	0	0	0	15
43968	0	0	0	34
44150	0	7	0	72
44333	0	0	0	56
44516	0	0	0	72
44698	0	0	0	98
44880	0	0	0	102
45063	0	0	0	90
45245	0	0	0	194
45427	0	0	0	250
45609	0	0	0	16
45792	0	3	0	54
45975	0	3	0	49
46160	0	3	0	4
46343	0	0	0	24
46525	0	0	0	16
46707	0	0	0	22
46889	0	0	0	17
47072	0	0	0	54
47255	0	0	0	28
47437	0	0	0	23
47620	0	0	0	31
47802	0	0	0	26
47984	0	0	0	33
48166	0	0	0	23
48349	0	0	0	28
48531	0	0	0	26
48713	0	0	0	31
48896	0	0	0	39
49078	0	0	0	52
49261	0	0	0	33
49443	0	0	0	40
49626	0	0	0	34
49808	0	0	0	30
49990	0	0	0	32
50172	0	0	0	37
50355	0	0	0	35
50537	0	0	0	35
50719	0	0	0	41
50902	0	0	0	32
51085	0	0	0	35
51267	0	0	0	43
51449	0	0	0	47
51632	0	0	0	51
51814	0	0	0	32
51996	0	0	0	40
52183	0	0	3	34
52365	0	0	0	47
52547	0	0	0	55
52729	0	0	0	38
52912	0	0	0	35
53094	0	5	4	22
53276	0	3	0	21
53458	0	2	0	21
53641	0	2	0	41
53823	0	2	0	45
54006	0	0	0	34
54189	0	0	0	8
54371	0	1	0	42
54553	0	0	0	53
54735	0	0	0	43
54918	0	0	0	41
55100	0	0	12	54
55282	0	0	0	54
55464	0	0	92	54
55647	0	0	2	64
55830	0	0	2	48
56012	0	8	10	224
56195	0	5	6	45
56377	0	20	1	46
56559	0	16	33	56
56741	0	20	8	18
56925	0	27	0	22
57107	0	4	6	38
57289	0	1	29	60
57472	0	0	8	51
57654	0	0	17	26
57840	0	16	16	28
58022	0	15	1	31
58205	0	15	1	24
58387	0	27	0	31
58570	0	4	0	31
58753	0	0	0	25
58935	0	0	1	34
59117	0	0	0	25
59299	0	0	0	20
59482	0	0	0	15
59664	0	0	0	16
59846	0	0	0	20
60028	0	0	1	27
60211	0	0	0	61
60394	0	0	4	32
60576	0	0	0	50
60759	0	0	0	65
60941	7	0	0	31
61123	0	0	0	50
61305	6	0	0	94
61488	5	0	0	92
61670	9	5	0	60
61852	7	1	10	37
62035	11	25	6	62
62218	9	30	0	60
62400	5	28	0	74
62582	5	29	0	152
62765	8	3	0	73
62947	0	15	13	59
63130	0	5	4	137
63312	0	0	15	134
63499	0	0	0	27
63681	0	3	16	150
63863	0	0	0	148
64046	0	0	45	102
64228	0	0	0	34
64410	0	0	0	55
64593	0	0	0	96
64776	0	0	0	48
64958	0	0	0	58
65140	0	1	9	45
65323	0	8	0	107
65505	0	8	13	101
65687	0	0	0	158
65870	0	4	0	134
66053	0	0	0	137
66235	0	0	0	139
66417	0	0	0	136
66599	0	0	0	138
66782	0	0	0	138
66965	0	0	0	245
67147	0	0	0	144
67330	0	0	0	6
67512	0	0	0	74
67694	0	0	0	156
67876	0	0	0	126
68059	0	0	18	154
68242	0	0	0	120
68424	0	0	0	144
68606	0	0	0	197
68789	0	0	0	252
68975	0	0	0	252
69157	0	0	0	159
69340	0	1	15	105
69522	0	1	17	122
69705	0	0	10	125
69888	0	9	0	134
70070	0	9	0	191
70252	0	10	0	136
70435	0	9	0	139
70618	0	10	0	148
70800	0	8	0	161
70982	0	4	16	195
71164	0	0	0	312
71348	0	0	0	69
71530	0	0	16	102
71712	0	0	15	103
71895	0	0	16	107
72077	0	0	0	102
72260	0	0	0	99
72442	0	0	16	126
72625	0	0	0	120
72807	0	0	0	117
72989	0	0	0	144
73172	0	0	1	150
73355	0	0	0	158
73537	0	0	0	134
73719	0	0	0	142
73902	0	0	0	301
74084	0	0	2	72
74267	0	0	10	73
74452	0	0	4	70
74635	0	0	16	97
74817	0	0	16	114
74999	0	0	0	177
75183	0	0	0	185
75365	0	1	0	273
75547	0	0	0	120
75729	0	0	0	148
75912	0	0	0	81
76094	0	5	0	166
76277	0	0	0	116
76460	0	0	0	180
76642	0	0	0	255
76824	0	5	0	323
77006	0	5	0	356
77190	0	4	0	338
77372	0	4	0	342
77554	0	5	0	342
77736	0	5	0	286
77919	0	4	0	241
78101	0	4	0	261
78284	0	5	0	280
78467	0	5	0	166
78649	0	10	0	275
78831	0	10	0	259
79013	0	14	0	260
79197	0	6	0	266
79379	0	28	0	300
79561	0	62	0	278
79744	0	5	0	274
79930	0	89	0	270
80112	0	0	0	256
80294	0	0	0	272
80478	0	0	0	296
80660	0	0	0	282
80842	0	0	0	287
81025	0	0	0	200
81207	0	0	0	265
81389	0	0	0	164
81572	0	0	0	141
81755	0	0	0	141
81937	0	4	17	273
82119	0	0	18	328
82302	0	4	14	287
82485	0	20	23	258
82667	0	64	0	146
82849	0	54	0	166
83033	0	0	11	318
83215	0	0	10	233
83397	0	20	13	145
83580	0	0	0	308
83763	0	0	0	49
83945	0	0	0	28
84127	0	0	0	39
84310	0	0	0	36
84492	0	0	0	77
84674	0	0	0	98
84856	0	0	0	99
85039	0	0	0	44
85221	0	0	2	35
85407	0	0	0	60
85590	0	0	0	85
85772	0	0	0	106
85954	0	0	4	48
86136	0	0	0	32
86320	0	0	0	22
86502	0	0	0	158
86684	0	0	0	53
86866	0	0	0	64
87049	0	0	0	60
87231	0	0	0	89
87413	0	0	0	95
87596	0	0	0	35
87778	0	0	0	42
87960	0	0	0	45
88143	0	0	0	230
88326	0	0	0	237
88508	0	0	0	118
88690	0	0	0	118
88872	0	0	0	138
89055	0	0	0	161
89238	0	0	0	167
89420	0	0	0	164
89603	0	0	0	146
89785	0	0	0	145
89967	0	0	0	55
90149	0	0	0	84
90333	0	0	17	145
90515	0	0	19	260
90697	0	0	17	299
90880	0	0	9	256
91066	0	0	0	250
91248	0	0	0	231
91430	0	119	0	141
91614	0	0	0	66
91796	0	22	0	68
91978	0	0	0	76
92161	0	0	0	112
92343	0	0	5	248
92525	0	4	0	39
92707	0	8	0	11
92891	0	10	0	1
93073	0	0	0	24
93255	0	18	0	14
93437	0	374	0	20
93620	0	0	0	70
93802	0	0	0	22
93984	0	0	0	105
94168	0	0	0	160
94350	0	0	12	328
94532	0	12	0	28
94714	0	35	0	0
94897	0	14	0	0
95079	0	0	0	0
95261	0	0	0	6
95443	0	0	0	0
95626	0	0	0	0
95808	0	0	0	1
95990	0	0	0	4
96173	0	0	0	72
96356	0	0	0	26
96538	0	0	0	54
96723	0	0	0	27
96906	0	0	0	4
97088	0	0	0	22
97270	0	0	0	39
97453	0	0	0	29
97636	0	0	0	0
97818	0	0	0	1
98000	0	145	0	8
98183	0	0	0	37
98365	0	0	0	51
98547	0	0	465	64
98729	0	0	0	36
98912	0	0	0	47
99094	0	0	0	104
99277	0	0	0	89
99460	0	0	0	545
99642	0	0	0	68
99824	0	0	0	0
100006	0	0	0	1
100189	0	0	0	10
100371	0	0	0	7
100553	0	0	0	91
100737	0	0	0	88
100919	0	0	0	1
101101	0	292	0	48
101283	0	93	0	95
101466	0	0	0	18
101649	0	0	0	28
101831	0	0	596	77
102013	0	0	8	72
102196	0	0	0	79
102382	0	0	0	100
102564	0	0	0	85
102747	0	0	0	585
102930	0	0	0	6
103112	0	0	0	49
103294	0	0	0	14
103477	0	0	0	46
103659	0	0	0	54
103841	0	0	0	60
104025	0	0	0	13
104207	0	0	0	7
104389	0	0	0	0
104571	0	0	0	71
104754	0	0	0	17
104936	0	0	0	3
105118	0	31	0	37
105302	0	70	0	23
105484	0	70	0	52
105666	0	0	0	53
105848	0	0	1	58
106032	0	0	0	49
106214	0	0	0	52
106396	0	0	0	53
106578	0	67	0	63
106761	0	50	0	47
106944	0	67	0	174
107126	0	0	32	30
107309	0	0	3	181
107491	0	0	0	61
107674	0	0	17	122
107859	0	0	0	40
108043	0	0	17	17
108225	0	0	0	21
108407	0	60	0	39
108590	0	63	0	38
108773	0	64	7	35
108955	0	49	3	26
109137	0	61	0	45
109320	0	63	0	49
109503	0	64	0	30
109685	0	65	13	33
109868	0	53	0	56
110050	0	64	0	38
110233	0	65	0	40
110415	0	65	0	108
110598	0	68	0	36
110781	0	65	0	46
110963	0	65	0	116
111145	0	64	0	89
111328	0	63	0	93
111511	0	63	0	97
111693	0	63	0	104
111876	0	63	0	91
112059	0	57	0	89
112241	0	4	0	110
112423	0	2	2	117
112606	0	2	0	122
112789	0	0	0	119
112974	0	0	0	114
113158	0	0	0	117
113340	0	0	6	112
113522	0	0	6	120
113704	0	0	0	116
113888	0	0	0	108
114070	0	0	0	122
114252	0	0	0	117
114435	0	0	14	125
114618	0	0	9	108
114800	0	0	12	108
114982	0	0	9	120
115166	0	0	10	118
115348	0	0	19	117
115530	0	0	24	116
115714	0	0	16	12
115896	0	0	9	28
116078	0	0	2	56
116260	0	0	11	66
116443	0	0	0	66
116626	0	0	8	23
116808	0	0	11	10
116990	0	0	9	14
117173	0	0	0	31
117355	0	0	0	19
117538	0	0	0	9
117721	0	0	0	21
117903	0	0	0	19
118085	0	0	0	20
118272	0	672	0	12
118454	0	1	0	13
118636	0	0	0	14
118818	0	14	0	14
119002	0	40	0	22
119184	0	0	4	4
119366	0	42	14	38
119548	0	197	0	52
119732	0	0	4	21
119914	0	28	0	22
120096	0	9	0	22
120279	0	73	0	22
120461	0	73	8	25
120644	0	71	5	33
120826	0	546	0	49
121009	0	0	1	114
121192	0	73	16	116
121374	0	64	17	112
121556	0	0	0	115
121740	0	0	0	108
121922	0	57	0	65
122104	0	16	0	69
122288	0	18	0	95
122470	0	71	0	88
122652	0	9	0	94
122834	0	4	0	94
123017	0	336	0	59
123200	0	323	0	52
123385	0	0	14	45
123569	0	11	13	29
123751	0	15	12	21
123933	0	10	12	49
124116	0	0	9	142
124299	0	0	0	129
124481	0	11	0	139
124664	0	0	12	197
124847	0	14	9	196
125029	0	0	0	124
125212	0	0	0	146
125394	0	14	28	112
125577	0	0	7	132
125759	0	5	0	139
125942	0	10	0	137
126125	0	0	0	157
126307	0	0	0	176
126490	0	0	18	170
126672	0	0	13	117
126855	0	0	0	81
127037	0	15	0	45
127220	0	14	0	27
127403	0	0	3	71
127585	0	0	0	96
127767	0	0	0	87
127950	0	0	1	62
128133	0	0	0	141
128315	0	0	0	132
128501	0	0	0	134
128684	0	0	0	130
128866	0	0	1	121
129048	0	0	0	93
129231	0	0	7	51
129414	0	9	0	89
129596	0	0	0	32
129778	0	0	13	165
129961	0	0	0	127
130144	0	0	0	89
130326	0	0	0	87
130508	0	0	0	79
130691	0	0	0	88
130873	0	0	0	123
131056	0	0	0	152
131238	0	21	0	158
131421	0	18	0	140
131604	0	0	0	149
131786	0	0	0	120
131969	0	0	0	123
132151	0	13	8	91
132334	0	12	0	73
132516	0	12	0	76
132699	0	11	0	144
132882	0	20	0	122
133064	0	0	0	130
133246	0	0	0	98
133429	0	0	23	64
133612	0	0	0	43
133797	0	0	0	32
133980	0	0	0	35
134163	0	0	0	38
134345	0	0	0	69
134528	0	0	0	102
134710	0	1	0	84
134892	0	4	0	96
135075	0	4	0	92
135258	0	5	0	109
135440	0	5	0	89
135622	0	0	0	121
135804	0	0	0	112
135988	0	0	18	132
136170	0	0	0	137
136352	0	0	0	152
136536	0	0	0	163
136718	0	0	4	130
136900	0	0	0	137
137082	0	0	0	113
137266	0	0	0	111
137448	0	0	0	91
137630	0	7	0	81
137812	0	12	0	93
137995	0	12	0	134
138178	0	12	0	147
138360	0	13	0	140
138543	0	13	0	114
138726	0	12	0	223
138908	0	14	0	154
139095	0	12	0	154
139277	0	11	0	95
139460	0	12	0	154
139642	0	26	0	132
139825	0	28	0	168
140008	0	28	0	167
140190	0	28	0	142
140372	0	28	0	95
140555	0	27	0	145
140738	0	28	0	151
140920	0	28	0	161
141104	0	28	0	178
141286	0	27	0	168
141468	0	19	0	198
141651	0	13	0	184
141834	0	12	0	189
142016	0	12	0	185
142199	0	12	0	182
142382	0	12	0	196
142564	0	13	9	183
142747	0	13	8	164
142929	0	14	0	173
143112	0	13	0	162
143295	0	12	9	185
143477	0	18	0	187
143660	0	15	0	121
143843	0	1	0	152
144028	0	15	0	176
144211	0	12	21	191
144394	0	18	0	160
144576	0	17	0	131
144759	0	18	0	137
144942	0	18	0	135
145124	0	18	0	154
145307	0	9	2	208
145489	0	0	8	148
145672	0	0	18	128
145855	0	0	12	175
146037	0	0	0	175
146220	0	0	0	202
146403	0	1	0	136
146585	0	0	0	214
146767	0	0	0	206
146950	0	0	0	169
147133	0	7	0	251
147315	0	19	0	154
147497	0	16	0	137
147681	0	16	0	208
147863	0	15	0	191
148045	0	16	0	219
148229	0	15	0	308
148411	0	9	0	238
148593	0	11	0	225
148775	0	15	0	267
148962	0	10	4	251
149145	0	11	0	208
149327	0	12	0	186
149510	0	13	0	181
149693	0	12	0	201
149875	0	0	0	253
150057	0	0	0	270
150240	0	0	0	207
150423	0	0	0	212
150605	0	0	4	212
150788	0	0	9	181
150970	0	0	0	187
151153	0	0	0	199
151335	0	0	0	200
151518	0	0	0	217
151701	0	0	0	147
151883	0	0	0	163
152066	0	0	1	158
152248	0	0	0	169
152431	0	0	0	130
152613	0	0	0	139
152796	0	0	0	122
152978	0	0	0	193
153161	0	0	0	230
153344	0	0	0	185
153526	0	11	0	209
153708	0	0	0	285
153891	0	0	0	156
154077	0	0	14	191
154260	0	2	2	166
154442	0	0	10	264
154625	0	3	10	148
154808	0	0	4	131
154990	0	0	0	201
155172	0	0	0	172
155356	0	0	0	163
155538	0	6	0	180
155720	0	0	0	186
155902	0	0	0	179
156086	0	0	0	207
156268	0	0	0	281
156450	0	0	0	257
156633	0	6	0	270
156816	0	7	0	279
156998	0	6	0	185
157180	0	5	4	168
157363	0	10	0	161
157546	0	10	4	227
157728	0	11	0	209
157911	0	10	0	232
158094	0	10	0	216
158276	0	0	0	238
158458	0	0	0	239
158642	0	0	0	205
158824	0	0	55	221
159006	0	0	33	194
159193	0	0	0	249
159375	0	0	0	269
159557	0	8	4	193
159740	0	8	0	217
159923	0	11	0	237
160105	0	11	0	418
160288	0	264	450	429
160471	0	391	482	528
160654	0	583	412	476
160836	0	106	314	291
161019	0	647	299	353
161203	0	631	103	324
161385	0	664	158	433
161568	0	781	105	314
161751	0	790	223	556
161934	0	783	151	602
162117	0	335	135	667
162299	0	173	173	680
162483	0	118	206	710
162665	0	531	507	731
162848	0	401	594	644
163032	0	193	520	706
163214	0	556	477	724
163397	0	170	481	753
163579	0	234	520	759
163766	0	548	412	758
163949	0	149	289	765
164131	0	648	73	757
164315	0	685	142	767
164497	0	703	130	765
164680	0	29	52	809
164862	0	33	103	797
165046	0	755	146	786
165229	0	747	179	770
165411	0	704	207	745
165595	0	766	386	729
165777	0	280	6	158
165960	0	3	16	178
166142	0	0	0	160
166325	0	0	7	218
166508	0	0	14	173
166690	0	0	1	173
166873	0	5	0	199
167055	0	3	0	176
167238	0	6	2	195
167420	0	21	7	196
167603	0	22	0	187
167786	0	24	7	173
167968	0	24	9	232
168151	0	25	7	216
168337	0	21	22	276
168520	0	20	22	220
168702	0	22	8	204
168885	0	20	7	269
169068	0	20	0	255
169250	0	21	0	268
169433	0	24	8	274
169616	0	24	0	273
169798	0	23	13	240
169980	0	16	18	228
170164	0	10	22	209
170346	0	0	4	205
170529	0	21	3	274
170712	0	24	0	226
170894	0	20	21	238
171077	0	21	22	222
171259	0	20	23	233
171442	0	18	23	254
171625	0	20	22	238
171807	0	20	0	243
171991	0	20	0	201
172173	0	20	0	172
172355	0	20	0	244
172538	0	19	0	278
172721	0	18	0	262
172903	0	21	0	177
173086	0	22	0	287
173272	0	22	0	232
173455	0	23	0	212
173637	0	22	0	255
173820	0	23	0	263
174003	0	23	0	255
174185	0	22	0	269
174368	0	22	0	244
174551	0	22	0	324
174733	0	22	0	302
174916	0	22	0	294
175098	0	22	0	295
175281	0	22	0	115
175464	0	22	0	245
175646	0	22	0	229
175828	0	22	0	216
176012	0	22	0	220
176194	0	22	0	136
176376	0	21	0	283
176560	0	11	0	205
176742	0	10	0	204
176924	0	0	0	229
177107	0	0	0	175
177290	0	0	0	162
177472	0	0	10	193
177654	0	0	0	218
177838	0	0	7	213
178020	0	0	27	232
178206	0	0	0	261
178388	0	0	23	227
178571	0	0	1	188
178754	0	0	24	149
178936	0	12	0	182
179119	0	20	0	332
179302	0	9	14	173
179484	0	0	23	166
179666	0	0	0	110
179850	0	6	22	219
180032	0	0	21	242
180214	0	1	21	300
180398	0	14	19	214
180580	0	15	0	260
180762	0	14	0	235
180945	0	15	0	186
181128	0	15	22	170
181311	0	14	23	267
181493	0	14	23	217
181676	0	15	23	250
181859	0	14	23	228
182041	0	14	0	268
182224	0	14	0	262
182407	0	15	0	209
182589	0	14	0	328
182772	0	15	0	233
182955	0	15	1	221
183141	0	16	2	210
183323	0	16	1	278
183505	0	20	1	252
183689	0	18	0	223
183871	0	20	0	229
184053	0	20	0	272
184237	0	20	0	111
184419	0	20	22	239
184601	0	20	23	261
184784	0	21	0	174
184967	0	20	0	196
185150	0	20	0	335
185332	0	20	8	261
185515	0	19	22	171
185698	0	19	0	241
185880	0	19	0	254
186062	0	18	0	378
186246	0	19	0	373
186428	0	18	0	260
186610	0	19	0	302
186793	0	19	0	254
186976	0	18	0	302
187158	0	17	0	298
187341	0	14	16	275
187524	0	15	23	294
187707	0	15	23	390
187892	0	17	23	399
188076	0	20	0	385
188258	0	25	0	305
188441	0	22	0	314
188623	0	18	12	298
188806	0	19	17	288
188989	0	18	18	308
189171	0	19	5	281
189353	0	18	0	345
189537	0	18	0	372
189719	0	19	0	257
189902	0	19	0	170
190085	0	19	0	159
190267	0	19	0	243
190450	0	19	0	228
190632	0	18	0	231
190815	0	19	0	228
190998	0	18	1	225
191180	0	18	0	176
191363	0	19	0	188
191546	0	18	0	164
191728	0	18	0	123
191910	0	19	0	121
192094	0	19	0	166
192276	0	18	0	132
192458	0	18	0	158
192642	0	18	0	188
192827	0	18	0	284
193010	0	18	0	294
193192	0	19	0	279
193375	0	19	0	262
193558	0	20	0	278
193740	0	19	0	262
193923	0	19	0	193
194106	0	18	0	159
194288	0	17	0	211
194470	0	18	0	95
194654	0	17	0	103
194836	0	18	0	194
195018	0	17	0	236
195202	0	17	0	319
195384	0	17	0	337
195566	0	17	0	365
195749	0	17	0	386
195932	0	17	0	225
196114	0	17	1	194
196297	0	17	0	185
196480	0	17	0	165
196662	0	17	1	154
196845	0	17	0	143
197027	0	17	0	177
197211	0	17	0	164
197393	0	17	0	172
197575	0	17	0	168
197762	0	17	0	169
197944	0	17	1	153
198127	0	17	2	284
198309	0	17	1	243
198492	0	16	1	150
198675	0	16	3	198
198857	0	16	0	185
199040	0	16	0	210
199223	0	16	0	175
199405	0	16	0	204
199587	0	16	0	181
199771	0	16	0	201
199953	0	16	0	326
200135	0	16	0	153
200318	0	16	0	188
200501	0	16	0	222
200683	0	16	0	109
200866	0	16	0	192
201049	0	16	0	191
201231	0	16	0	290
201414	0	16	0	289
201596	0	16	0	229
201779	0	16	0	229
201962	0	16	0	170
202144	0	16	0	136
202327	0	16	0	56
202510	0	16	0	75
202695	0	17	0	167
202878	0	16	0	187
203061	0	15	0	142
203243	0	16	0	155
203426	0	0	2	175
203609	0	0	0	283
203791	0	0	0	279
203974	0	2	0	202
204156	0	2	0	227
204339	0	0	0	235
204521	0	0	0	260
204704	0	0	0	250
204887	0	0	0	151
205069	0	0	0	234
205251	0	0	0	179
205434	0	0	0	189
205617	0	15	0	203
205799	0	18	0	288
205982	0	15	0	319
206164	0	17	0	237
206347	0	0	7	230
206529	0	1	0	195
206712	0	18	0	323
206895	0	18	0	280
207077	0	18	0	324
207260	0	18	0	314
207442	0	18	14	338
207626	0	4	10	321
207811	0	0	17	255
207994	0	19	46	346
208177	0	58	348	296
208360	0	202	124	422
208542	0	157	266	353
208726	0	90	163	399
208908	0	124	184	405
209091	0	125	257	447
209273	0	278	322	376
209457	0	294	256	438
209640	0	147	269	342
209822	0	203	226	364
210006	0	245	301	293
210188	0	255	263	411
210371	0	238	323	411
210554	0	207	337	357
210737	0	249	389	417
210920	0	215	311	393
211102	0	231	226	414
211286	0	193	250	415
211468	0	385	314	428
211651	0	381	297	451
211834	0	309	283	388
212021	0	195	345	412
212203	0	227	282	440
212386	0	313	336	390
212569	0	344	280	395
212752	0	353	334	443
212935	0	329	302	426
213117	0	297	359	414
213301	0	310	428	510
213483	0	255	407	443
213666	0	319	363	503
213850	0	316	373	515
214032	0	288	353	475
214215	0	322	392	526
214397	0	358	423	535
214581	0	461	425	555
214763	0	323	402	556
214946	0	336	406	555
215130	0	311	431	509
215312	0	345	447	542
215495	0	379	396	560
215677	0	319	421	587
215861	0	352	427	505
216044	0	348	418	490
216226	0	353	414	489
216413	0	296	409	531
216596	0	400	425	457
216778	0	320	379	515
216962	0	349	372	491
217145	0	278	436	555
217327	0	407	398	554
217510	0	340	428	540
217693	0	354	400	480
217876	0	348	401	504
218059	0	362	415	487
218242	0	368	459	463
218425	0	357	450	555
218607	0	340	400	547
218790	0	374	388	554
218974	0	584	429	564
219156	0	539	412	572
219339	0	342	423	548
219522	0	366	379	572
219705	0	370	384	555
219887	0	387	375	518
220070	0	383	356	476
220254	0	421	470	491
220436	0	388	457	493
220622	0	581	418	497
220806	0	621	404	474
220988	0	605	458	512
221171	0	447	466	570
221355	0	404	508	596
221537	0	398	458	607
221720	0	390	417	561
221902	0	468	466	575
222086	0	609	465	556
222269	0	745	517	598
222451	0	609	528	632
222635	0	474	536	517
222817	0	464	453	527
223000	0	632	449	575
223182	0	440	394	541
223366	0	770	472	557
223549	0	594	433	476
223731	0	547	432	532
223915	0	480	521	553
224097	0	557	588	573
224280	0	466	564	548
224463	0	768	552	573
224646	0	481	479	522
224832	0	397	543	530
225015	0	432	510	456
225198	0	452	465	468
225381	0	464	478	543
225564	0	512	501	563
225746	0	516	493	529
225930	0	514	547	509
226112	0	701	560	498
226295	0	485	422	443
226479	0	510	492	497
226661	0	506	482	520
226844	0	633	578	591
227026	0	782	548	544
227210	0	808	536	623
227392	0	473	498	541
227575	0	509	516	543
227759	0	442	519	580
227941	0	405	501	465
228124	0	482	580	556
228306	0	436	534	569
228490	0	430	574	566
228673	0	429	554	555
228855	0	451	512	558
229044	0	464	525	503
229227	0	476	582	554
229410	0	559	487	532
229593	0	606	501	548
229776	0	630	547	523
229958	0	615	530	528
230141	0	474	555	560
230325	2	661	546	560
230507	0	472	512	543
230690	0	683	496	547
230873	0	517	526	558
231056	0	648	516	545
231239	0	665	474	494
231421	0	558	480	521
231605	0	441	438	498
231787	0	535	449	547
231970	0	515	543	551
232154	0	502	466	561
232336	0	537	463	556
232519	0	459	456	572
232701	0	622	421	539
232885	0	499	383	594
233068	0	590	377	522
233250	0	653	355	588
233437	0	491	315	561
233620	0	538	274	577
233802	0	581	293	530
233986	0	631	332	483
234168	0	546	351	541
234351	0	554	265	511
234534	0	517	291	555
234717	0	444	444	535
234900	0	561	351	512
235082	0	436	348	537
235266	0	507	364	455
235448	0	496	329	504
235631	0	389	315	499
235814	0	372	297	458
235997	0	390	312	474
236180	0	458	341	438
236362	0	369	313	491
236546	0	410	385	461
236729	0	485	224	397
236911	0	474	262	440
237094	0	494	267	433
237277	0	373	195	464
237460	0	354	183	447
237646	0	363	210	422
237829	0	409	199	465
238012	0	419	343	419
238195	0	396	292	450
238377	0	371	445	383
238561	0	363	233	343
238743	0	352	145	316
238926	0	358	40	325
239110	0	111	16	113
239292	0	32	0	132
239474	0	13	13	117
239657	0	9	0	223
239840	0	75	7	160
240022	0	10	4	102
240205	0	32	0	150
240388	0	2	0	180
240570	0	45	0	169
240753	0	53	0	194
240935	0	54	0	140
241118	0	40	0	150
241301	0	2	0	185
241483	0	33	0	204
241666	0	41	0	80
241849	0	33	0	217
242031	0	32	0	198
242213	0	63	2	266
242400	0	9	0	155
242582	0	1	0	197
242765	0	0	0	193
242948	0	0	0	204
243130	0	0	0	177
243312	0	0	0	176
243495	0	34	0	167
243678	0	38	0	152
243860	0	29	0	179
244043	0	31	0	157
244226	0	0	0	219
244408	0	0	0	210
244591	0	0	0	158
244773	0	0	0	134
244956	0	0	0	173
245138	0	0	0	114
245321	0	2	2	99
245504	0	0	0	202
245686	0	0	0	163
245868	0	12	0	151
246051	0	0	0	163
246234	0	0	1	96
246416	0	0	0	151
246598	0	38	1	95
246781	0	0	0	153
246964	0	29	0	148
247146	0	36	0	268
247329	0	39	0	86
247515	0	36	0	60
247697	0	1	0	47
247880	0	21	0	141
248062	0	0	0	142
248245	0	0	0	164
248428	0	0	0	31
248610	0	37	0	27
248793	0	0	5	24
248975	0	0	1	72
249157	0	0	21	57
249340	0	0	1	42
249523	0	0	0	52
249705	0	0	0	17
249887	0	0	0	27
250070	0	0	5	58
250252	0	7	0	93
250435	0	6	0	167
250617	0	1	0	33
250800	0	0	0	16
250982	0	0	0	37
251164	0	0	0	24
251347	0	0	0	49
251530	0	3	3	44
251712	0	2	0	81
251894	0	17	0	62
252077	0	9	0	45
252260	0	0	23	144
252442	0	10	73	174
252624	0	6	12	88
252811	0	4	11	103
252993	0	6	2	121
253176	0	5	0	88
253359	0	7	0	200
253541	0	7	0	124
253723	0	11	0	135
253906	0	11	0	207
254089	0	10	0	115
254271	0	11	0	108
254454	0	10	0	149
254637	0	11	0	102
254819	0	16	0	129
255002	0	10	0	121
255184	0	13	0	219
255367	0	11	0	99
255550	0	15	0	244
255732	0	15	0	178
255915	0	0	0	242
256098	0	0	0	233
256280	0	0	0	265
256462	0	0	0	179
256645	0	0	0	170
256828	0	0	0	220
257010	0	0	0	195
257192	0	0	0	218
257375	0	0	0	147
257558	0	0	0	163
257740	0	0	0	196
257927	0	1	0	156
258109	0	0	0	209
258291	0	0	0	180
258473	0	0	0	146
258657	0	0	0	194
258839	0	0	0	335
259021	0	0	0	277
259205	0	0	0	297
259387	0	0	0	342
259569	0	3	0	345
259751	0	0	0	272
259935	0	0	0	269
260117	0	0	0	360
260299	0	4	0	166
260482	0	9	0	220
260665	0	12	0	245
260847	0	38	0	228
261029	0	116	0	208
261213	0	782	0	152
261395	0	775	0	166
261578	0	795	0	154
261761	0	806	0	140
261943	0	758	0	133
262126	0	730	0	149
262308	0	759	0	130
262492	0	721	0	121
262674	0	748	0	123
262860	0	723	0	101
263043	0	737	0	97
263226	0	673	0	121
263408	0	757	0	108
263591	0	752	0	228
263774	0	798	0	230
263956	0	774	0	184
264139	0	802	0	211
264322	0	756	0	153
264505	0	766	0	153
264687	0	800	0	136
264870	0	709	0	224
265053	0	718	0	45
265235	0	758	0	38
265418	0	842	0	37
265601	0	816	0	28
265783	0	819	0	31
265966	0	824	0	14
266148	0	843	0	24
266331	0	883	67	54
266514	0	840	74	57
266696	0	826	0	75
266880	0	822	0	72
267062	0	864	0	0
267244	2	800	0	3
267426	11	749	0	0
267613	0	803	0	19
267796	0	778	0	102
267978	0	739	0	106
268161	0	593	0	66
268344	0	700	0	11
268526	0	732	0	59
268708	0	734	0	91
268892	1	775	0	41
269074	0	755	0	103
269257	6	811	0	3
269440	1	678	0	37
269622	2	806	0	36
269804	6	816	0	34
269987	0	817	0	8
270170	0	729	0	8
270352	0	764	0	3
270535	0	774	0	22
270717	0	799	0	18
270900	0	747	12	0
271083	0	586	0	7
271265	0	682	0	1
271448	0	716	0	0
271630	0	825	0	29
271813	0	738	0	47
271995	17	773	0	37
272179	0	804	0	13
272361	0	766	0	32
272543	0	751	0	112
272730	0	829	0	32
272912	0	807	0	14
273095	0	787	0	7
273277	0	849	0	32
273460	0	858	0	6
273643	0	883	0	40
273825	0	875	0	26
274008	0	903	0	19
274191	0	828	1	11
274373	0	817	0	54
274555	0	833	0	14
274739	0	829	0	9
274921	0	822	0	82
275103	0	828	9	64
275287	0	831	0	39
275469	0	764	0	56
275651	0	821	0	117
275834	0	819	0	61
276017	0	810	0	80
276199	0	841	0	127
276382	0	802	11	90
276564	0	834	0	78
276748	0	820	0	89
276930	0	812	0	92
277112	0	829	0	76
277296	0	815	0	162
277481	0	809	0	124
277664	0	865	0	107
277847	0	800	0	101
278030	0	811	0	119
278212	0	823	0	139
278395	0	820	0	129
278578	0	788	0	155
278760	0	798	0	142
278943	0	800	3	94
279126	0	800	4	184
279309	0	800	0	176
279491	0	800	0	150
279673	0	796	0	161
279857	0	818	0	104
280039	0	269	0	106
280222	0	250	0	131
280404	0	35	0	115
280587	0	38	4	136
280770	0	13	3	71
280952	0	6	4	112
281135	0	9	0	48
281318	0	39	0	84
281500	0	14	15	80
281682	0	36	0	85
281865	0	42	0	82
282048	0	39	0	83
282230	0	2	0	104
282417	0	39	0	74
282599	0	20	0	110
282781	0	3	0	91
282963	0	3	0	117
283147	0	34	19	89
283329	0	33	9	122
283511	0	1	0	89
283694	0	0	18	189
283877	0	0	18	149
284059	0	0	19	82
284241	0	0	0	28
284425	0	0	16	41
284607	0	3	0	107
284789	0	3	0	140
284972	0	5	0	114
285155	0	1	1	140
285337	0	0	0	137
285519	0	0	429	202
285703	0	0	574	162
285885	0	0	492	134
286067	0	0	587	195
286251	0	0	531	201
286433	0	0	569	236
286616	0	0	547	129
286798	0	0	575	99
286982	0	0	531	136
287164	0	0	558	147
287350	0	0	554	208
287533	0	0	530	144
287716	0	0	522	166
287898	0	0	566	139
288080	0	0	551	171
288264	0	0	555	138
288446	0	0	536	191
288629	0	0	598	185
288812	0	0	538	211
288995	0	0	484	215
289177	0	0	472	193
289359	0	0	537	73
289543	0	0	489	178
289725	0	0	570	198
289908	0	0	475	139
290091	0	0	496	155
290274	0	0	531	132
290456	0	0	458	155
290638	0	0	501	100
290822	0	0	496	97
291004	0	0	453	219
291187	0	0	442	50
291369	0	0	476	151
291552	0	4	462	190
291735	0	1	508	74
291917	0	1	519	161
292104	0	0	477	118
292286	0	0	497	57
292469	0	3	522	158
292652	0	0	508	180
292835	0	0	362	72
293017	0	0	345	90
293199	0	0	346	104
293383	0	1	277	158
293565	0	3	489	50
293747	0	0	321	66
293931	0	0	448	33
294113	0	0	346	96
294296	0	0	379	32
294478	0	0	422	100
294661	0	0	297	83
294844	0	0	428	75
295026	0	1	393	21
295208	0	0	315	21
295392	0	0	339	124
295574	0	0	401	81
295756	0	0	412	96
295940	0	0	500	65
296122	0	0	517	92
296304	0	98	461	133
296487	0	78	490	170
296670	0	74	242	174
296856	0	0	121	112
297039	0	0	141	151
297222	0	0	107	186
297405	0	0	0	113
297587	0	0	24	58
297769	0	0	0	96
297952	0	0	0	217
298135	0	0	0	95
298317	0	0	0	94
298500	0	0	0	72
298682	0	0	0	161
298864	0	0	0	76
299047	0	0	0	96
299230	0	0	0	97
299412	0	0	0	114
299594	0	0	0	91
299777	0	0	0	140
299960	0	0	22	141
300142	0	0	0	125
300324	0	0	0	54
300507	0	0	0	63
300690	0	0	0	133
300872	0	0	0	96
301054	0	0	0	133
301237	0	0	8	86
301420	0	0	0	182
301602	0	0	26	161
301785	0	0	23	81
301967	0	0	0	209
302153	0	0	0	41
302336	0	0	0	159
302519	0	0	0	34
302701	0	0	0	103
302883	0	0	9	186
303066	0	0	0	180
303248	0	0	0	119
303431	0	0	0	40
303613	0	0	0	136
303796	0	0	0	154
303978	0	0	0	164
304161	0	0	0	184
304344	0	0	0	55
304526	0	0	0	121
304708	0	0	0	151
304891	0	0	0	124
305074	0	0	0	103
305256	0	0	0	153
305438	0	0	0	21
305622	0	0	55	36
305804	0	0	0	101
305986	0	0	0	93
306168	0	0	0	84
306352	0	0	0	100
306534	0	0	0	143
306716	0	0	0	135
306898	0	0	0	190
307082	0	0	0	201
307264	0	0	111	152
307450	0	0	0	186
307633	0	0	0	124
307815	0	0	3	143
307998	0	0	0	218
308180	0	0	0	220
308363	0	0	0	157
308545	0	0	0	174
308728	0	0	0	115
308911	0	0	0	84
309093	0	0	0	58
309275	0	0	0	48
	
