1  0007	18.815  0007	18.815
2  0008	32.567  0001	13.752
3  0010	27.861  0001	55.294
4  0012	02.082  0001	34.221
5  0013	47.492  0001	45.410
6  0033	12.298  0019	24.806
7  0038	50.258  0005	37.960
8  0040	12.796  0001	22.538
9  0042	50.697  0002	37.901
10  0043	40.886  0000	50.189
11  0045	56.041  0002	15.155

2  0006	50.932  0001	45.730
3  0014	02.485  0007	11.553
4  0032	03.394  0018	00.909
5  0046	32.545  0014	29.151

2  0009	34.382  0007	38.544
3  0032	06.343  0022	31.961
4  0032	14.612  0000	08.269
5  0036	16.028  0004	01.416
6  0040	56.723  0004	40.695
7  0044	43.985  0003	47.262