	
Prende
	
122	16	168	246
244	9	110	167
366	7	97	140
487	7	94	131
609	6	95	129
731	7	95	129
852	6	95	129
973	6	95	128
1095	6	94	128
1217	6	94	127
1339	6	93	127
1460	6	93	127
1582	7	95	128
1703	6	95	128
1825	6	95	128
1946	5	94	127
2068	4	93	126
2190	5	92	126
2312	5	93	125
2434	5	93	126
2554	5	93	127
2676	5	93	126
2798	4	93	126
2920	4	92	125
3042	5	92	125
3163	5	92	125
3284	4	93	126
3406	5	93	127
3528	4	93	126
3649	4	93	126
3771	4	92	125
3893	4	91	124
4015	4	92	125
4136	5	92	125
	
Apaga
	
	
Prende
	
22283	13	168	246
22405	7	109	167
22526	5	96	139
22648	4	93	130
22770	5	93	128
22892	5	93	127
23014	6	94	128
23135	4	93	127
23257	4	93	127
23378	4	92	125
23500	4	92	125
23622	5	92	125
23744	5	93	126
23866	5	94	127
23988	4	94	126
24109	4	93	126
24230	4	92	125
24352	5	92	125
24474	4	92	125
24596	3	91	125
24718	4	93	126
24840	4	93	126
24961	4	92	125
25082	4	92	125
25204	4	91	124
25326	5	92	124
25448	5	93	125
25570	4	92	126
25692	4	92	125
25814	4	92	125
25938	5	93	126
26060	5	93	126
26181	5	94	127
26303	4	93	127
26425	4	93	126
26547	4	92	125
26669	4	92	125
26790	5	92	125
26912	5	93	126
27034	5	94	127
27155	4	94	127
27277	4	93	126
27399	4	92	125
27521	4	92	125
27642	4	92	125
27764	5	93	126
27886	5	93	126
28007	4	93	126
28129	3	93	126
28251	4	92	125
28372	4	92	124
28494	5	92	124
28616	5	92	125
28738	4	93	126
28859	5	93	126
28981	4	93	126
29103	4	93	125
29224	4	92	125
29346	5	92	125
29468	5	93	126
29590	4	93	126
29712	4	93	126
29837	4	93	126
29959	5	92	125
30081	5	93	126
30201	5	93	126
30323	4	93	126
30445	4	93	126
30567	4	92	125
30689	4	92	125
30811	4	92	125
30932	5	93	126
31053	5	94	127
31175	4	93	127
31297	5	93	126
31419	4	92	125
31541	4	91	124
31663	5	91	124
31784	5	93	125
31906	5	93	126
32027	4	93	126
32149	4	93	126
32271	4	92	126
32393	4	91	125
32515	4	92	125
32636	5	92	126
32758	5	94	127
32879	4	93	127
33001	4	92	126
33123	3	92	125
33245	4	92	125
33367	5	92	125
33488	5	93	126
33610	5	94	127
33735	4	94	128
33857	5	92	126
33979	4	92	125
34100	4	92	125
34222	5	93	126
34343	5	93	126
34465	5	93	126
34587	4	93	125
34709	5	92	125
34831	5	92	124
34953	5	91	124
35074	4	93	125
35195	5	93	126
35317	4	93	126
35439	4	92	125
35561	4	92	125
35683	4	92	124
35805	5	92	125
35926	5	93	125
36047	4	93	126
36169	4	93	126
36291	4	92	125
36413	5	92	125
36535	4	91	124
36657	5	92	125
36779	5	93	126
36899	4	93	126
37021	4	93	126
37143	3	92	125
37265	5	93	125
37387	4	92	124
37509	5	92	125
37634	4	94	127
37755	4	93	126
37877	4	92	125
37999	4	91	125
38121	4	91	124
38242	5	92	125
38364	5	92	126
38486	4	93	126
38607	4	93	126
38729	4	92	125
38851	4	91	124
38973	5	92	124
39094	5	92	125
39216	5	93	126
39337	4	93	126
39459	4	92	125
39581	4	92	125
39703	5	92	125
39825	5	92	124
39947	5	92	125
40068	5	93	126
40189	4	93	126
40311	4	93	126
40433	4	92	125
40555	5	92	125
40677	4	92	124
40799	5	92	125
40920	5	93	126
41041	4	93	126
41163	4	93	126
41285	4	92	125
41407	4	91	124
41532	5	93	126
41654	5	94	127
41776	4	93	126
41897	4	93	125
42019	4	92	125
42141	4	91	124
42262	4	91	124
42384	5	92	125
42506	5	93	126
42628	4	93	126
42749	4	93	126
42871	4	91	125
42993	3	91	124
43115	5	92	124
43236	5	92	125
43358	5	93	126
43480	4	92	126
43601	3	93	126
43723	4	92	125
43845	3	91	124
43967	4	91	124
44088	5	92	125
44210	5	93	126
44332	4	93	126
44453	4	93	126
44575	4	92	125
44697	4	91	124
44819	4	91	124
44941	5	92	125
45062	5	93	126
45184	4	93	126
45305	4	92	125
45430	4	92	125
45552	5	91	124
45674	5	92	125
45796	5	93	126
45918	4	93	126
46040	4	92	125
46161	4	91	124
46282	4	92	124
46404	5	92	124
46526	5	92	125
46648	5	93	127
46770	4	93	126
46892	4	92	125
47013	4	92	125
47134	4	91	124
47256	4	92	124
47378	5	92	125
47500	5	93	126
47622	4	93	126
47744	4	92	125
47865	4	92	125
47987	4	91	124
48108	5	92	124
48230	5	92	125
48352	5	93	126
48474	4	93	126
48595	3	92	125
48717	3	91	125
48839	4	91	124
48960	5	92	124
49082	5	93	125
49204	5	93	126
49329	4	93	126
49451	4	92	125
49572	4	91	124
49694	5	92	125
49816	5	93	125
49938	5	93	126
50060	5	92	126
50181	4	92	125
50302	5	92	125
50424	5	91	124
50546	4	91	124
50668	4	93	125
50790	4	93	126
50912	4	93	126
51034	4	92	125
51154	4	92	124
51276	4	92	124
51398	5	92	125
51520	5	92	125
51642	5	93	126
51764	4	93	125
51886	4	93	126
52006	4	92	124
52128	5	92	124
52250	4	92	124
52372	5	93	125
52494	4	93	126
52616	4	92	125
52738	4	92	125
52858	4	91	124
52980	5	91	124
53102	5	91	124
53227	4	94	127
53349	4	93	126
53471	4	92	125
53593	4	91	124
53714	5	92	124
53836	4	92	125
53958	5	93	126
54079	5	93	126
54201	4	93	126
54323	4	92	125
54445	4	91	124
54566	5	92	125
54688	5	92	125
54810	4	93	126
54932	5	93	126
55053	4	93	126
55175	4	92	125
55297	4	91	124
55418	5	92	124
55540	5	93	125
55662	5	93	126
55784	4	93	126
55905	4	92	125
56027	5	92	125
56148	4	91	124
56270	4	92	125
56392	4	92	125
56514	5	93	126
56636	5	92	126
56758	4	92	125
56879	5	91	124
57000	5	92	124
57125	6	95	127
57247	4	93	126
57369	3	92	125
57491	3	91	124
	
Apaga
	
	
Prende
	
115	16	166	241
237	8	109	165
359	5	96	138
480	4	93	130
602	4	92	127
723	4	92	125
844	5	92	125
966	5	93	126
1088	4	93	126
1210	5	93	126
1331	5	93	126
1453	4	92	125
1574	4	92	124
1696	4	91	124
1817	6	93	125
1939	5	92	126
2061	4	93	126
2183	4	92	125
2305	4	91	124
2425	4	91	123
2547	5	91	124
2669	5	91	124
2791	5	93	126
2912	5	93	126
3034	4	92	125
3155	4	91	124
3277	4	91	124
3399	4	91	123
3520	5	91	124
3646	33	112	139
3768	38	115	142
3890	94	148	163
4012	78	142	163
4132	97	154	172
4254	139	182	193
4376	166	204	212
4498	222	243	242
4620	260	278	272
4743	372	358	333
4865	548	493	439
4986	616	571	520
5108	554	549	528
5230	654	616	578
5352	581	580	568
5474	649	618	592
5596	640	620	600
5718	392	449	487
5839	159	251	326
5961	16	120	194
6083	8	99	148
6205	4	93	133
6326	28	105	135
6448	6	92	127
6569	11	96	128
6691	5	93	127
6813	62	130	150
6935	238	250	234
7057	469	420	366
7182	533	496	447
7304	565	538	500
7426	473	483	478
7547	534	518	500
7669	580	554	528
7791	514	515	510
7913	605	573	545
8035	579	567	550
8157	550	546	539
8279	514	516	516
8400	357	400	431
8522	43	165	250
8644	24	112	171
8766	8	95	139
8888	6	93	130
9010	13	98	131
9132	4	94	129
9252	4	94	128
9374	2	92	126
9496	12	98	129
9618	13	98	129
9740	5	93	127
9862	5	93	126
9982	7	95	128
10104	6	94	128
10226	6	94	127
10348	9	95	127
10470	12	97	128
10592	12	98	129
10714	13	99	131
10835	12	99	131
10960	9	97	130
11082	8	95	127
	
Apaga
	
	
Prende
	
18222	22	172	247
18343	17	115	171
18465	15	102	144
18587	14	99	134
18709	15	99	132
18831	15	100	132
18953	15	101	132
19075	15	101	132
19196	14	100	131
19318	14	99	130
19440	15	99	130
19562	15	99	130
19683	15	100	131
19806	14	100	131
19928	14	100	131
20049	13	99	130
20171	15	98	129
20292	15	99	130
20414	15	99	130
20536	16	100	131
20658	15	100	131
20780	14	99	130
20901	14	99	130
21023	14	98	129
21145	15	99	130
21267	15	100	130
21393	15	101	133
21515	14	100	131
21637	14	99	130
21758	15	99	130
21880	16	100	131
22002	15	101	132
22124	14	100	132
22246	14	99	131
22368	15	99	130
22490	15	99	130
22610	14	99	130
22732	15	100	131
22854	16	100	131
22976	14	99	131
23098	14	99	130
23220	14	98	130
23342	14	98	129
23463	15	98	130
23585	15	101	132
23707	15	100	132
23829	14	100	131
23951	13	98	130
24073	15	99	130
24195	15	99	130
24316	15	100	131
24438	15	101	132
24560	14	100	131
24682	14	99	131
24804	14	99	130
24929	15	100	131
25052	15	101	132
25174	14	100	132
25295	14	99	131
25416	14	99	130
25538	15	99	130
25660	15	98	130
25782	15	99	130
25904	13	100	131
26025	14	100	131
26147	14	99	130
26269	14	98	130
26391	15	98	129
26513	14	99	130
26635	15	100	131
26757	14	99	131
26878	14	99	131
27000	13	99	130
27122	14	98	129
27244	15	99	130
27366	15	99	130
27488	15	100	131
27610	14	100	131
27731	14	99	131
27853	14	99	130
27975	14	98	130
28097	15	99	130
28219	14	100	131
28341	14	100	131
28463	14	100	131
28588	14	99	130
28709	15	99	130
28831	15	100	131
28953	14	100	131
29075	14	100	131
29197	14	99	131
29319	15	99	130
29441	14	98	129
29562	14	99	130
29684	15	100	131
29806	15	100	131
29928	13	99	131
30050	14	98	130
30172	13	98	129
30294	14	98	129
30415	14	99	130
30537	15	100	131
30659	14	100	131
30781	14	99	130
30903	14	98	130
31025	14	98	129
31147	15	98	129
31268	15	99	130
31390	13	99	131
31512	14	100	131
31634	14	99	130
31756	14	98	130
31878	15	98	129
32000	15	99	130
32120	15	100	131
32246	14	100	132
32368	14	99	130
32490	14	98	129
32612	15	98	129
32734	14	99	130
32856	15	100	131
32977	14	99	131
33099	13	99	131
33221	14	99	130
33343	15	98	129
33465	15	99	130
33587	15	99	130
33708	14	100	131
33830	14	100	131
33952	14	98	130
34073	14	98	129
34195	15	98	129
34317	17	101	131
34439	16	102	133
34561	16	102	133
34682	14	100	131
34804	14	99	130
34926	14	99	130
35048	16	99	130
35170	18	101	132
35292	18	102	133
35414	17	102	133
	
Apaga
	
