0.000000	2.580412E+0	5.429726E-1
0.066667	2.580362E+0	5.476392E-1
0.133333	2.580193E+0	5.442276E-1
0.200000	2.580356E+0	5.546202E-1
0.266667	2.580427E+0	5.429651E-1
0.333333	2.580470E+0	5.335719E-1
0.400000	2.580250E+0	5.364500E-1
0.466667	2.580379E+0	5.449640E-1
0.533333	2.580447E+0	5.548983E-1
0.600000	2.580350E+0	5.435813E-1
0.666667	2.580441E+0	5.445582E-1
0.733333	2.580589E+0	5.492698E-1
0.800000	2.580416E+0	5.418830E-1
0.866667	2.580556E+0	5.364650E-1
0.933333	2.580558E+0	5.375246E-1
1.000000	2.580575E+0	5.368708E-1
1.066667	2.580585E+0	5.452571E-1
1.133333	2.580549E+0	5.416651E-1
1.200000	2.580504E+0	5.441374E-1
1.266667	2.580614E+0	5.437917E-1
1.333333	2.580604E+0	5.452045E-1
1.400000	2.580714E+0	5.437842E-1
1.466667	2.580566E+0	5.501190E-1
1.533333	2.580487E+0	5.508554E-1
1.600000	2.580495E+0	5.539289E-1
1.666667	2.580456E+0	5.498860E-1
1.733333	2.580483E+0	5.524260E-1
1.800000	2.580777E+0	5.428148E-1
1.866667	2.580487E+0	5.540266E-1
1.933333	2.580620E+0	5.419582E-1
2.000000	2.580677E+0	5.154317E-1
2.066667	2.580458E+0	5.124935E-1
2.133333	2.580618E+0	5.104496E-1
2.200000	2.580510E+0	5.073836E-1
2.266667	2.580487E+0	5.043853E-1
2.333333	2.580495E+0	5.074813E-1
2.400000	2.580364E+0	5.120953E-1
2.466667	2.580425E+0	5.143496E-1
2.533333	2.580416E+0	5.139889E-1
2.600000	2.580416E+0	5.140340E-1
2.666667	2.580339E+0	5.131247E-1
2.733333	2.580339E+0	5.158676E-1
2.800000	2.580474E+0	5.159202E-1
2.866667	2.580543E+0	5.112611E-1
2.933333	2.580464E+0	5.093224E-1
3.000000	2.580275E+0	5.081276E-1
3.066667	2.580354E+0	5.092998E-1
3.133333	2.580366E+0	5.125912E-1
3.200000	2.580337E+0	5.147103E-1
3.266667	2.580375E+0	5.125837E-1
3.333333	2.580391E+0	5.111935E-1
3.400000	2.580383E+0	5.127340E-1
3.466667	2.580458E+0	5.136658E-1
3.533333	2.580297E+0	5.115241E-1
3.600000	2.580273E+0	5.124935E-1
3.666667	2.580297E+0	5.107126E-1
3.733333	2.580295E+0	5.107577E-1
3.800000	2.580322E+0	5.124184E-1
3.866667	2.580289E+0	5.145826E-1
3.933333	2.580175E+0	5.131323E-1
4.000000	2.580148E+0	5.139664E-1
4.066667	2.580147E+0	5.134328E-1
4.133333	2.580275E+0	5.136583E-1
4.200000	2.580233E+0	5.154994E-1
4.266667	2.580347E+0	5.161231E-1
4.333333	2.580322E+0	5.150259E-1
4.400000	2.580450E+0	5.148306E-1
4.466667	2.580585E+0	5.136433E-1
4.533333	2.580668E+0	5.093299E-1
4.600000	2.583243E+0	5.188133E-1
4.666667	2.582991E+0	5.156947E-1
4.733333	2.586017E+0	5.338725E-1
4.800000	2.589599E+0	5.820785E-1
4.866667	2.594584E+0	5.811767E-1
4.933333	2.604102E+0	6.135345E-1
5.000000	2.617753E+0	6.252647E-1
5.066667	2.634685E+0	6.615751E-1
5.133333	2.654920E+0	6.755522E-1
5.200000	2.670837E+0	6.634012E-1
5.266667	2.685198E+0	6.875680E-1
5.333333	2.700497E+0	7.342035E-1
5.400000	2.713123E+0	7.706191E-1
5.466667	2.725618E+0	8.023231E-1
5.533333	2.735282E+0	9.292142E-1
5.600000	2.745505E+0	9.484364E-1
5.666667	2.758814E+0	9.749178E-1
5.733333	2.771634E+0	9.853856E-1
5.800000	2.781698E+0	1.030977E+0
5.866667	2.783677E+0	9.803508E-1
5.933333	2.784562E+0	1.009853E+0
6.000000	2.789336E+0	1.117815E+0
6.066667	2.796799E+0	1.149451E+0
6.133333	2.794539E+0	1.149098E+0
6.200000	2.792765E+0	1.143349E+0
6.266667	2.792686E+0	1.119145E+0
6.333333	2.790867E+0	1.109083E+0
6.400000	2.788891E+0	1.162632E+0
6.466667	2.778670E+0	1.141245E+0
6.533333	2.762961E+0	1.127193E+0
6.600000	2.751897E+0	1.164991E+0
6.666667	2.746215E+0	1.189774E+0
6.733333	2.743553E+0	1.224650E+0
6.800000	2.742356E+0	1.247486E+0
6.866667	2.738030E+0	1.223004E+0
6.933333	2.727195E+0	1.166690E+0
7.000000	2.716585E+0	1.117387E+0
7.066667	2.714123E+0	1.202489E+0
7.133333	2.712390E+0	1.225123E+0
7.200000	2.704516E+0	1.193306E+0
7.266667	2.688943E+0	1.160430E+0
7.333333	2.663059E+0	1.079987E+0
7.400000	2.632744E+0	9.707773E-1
7.466667	2.609720E+0	7.543876E-1
7.533333	2.595209E+0	7.341734E-1
7.600000	2.584313E+0	6.937375E-1
7.666667	2.582466E+0	6.402563E-1
7.733333	2.583597E+0	6.051407E-1
7.800000	2.583868E+0	6.024505E-1
7.866667	2.584409E+0	5.744361E-1
7.933333	2.583484E+0	5.609851E-1
8.000000	2.580402E+0	5.473386E-1
8.066667	2.580258E+0	5.367355E-1
8.133333	2.580358E+0	5.238781E-1
8.200000	2.580322E+0	5.214058E-1
8.266667	2.580225E+0	5.311898E-1
8.333333	2.580273E+0	5.329557E-1
8.400000	2.580277E+0	5.312349E-1
8.466667	2.580272E+0	5.380205E-1
8.533333	2.580264E+0	5.513138E-1
8.600000	2.580266E+0	5.513364E-1
8.666667	2.580150E+0	5.470380E-1
8.733333	2.580291E+0	5.472033E-1
8.800000	2.580302E+0	5.468877E-1
8.866667	2.580172E+0	5.493375E-1
8.933333	2.580135E+0	5.498184E-1
9.000000	2.580200E+0	5.523884E-1
9.066667	2.580093E+0	5.551237E-1
9.133333	2.583555E+0	5.490820E-1
9.200000	2.588056E+0	6.145038E-1
9.266667	2.591780E+0	5.947405E-1
9.333333	2.599489E+0	5.868803E-1
9.400000	2.609861E+0	6.407147E-1
9.466667	2.621450E+0	6.901230E-1
9.533333	2.631681E+0	7.270496E-1
9.600000	2.643383E+0	7.982727E-1
9.666667	2.654628E+0	7.855731E-1
9.733333	2.662514E+0	9.265690E-1
9.800000	2.673332E+0	8.966235E-1
9.866667	2.686073E+0	8.840967E-1
9.933333	2.698768E+0	9.512769E-1
10.000000	2.710325E+0	9.979500E-1
10.066667	2.721969E+0	1.121557E+0
10.133333	2.731529E+0	1.224935E+0
10.200000	2.736409E+0	1.322444E+0
10.266667	2.742066E+0	1.325578E+0
10.333333	2.748644E+0	1.344883E+0
10.400000	2.758433E+0	1.277988E+0
10.466667	2.760066E+0	1.214340E+0
10.533333	2.759816E+0	1.211349E+0
10.600000	2.761778E+0	1.203864E+0
10.666667	2.764009E+0	1.197725E+0
10.733333	2.769857E+0	1.203383E+0
10.800000	2.774688E+0	1.202602E+0
10.866667	2.777837E+0	1.199077E+0
10.933333	2.779888E+0	1.247148E+0
11.000000	2.782336E+0	1.280505E+0
11.066667	2.782906E+0	1.298939E+0
11.133333	2.781796E+0	1.307302E+0
11.200000	2.780120E+0	1.306393E+0
11.266667	2.779916E+0	1.283797E+0
11.333333	2.780763E+0	1.261726E+0
11.400000	2.777731E+0	1.222493E+0
11.466667	2.777481E+0	1.215099E+0
11.533333	2.775812E+0	1.229707E+0
11.600000	2.777741E+0	1.237853E+0
11.666667	2.781182E+0	1.234809E+0
11.733333	2.784354E+0	1.246299E+0
11.800000	2.787532E+0	1.257173E+0
11.866667	2.790861E+0	1.270736E+0
11.933333	2.793275E+0	1.327284E+0
12.000000	2.802106E+0	1.363767E+0
12.066667	2.805966E+0	1.405969E+0
12.133333	2.803966E+0	1.415332E+0
12.200000	2.808351E+0	1.419112E+0
12.266667	2.812637E+0	1.433472E+0
12.333333	2.823526E+0	1.444661E+0
12.400000	2.825590E+0	1.426716E+0
12.466667	2.830774E+0	1.455031E+0
12.533333	2.837960E+0	1.519830E+0
12.600000	2.838062E+0	1.558064E+0
12.666667	2.842697E+0	1.584132E+0
12.733333	2.842332E+0	1.582373E+0
12.800000	2.846190E+0	1.553299E+0
12.866667	2.847679E+0	1.562001E+0
12.933333	2.846985E+0	1.552067E+0
13.000000	2.847123E+0	1.536519E+0
13.066667	2.849995E+0	1.548685E+0
13.133333	2.852859E+0	1.556771E+0
13.200000	2.858122E+0	1.556591E+0
13.266667	2.863329E+0	1.559386E+0
13.333333	2.870642E+0	1.620600E+0
13.400000	2.876060E+0	1.685631E+0
13.466667	2.880355E+0	1.746537E+0
13.533333	2.886012E+0	1.729366E+0
13.600000	2.889975E+0	1.719259E+0
13.666667	2.892870E+0	1.726540E+0
13.733333	2.896182E+0	1.748085E+0
13.800000	2.892973E+0	1.768366E+0
13.866667	2.889171E+0	1.787784E+0
13.933333	2.887868E+0	1.781577E+0
14.000000	2.889534E+0	1.708400E+0
14.066667	2.898048E+0	1.730696E+0
14.133333	2.897009E+0	1.752631E+0
14.200000	2.897865E+0	1.782246E+0
14.266667	2.901410E+0	1.773476E+0
14.333333	2.902247E+0	1.799928E+0
14.400000	2.898917E+0	1.804722E+0
14.466667	2.891533E+0	1.819886E+0
14.533333	2.891664E+0	1.826131E+0
14.600000	2.891916E+0	1.777963E+0
14.666667	2.892041E+0	1.754630E+0
14.733333	2.886174E+0	1.722475E+0
14.800000	2.875291E+0	1.647870E+0
14.866667	2.876645E+0	1.673585E+0
14.933333	2.882108E+0	1.760867E+0
15.000000	2.888663E+0	1.805744E+0
15.066667	2.890225E+0	1.843708E+0
15.133333	2.885860E+0	1.778917E+0
15.200000	2.887495E+0	1.718109E+0
15.266667	2.886574E+0	1.719965E+0
15.333333	2.887036E+0	1.720762E+0
15.400000	2.885712E+0	1.744771E+0
15.466667	2.886160E+0	1.774822E+0
15.533333	2.885583E+0	1.798357E+0
15.600000	2.882781E+0	1.842505E+0
15.666667	2.880500E+0	1.917929E+0
15.733333	2.878403E+0	1.882348E+0
15.800000	2.878172E+0	1.813424E+0
15.866667	2.874958E+0	1.794337E+0
15.933333	2.866429E+0	1.795103E+0
16.000000	2.866695E+0	1.819954E+0
16.066667	2.868564E+0	1.849516E+0
16.133333	2.871119E+0	1.878523E+0
16.200000	2.869984E+0	1.896265E+0
16.266667	2.869191E+0	1.941615E+0
16.333333	2.868539E+0	2.009081E+0
16.400000	2.869182E+0	2.069212E+0
16.466667	2.868101E+0	2.128502E+0
16.533333	2.862844E+0	2.029325E+0
16.600000	2.859297E+0	2.006669E+0
16.666667	2.857195E+0	1.929787E+0
16.733333	2.857223E+0	1.893424E+0
16.800000	2.850191E+0	1.861194E+0
16.866667	2.835105E+0	1.843384E+0
16.933333	2.806064E+0	1.859526E+0
17.000000	2.775381E+0	1.779300E+0
17.066667	2.748050E+0	1.651725E+0
17.133333	2.717430E+0	1.593600E+0
17.200000	2.699116E+0	1.522888E+0
17.266667	2.685108E+0	1.419803E+0
17.333333	2.666148E+0	1.336046E+0
17.400000	2.646257E+0	1.339149E+0
17.466667	2.624423E+0	1.206442E+0
17.533333	2.588889E+0	9.430184E-1
17.600000	2.578238E+0	6.421575E-1
17.666667	2.580160E+0	4.385877E-1
17.733333	2.580083E+0	5.395760E-1
17.800000	2.579975E+0	4.745600E-1
17.866667	2.580087E+0	4.765513E-1
17.933333	2.580125E+0	4.594256E-1
18.000000	2.580316E+0	4.660309E-1
18.066667	2.580145E+0	4.837353E-1
18.133333	2.580093E+0	5.128392E-1
18.200000	2.580006E+0	5.329933E-1
18.266667	2.580289E+0	5.399292E-1
18.333333	2.580283E+0	5.428524E-1
18.400000	2.580197E+0	5.510057E-1
18.466667	2.580137E+0	5.535081E-1
18.533333	2.580268E+0	5.546578E-1
18.600000	2.580279E+0	5.655915E-1
18.666667	2.580277E+0	5.757662E-1
18.733333	2.580331E+0	5.738500E-1
18.800000	2.580331E+0	5.617215E-1
18.866667	2.581530E+0	5.647273E-1
18.933333	2.585153E+0	5.808912E-1
19.000000	2.595242E+0	5.644793E-1
19.066667	2.613536E+0	6.203051E-1
19.133333	2.639550E+0	7.327381E-1
19.200000	2.667679E+0	9.106532E-1
19.266667	2.689030E+0	9.890978E-1
19.333333	2.713194E+0	1.092791E+0
19.400000	2.740277E+0	1.218172E+0
19.466667	2.766798E+0	1.284954E+0
19.533333	2.788551E+0	1.327975E+0
19.600000	2.814328E+0	1.323293E+0
19.666667	2.828483E+0	1.343628E+0
19.733333	2.841443E+0	1.444466E+0
19.800000	2.849306E+0	1.475479E+0
19.866667	2.860774E+0	1.530207E+0
19.933333	2.870915E+0	1.597658E+0
20.000000	2.879751E+0	1.636508E+0
20.066667	2.888936E+0	1.661073E+0
20.133333	2.903291E+0	1.688960E+0
20.200000	2.911089E+0	1.698879E+0
20.266667	2.924432E+0	1.763061E+0
20.333333	2.942186E+0	1.835757E+0
20.400000	2.943956E+0	1.817873E+0
20.466667	2.942307E+0	1.853890E+0
20.533333	2.943161E+0	1.842393E+0
20.600000	2.945843E+0	1.814942E+0
20.666667	2.950822E+0	1.847022E+0
20.733333	2.947635E+0	1.839146E+0
20.800000	2.949509E+0	1.854754E+0
20.866667	2.950155E+0	1.889058E+0
20.933333	2.950253E+0	1.926135E+0
21.000000	2.938235E+0	1.977828E+0
21.066667	2.935913E+0	1.996020E+0
21.133333	2.935179E+0	1.995757E+0
21.200000	2.930755E+0	1.882821E+0
21.266667	2.933721E+0	1.849561E+0
21.333333	2.937060E+0	1.858203E+0
21.400000	2.934956E+0	1.878868E+0
21.466667	2.938056E+0	1.885616E+0
21.533333	2.931578E+0	1.862607E+0
21.600000	2.905418E+0	1.912864E+0
21.666667	2.871182E+0	1.961641E+0
21.733333	2.838317E+0	2.021735E+0
21.800000	2.798363E+0	1.932086E+0
21.866667	2.756875E+0	1.841010E+0
21.933333	2.714683E+0	1.717147E+0
22.000000	2.651316E+0	1.383049E+0
22.066667	2.595156E+0	9.548839E-1
22.133333	2.576344E+0	7.328509E-1
22.200000	2.580291E+0	4.802635E-1
22.266667	2.580229E+0	4.705923E-1
22.333333	2.580212E+0	4.783849E-1
22.400000	2.580185E+0	4.521515E-1
22.466667	2.580071E+0	4.702165E-1
22.533333	2.580145E+0	5.138687E-1
22.600000	2.580148E+0	5.850993E-1
22.666667	2.580110E+0	6.241976E-1
22.733333	2.580222E+0	5.941469E-1
22.800000	2.581256E+0	5.902017E-1
22.866667	2.581910E+0	6.009400E-1
22.933333	2.581693E+0	6.161646E-1
23.000000	2.580291E+0	6.231982E-1
23.066667	2.580037E+0	6.683458E-1
23.133333	2.580029E+0	6.969913E-1
23.200000	2.580123E+0	6.998844E-1
23.266667	2.580147E+0	6.962549E-1
23.333333	2.583082E+0	6.754019E-1
23.400000	2.585282E+0	6.671660E-1
23.466667	2.593607E+0	7.259299E-1
23.533333	2.601545E+0	7.108106E-1
23.600000	2.610322E+0	7.602039E-1
23.666667	2.622863E+0	8.459001E-1
23.733333	2.636168E+0	8.879516E-1
23.800000	2.642731E+0	9.581528E-1
23.866667	2.651573E+0	9.687558E-1
23.933333	2.660727E+0	1.011732E+0
24.000000	2.671620E+0	1.062891E+0
24.066667	2.681568E+0	1.098683E+0
24.133333	2.688728E+0	1.109662E+0
24.200000	2.691686E+0	1.131018E+0
24.266667	2.694423E+0	1.104619E+0
24.333333	2.694762E+0	1.080332E+0
24.400000	2.695685E+0	1.034696E+0
24.466667	2.694323E+0	1.030187E+0
24.533333	2.690276E+0	1.031856E+0
24.600000	2.685304E+0	1.064041E+0
24.666667	2.682619E+0	1.070849E+0
24.733333	2.681786E+0	1.074185E+0
24.800000	2.681124E+0	1.058728E+0
24.866667	2.684082E+0	1.060697E+0
24.933333	2.689943E+0	1.020704E+0
25.000000	2.692217E+0	1.015181E+0
25.066667	2.696393E+0	1.036718E+0
25.133333	2.702180E+0	1.005051E+0
25.200000	2.708088E+0	1.016113E+0
25.266667	2.712356E+0	1.022199E+0
25.333333	2.716407E+0	1.051311E+0
25.400000	2.718132E+0	1.046254E+0
25.466667	2.720213E+0	1.068377E+0
25.533333	2.719242E+0	1.108985E+0
25.600000	2.716503E+0	1.131860E+0
25.666667	2.715441E+0	1.171461E+0
25.733333	2.717147E+0	1.192780E+0
25.800000	2.719188E+0	1.153705E+0
25.866667	2.719451E+0	1.167854E+0
25.933333	2.719146E+0	1.181756E+0
26.000000	2.717638E+0	1.198897E+0
26.066667	2.719157E+0	1.230361E+0
26.133333	2.718853E+0	1.256076E+0
26.200000	2.716603E+0	1.248080E+0
26.266667	2.715301E+0	1.233066E+0
26.333333	2.715753E+0	1.252363E+0
26.400000	2.715787E+0	1.291567E+0
26.466667	2.714273E+0	1.315027E+0
26.533333	2.715141E+0	1.313757E+0
26.600000	2.713441E+0	1.308332E+0
26.666667	2.711452E+0	1.320723E+0
26.733333	2.708955E+0	1.348550E+0
26.800000	2.710536E+0	1.320949E+0
26.866667	2.710275E+0	1.267002E+0
26.933333	2.709186E+0	1.263462E+0
27.000000	2.707736E+0	1.305972E+0
27.066667	2.707639E+0	1.363076E+0
27.133333	2.705937E+0	1.372461E+0
27.200000	2.704983E+0	1.303229E+0
27.266667	2.706316E+0	1.242955E+0
27.333333	2.707601E+0	1.238717E+0
27.400000	2.706195E+0	1.282948E+0
27.466667	2.706410E+0	1.340096E+0
27.533333	2.708630E+0	1.345424E+0
27.600000	2.708149E+0	1.338255E+0
27.666667	2.704175E+0	1.309196E+0
27.733333	2.702908E+0	1.276523E+0
27.800000	2.706174E+0	1.286352E+0
27.866667	2.713202E+0	1.327193E+0
27.933333	2.716778E+0	1.327133E+0
28.000000	2.713939E+0	1.359499E+0
28.066667	2.708868E+0	1.359754E+0
28.133333	2.710151E+0	1.343801E+0
28.200000	2.713489E+0	1.281385E+0
28.266667	2.710630E+0	1.274313E+0
28.333333	2.707403E+0	1.303214E+0
28.400000	2.708284E+0	1.332709E+0
28.466667	2.709120E+0	1.338105E+0
28.533333	2.709372E+0	1.364789E+0
28.600000	2.708401E+0	1.337706E+0
28.666667	2.707410E+0	1.330252E+0
28.733333	2.708530E+0	1.329192E+0
28.800000	2.707503E+0	1.328929E+0
28.866667	2.707582E+0	1.333754E+0
28.933333	2.707412E+0	1.321310E+0
29.000000	2.705799E+0	1.325240E+0
29.066667	2.705704E+0	1.335091E+0
29.133333	2.704460E+0	1.308775E+0
29.200000	2.704112E+0	1.312239E+0
29.266667	2.702046E+0	1.296091E+0
29.333333	2.702859E+0	1.302598E+0
29.400000	2.703056E+0	1.310759E+0
29.466667	2.700320E+0	1.349166E+0
29.533333	2.697712E+0	1.324879E+0
29.600000	2.685929E+0	1.281753E+0
29.666667	2.674409E+0	1.165405E+0
29.733333	2.666215E+0	1.253754E+0
29.800000	2.642820E+0	1.184108E+0
29.866667	2.621463E+0	1.086727E+0
29.933333	2.619765E+0	9.664489E-1
30.000000	2.628363E+0	8.421203E-1
30.066667	2.632346E+0	8.385884E-1
30.133333	2.634370E+0	8.484626E-1
30.200000	2.637815E+0	8.809405E-1
30.266667	2.642452E+0	9.273205E-1
30.333333	2.648146E+0	9.218273E-1
30.400000	2.651999E+0	9.345420E-1
30.466667	2.655605E+0	9.618800E-1
30.533333	2.659925E+0	9.698379E-1
30.600000	2.663649E+0	1.024905E+0
30.666667	2.667325E+0	1.050777E+0
30.733333	2.668367E+0	1.062380E+0
30.800000	2.668010E+0	1.059239E+0
30.866667	2.668998E+0	1.074456E+0
30.933333	2.669016E+0	1.107122E+0
31.000000	2.667763E+0	1.110917E+0
31.066667	2.669108E+0	1.107084E+0
31.133333	2.670985E+0	1.103830E+0
31.200000	2.670497E+0	1.105453E+0
31.266667	2.668067E+0	1.096639E+0
31.333333	2.666857E+0	1.105754E+0
31.400000	2.667044E+0	1.100892E+0
31.466667	2.666327E+0	1.084202E+0
31.533333	2.666142E+0	1.114989E+0
31.600000	2.665471E+0	1.118228E+0
31.666667	2.663474E+0	1.132025E+0
31.733333	2.662408E+0	1.143537E+0
31.800000	2.666171E+0	1.158416E+0
31.866667	2.670849E+0	1.132942E+0
31.933333	2.674072E+0	1.136196E+0
32.000000	2.675119E+0	1.176474E+0
32.066667	2.676277E+0	1.182681E+0
32.133333	2.676637E+0	1.177999E+0
32.200000	2.678827E+0	1.181253E+0
32.266667	2.680066E+0	1.174535E+0
32.333333	2.681884E+0	1.152134E+0
32.400000	2.682336E+0	1.147092E+0
32.466667	2.680970E+0	1.179780E+0
32.533333	2.679197E+0	1.217518E+0
32.600000	2.677248E+0	1.213370E+0
32.666667	2.677019E+0	1.213017E+0
32.733333	2.677319E+0	1.225754E+0
32.800000	2.678552E+0	1.246449E+0
32.866667	2.680441E+0	1.256023E+0
32.933333	2.680626E+0	1.284751E+0
33.000000	2.682344E+0	1.317086E+0
33.066667	2.687908E+0	1.325608E+0
33.133333	2.693582E+0	1.316959E+0
33.200000	2.698905E+0	1.312923E+0
33.266667	2.700907E+0	1.279559E+0
33.333333	2.701253E+0	1.277853E+0
33.400000	2.707635E+0	1.226942E+0
33.466667	2.717228E+0	1.220554E+0
33.533333	2.723402E+0	1.227295E+0
33.600000	2.730991E+0	1.264838E+0
33.666667	2.744692E+0	1.303613E+0
33.733333	2.762707E+0	1.340780E+0
33.800000	2.779176E+0	1.388197E+0
33.866667	2.795110E+0	1.394329E+0
33.933333	2.802217E+0	1.452950E+0
34.000000	2.809529E+0	1.484286E+0
34.066667	2.815147E+0	1.513607E+0
34.133333	2.820706E+0	1.501163E+0
34.200000	2.819821E+0	1.480077E+0
34.266667	2.819973E+0	1.489531E+0
34.333333	2.820885E+0	1.523452E+0
34.400000	2.821400E+0	1.542478E+0
34.466667	2.816445E+0	1.528531E+0
34.533333	2.806965E+0	1.521926E+0
34.600000	2.800979E+0	1.510526E+0
34.666667	2.794327E+0	1.525871E+0
34.733333	2.789315E+0	1.517290E+0
34.800000	2.784812E+0	1.578676E+0
34.866667	2.773100E+0	1.589414E+0
34.933333	2.761122E+0	1.572394E+0
35.000000	2.752235E+0	1.544455E+0
35.066667	2.743959E+0	1.503733E+0
35.133333	2.738642E+0	1.475366E+0
35.200000	2.735357E+0	1.431563E+0
35.266667	2.727567E+0	1.402399E+0
35.333333	2.710203E+0	1.358920E+0
35.400000	2.681564E+0	1.307528E+0
35.466667	2.639477E+0	1.153990E+0
35.533333	2.608224E+0	8.702172E-1
35.600000	2.583340E+0	7.417556E-1
35.666667	2.579446E+0	7.187986E-1
35.733333	2.580500E+0	6.657833E-1
35.800000	2.580581E+0	6.959994E-1
35.866667	2.580497E+0	6.991330E-1
35.933333	2.580506E+0	6.826460E-1
36.000000	2.580310E+0	7.052273E-1
36.066667	2.580350E+0	7.516147E-1
36.133333	2.580400E+0	7.487817E-1
36.200000	2.580508E+0	7.064146E-1
36.266667	2.580529E+0	6.885900E-1
36.333333	2.580645E+0	6.975549E-1
36.400000	2.580495E+0	7.004630E-1
36.466667	2.580547E+0	7.190015E-1
36.533333	2.580777E+0	7.169200E-1
36.600000	2.580797E+0	7.069857E-1
36.666667	2.583580E+0	7.069481E-1
36.733333	2.599431E+0	7.878726E-1
36.800000	2.625835E+0	7.884136E-1
36.866667	2.675238E+0	8.911153E-1
36.933333	2.753436E+0	1.156335E+0
37.000000	2.857139E+0	1.411214E+0
37.066667	2.976259E+0	1.789310E+0
37.133333	3.065464E+0	2.159710E+0
37.200000	3.089481E+0	2.305433E+0
37.266667	3.107529E+0	2.330644E+0
37.333333	3.106269E+0	2.369795E+0
37.400000	3.036695E+0	2.321033E+0
37.466667	2.921508E+0	2.261450E+0
37.533333	2.821497E+0	2.139293E+0
37.600000	2.744580E+0	1.813063E+0
37.666667	2.667192E+0	1.400055E+0
37.733333	2.595273E+0	1.080197E+0
37.800000	2.580210E+0	6.823454E-1
37.866667	2.580360E+0	5.626683E-1
37.933333	2.580414E+0	5.042200E-1
38.000000	2.580420E+0	6.040661E-1
38.066667	2.580304E+0	6.149773E-1
38.133333	2.580335E+0	6.410979E-1
38.200000	2.580335E+0	6.925878E-1
38.266667	2.580464E+0	7.068655E-1
38.333333	2.580272E+0	7.140945E-1
38.400000	2.580379E+0	7.138766E-1
38.466667	2.580314E+0	7.028001E-1
38.533333	2.580285E+0	7.116898E-1
38.600000	2.580358E+0	7.149511E-1
38.666667	2.580227E+0	7.357815E-1
38.733333	2.580241E+0	7.230744E-1
38.800000	2.580285E+0	7.232397E-1
38.866667	2.580341E+0	7.342711E-1
38.933333	2.580385E+0	7.394637E-1
39.000000	2.580968E+0	7.464597E-1
39.066667	2.580787E+0	7.456031E-1
39.133333	2.580447E+0	7.405683E-1
39.200000	2.581756E+0	7.576715E-1
39.266667	2.603936E+0	7.458586E-1
39.333333	2.656642E+0	9.328212E-1
39.400000	2.742116E+0	1.333859E+0
39.466667	2.836742E+0	1.671586E+0
39.533333	2.968167E+0	1.924857E+0
39.600000	3.113288E+0	2.132162E+0
39.666667	3.228255E+0	2.413838E+0
39.733333	3.316203E+0	2.574470E+0
39.800000	3.375641E+0	2.532230E+0
39.866667	3.426392E+0	2.540797E+0
39.933333	3.465531E+0	2.581376E+0
40.000000	3.484249E+0	2.730292E+0
40.066667	3.468776E+0	2.781616E+0
40.133333	3.408581E+0	2.723491E+0
40.200000	3.353374E+0	2.579467E+0
40.266667	3.289266E+0	2.495078E+0
40.333333	3.164055E+0	2.418843E+0
40.400000	2.941382E+0	2.179263E+0
40.466667	2.754353E+0	1.728209E+0
40.533333	2.658923E+0	1.445773E+0
40.600000	2.603259E+0	1.049966E+0
40.666667	2.583014E+0	8.087556E-1
40.733333	2.581612E+0	7.227888E-1
40.800000	2.581287E+0	6.969913E-1
40.866667	2.581062E+0	7.206246E-1
40.933333	2.581037E+0	7.210004E-1
41.000000	2.580847E+0	7.251033E-1
41.066667	2.580814E+0	7.424019E-1
41.133333	2.581445E+0	7.321821E-1
41.200000	2.582182E+0	7.001549E-1
41.266667	2.580768E+0	7.015752E-1
41.333333	2.580633E+0	7.188512E-1
41.400000	2.580589E+0	7.196853E-1
41.466667	2.580564E+0	7.245698E-1
41.533333	2.580581E+0	7.320919E-1
41.600000	2.580874E+0	7.413874E-1
41.666667	2.580895E+0	7.294392E-1
41.733333	2.580339E+0	7.055053E-1
41.800000	2.580585E+0	7.036417E-1
41.866667	2.580549E+0	7.249080E-1
41.933333	2.580672E+0	7.656820E-1
42.000000	2.580722E+0	7.584831E-1
42.066667	2.580650E+0	7.524789E-1
42.133333	2.580749E+0	7.579646E-1
42.200000	2.580806E+0	7.776903E-1
42.266667	2.580629E+0	7.723700E-1
42.333333	2.580685E+0	7.770666E-1
42.400000	2.580750E+0	7.686127E-1
42.466667	2.580731E+0	7.730238E-1
42.533333	2.580760E+0	7.751203E-1
42.600000	2.580741E+0	7.779608E-1
42.666667	2.581051E+0	7.872488E-1
42.733333	2.584078E+0	7.849870E-1
42.800000	2.585221E+0	8.369803E-1
42.866667	2.586154E+0	8.150077E-1
42.933333	2.592695E+0	8.492140E-1
43.000000	2.601461E+0	8.875083E-1
43.066667	2.614496E+0	9.050323E-1
43.133333	2.632281E+0	9.014779E-1
43.200000	2.668173E+0	1.046419E+0
43.266667	2.738267E+0	1.420780E+0
43.333333	2.820089E+0	1.601160E+0
43.400000	2.920060E+0	1.827950E+0
43.466667	3.033536E+0	2.173642E+0
43.533333	3.134347E+0	2.410201E+0
43.600000	3.213923E+0	2.515773E+0
43.666667	3.274036E+0	2.624554E+0
43.733333	3.317853E+0	2.651765E+0
43.800000	3.352809E+0	2.705719E+0
43.866667	3.396976E+0	2.766460E+0
43.933333	3.398255E+0	2.765377E+0
44.000000	3.359526E+0	2.706501E+0
44.066667	3.201698E+0	2.519666E+0
44.133333	3.003016E+0	2.274308E+0
44.200000	2.850639E+0	1.877997E+0
44.266667	2.750760E+0	1.457556E+0
44.333333	2.682570E+0	1.258773E+0
44.400000	2.626578E+0	1.048455E+0
44.466667	2.597429E+0	9.246528E-1
44.533333	2.581508E+0	8.349889E-1
44.600000	2.580537E+0	7.298150E-1
44.666667	2.580285E+0	7.306716E-1
44.733333	2.580477E+0	7.191142E-1
44.800000	2.580499E+0	6.787985E-1
44.866667	2.580375E+0	6.606659E-1
44.933333	2.580358E+0	6.707655E-1
45.000000	2.580316E+0	6.735308E-1
45.066667	2.580412E+0	6.608838E-1
45.133333	2.580252E+0	6.622139E-1
45.200000	2.580283E+0	6.594260E-1
45.266667	2.580173E+0	6.527681E-1
45.333333	2.580702E+0	6.454789E-1
45.400000	2.585113E+0	6.189149E-1
45.466667	2.584742E+0	6.395950E-1
45.533333	2.581283E+0	6.585768E-1
45.600000	2.580668E+0	6.507692E-1
45.666667	2.580395E+0	6.528507E-1
45.733333	2.580393E+0	6.482894E-1
45.800000	2.580266E+0	6.540530E-1
45.866667	2.580166E+0	6.590502E-1
45.933333	2.580218E+0	6.659712E-1
46.000000	2.580258E+0	6.705926E-1
46.066667	2.580447E+0	6.783777E-1
46.133333	2.580566E+0	6.762436E-1
46.200000	2.580147E+0	6.665723E-1
46.266667	2.580202E+0	6.562924E-1
46.333333	2.580493E+0	6.553982E-1
46.400000	2.581039E+0	6.429841E-1
46.466667	2.582187E+0	6.605231E-1
46.533333	2.583384E+0	6.722533E-1
46.600000	2.587465E+0	6.876657E-1
46.666667	2.598227E+0	7.042504E-1
46.733333	2.610095E+0	7.496008E-1
46.800000	2.627066E+0	7.918553E-1
46.866667	2.641273E+0	8.721635E-1
46.933333	2.660235E+0	9.819214E-1
47.000000	2.691319E+0	1.087960E+0
47.066667	2.750766E+0	1.326059E+0
47.133333	2.855106E+0	1.755021E+0
47.200000	2.953402E+0	2.082979E+0
47.266667	3.072624E+0	2.358328E+0
47.333333	3.193952E+0	2.500030E+0
47.400000	3.305374E+0	2.555390E+0
47.466667	3.363661E+0	2.632257E+0
47.533333	3.411927E+0	2.691216E+0
47.600000	3.457428E+0	2.693305E+0
47.666667	3.458289E+0	2.699159E+0
47.733333	3.458913E+0	2.707635E+0
47.800000	3.457708E+0	2.739227E+0
47.866667	3.459209E+0	2.786088E+0
47.933333	3.453677E+0	2.816785E+0
48.000000	3.440133E+0	2.809661E+0
48.066667	3.406053E+0	2.801650E+0
48.133333	3.326824E+0	2.756510E+0
48.200000	3.234457E+0	2.670341E+0
48.266667	3.174774E+0	2.622142E+0
48.333333	3.129505E+0	2.589319E+0
48.400000	3.087250E+0	2.539557E+0
48.466667	3.046908E+0	2.457686E+0
48.533333	3.009629E+0	2.437637E+0
48.600000	2.974637E+0	2.389453E+0
48.666667	2.951728E+0	2.273571E+0
48.733333	2.918814E+0	2.227161E+0
48.800000	2.887170E+0	2.176273E+0
48.866667	2.859491E+0	2.035855E+0
48.933333	2.830150E+0	1.997704E+0
49.000000	2.802085E+0	1.968404E+0
49.066667	2.769824E+0	1.910377E+0
49.133333	2.742487E+0	1.873721E+0
49.200000	2.719732E+0	1.833916E+0
49.266667	2.696181E+0	1.772357E+0
49.333333	2.671241E+0	1.586574E+0
49.400000	2.639882E+0	1.482738E+0
49.466667	2.624325E+0	1.345386E+0
49.533333	2.612982E+0	1.297939E+0
49.600000	2.602442E+0	1.256151E+0
49.666667	2.596850E+0	1.190165E+0
49.733333	2.591187E+0	1.143808E+0
49.800000	2.585271E+0	1.123255E+0
49.866667	2.584161E+0	1.103703E+0
49.933333	2.584671E+0	1.088636E+0
50.000000	2.583005E+0	1.052633E+0
50.066667	2.581418E+0	1.069699E+0
50.133333	2.580450E+0	9.866330E-1
50.200000	2.580398E+0	9.714085E-1
50.266667	2.580391E+0	9.834093E-1
50.333333	2.580312E+0	9.955678E-1
50.400000	2.580412E+0	1.005487E+0
50.466667	2.580295E+0	9.971835E-1
50.533333	2.580223E+0	9.794040E-1
50.600000	2.580181E+0	9.792612E-1
50.666667	2.580164E+0	9.857012E-1
50.733333	2.581558E+0	9.998286E-1
50.800000	2.581064E+0	9.821017E-1
50.866667	2.580050E+0	9.405612E-1
50.933333	2.580116E+0	9.066404E-1
51.000000	2.580181E+0	8.958344E-1
51.066667	2.580016E+0	9.082635E-1
51.133333	2.580020E+0	9.069635E-1
51.200000	2.580189E+0	9.002755E-1
51.266667	2.580125E+0	8.845851E-1
51.333333	2.580148E+0	8.791145E-1
51.400000	2.580214E+0	8.698791E-1
51.466667	2.580118E+0	8.661594E-1
51.533333	2.580077E+0	8.604633E-1
51.600000	2.580375E+0	8.581038E-1
51.666667	2.580210E+0	8.644235E-1
51.733333	2.580437E+0	8.633038E-1
51.800000	2.580445E+0	8.746133E-1
51.866667	2.580518E+0	8.834654E-1
51.933333	2.580610E+0	8.868395E-1
52.000000	2.580462E+0	8.837209E-1
52.066667	2.580529E+0	8.911979E-1
52.133333	2.580581E+0	8.903638E-1
52.200000	2.580514E+0	8.931141E-1
52.266667	2.580427E+0	9.114572E-1
52.333333	2.580468E+0	9.159810E-1
52.400000	2.580583E+0	9.262910E-1
52.466667	2.580527E+0	9.335726E-1
52.533333	2.580504E+0	9.347749E-1
52.600000	2.580574E+0	9.393663E-1
52.666667	2.580483E+0	9.407791E-1
52.733333	2.580408E+0	9.354888E-1
52.800000	2.580499E+0	9.302887E-1
52.866667	2.580398E+0	9.229094E-1
52.933333	2.580602E+0	9.176117E-1
53.000000	2.580535E+0	9.200764E-1
53.066667	2.580479E+0	9.164469E-1
53.133333	2.580629E+0	9.158608E-1
53.200000	2.580423E+0	9.228193E-1
53.266667	2.580535E+0	9.271777E-1
53.333333	2.580504E+0	9.115023E-1
53.400000	2.580456E+0	9.067155E-1
53.466667	2.580322E+0	9.017409E-1
53.533333	2.580537E+0	8.971570E-1
53.600000	2.580462E+0	9.009594E-1
53.666667	2.580543E+0	8.956841E-1
53.733333	2.580329E+0	8.848181E-1
53.800000	2.580275E+0	8.785509E-1
53.866667	2.580391E+0	8.782729E-1
53.933333	2.580487E+0	8.746208E-1
54.000000	2.580387E+0	8.774538E-1
54.066667	2.580506E+0	8.816244E-1
54.133333	2.580549E+0	8.846903E-1
54.200000	2.580470E+0	8.956390E-1
54.266667	2.580570E+0	8.927084E-1
54.333333	2.580418E+0	8.786937E-1
54.400000	2.580341E+0	8.784081E-1
54.466667	2.580241E+0	8.798058E-1
54.533333	2.580410E+0	8.785284E-1
54.600000	2.580164E+0	8.739144E-1
54.666667	2.580362E+0	8.746959E-1
54.733333	2.580412E+0	8.714496E-1
54.800000	2.580287E+0	8.679103E-1
54.866667	2.580071E+0	8.690224E-1
54.933333	2.580293E+0	8.725242E-1
55.000000	2.580373E+0	8.689924E-1
55.066667	2.580400E+0	8.552783E-1
55.133333	2.580429E+0	8.434428E-1
55.200000	2.580368E+0	8.458700E-1
55.266667	2.580356E+0	8.405723E-1
55.333333	2.580452E+0	8.359508E-1
55.400000	2.580306E+0	8.395277E-1
55.466667	2.580298E+0	8.385057E-1
55.533333	2.580308E+0	8.276171E-1
55.600000	2.580164E+0	8.290073E-1
55.666667	2.580254E+0	8.333432E-1
55.733333	2.580279E+0	8.298490E-1
55.800000	2.580156E+0	8.246338E-1
55.866667	2.580352E+0	8.238974E-1
55.933333	2.583520E+0	8.064260E-1
56.000000	2.584307E+0	7.985132E-1
56.066667	2.589789E+0	8.534823E-1
56.133333	2.600941E+0	8.745156E-1
56.200000	2.614731E+0	9.167625E-1
56.266667	2.624864E+0	9.345044E-1
56.333333	2.631096E+0	8.973524E-1
56.400000	2.642083E+0	9.520434E-1
56.466667	2.659381E+0	9.824098E-1
56.533333	2.670222E+0	1.010913E+0
56.600000	2.686081E+0	1.085525E+0
56.666667	2.697012E+0	1.131191E+0
56.733333	2.712575E+0	1.173648E+0
56.800000	2.728203E+0	1.254873E+0
56.866667	2.744713E+0	1.307190E+0
56.933333	2.761239E+0	1.363812E+0
57.000000	2.780403E+0	1.430767E+0
57.066667	2.799121E+0	1.546859E+0
57.133333	2.815589E+0	1.639454E+0
57.200000	2.833336E+0	1.694107E+0
57.266667	2.853148E+0	1.699097E+0
57.333333	2.869322E+0	1.740097E+0
57.400000	2.880692E+0	1.746431E+0
57.466667	2.893279E+0	1.744748E+0
57.533333	2.903458E+0	1.783599E+0
57.600000	2.914972E+0	1.865981E+0
57.666667	2.923732E+0	1.897444E+0
57.733333	2.930874E+0	1.900337E+0
57.800000	2.936535E+0	1.902178E+0
57.866667	2.946025E+0	1.934281E+0
57.933333	2.952881E+0	1.994232E+0
58.000000	2.964783E+0	2.043888E+0
58.066667	2.969855E+0	2.014191E+0
58.133333	2.977103E+0	1.996456E+0
58.200000	2.984472E+0	2.044444E+0
58.266667	2.998619E+0	2.088743E+0
58.333333	3.008916E+0	2.133890E+0
58.400000	3.013694E+0	2.184937E+0
58.466667	3.008535E+0	2.197479E+0
58.533333	2.995061E+0	2.184148E+0
58.600000	2.982073E+0	2.155111E+0
58.666667	2.974941E+0	2.147830E+0
58.733333	2.972802E+0	2.136047E+0
58.800000	2.966547E+0	2.114150E+0
58.866667	2.958759E+0	2.110377E+0
58.933333	2.951432E+0	2.096302E+0
59.000000	2.939239E+0	2.095694E+0
59.066667	2.937685E+0	2.101300E+0
59.133333	2.941974E+0	2.128457E+0
59.200000	2.934477E+0	2.130095E+0
59.266667	2.913445E+0	2.048683E+0
59.333333	2.885524E+0	2.004595E+0
59.400000	2.864490E+0	1.994097E+0
59.466667	2.840095E+0	1.940736E+0
59.533333	2.805497E+0	1.850035E+0
59.600000	2.765554E+0	1.729449E+0
59.666667	2.732262E+0	1.709993E+0
59.733333	2.705620E+0	1.721145E+0
59.800000	2.672516E+0	1.655047E+0
59.866667	2.630744E+0	1.437695E+0
59.933333	2.597266E+0	1.282407E+0
60.000000	2.582595E+0	1.239634E+0
60.066667	2.580802E+0	1.173385E+0
60.133333	2.580756E+0	1.164217E+0
60.200000	2.580683E+0	1.204202E+0
60.266667	2.580577E+0	1.188504E+0
60.333333	2.580672E+0	1.176774E+0
60.400000	2.580618E+0	1.154899E+0
60.466667	2.580624E+0	1.153524E+0
60.533333	2.580781E+0	1.159972E+0
60.600000	2.580864E+0	1.169162E+0
60.666667	2.580654E+0	1.135850E+0
60.733333	2.586888E+0	1.097330E+0
60.800000	2.598008E+0	1.089177E+0
60.866667	2.620882E+0	1.143477E+0
60.933333	2.663713E+0	1.305213E+0
61.000000	2.715027E+0	1.350173E+0
61.066667	2.768343E+0	1.471233E+0
61.133333	2.813506E+0	1.567404E+0
61.200000	2.843399E+0	1.806375E+0
61.266667	2.855762E+0	1.971065E+0
61.333333	2.835573E+0	1.918530E+0
61.400000	2.771613E+0	1.953916E+0
61.466667	2.687143E+0	1.824906E+0
61.533333	2.622631E+0	1.617459E+0
61.600000	2.588348E+0	1.248689E+0
61.666667	2.580816E+0	1.061110E+0
61.733333	2.580456E+0	1.077289E+0
61.800000	2.580318E+0	1.066235E+0
61.866667	2.580241E+0	1.062433E+0
61.933333	2.580304E+0	1.061388E+0
62.000000	2.580360E+0	1.051326E+0
62.066667	2.581755E+0	1.031811E+0
62.133333	2.591330E+0	9.804185E-1
62.200000	2.618924E+0	1.056496E+0
62.266667	2.678597E+0	1.236402E+0
62.333333	2.781809E+0	1.517816E+0
62.400000	2.901718E+0	1.781239E+0
62.466667	2.961402E+0	1.985966E+0
62.533333	2.950703E+0	2.007766E+0
62.600000	2.880275E+0	1.997411E+0
62.666667	2.736582E+0	1.797606E+0
62.733333	2.615600E+0	1.340291E+0
62.800000	2.580820E+0	1.132521E+0
62.866667	2.580021E+0	1.059554E+0
62.933333	2.580173E+0	1.056473E+0
63.000000	2.580127E+0	1.053565E+0
63.066667	2.580150E+0	1.042466E+0
63.133333	2.580197E+0	1.034290E+0
63.200000	2.580056E+0	1.012633E+0
63.266667	2.580122E+0	9.920660E-1
63.333333	2.580039E+0	9.852503E-1
63.400000	2.585496E+0	9.674784E-1
63.466667	2.592747E+0	1.016594E+0
63.533333	2.599666E+0	1.058893E+0
63.600000	2.581049E+0	9.712958E-1
63.666667	2.579664E+0	9.740837E-1
63.733333	2.580102E+0	1.010597E+0
63.800000	2.581743E+0	9.880082E-1
63.866667	2.587575E+0	9.880457E-1
63.933333	2.596544E+0	9.628945E-1
64.000000	2.620773E+0	1.062064E+0
64.066667	2.700713E+0	1.344920E+0
64.133333	2.886639E+0	1.806999E+0
64.200000	3.089133E+0	2.144779E+0
64.266667	3.126141E+0	2.142239E+0
64.333333	2.971460E+0	2.091824E+0
64.400000	2.726340E+0	1.806187E+0
64.466667	2.586877E+0	1.423252E+0
64.533333	2.579987E+0	1.225506E+0
64.600000	2.580052E+0	1.287006E+0
64.666667	2.579968E+0	1.215467E+0
64.733333	2.579850E+0	1.201399E+0
64.800000	2.580060E+0	1.181396E+0
64.866667	2.585363E+0	1.162068E+0
64.933333	2.585073E+0	1.130379E+0
65.000000	2.581168E+0	1.053873E+0
65.066667	2.581158E+0	1.056579E+0
65.133333	2.582618E+0	1.071796E+0
65.200000	2.581164E+0	1.086832E+0
65.266667	2.579656E+0	1.044623E+0
65.333333	2.579862E+0	1.055091E+0
65.400000	2.579956E+0	9.643222E-1
65.466667	2.579102E+0	9.428982E-1
65.533333	2.579806E+0	1.000858E+0
65.600000	2.581222E+0	1.010432E+0
65.666667	2.583476E+0	1.005119E+0
65.733333	2.584153E+0	1.027888E+0
65.800000	2.591462E+0	1.062297E+0
65.866667	2.604027E+0	1.046502E+0
65.933333	2.625304E+0	1.080295E+0
66.000000	2.657561E+0	1.180712E+0
66.066667	2.698941E+0	1.371537E+0
66.133333	2.741681E+0	1.569005E+0
66.200000	2.793335E+0	1.729426E+0
66.266667	2.848177E+0	1.803279E+0
66.333333	2.881742E+0	1.961438E+0
66.400000	2.891669E+0	2.002288E+0
66.466667	2.860222E+0	2.014807E+0
66.533333	2.765960E+0	1.854033E+0
66.600000	2.648977E+0	1.449493E+0
66.666667	2.584255E+0	1.099194E+0
66.733333	2.580027E+0	1.101959E+0
66.800000	2.580287E+0	1.122211E+0
66.866667	2.580154E+0	1.122399E+0
66.933333	2.579962E+0	1.077634E+0
67.000000	2.580016E+0	1.098194E+0
67.066667	2.580106E+0	1.082549E+0
67.133333	2.580025E+0	1.078138E+0
67.200000	2.580093E+0	1.063124E+0
67.266667	2.580008E+0	1.049537E+0
67.333333	2.580054E+0	1.028234E+0
67.400000	2.579989E+0	1.022215E+0
67.466667	2.579985E+0	9.895411E-1
67.533333	2.580068E+0	9.671477E-1
67.600000	2.580170E+0	9.926597E-1
67.666667	2.580198E+0	9.903602E-1
67.733333	2.580141E+0	9.796971E-1
67.800000	2.579931E+0	9.875122E-1
67.866667	2.580154E+0	1.002015E+0
67.933333	2.579981E+0	1.001414E+0
68.000000	2.579970E+0	9.989945E-1
68.066667	2.579896E+0	1.003022E+0
68.133333	2.580016E+0	9.964020E-1
68.200000	2.579902E+0	1.001008E+0
68.266667	2.580016E+0	1.005209E+0
68.333333	2.579904E+0	1.010965E+0
68.400000	2.579920E+0	1.019539E+0
68.466667	2.580002E+0	1.017864E+0
68.533333	2.579954E+0	1.016188E+0
68.600000	2.579970E+0	1.015136E+0
68.666667	2.579983E+0	1.014174E+0
68.733333	2.580102E+0	1.006855E+0
68.800000	2.580098E+0	1.009583E+0
68.866667	2.580075E+0	1.008846E+0
68.933333	2.579912E+0	1.010965E+0
69.000000	2.579875E+0	1.005840E+0
69.066667	2.580566E+0	9.697703E-1
69.133333	2.580037E+0	9.594227E-1
69.200000	2.580052E+0	9.576718E-1
69.266667	2.580131E+0	9.502850E-1
69.333333	2.580308E+0	9.596482E-1
69.400000	2.579019E+0	1.013528E+0
69.466667	2.579629E+0	1.002797E+0
69.533333	2.580075E+0	9.636910E-1
69.600000	2.580083E+0	9.612638E-1
69.666667	2.579973E+0	9.476249E-1
69.733333	2.588935E+0	9.239089E-1
69.800000	2.595067E+0	8.865314E-1
69.866667	2.611522E+0	9.811023E-1
69.933333	2.629546E+0	1.032209E+0
70.000000	2.648592E+0	1.109053E+0
70.066667	2.671568E+0	1.202557E+0
70.133333	2.704169E+0	1.323624E+0
70.200000	2.735395E+0	1.491650E+0
70.266667	2.758293E+0	1.564609E+0
70.333333	2.785162E+0	1.715253E+0
70.400000	2.814333E+0	1.861480E+0
70.466667	2.835769E+0	1.986176E+0
70.533333	2.853359E+0	2.079958E+0
70.600000	2.875431E+0	2.085091E+0
70.666667	2.891881E+0	2.123671E+0
70.733333	2.907825E+0	2.122401E+0
70.800000	2.922666E+0	2.133304E+0
70.866667	2.932853E+0	2.186567E+0
70.933333	2.930412E+0	2.144238E+0
71.000000	2.939418E+0	2.146034E+0
71.066667	2.951446E+0	2.174056E+0
71.133333	2.954194E+0	2.177610E+0
71.200000	2.957714E+0	2.211809E+0
71.266667	2.968240E+0	2.247744E+0
71.333333	2.973843E+0	2.220293E+0
71.400000	2.972204E+0	2.196359E+0
71.466667	2.963566E+0	2.178767E+0
71.533333	2.955541E+0	2.169299E+0
71.600000	2.950769E+0	2.180654E+0
71.666667	2.945129E+0	2.187620E+0
71.733333	2.939320E+0	2.205820E+0
71.800000	2.934952E+0	2.204407E+0
71.866667	2.933619E+0	2.210366E+0
71.933333	2.932826E+0	2.211629E+0
72.000000	2.928337E+0	2.210336E+0
72.066667	2.921104E+0	2.207819E+0
72.133333	2.913299E+0	2.156915E+0
72.200000	2.900248E+0	2.147379E+0
72.266667	2.874110E+0	2.136904E+0
72.333333	2.826203E+0	2.074127E+0
72.400000	2.778843E+0	1.974228E+0
72.466667	2.734922E+0	1.773649E+0
72.533333	2.693959E+0	1.693694E+0
72.600000	2.657486E+0	1.545635E+0
72.666667	2.624156E+0	1.469617E+0
72.733333	2.601320E+0	1.402617E+0
72.800000	2.585750E+0	1.300381E+0
72.866667	2.580229E+0	1.179795E+0
72.933333	2.579856E+0	1.122820E+0
73.000000	2.580006E+0	1.106197E+0
73.066667	2.579718E+0	1.114050E+0
73.133333	2.579808E+0	1.094001E+0
73.200000	2.579946E+0	1.107415E+0
73.266667	2.579995E+0	1.144958E+0
73.333333	2.579868E+0	1.116492E+0
73.400000	2.579871E+0	1.119032E+0
73.466667	2.579885E+0	1.126667E+0
73.533333	2.580010E+0	1.123751E+0
73.600000	2.579935E+0	1.112893E+0
73.666667	2.579979E+0	1.106581E+0
73.733333	2.580058E+0	1.094986E+0
73.800000	2.580041E+0	1.070886E+0
73.866667	2.579991E+0	1.045735E+0
73.933333	2.579989E+0	1.022357E+0
74.000000	2.579933E+0	1.050747E+0
74.066667	2.579873E+0	1.067174E+0
74.133333	2.580031E+0	1.075080E+0
74.200000	2.579937E+0	1.077725E+0
74.266667	2.579927E+0	1.050898E+0
74.333333	2.583993E+0	1.055910E+0
74.400000	2.589039E+0	1.065386E+0
74.466667	2.601213E+0	1.117650E+0
74.533333	2.620457E+0	1.133828E+0
74.600000	2.650991E+0	1.158612E+0
74.666667	2.678937E+0	1.316598E+0
74.733333	2.700717E+0	1.460434E+0
74.800000	2.724268E+0	1.594231E+0
74.866667	2.748092E+0	1.706709E+0
74.933333	2.770422E+0	1.761137E+0
75.000000	2.791698E+0	1.812237E+0
75.066667	2.819286E+0	1.831632E+0
75.133333	2.834963E+0	1.909468E+0
75.200000	2.866589E+0	2.095799E+0
75.266667	2.889519E+0	2.140886E+0
75.333333	2.913397E+0	2.065057E+0
75.400000	2.938312E+0	2.068423E+0
75.466667	2.967349E+0	2.118335E+0
75.533333	3.000570E+0	2.229791E+0
75.600000	3.022976E+0	2.270904E+0
75.666667	3.028406E+0	2.243678E+0
75.733333	3.043702E+0	2.287015E+0
75.800000	3.046724E+0	2.284512E+0
75.866667	3.059742E+0	2.298242E+0
75.933333	3.069417E+0	2.281176E+0
76.000000	3.077861E+0	2.292177E+0
76.066667	3.091251E+0	2.342555E+0
76.133333	3.090826E+0	2.376258E+0
76.200000	3.090293E+0	2.432730E+0
76.266667	3.086644E+0	2.436698E+0
76.333333	3.090499E+0	2.439080E+0
76.400000	3.086909E+0	2.462908E+0
76.466667	3.084091E+0	2.496867E+0
76.533333	3.078913E+0	2.483897E+0
76.600000	3.078373E+0	2.454477E+0
76.666667	3.071275E+0	2.471430E+0
76.733333	3.045462E+0	2.511430E+0
76.800000	2.994715E+0	2.498851E+0
76.866667	2.898807E+0	2.359080E+0
76.933333	2.798957E+0	2.248916E+0
77.000000	2.704196E+0	1.990926E+0
77.066667	2.638086E+0	1.809689E+0
77.133333	2.592899E+0	1.698128E+0
77.200000	2.578086E+0	1.373987E+0
77.266667	2.580329E+0	1.347874E+0
77.333333	2.580058E+0	1.319153E+0
77.400000	2.580039E+0	1.291755E+0
77.466667	2.580098E+0	1.265078E+0
77.533333	2.580166E+0	1.228760E+0
77.600000	2.580293E+0	1.200160E+0
77.666667	2.580191E+0	1.168681E+0
77.733333	2.580202E+0	1.157139E+0
77.800000	2.580248E+0	1.137383E+0
77.866667	2.580087E+0	1.149789E+0
77.933333	2.579954E+0	1.151796E+0
78.000000	2.580139E+0	1.157995E+0
78.066667	2.580525E+0	1.161888E+0
78.133333	2.580081E+0	1.153862E+0
78.200000	2.580010E+0	1.137593E+0
78.266667	2.579983E+0	1.119213E+0
78.333333	2.579964E+0	1.081174E+0
78.400000	2.580114E+0	1.059186E+0
78.466667	2.580243E+0	1.030383E+0
78.533333	2.580320E+0	1.042571E+0
78.600000	2.580139E+0	1.022132E+0
78.666667	2.580073E+0	1.001685E+0
78.733333	2.580098E+0	1.000332E+0
78.800000	2.579968E+0	1.006697E+0
78.866667	2.580137E+0	1.015444E+0
78.933333	2.580125E+0	1.031788E+0
79.000000	2.580145E+0	1.024446E+0
79.066667	2.580247E+0	1.029849E+0
79.133333	2.582187E+0	9.909238E-1
79.200000	2.580464E+0	9.820115E-1
79.266667	2.580102E+0	9.710027E-1
79.333333	2.580222E+0	9.780288E-1
79.400000	2.580214E+0	9.832289E-1
79.466667	2.580206E+0	9.824549E-1
79.533333	2.580062E+0	9.884515E-1
79.600000	2.580018E+0	9.882036E-1
79.666667	2.580023E+0	9.915776E-1
79.733333	2.579939E+0	9.895186E-1
79.800000	2.580010E+0	9.796895E-1
79.866667	2.580145E+0	9.843937E-1
79.933333	2.580187E+0	9.884365E-1
80.000000	2.580179E+0	9.748201E-1
80.066667	2.580185E+0	9.809294E-1
80.133333	2.580097E+0	9.809520E-1
80.200000	2.580039E+0	9.778410E-1
80.266667	2.580243E+0	9.769918E-1
80.333333	2.580131E+0	9.676737E-1
80.400000	2.580077E+0	9.523741E-1
80.466667	2.580045E+0	9.402831E-1
80.533333	2.580062E+0	9.405987E-1
80.600000	2.580008E+0	9.322425E-1
80.666667	2.580235E+0	9.238713E-1
80.733333	2.580502E+0	8.972547E-1
80.800000	2.580197E+0	8.951957E-1
80.866667	2.579991E+0	8.911078E-1
80.933333	2.580089E+0	8.867418E-1
81.000000	2.580068E+0	8.764393E-1
81.066667	2.581310E+0	8.646865E-1
81.133333	2.583795E+0	8.923176E-1
81.200000	2.591834E+0	9.190319E-1
81.266667	2.601453E+0	9.440028E-1
81.333333	2.602976E+0	9.733022E-1
81.400000	2.608516E+0	9.862047E-1
81.466667	2.615144E+0	1.007771E+0
81.533333	2.620790E+0	1.020719E+0
81.600000	2.624344E+0	1.017766E+0
81.666667	2.629192E+0	1.044886E+0
81.733333	2.634354E+0	1.087757E+0
81.800000	2.639390E+0	1.140005E+0
81.866667	2.648538E+0	1.148151E+0
81.933333	2.653595E+0	1.190451E+0
82.000000	2.661922E+0	1.217082E+0
82.066667	2.666242E+0	1.220900E+0
82.133333	2.670779E+0	1.265439E+0
82.200000	2.675596E+0	1.334783E+0
82.266667	2.682849E+0	1.362422E+0
82.333333	2.686960E+0	1.411582E+0
82.400000	2.689695E+0	1.425529E+0
82.466667	2.689805E+0	1.458646E+0
82.533333	2.687277E+0	1.463974E+0
82.600000	2.687066E+0	1.469873E+0
82.666667	2.687933E+0	1.449260E+0
82.733333	2.687493E+0	1.467025E+0
82.800000	2.686514E+0	1.539450E+0
82.866667	2.689978E+0	1.601115E+0
82.933333	2.689901E+0	1.615137E+0
83.000000	2.688697E+0	1.685563E+0
83.066667	2.686483E+0	1.726939E+0
83.133333	2.682640E+0	1.726555E+0
83.200000	2.680001E+0	1.659127E+0
83.266667	2.678856E+0	1.643309E+0
83.333333	2.680762E+0	1.633352E+0
83.400000	2.683117E+0	1.648419E+0
83.466667	2.682413E+0	1.676689E+0
83.533333	2.680601E+0	1.690110E+0
83.600000	2.680818E+0	1.693025E+0
83.666667	2.680162E+0	1.700563E+0
83.733333	2.678816E+0	1.698128E+0
83.800000	2.677446E+0	1.688539E+0
83.866667	2.678498E+0	1.671226E+0
83.933333	2.680472E+0	1.684143E+0
84.000000	2.681893E+0	1.706033E+0
84.066667	2.685329E+0	1.714442E+0
84.133333	2.687668E+0	1.740856E+0
84.200000	2.686998E+0	1.740254E+0
84.266667	2.687058E+0	1.728126E+0
84.333333	2.689535E+0	1.722558E+0
84.400000	2.692469E+0	1.724992E+0
84.466667	2.694144E+0	1.742336E+0
84.533333	2.694323E+0	1.744951E+0
84.600000	2.696220E+0	1.746905E+0
84.666667	2.696956E+0	1.742539E+0
84.733333	2.697058E+0	1.741682E+0
84.800000	2.700642E+0	1.746229E+0
84.866667	2.703644E+0	1.764106E+0
84.933333	2.703583E+0	1.778391E+0
85.000000	2.703662E+0	1.779864E+0
85.066667	2.702250E+0	1.767427E+0
85.133333	2.703279E+0	1.770117E+0
85.200000	2.702731E+0	1.781990E+0
85.266667	2.704475E+0	1.791301E+0
85.333333	2.704492E+0	1.810373E+0
85.400000	2.702821E+0	1.836817E+0
85.466667	2.701228E+0	1.832714E+0
85.533333	2.703502E+0	1.835306E+0
85.600000	2.705506E+0	1.844271E+0
85.666667	2.702748E+0	1.840739E+0
85.733333	2.701413E+0	1.830069E+0
85.800000	2.703864E+0	1.791038E+0
85.866667	2.703798E+0	1.802858E+0
85.933333	2.702067E+0	1.806323E+0
86.000000	2.699865E+0	1.782058E+0
86.066667	2.698634E+0	1.768577E+0
86.133333	2.695593E+0	1.768306E+0
86.200000	2.693983E+0	1.750797E+0
86.266667	2.694185E+0	1.762039E+0
86.333333	2.694015E+0	1.789573E+0
86.400000	2.696295E+0	1.801040E+0
86.466667	2.695206E+0	1.804166E+0
86.533333	2.692827E+0	1.776572E+0
86.600000	2.688054E+0	1.755644E+0
86.666667	2.685290E+0	1.755389E+0
86.733333	2.683190E+0	1.743155E+0
86.800000	2.678679E+0	1.739300E+0
86.866667	2.671332E+0	1.715817E+0
86.933333	2.670104E+0	1.711977E+0
87.000000	2.668750E+0	1.679612E+0
87.066667	2.662891E+0	1.643782E+0
87.133333	2.658069E+0	1.641475E+0
87.200000	2.653762E+0	1.646488E+0
87.266667	2.650031E+0	1.629467E+0
87.333333	2.646620E+0	1.593044E+0
87.400000	2.646184E+0	1.479484E+0
87.466667	2.643441E+0	1.391157E+0
87.533333	2.642302E+0	1.408584E+0
87.600000	2.642800E+0	1.400791E+0
87.666667	2.643991E+0	1.389151E+0
87.733333	2.642804E+0	1.384620E+0
87.800000	2.642512E+0	1.350391E+0
87.866667	2.641979E+0	1.362542E+0
87.933333	2.641490E+0	1.402865E+0
88.000000	2.640304E+0	1.411274E+0
88.066667	2.637659E+0	1.415257E+0
88.133333	2.637917E+0	1.408276E+0
88.200000	2.639563E+0	1.375986E+0
88.266667	2.642018E+0	1.263462E+0
88.333333	2.643456E+0	1.234321E+0
88.400000	2.640779E+0	1.279070E+0
88.466667	2.637105E+0	1.256579E+0
88.533333	2.633293E+0	1.243248E+0
88.600000	2.630380E+0	1.224154E+0
88.666667	2.626166E+0	1.208411E+0
88.733333	2.627085E+0	1.207366E+0
88.800000	2.628957E+0	1.217766E+0
88.866667	2.626628E+0	1.256429E+0
88.933333	2.625212E+0	1.257646E+0
89.000000	2.624271E+0	1.274937E+0
89.066667	2.622167E+0	1.269489E+0
89.133333	2.617239E+0	1.256399E+0
89.200000	2.613567E+0	1.210718E+0
89.266667	2.610951E+0	1.175820E+0
89.333333	2.608943E+0	1.172852E+0
89.400000	2.607162E+0	1.173242E+0
89.466667	2.609093E+0	1.167629E+0
89.533333	2.607550E+0	1.178916E+0
89.600000	2.603723E+0	1.209079E+0
89.666667	2.601922E+0	1.186130E+0
89.733333	2.600384E+0	1.157868E+0
89.800000	2.599708E+0	1.152457E+0
89.866667	2.599008E+0	1.075786E+0
89.933333	2.601718E+0	1.075320E+0
90.000000	2.604198E+0	1.107174E+0
90.066667	2.605073E+0	1.134294E+0
90.133333	2.604596E+0	1.140772E+0
90.200000	2.604681E+0	1.126081E+0
90.266667	2.604317E+0	1.110684E+0
90.333333	2.603777E+0	1.127118E+0
90.400000	2.605046E+0	1.131041E+0
90.466667	2.610470E+0	1.085630E+0
90.533333	2.613621E+0	1.157973E+0
90.600000	2.610313E+0	1.158341E+0
90.666667	2.605404E+0	1.194689E+0
90.733333	2.603323E+0	1.241167E+0
90.800000	2.603709E+0	1.229106E+0
90.866667	2.604234E+0	1.218029E+0
90.933333	2.603253E+0	1.151540E+0
91.000000	2.600391E+0	1.112021E+0
91.066667	2.599149E+0	1.102305E+0
91.133333	2.598337E+0	1.059795E+0
91.200000	2.595996E+0	1.005600E+0
91.266667	2.594967E+0	9.766311E-1
91.333333	2.593496E+0	9.726860E-1
91.400000	2.595209E+0	9.410947E-1
91.466667	2.595852E+0	9.657951E-1
91.533333	2.594917E+0	1.022402E+0
91.600000	2.593896E+0	1.052130E+0
91.666667	2.593388E+0	1.077574E+0
91.733333	2.594211E+0	1.092047E+0
91.800000	2.596729E+0	1.080881E+0
91.866667	2.596571E+0	1.118085E+0
91.933333	2.596996E+0	1.127967E+0
92.000000	2.596429E+0	1.139029E+0
92.066667	2.596967E+0	1.105499E+0
92.133333	2.596342E+0	1.115861E+0
92.200000	2.597058E+0	1.135053E+0
92.266667	2.598658E+0	1.126269E+0
92.333333	2.595244E+0	1.107437E+0
92.400000	2.592465E+0	1.086907E+0
92.466667	2.592126E+0	1.013926E+0
92.533333	2.592099E+0	9.275910E-1
92.600000	2.593882E+0	9.118254E-1
92.666667	2.592801E+0	8.484250E-1
92.733333	2.591703E+0	8.340797E-1
92.800000	2.589379E+0	8.875534E-1
92.866667	2.588204E+0	9.239014E-1
92.933333	2.590335E+0	9.018461E-1
93.000000	2.590356E+0	8.941662E-1
93.066667	2.591070E+0	9.151920E-1
93.133333	2.597977E+0	8.687444E-1
93.200000	2.597198E+0	8.624923E-1
93.266667	2.594111E+0	8.592009E-1
93.333333	2.590510E+0	8.624171E-1
93.400000	2.589968E+0	8.227026E-1
93.466667	2.589752E+0	8.319155E-1
93.533333	2.591030E+0	8.198696E-1
93.600000	2.593080E+0	9.105855E-1
93.666667	2.593659E+0	9.364657E-1
93.733333	2.591355E+0	9.239089E-1
93.800000	2.597475E+0	9.245777E-1
93.866667	2.593569E+0	9.262008E-1
93.933333	2.590049E+0	9.310101E-1
94.000000	2.587954E+0	9.035444E-1
94.066667	2.589587E+0	8.858776E-1
94.133333	2.586715E+0	8.815643E-1
94.200000	2.586281E+0	8.545944E-1
94.266667	2.586525E+0	8.461856E-1
94.333333	2.585932E+0	8.427891E-1
94.400000	2.585442E+0	8.203280E-1
94.466667	2.585351E+0	8.517389E-1
94.533333	2.585403E+0	8.468394E-1
94.600000	2.585057E+0	8.619362E-1
94.666667	2.585134E+0	8.710739E-1
94.733333	2.584501E+0	8.060653E-1
94.800000	2.584120E+0	8.262119E-1
94.866667	2.583018E+0	8.131591E-1
94.933333	2.581580E+0	8.060578E-1
95.000000	2.581256E+0	8.072526E-1
95.066667	2.581781E+0	8.039462E-1
95.133333	2.582862E+0	7.972883E-1
95.200000	2.583570E+0	7.894130E-1
95.266667	2.583409E+0	7.881281E-1
95.333333	2.583315E+0	7.810794E-1
95.400000	2.583747E+0	8.090336E-1
95.466667	2.583176E+0	8.797082E-1
95.533333	2.581408E+0	8.811885E-1
95.600000	2.580120E+0	8.418497E-1
95.666667	2.579846E+0	7.770741E-1
95.733333	2.579575E+0	7.733319E-1
95.800000	2.581006E+0	7.574611E-1
95.866667	2.581982E+0	7.569576E-1
95.933333	2.581862E+0	7.601663E-1
96.000000	2.580683E+0	7.632774E-1
96.066667	2.580568E+0	7.895784E-1
96.133333	2.581416E+0	7.453776E-1
96.200000	2.580954E+0	7.441302E-1
96.266667	2.580927E+0	7.318214E-1
96.333333	2.580889E+0	7.894807E-1
96.400000	2.581933E+0	8.086053E-1
96.466667	2.583516E+0	8.122949E-1
96.533333	2.584228E+0	8.076659E-1
96.600000	2.582180E+0	7.909084E-1
96.666667	2.580570E+0	7.553720E-1
96.733333	2.579920E+0	7.743689E-1
96.800000	2.579829E+0	8.170366E-1
96.866667	2.579644E+0	8.241379E-1
96.933333	2.579571E+0	8.236870E-1
97.000000	2.579618E+0	8.173673E-1
97.066667	2.579696E+0	8.190505E-1
97.133333	2.579766E+0	8.218309E-1
97.200000	2.579796E+0	8.287669E-1
97.266667	2.579600E+0	8.274142E-1
97.333333	2.579641E+0	8.292628E-1
97.400000	2.579631E+0	8.246188E-1
97.466667	2.579756E+0	8.142487E-1
97.533333	2.579881E+0	8.187875E-1
97.600000	2.579785E+0	8.180962E-1
97.666667	2.579789E+0	8.243257E-1
97.733333	2.579856E+0	8.295183E-1
97.800000	2.579702E+0	8.338467E-1
97.866667	2.579883E+0	8.305253E-1
97.933333	2.579766E+0	8.245512E-1
98.000000	2.579800E+0	8.187274E-1
98.066667	2.579766E+0	8.168563E-1
98.133333	2.579783E+0	8.145718E-1
98.200000	2.579735E+0	8.125805E-1
98.266667	2.579771E+0	8.075532E-1
98.333333	2.579719E+0	8.099579E-1
98.400000	2.579702E+0	8.123175E-1
98.466667	2.579658E+0	8.108070E-1
98.533333	2.579771E+0	8.124903E-1
98.600000	2.579848E+0	8.073428E-1
98.666667	2.579691E+0	8.125955E-1
98.733333	2.579600E+0	8.134071E-1
98.800000	2.579808E+0	8.161724E-1
98.866667	2.579835E+0	8.210719E-1
98.933333	2.579929E+0	8.224170E-1
99.000000	2.579854E+0	8.224696E-1
99.066667	2.579821E+0	8.270385E-1
99.133333	2.579968E+0	8.269483E-1
99.200000	2.579639E+0	8.151805E-1
99.266667	2.579970E+0	8.178106E-1
99.333333	2.579900E+0	8.211997E-1
99.400000	2.579996E+0	8.304877E-1
99.466667	2.579945E+0	8.286767E-1
99.533333	2.580027E+0	8.178632E-1
99.600000	2.579895E+0	8.185170E-1
99.666667	2.579970E+0	8.218685E-1
99.733333	2.579956E+0	8.188101E-1
99.800000	2.579929E+0	8.139256E-1
99.866667	2.579996E+0	8.201326E-1
99.933333	2.579989E+0	8.246489E-1
100.000000	2.579895E+0	8.242731E-1
100.066667	2.579977E+0	8.200199E-1
100.133333	2.579958E+0	8.276397E-1
100.200000	2.580016E+0	8.189153E-1
100.266667	2.580010E+0	8.246789E-1
100.333333	2.580043E+0	8.254604E-1
100.400000	2.579939E+0	8.267905E-1
100.466667	2.579854E+0	8.211321E-1
100.533333	2.579741E+0	8.310814E-1
100.600000	2.579873E+0	8.222893E-1
100.666667	2.579908E+0	8.216731E-1
100.733333	2.579829E+0	8.249495E-1
100.800000	2.579902E+0	8.336889E-1
100.866667	2.579896E+0	8.313819E-1
100.933333	2.579864E+0	8.251599E-1
101.000000	2.579839E+0	8.267229E-1
101.066667	2.579837E+0	8.198771E-1
101.133333	2.579818E+0	8.213124E-1
101.200000	2.579829E+0	8.117914E-1
101.266667	2.579914E+0	8.153684E-1
101.333333	2.579985E+0	8.231159E-1
101.400000	2.579856E+0	8.224997E-1
101.466667	2.579900E+0	8.235142E-1
101.533333	2.579698E+0	8.211997E-1
101.600000	2.579808E+0	8.206662E-1
101.666667	2.579818E+0	8.257836E-1
101.733333	2.579970E+0	8.251899E-1
101.800000	2.579831E+0	8.261292E-1
101.866667	2.579743E+0	8.257685E-1
101.933333	2.579979E+0	8.215980E-1
102.000000	2.579948E+0	8.187499E-1
102.066667	2.579895E+0	8.223795E-1
102.133333	2.579950E+0	8.188927E-1
102.200000	2.579731E+0	8.191031E-1
102.266667	2.579852E+0	8.163378E-1
102.333333	2.579666E+0	8.168262E-1
102.400000	2.579798E+0	8.213575E-1
102.466667	2.579710E+0	8.218309E-1
102.533333	2.579694E+0	8.214852E-1
102.600000	2.579644E+0	8.250171E-1
102.666667	2.579716E+0	8.257460E-1
102.733333	2.579675E+0	8.261593E-1
102.800000	2.579675E+0	8.236344E-1
102.866667	2.579631E+0	8.212072E-1
102.933333	2.579527E+0	8.224546E-1
103.000000	2.579671E+0	8.247090E-1
103.066667	2.579816E+0	8.314947E-1
103.133333	2.579904E+0	8.318554E-1
103.200000	2.579748E+0	8.336213E-1
103.266667	2.579727E+0	8.305854E-1
103.333333	2.579750E+0	8.300368E-1
103.400000	2.579789E+0	8.273316E-1
103.466667	2.579833E+0	8.263772E-1
103.533333	2.579827E+0	8.306079E-1
103.600000	2.579716E+0	8.352369E-1
103.666667	2.579750E+0	8.383630E-1
103.733333	2.579719E+0	8.364843E-1
103.800000	2.579820E+0	8.327045E-1
103.866667	2.579596E+0	8.289923E-1
103.933333	2.579854E+0	8.286316E-1
104.000000	2.579548E+0	8.260992E-1
104.066667	2.579587E+0	8.260541E-1
104.133333	2.579569E+0	8.264674E-1
104.200000	2.579664E+0	8.293831E-1
104.266667	2.579675E+0	8.298114E-1
104.333333	2.579656E+0	8.286391E-1
104.400000	2.579700E+0	8.302322E-1
104.466667	2.579758E+0	8.309611E-1
104.533333	2.579841E+0	8.302623E-1
104.600000	2.579652E+0	8.284137E-1
104.666667	2.579858E+0	8.252050E-1
104.733333	2.579891E+0	8.238523E-1
104.800000	2.579823E+0	8.249419E-1
104.866667	2.579664E+0	8.215679E-1
104.933333	2.579683E+0	8.203055E-1
105.000000	2.579737E+0	8.198546E-1
105.066667	2.581718E+0	7.980623E-1
105.133333	2.580050E+0	7.450620E-1
105.200000	2.579731E+0	7.965143E-1
105.266667	2.579987E+0	8.009179E-1
105.333333	2.584538E+0	7.428001E-1
105.400000	2.588971E+0	7.249455E-1
105.466667	2.588119E+0	7.251484E-1
105.533333	2.578996E+0	7.209403E-1
105.600000	2.573932E+0	7.219096E-1
105.666667	2.583214E+0	6.786633E-1
105.733333	2.579393E+0	6.370701E-1
105.800000	2.567867E+0	6.988925E-1
105.866667	2.554170E+0	7.057082E-1
105.933333	2.536395E+0	5.535005E-1
106.000000	2.522767E+0	4.553828E-1
106.066667	2.519701E+0	4.280297E-1
106.133333	2.521547E+0	3.936430E-1
106.200000	2.519583E+0	3.794480E-1
106.266667	2.520166E+0	3.768555E-1
106.333333	2.521249E+0	4.299309E-1
106.400000	2.520541E+0	4.980806E-1
106.466667	2.519709E+0	5.471582E-1
106.533333	2.520530E+0	5.156421E-1
106.600000	2.519437E+0	5.306337E-1
106.666667	2.520580E+0	4.862977E-1
106.733333	2.520603E+0	4.193955E-1
106.800000	2.527306E+0	4.946539E-1
106.866667	2.535908E+0	4.370698E-1
106.933333	2.533813E+0	4.092884E-1
107.000000	2.524606E+0	3.405225E-1
107.066667	2.530001E+0	4.480110E-1
107.133333	2.535275E+0	4.713813E-1
107.200000	2.530670E+0	3.964084E-1
107.266667	2.530949E+0	4.044340E-1
107.333333	2.537106E+0	3.640657E-1
107.400000	2.528907E+0	2.957657E-1
107.466667	2.529234E+0	3.441896E-1
107.533333	2.544306E+0	3.086307E-1
107.600000	2.556880E+0	3.964986E-1
107.666667	2.578914E+0	4.834347E-1
107.733333	2.600453E+0	5.597076E-1
107.800000	2.616308E+0	7.095331E-1
107.866667	2.622007E+0	7.835817E-1
107.933333	2.615008E+0	8.677525E-1
108.000000	2.588456E+0	6.985543E-1
108.066667	2.580216E+0	6.259711E-1
108.133333	2.580304E+0	6.095367E-1
108.200000	2.580193E+0	6.376713E-1
108.266667	2.580273E+0	6.274965E-1
108.333333	2.580208E+0	6.387759E-1
108.400000	2.580304E+0	6.384979E-1
108.466667	2.580343E+0	6.409251E-1
108.533333	2.580443E+0	6.382499E-1
108.600000	2.580077E+0	6.433373E-1
108.666667	2.580114E+0	6.437055E-1
108.733333	2.580162E+0	6.510397E-1
108.800000	2.580218E+0	6.541207E-1
108.866667	2.580189E+0	6.517912E-1
108.933333	2.580243E+0	6.529033E-1
109.000000	2.580206E+0	6.559993E-1
109.066667	2.580152E+0	6.528657E-1
109.133333	2.580183E+0	6.521894E-1
109.200000	2.580181E+0	6.532790E-1
109.266667	2.580197E+0	6.516709E-1
109.333333	2.580337E+0	6.548120E-1
109.400000	2.580264E+0	6.649417E-1
109.466667	2.580291E+0	6.666850E-1
109.533333	2.580350E+0	6.719152E-1
109.600000	2.580168E+0	6.672637E-1
109.666667	2.580166E+0	6.657457E-1
109.733333	2.580120E+0	6.660012E-1
109.800000	2.580029E+0	6.667301E-1
109.866667	2.580195E+0	6.678799E-1
109.933333	2.580120E+0	6.668804E-1
110.000000	2.580131E+0	6.643706E-1
110.066667	2.580018E+0	6.623491E-1
110.133333	2.580139E+0	6.623717E-1
110.200000	2.579885E+0	6.625145E-1
110.266667	2.580052E+0	6.608387E-1
110.333333	2.580189E+0	6.570213E-1
110.400000	2.580093E+0	6.561797E-1
110.466667	2.580106E+0	6.538877E-1
110.533333	2.580110E+0	6.523848E-1
110.600000	2.580033E+0	6.549999E-1
110.666667	2.580016E+0	6.547669E-1
110.733333	2.580010E+0	6.591780E-1
110.800000	2.580091E+0	6.597491E-1
110.866667	2.580098E+0	6.602225E-1
110.933333	2.580198E+0	6.546768E-1
111.000000	2.580139E+0	6.551877E-1
111.066667	2.580098E+0	6.547369E-1
111.133333	2.580033E+0	6.526328E-1
111.200000	2.580118E+0	6.518663E-1
111.266667	2.579879E+0	6.540305E-1
111.333333	2.579904E+0	6.572317E-1
111.400000	2.580100E+0	6.573670E-1
111.466667	2.580172E+0	6.564577E-1
111.533333	2.580054E+0	6.565479E-1
111.600000	2.580143E+0	6.573444E-1
111.666667	2.579931E+0	6.563224E-1
111.733333	2.580025E+0	6.562323E-1
111.800000	2.579939E+0	6.605231E-1
111.866667	2.580020E+0	6.655879E-1
111.933333	2.579825E+0	6.682481E-1
112.000000	2.579981E+0	6.661064E-1
112.066667	2.579854E+0	6.708105E-1
112.133333	2.579991E+0	6.698863E-1
112.200000	2.579929E+0	6.697660E-1
112.266667	2.579991E+0	6.688568E-1
112.333333	2.580143E+0	6.705475E-1
112.400000	2.580154E+0	6.680677E-1
112.466667	2.579906E+0	6.676394E-1
112.533333	2.580004E+0	6.675492E-1
112.600000	2.579987E+0	6.685862E-1
112.666667	2.580166E+0	6.663769E-1
112.733333	2.580164E+0	6.661139E-1
112.800000	2.580081E+0	6.643630E-1
112.866667	2.580289E+0	6.567658E-1
112.933333	2.580172E+0	6.569912E-1
113.000000	2.580202E+0	6.555184E-1
113.066667	2.580147E+0	6.671434E-1
113.133333	2.580125E+0	6.656029E-1
113.200000	2.580158E+0	6.651220E-1
113.266667	2.579975E+0	6.670457E-1
113.333333	2.580477E+0	6.702620E-1
113.400000	2.580254E+0	6.613647E-1
113.466667	2.580173E+0	6.632058E-1
113.533333	2.580093E+0	6.591404E-1
113.600000	2.580154E+0	6.568410E-1
113.666667	2.580248E+0	6.594260E-1
113.733333	2.580220E+0	6.667076E-1
113.800000	2.579117E+0	7.757966E-1
113.866667	2.580360E+0	7.151916E-1
113.933333	2.580325E+0	7.892853E-1
114.000000	2.580375E+0	7.041377E-1
114.066667	2.580102E+0	6.277671E-1
114.133333	2.580195E+0	6.244231E-1
114.200000	2.580123E+0	5.895630E-1
114.266667	2.580260E+0	5.636302E-1
114.333333	2.580185E+0	5.771564E-1
114.400000	2.580227E+0	5.800646E-1
114.466667	2.580193E+0	5.820634E-1
114.533333	2.580239E+0	5.207896E-1
114.600000	2.580054E+0	4.664367E-1
114.666667	2.580033E+0	5.029275E-1
114.733333	2.580158E+0	5.446860E-1
114.800000	2.580200E+0	5.354881E-1
114.866667	2.580272E+0	5.676505E-1
114.933333	2.580154E+0	5.344962E-1
115.000000	2.580177E+0	5.938763E-1
115.066667	2.580262E+0	6.149848E-1
115.133333	2.580341E+0	5.939515E-1
115.200000	2.580179E+0	7.340382E-1
115.266667	2.579943E+0	6.983064E-1
115.333333	2.580139E+0	6.418344E-1
115.400000	2.579887E+0	6.357626E-1
115.466667	2.580135E+0	6.843819E-1
115.533333	2.580152E+0	7.424470E-1
115.600000	2.580172E+0	7.680641E-1
115.666667	2.580018E+0	6.947595E-1
115.733333	2.579862E+0	5.479924E-1
115.800000	2.579923E+0	5.941243E-1
115.866667	2.579987E+0	5.315430E-1
115.933333	2.579954E+0	5.570700E-1
116.000000	2.580123E+0	5.656892E-1
116.066667	2.580087E+0	5.872560E-1
116.133333	2.580039E+0	5.922081E-1
116.200000	2.580141E+0	6.146241E-1
116.266667	2.580306E+0	6.365741E-1
116.333333	2.580210E+0	6.326365E-1
116.400000	2.580360E+0	6.102656E-1
116.466667	2.580366E+0	6.123021E-1
116.533333	2.580320E+0	6.382499E-1
116.600000	2.580120E+0	6.282255E-1
116.666667	2.580129E+0	6.538351E-1
116.733333	2.580122E+0	6.592231E-1
116.800000	2.580248E+0	6.747181E-1
116.866667	2.580029E+0	7.064371E-1
116.933333	2.580102E+0	7.190391E-1
117.000000	2.580168E+0	7.213611E-1
117.066667	2.580200E+0	7.045660E-1
117.133333	2.580158E+0	7.094279E-1
117.200000	2.580127E+0	7.021238E-1
117.266667	2.580095E+0	6.935496E-1
117.333333	2.580231E+0	6.857645E-1
117.400000	2.580193E+0	6.823830E-1
117.466667	2.580098E+0	6.800835E-1
117.533333	2.580231E+0	7.023116E-1
117.600000	2.580283E+0	6.995388E-1
117.666667	2.580352E+0	7.000047E-1
117.733333	2.580183E+0	7.086389E-1
117.800000	2.580021E+0	7.058735E-1
117.866667	2.579977E+0	7.008613E-1
117.933333	2.580023E+0	6.958416E-1
118.000000	2.580108E+0	7.122309E-1
118.066667	2.580162E+0	7.246900E-1
118.133333	2.580064E+0	7.340457E-1
118.200000	2.580052E+0	7.407862E-1
118.266667	2.580208E+0	7.478049E-1
118.333333	2.580254E+0	7.607074E-1
118.400000	2.580250E+0	7.552067E-1
118.466667	2.580327E+0	7.511263E-1
118.533333	2.580283E+0	7.458962E-1
118.600000	2.580327E+0	7.424169E-1
118.666667	2.580258E+0	7.385544E-1
118.733333	2.580173E+0	7.405157E-1
118.800000	2.580064E+0	7.419886E-1
118.866667	2.580050E+0	7.398620E-1
118.933333	2.579952E+0	7.357740E-1
119.000000	2.579956E+0	7.448216E-1
119.066667	2.580079E+0	7.314832E-1
119.133333	2.579989E+0	7.363151E-1
119.200000	2.579908E+0	7.318439E-1
119.266667	2.580018E+0	7.354659E-1
119.333333	2.580064E+0	7.413649E-1
119.400000	2.580048E+0	7.409891E-1
119.466667	2.579868E+0	7.516598E-1
119.533333	2.579993E+0	7.527645E-1
119.600000	2.580020E+0	7.437244E-1
119.666667	2.580023E+0	7.454829E-1
119.733333	2.579950E+0	7.330913E-1
119.800000	2.580066E+0	7.530951E-1
119.866667	2.580020E+0	7.606322E-1
119.933333	2.580043E+0	7.719191E-1
120.000000	2.579889E+0	7.809516E-1
120.066667	2.580000E+0	7.699202E-1
120.133333	2.580085E+0	7.639988E-1
120.200000	2.580197E+0	7.664034E-1
120.266667	2.580125E+0	7.571229E-1
120.333333	2.580052E+0	7.704989E-1
120.400000	2.580148E+0	7.825222E-1
120.466667	2.580175E+0	7.853176E-1
120.533333	2.580275E+0	7.937490E-1
120.600000	2.580020E+0	8.097775E-1
120.666667	2.580079E+0	8.133470E-1
120.733333	2.580172E+0	7.999034E-1
120.800000	2.580112E+0	7.941172E-1
120.866667	2.580137E+0	7.988664E-1
120.933333	2.580275E+0	7.964166E-1
121.000000	2.580025E+0	8.035404E-1
121.066667	2.580004E+0	7.995953E-1
121.133333	2.580133E+0	8.010907E-1
121.200000	2.580035E+0	8.062607E-1
121.266667	2.580081E+0	8.083573E-1
121.333333	2.579895E+0	8.114984E-1
121.400000	2.579998E+0	7.938316E-1
121.466667	2.580108E+0	7.923287E-1
121.533333	2.580083E+0	7.876246E-1
121.600000	2.580162E+0	7.874292E-1
121.666667	2.579979E+0	7.769915E-1
121.733333	2.580014E+0	7.845060E-1
121.800000	2.580073E+0	7.763452E-1
121.866667	2.580170E+0	7.710099E-1
121.933333	2.580172E+0	7.752406E-1
122.000000	2.580264E+0	7.795539E-1
122.066667	2.580418E+0	7.746469E-1
122.133333	2.580252E+0	7.851072E-1
122.200000	2.580237E+0	7.944478E-1
122.266667	2.580283E+0	7.810268E-1
122.333333	2.580318E+0	7.759169E-1
122.400000	2.580383E+0	7.804331E-1
122.466667	2.580372E+0	7.794337E-1
122.533333	2.580216E+0	7.823268E-1
122.600000	2.580245E+0	7.861592E-1
122.666667	2.580164E+0	7.891575E-1
122.733333	2.580145E+0	7.896911E-1
122.800000	2.580129E+0	7.922235E-1
122.866667	2.580154E+0	7.933432E-1
122.933333	2.580145E+0	7.923062E-1
123.000000	2.580112E+0	7.790279E-1
123.066667	2.580075E+0	7.789678E-1
123.133333	2.580275E+0	7.797718E-1
123.200000	2.580173E+0	7.850396E-1
123.266667	2.580225E+0	7.926293E-1
123.333333	2.580108E+0	7.929073E-1
123.400000	2.580195E+0	7.971305E-1
123.466667	2.580214E+0	7.946056E-1
123.533333	2.580275E+0	7.935987E-1
123.600000	2.580283E+0	7.936964E-1
123.666667	2.580223E+0	7.975588E-1
123.733333	2.580108E+0	7.994976E-1
123.800000	2.580079E+0	7.985433E-1
123.866667	2.580039E+0	7.920431E-1
123.933333	2.580085E+0	7.916148E-1
124.000000	2.580131E+0	7.958831E-1
124.066667	2.580181E+0	7.951091E-1
124.133333	2.580297E+0	7.888194E-1
124.200000	2.580362E+0	7.937039E-1
124.266667	2.580343E+0	7.938016E-1
124.333333	2.580208E+0	7.957478E-1
124.400000	2.580300E+0	8.034728E-1
124.466667	2.580350E+0	8.036607E-1
124.533333	2.580264E+0	8.031873E-1
124.600000	2.580454E+0	8.061255E-1
124.666667	2.580295E+0	8.026913E-1
124.733333	2.580233E+0	8.032849E-1
124.800000	2.580091E+0	8.062532E-1
124.866667	2.580118E+0	8.064260E-1
124.933333	2.580179E+0	8.078162E-1
125.000000	2.580195E+0	8.090035E-1
125.066667	2.580139E+0	8.107319E-1
125.133333	2.580087E+0	8.081920E-1
125.200000	2.580108E+0	8.085226E-1
125.266667	2.580200E+0	8.099955E-1
125.333333	2.580179E+0	8.112128E-1
125.400000	2.580300E+0	8.120094E-1
125.466667	2.580302E+0	8.142412E-1
125.533333	2.580148E+0	8.131215E-1
125.600000	2.580031E+0	8.140834E-1
125.666667	2.580129E+0	8.182690E-1
125.733333	2.580268E+0	8.172320E-1
125.800000	2.580314E+0	8.149927E-1
125.866667	2.580270E+0	8.123776E-1
125.933333	2.579946E+0	8.019924E-1
126.000000	2.580058E+0	7.827025E-1
126.066667	2.580191E+0	7.897888E-1
126.133333	2.580164E+0	7.832962E-1
126.200000	2.580227E+0	7.839800E-1
126.266667	2.580291E+0	7.869783E-1
126.333333	2.580168E+0	7.897362E-1
126.400000	2.580122E+0	7.945906E-1
126.466667	2.580189E+0	7.920507E-1
126.533333	2.580195E+0	8.005196E-1
126.600000	2.580170E+0	7.978369E-1
126.666667	2.580187E+0	7.913668E-1
126.733333	2.580133E+0	7.916449E-1
126.800000	2.580162E+0	7.974837E-1
126.866667	2.580204E+0	7.991745E-1
126.933333	2.580175E+0	7.918403E-1
127.000000	2.580164E+0	7.830181E-1
127.066667	2.580071E+0	7.892327E-1
127.133333	2.580260E+0	7.958831E-1
127.200000	2.580243E+0	8.156840E-1
127.266667	2.580454E+0	8.233038E-1
127.333333	2.580391E+0	8.240778E-1
127.400000	2.580323E+0	8.212072E-1
127.466667	2.580323E+0	8.232437E-1
127.533333	2.580450E+0	8.224321E-1
127.600000	2.580347E+0	8.256032E-1
127.666667	2.580170E+0	8.355901E-1
127.733333	2.580339E+0	8.259264E-1
127.800000	2.580373E+0	8.203055E-1
127.866667	2.580241E+0	8.174123E-1
127.933333	2.580273E+0	8.177204E-1
128.000000	2.580435E+0	8.164655E-1
128.066667	2.580325E+0	8.091689E-1
128.133333	2.580302E+0	8.109348E-1
128.200000	2.580422E+0	8.126631E-1
128.266667	2.580381E+0	8.089584E-1
128.333333	2.580525E+0	8.062607E-1
128.400000	2.580462E+0	8.051035E-1
128.466667	2.580281E+0	8.048480E-1
128.533333	2.580283E+0	8.011884E-1
128.600000	2.580339E+0	7.930952E-1
128.666667	2.580206E+0	7.822742E-1
128.733333	2.580316E+0	7.861517E-1
128.800000	2.580312E+0	7.969802E-1
128.866667	2.580320E+0	7.981375E-1
128.933333	2.580273E+0	7.854303E-1
129.000000	2.580364E+0	7.826574E-1
129.066667	2.580389E+0	7.807262E-1
129.133333	2.580260E+0	7.790880E-1
129.200000	2.580295E+0	7.822066E-1
129.266667	2.580237E+0	7.839199E-1
129.333333	2.580254E+0	7.833187E-1
129.400000	2.580360E+0	7.816505E-1
129.466667	2.580454E+0	7.849043E-1
129.533333	2.580668E+0	7.870309E-1
129.600000	2.580487E+0	7.862419E-1
129.666667	2.580470E+0	7.829956E-1
129.733333	2.580468E+0	7.784192E-1
129.800000	2.580368E+0	7.776152E-1
129.866667	2.580198E+0	7.763677E-1
129.933333	2.580522E+0	7.787574E-1
130.000000	2.580500E+0	7.787724E-1
130.066667	2.580458E+0	7.790129E-1
130.133333	2.580502E+0	7.716561E-1
130.200000	2.580464E+0	7.789077E-1
130.266667	2.580337E+0	7.822817E-1
130.333333	2.580291E+0	7.843933E-1
130.400000	2.580377E+0	7.905177E-1
130.466667	2.580279E+0	7.929599E-1
130.533333	2.580377E+0	7.901269E-1
130.600000	2.580356E+0	7.939443E-1
130.666667	2.580460E+0	7.956051E-1
130.733333	2.580158E+0	7.938091E-1
130.800000	2.580220E+0	7.930651E-1
130.866667	2.580223E+0	7.916674E-1
130.933333	2.580204E+0	7.971981E-1
131.000000	2.580273E+0	7.953420E-1
131.066667	2.580316E+0	7.961987E-1
131.133333	2.580212E+0	7.938617E-1
131.200000	2.580335E+0	7.947484E-1
131.266667	2.580429E+0	7.953796E-1
131.333333	2.580475E+0	7.964016E-1
131.400000	2.580312E+0	7.971005E-1
131.466667	2.580383E+0	7.952143E-1
131.533333	2.580354E+0	7.946958E-1
131.600000	2.580187E+0	7.955525E-1
131.666667	2.580252E+0	7.980323E-1
131.733333	2.580310E+0	7.958981E-1
131.800000	2.580316E+0	7.948386E-1
131.866667	2.580404E+0	8.025410E-1
131.933333	2.580402E+0	8.026988E-1
132.000000	2.580348E+0	8.005046E-1
132.066667	2.580314E+0	8.025711E-1
132.133333	2.580283E+0	8.092064E-1
132.200000	2.580370E+0	8.137828E-1
132.266667	2.580404E+0	8.131591E-1
132.333333	2.580410E+0	8.129487E-1
132.400000	2.580298E+0	8.154210E-1
132.466667	2.580381E+0	8.168412E-1
132.533333	2.580404E+0	8.149400E-1
132.600000	2.580343E+0	8.141285E-1
132.666667	2.580602E+0	8.140233E-1
132.733333	2.580356E+0	8.136475E-1
132.800000	2.580345E+0	8.113932E-1
132.866667	2.580385E+0	8.108972E-1
132.933333	2.580247E+0	8.127533E-1
133.000000	2.580618E+0	8.127984E-1
133.066667	2.580583E+0	8.108371E-1
133.133333	2.580606E+0	8.059376E-1
133.200000	2.580668E+0	8.060052E-1
133.266667	2.580574E+0	7.978519E-1
133.333333	2.580599E+0	7.947559E-1
133.400000	2.580660E+0	7.943426E-1
133.466667	2.580664E+0	7.945680E-1
133.533333	2.580564E+0	7.902472E-1
133.600000	2.580437E+0	7.885188E-1
133.666667	2.580435E+0	7.891801E-1
133.733333	2.580499E+0	7.845586E-1
133.800000	2.580624E+0	7.852049E-1
133.866667	2.580500E+0	7.878049E-1
133.933333	2.580281E+0	7.899766E-1
134.000000	2.580225E+0	7.903298E-1
134.066667	2.580077E+0	7.954322E-1
134.133333	2.580098E+0	7.981600E-1
134.200000	2.580172E+0	7.990467E-1
134.266667	2.580625E+0	7.959432E-1
134.333333	2.580235E+0	8.134446E-1
134.400000	2.580150E+0	8.184494E-1
134.466667	2.607137E+0	8.855770E-1
134.533333	2.601922E+0	1.013776E+0
134.600000	2.596165E+0	8.884476E-1
134.666667	2.600310E+0	8.346357E-1
134.733333	2.605656E+0	7.561009E-1
134.800000	2.585746E+0	8.034878E-1
134.866667	2.580395E+0	7.911264E-1
134.933333	2.581176E+0	8.017895E-1
135.000000	2.606935E+0	8.658588E-1
135.066667	2.615593E+0	9.460618E-1
135.133333	2.612521E+0	9.177169E-1
135.200000	2.582562E+0	8.074706E-1
135.266667	2.580404E+0	8.056596E-1
135.333333	2.614162E+0	8.506944E-1
135.400000	2.645584E+0	9.984384E-1
135.466667	2.670075E+0	1.119896E+0
135.533333	2.681368E+0	9.953800E-1
135.600000	2.680610E+0	9.928926E-1
135.666667	2.644753E+0	9.289436E-1
135.733333	2.585201E+0	7.416955E-1
135.800000	2.580077E+0	7.244571E-1
135.866667	2.580070E+0	7.630670E-1
135.933333	2.604361E+0	8.125504E-1
136.000000	2.648784E+0	1.012987E+0
136.066667	2.679931E+0	1.115673E+0
136.133333	2.710101E+0	1.222621E+0
136.200000	2.720196E+0	1.321633E+0
136.266667	2.695627E+0	1.229865E+0
136.333333	2.610557E+0	9.388028E-1
136.400000	2.580389E+0	7.596478E-1
136.466667	2.580225E+0	7.526518E-1
136.533333	2.580402E+0	7.779759E-1
136.600000	2.580348E+0	7.377428E-1
136.666667	2.580385E+0	7.480077E-1
136.733333	2.580189E+0	7.539818E-1
136.800000	2.580247E+0	7.457834E-1
136.866667	2.580085E+0	7.496309E-1
136.933333	2.580279E+0	7.519003E-1
137.000000	2.580356E+0	7.554622E-1
137.066667	2.580239E+0	7.554397E-1
137.133333	2.580298E+0	7.555298E-1
137.200000	2.580135E+0	7.646375E-1
137.266667	2.580916E+0	7.654040E-1
137.333333	2.584209E+0	7.744590E-1
137.400000	2.582889E+0	7.703486E-1
137.466667	2.581631E+0	7.685526E-1
137.533333	2.580268E+0	7.461441E-1
137.600000	2.587427E+0	7.773522E-1
137.666667	2.610980E+0	8.685941E-1
137.733333	2.631875E+0	1.013543E+0
137.800000	2.625762E+0	1.128365E+0
137.866667	2.603790E+0	1.058254E+0
137.933333	2.580962E+0	6.339440E-1
138.000000	2.580235E+0	6.330498E-1
138.066667	2.583376E+0	6.299162E-1
138.133333	2.599226E+0	7.327306E-1
138.200000	2.623814E+0	8.957893E-1
138.266667	2.631506E+0	1.031563E+0
138.333333	2.650200E+0	1.156387E+0
138.400000	2.668791E+0	1.279949E+0
138.466667	2.685717E+0	1.396560E+0
138.533333	2.692011E+0	1.381764E+0
138.600000	2.695317E+0	1.427363E+0
138.666667	2.662678E+0	1.354351E+0
138.733333	2.591022E+0	9.738207E-1
138.800000	2.579993E+0	8.257836E-1
138.866667	2.580023E+0	7.239010E-1
138.933333	2.580039E+0	7.598582E-1
139.000000	2.580208E+0	7.869257E-1
139.066667	2.580170E+0	7.600085E-1
139.133333	2.580147E+0	7.777354E-1
139.200000	2.580216E+0	7.850546E-1
139.266667	2.580172E+0	7.897963E-1
139.333333	2.580248E+0	7.881281E-1
139.400000	2.580021E+0	7.892177E-1
139.466667	2.579816E+0	7.808239E-1
139.533333	2.580029E+0	7.959733E-1
139.600000	2.580112E+0	8.042994E-1
139.666667	2.584170E+0	7.978895E-1
139.733333	2.601807E+0	8.689548E-1
139.800000	2.611396E+0	8.493192E-1
139.866667	2.626324E+0	8.890788E-1
139.933333	2.631796E+0	9.817936E-1
140.000000	2.649158E+0	1.092070E+0
140.066667	2.652739E+0	1.152262E+0
140.133333	2.630407E+0	9.918932E-1
140.200000	2.589974E+0	8.491314E-1
140.266667	2.587848E+0	8.256859E-1
140.333333	2.613007E+0	8.511979E-1
140.400000	2.641981E+0	1.012994E+0
140.466667	2.623019E+0	1.014520E+0
140.533333	2.597331E+0	9.158307E-1
140.600000	2.582280E+0	8.133470E-1
140.666667	2.591033E+0	7.845586E-1
140.733333	2.617572E+0	8.960974E-1
140.800000	2.649269E+0	1.091799E+0
140.866667	2.671260E+0	1.151495E+0
140.933333	2.692209E+0	1.194674E+0
141.000000	2.716584E+0	1.285803E+0
141.066667	2.734780E+0	1.368659E+0
141.133333	2.750962E+0	1.366051E+0
141.200000	2.770482E+0	1.441205E+0
141.266667	2.780078E+0	1.490500E+0
141.333333	2.797897E+0	1.463786E+0
141.400000	2.810800E+0	1.507678E+0
141.466667	2.844767E+0	1.589753E+0
141.533333	2.889850E+0	1.815971E+0
141.600000	2.876958E+0	1.838778E+0
141.666667	2.884970E+0	1.842167E+0
141.733333	2.904059E+0	1.847983E+0
141.800000	2.901052E+0	1.869896E+0
141.866667	2.877924E+0	1.810952E+0
141.933333	2.784531E+0	1.647750E+0
142.000000	2.633218E+0	1.345687E+0
142.066667	2.579789E+0	1.026002E+0
142.133333	2.580137E+0	9.840555E-1
142.200000	2.580181E+0	9.840931E-1
142.266667	2.580083E+0	8.700895E-1
142.333333	2.580154E+0	8.562927E-1
142.400000	2.580089E+0	8.513482E-1
142.466667	2.580141E+0	8.525355E-1
142.533333	2.580052E+0	8.574500E-1
142.600000	2.580141E+0	8.399035E-1
142.666667	2.580110E+0	8.382277E-1
142.733333	2.580141E+0	8.397532E-1
142.800000	2.580123E+0	8.306079E-1
142.866667	2.580233E+0	8.235668E-1
142.933333	2.580210E+0	8.069821E-1
143.000000	2.580191E+0	7.971606E-1
143.066667	2.580139E+0	7.944027E-1
143.133333	2.580179E+0	8.022479E-1
143.200000	2.580320E+0	8.035104E-1
143.266667	2.580358E+0	7.966947E-1
143.333333	2.580385E+0	7.959883E-1
143.400000	2.580993E+0	7.929073E-1
143.466667	2.608633E+0	8.434879E-1
143.533333	2.580708E+0	7.688532E-1
143.600000	2.580304E+0	7.546732E-1
143.666667	2.617833E+0	8.690600E-1
143.733333	2.591235E+0	8.728624E-1
143.800000	2.580412E+0	7.743989E-1
143.866667	2.630134E+0	8.918742E-1
143.933333	2.688166E+0	1.199731E+0
144.000000	2.718715E+0	1.232472E+0
144.066667	2.736663E+0	1.398199E+0
144.133333	2.763501E+0	1.580442E+0
144.200000	2.777275E+0	1.650328E+0
144.266667	2.792196E+0	1.715592E+0
144.333333	2.788614E+0	1.615452E+0
144.400000	2.745286E+0	1.547461E+0
144.466667	2.607216E+0	1.017495E+0
144.533333	2.580289E+0	8.698039E-1
144.600000	2.580147E+0	7.800198E-1
144.666667	2.580210E+0	8.403844E-1
144.733333	2.580112E+0	8.751092E-1
144.800000	2.580235E+0	8.951205E-1
144.866667	2.580160E+0	8.669709E-1
144.933333	2.580235E+0	8.817446E-1
145.000000	2.580127E+0	8.598847E-1
145.066667	2.580095E+0	8.676473E-1
145.133333	2.580152E+0	8.783029E-1
145.200000	2.580172E+0	8.724115E-1
145.266667	2.580235E+0	8.672264E-1
145.333333	2.580148E+0	8.674293E-1
145.400000	2.580220E+0	8.779497E-1
145.466667	2.580097E+0	8.769127E-1
145.533333	2.580029E+0	8.745456E-1
145.600000	2.579958E+0	8.692779E-1
145.666667	2.580004E+0	8.680756E-1
145.733333	2.579910E+0	8.648744E-1
145.800000	2.580016E+0	8.533395E-1
145.866667	2.580056E+0	8.502059E-1
145.933333	2.579991E+0	8.263472E-1
146.000000	2.579954E+0	8.319606E-1
146.066667	2.580023E+0	8.034578E-1
146.133333	2.580123E+0	8.092064E-1
146.200000	2.580143E+0	8.089584E-1
146.266667	2.580170E+0	8.272038E-1
146.333333	2.580098E+0	8.190806E-1
146.400000	2.580102E+0	8.216806E-1
146.466667	2.580104E+0	8.395578E-1
146.533333	2.580343E+0	8.585997E-1
146.600000	2.580179E+0	8.514458E-1
146.666667	2.580018E+0	8.506042E-1
146.733333	2.580183E+0	8.561800E-1
146.800000	2.580258E+0	8.535424E-1
146.866667	2.580139E+0	8.426839E-1
146.933333	2.580425E+0	8.439463E-1
147.000000	2.580285E+0	8.416318E-1
147.066667	2.580008E+0	8.388063E-1
147.133333	2.580231E+0	8.307507E-1
147.200000	2.580127E+0	8.418422E-1
147.266667	2.580039E+0	8.392948E-1
147.333333	2.580145E+0	8.328022E-1
147.400000	2.580189E+0	8.471926E-1
147.466667	2.580287E+0	8.535875E-1
147.533333	2.580258E+0	8.553234E-1
147.600000	2.580308E+0	8.494094E-1
147.666667	2.580206E+0	8.435405E-1
147.733333	2.579991E+0	8.445625E-1
147.800000	2.579981E+0	8.471625E-1
147.866667	2.580025E+0	8.458024E-1
147.933333	2.580154E+0	8.438636E-1
148.000000	2.580185E+0	8.370254E-1
148.066667	2.580254E+0	8.410757E-1
148.133333	2.582587E+0	8.346282E-1
148.200000	2.585251E+0	8.407977E-1
148.266667	2.587238E+0	8.675721E-1
148.333333	2.593388E+0	8.491238E-1
148.400000	2.602924E+0	8.930014E-1
148.466667	2.614002E+0	9.957332E-1
148.533333	2.631277E+0	1.045600E+0
148.600000	2.641933E+0	1.096271E+0
148.666667	2.653676E+0	1.147234E+0
148.733333	2.668696E+0	1.167088E+0
148.800000	2.679214E+0	1.202369E+0
148.866667	2.694444E+0	1.272375E+0
148.933333	2.703542E+0	1.383838E+0
149.000000	2.711942E+0	1.547521E+0
149.066667	2.718842E+0	1.573438E+0
149.133333	2.725539E+0	1.617158E+0
149.200000	2.731137E+0	1.593773E+0
149.266667	2.736424E+0	1.554081E+0
149.333333	2.742770E+0	1.510076E+0
149.400000	2.746371E+0	1.549880E+0
149.466667	2.747344E+0	1.565225E+0
149.533333	2.749214E+0	1.573423E+0
149.600000	2.741260E+0	1.509602E+0
149.666667	2.738259E+0	1.566104E+0
149.733333	2.731831E+0	1.668445E+0
149.800000	2.730771E+0	1.576918E+0
149.866667	2.730850E+0	1.610267E+0
149.933333	2.731171E+0	1.608126E+0
150.000000	2.733424E+0	1.608945E+0
150.066667	2.735707E+0	1.616347E+0
150.133333	2.737255E+0	1.619300E+0
150.200000	2.739335E+0	1.618458E+0
150.266667	2.743028E+0	1.633277E+0
150.333333	2.748100E+0	1.689899E+0
150.400000	2.751378E+0	1.742193E+0
150.466667	2.752489E+0	1.746942E+0
150.533333	2.753045E+0	1.757726E+0
150.600000	2.755225E+0	1.779428E+0
150.666667	2.759797E+0	1.784515E+0
150.733333	2.762534E+0	1.792992E+0
150.800000	2.762653E+0	1.788776E+0
150.866667	2.763605E+0	1.810117E+0
150.933333	2.763272E+0	1.816204E+0
151.000000	2.761803E+0	1.806608E+0
151.066667	2.759597E+0	1.780029E+0
151.133333	2.756729E+0	1.768224E+0
151.200000	2.756561E+0	1.772139E+0
151.266667	2.758416E+0	1.780247E+0
151.333333	2.759456E+0	1.804091E+0
151.400000	2.755955E+0	1.764512E+0
151.466667	2.748891E+0	1.740360E+0
151.533333	2.739094E+0	1.730192E+0
151.600000	2.726274E+0	1.696159E+0
151.666667	2.718624E+0	1.589790E+0
151.733333	2.715778E+0	1.630309E+0
151.800000	2.710863E+0	1.543666E+0
151.866667	2.703621E+0	1.423921E+0
151.933333	2.688422E+0	1.430692E+0
152.000000	2.672059E+0	1.421697E+0
152.066667	2.649229E+0	1.292814E+0
152.133333	2.624966E+0	1.184161E+0
152.200000	2.608318E+0	9.868209E-1
152.266667	2.591268E+0	8.960599E-1
152.333333	2.580737E+0	7.626311E-1
152.400000	2.580687E+0	8.387612E-1
152.466667	2.580518E+0	8.532569E-1
152.533333	2.580447E+0	9.017935E-1
152.600000	2.580566E+0	9.149665E-1
152.666667	2.580752E+0	9.109688E-1
152.733333	2.580706E+0	9.043785E-1
152.800000	2.580575E+0	8.921899E-1
152.866667	2.580410E+0	9.169128E-1
152.933333	2.580445E+0	9.231875E-1
153.000000	2.580310E+0	9.206551E-1
153.066667	2.580574E+0	9.230522E-1
153.133333	2.580439E+0	9.125994E-1
153.200000	2.580195E+0	9.058889E-1
153.266667	2.580391E+0	9.044311E-1
153.333333	2.580464E+0	9.065878E-1
153.400000	2.580472E+0	9.015230E-1
153.466667	2.580529E+0	9.073693E-1
153.533333	2.580518E+0	9.145983E-1
153.600000	2.580531E+0	9.055508E-1
153.666667	2.580427E+0	9.039426E-1
153.733333	2.580343E+0	8.905291E-1
153.800000	2.580350E+0	8.806475E-1
153.866667	2.580441E+0	8.788064E-1
153.933333	2.580462E+0	8.847504E-1
154.000000	2.580472E+0	8.798584E-1
154.066667	2.580499E+0	8.894019E-1
154.133333	2.580606E+0	8.941211E-1
154.200000	2.580593E+0	8.833227E-1
154.266667	2.580468E+0	8.748462E-1
154.333333	2.580483E+0	8.640778E-1
154.400000	2.580593E+0	8.629356E-1
154.466667	2.580520E+0	8.654305E-1
154.533333	2.580606E+0	8.710363E-1
154.600000	2.580647E+0	8.712392E-1
154.666667	2.580547E+0	8.717803E-1
154.733333	2.580422E+0	8.635218E-1
154.800000	2.580375E+0	8.630033E-1
154.866667	2.580493E+0	8.611847E-1
154.933333	2.580285E+0	8.655883E-1
155.000000	2.580266E+0	8.741399E-1
155.066667	2.580439E+0	8.779573E-1
155.133333	2.580375E+0	8.750566E-1
155.200000	2.580289E+0	8.759358E-1
155.266667	2.580341E+0	8.792197E-1
155.333333	2.580412E+0	8.794602E-1
155.400000	2.580447E+0	8.770630E-1
155.466667	2.580370E+0	8.727497E-1
155.533333	2.580343E+0	8.759584E-1
155.600000	2.580404E+0	8.812862E-1
155.666667	2.580350E+0	8.753798E-1
155.733333	2.580314E+0	8.763717E-1
155.800000	2.580310E+0	8.806400E-1
155.866667	2.580350E+0	8.877412E-1
155.933333	2.580268E+0	8.933471E-1
156.000000	2.580316E+0	8.891089E-1
156.066667	2.580339E+0	8.867192E-1
156.133333	2.580258E+0	8.890337E-1
156.200000	2.580458E+0	8.848707E-1
156.266667	2.580795E+0	8.817221E-1
156.333333	2.582205E+0	8.786787E-1
156.400000	2.581774E+0	8.882447E-1
156.466667	2.581945E+0	8.717577E-1
156.533333	2.582670E+0	8.845400E-1
156.600000	2.582916E+0	9.001854E-1
156.666667	2.588825E+0	8.944442E-1
156.733333	2.614246E+0	1.082031E+0
156.800000	2.672299E+0	1.159258E+0
156.866667	2.777124E+0	1.479394E+0
156.933333	2.904934E+0	1.841611E+0
157.000000	3.015452E+0	2.003099E+0
157.066667	3.098093E+0	2.185230E+0
157.133333	3.167075E+0	2.489517E+0
157.200000	3.169183E+0	2.565227E+0
157.266667	3.064110E+0	2.360643E+0
157.333333	2.881061E+0	2.117854E+0
157.400000	2.716064E+0	1.739240E+0
157.466667	2.619795E+0	1.350654E+0
157.533333	2.582984E+0	9.956655E-1
157.600000	2.580277E+0	9.199712E-1
157.666667	2.580275E+0	9.212187E-1
157.733333	2.580062E+0	9.105029E-1
157.800000	2.580275E+0	9.359472E-1
157.866667	2.580368E+0	9.282147E-1
157.933333	2.580425E+0	9.273881E-1
158.000000	2.580364E+0	9.253667E-1
158.066667	2.580339E+0	9.087745E-1
158.133333	2.580479E+0	9.096387E-1
158.200000	2.580568E+0	9.026276E-1
158.266667	2.580423E+0	9.283049E-1
158.333333	2.580489E+0	9.077300E-1
158.400000	2.580520E+0	8.962327E-1
158.466667	2.580466E+0	8.871551E-1
158.533333	2.580423E+0	8.926332E-1
158.600000	2.580474E+0	8.957969E-1
158.666667	2.580595E+0	8.961350E-1
158.733333	2.580383E+0	8.994790E-1
158.800000	2.580524E+0	9.090000E-1
158.866667	2.580562E+0	9.072040E-1
158.933333	2.580397E+0	9.006137E-1
159.000000	2.580456E+0	8.975928E-1
159.066667	2.580377E+0	8.947749E-1
159.133333	2.580391E+0	8.764093E-1
159.200000	2.580439E+0	8.732080E-1
159.266667	2.580489E+0	8.755376E-1
159.333333	2.580223E+0	8.787313E-1
159.400000	2.580293E+0	8.706681E-1
159.466667	2.580277E+0	8.654831E-1
159.533333	2.580237E+0	8.591708E-1
159.600000	2.580152E+0	8.537002E-1
159.666667	2.580258E+0	8.530765E-1
159.733333	2.580085E+0	8.552708E-1
159.800000	2.580060E+0	8.419098E-1
159.866667	2.580160E+0	8.490111E-1
159.933333	2.580327E+0	8.511603E-1
160.000000	2.580416E+0	8.534071E-1
160.066667	2.580500E+0	8.556014E-1
160.133333	2.580383E+0	8.572696E-1
160.200000	2.580458E+0	8.551881E-1
160.266667	2.580345E+0	8.541210E-1
160.333333	2.580406E+0	8.567436E-1
160.400000	2.585540E+0	8.442694E-1
160.466667	2.592867E+0	9.183030E-1
160.533333	2.607299E+0	1.038844E+0
160.600000	2.657894E+0	1.097142E+0
160.666667	2.743170E+0	1.339923E+0
160.733333	2.856350E+0	1.953496E+0
160.800000	2.955112E+0	2.244911E+0
160.866667	3.019882E+0	2.318749E+0
160.933333	3.087625E+0	2.466929E+0
161.000000	3.162443E+0	2.578746E+0
161.066667	3.194633E+0	2.664697E+0
161.133333	3.239146E+0	2.617393E+0
161.200000	3.274706E+0	2.641515E+0
161.266667	3.284889E+0	2.636390E+0
161.333333	3.268575E+0	2.660031E+0
161.400000	3.285266E+0	2.704066E+0
161.466667	3.312870E+0	2.778994E+0
161.533333	3.322733E+0	2.762890E+0
161.600000	3.294067E+0	2.762702E+0
161.666667	3.278270E+0	2.739993E+0
161.733333	3.272649E+0	2.768969E+0
161.800000	3.270045E+0	2.788680E+0
161.866667	3.256192E+0	2.802221E+0
161.933333	3.236869E+0	2.792670E+0
162.000000	3.194483E+0	2.784186E+0
162.066667	3.144212E+0	2.712828E+0
162.133333	3.072699E+0	2.627613E+0
162.200000	2.987782E+0	2.557457E+0
162.266667	2.874085E+0	2.289126E+0
162.333333	2.747811E+0	1.986620E+0
162.400000	2.641042E+0	1.612980E+0
162.466667	2.584615E+0	1.389835E+0
162.533333	2.580414E+0	1.239536E+0
162.600000	2.580414E+0	1.219517E+0
162.666667	2.580298E+0	1.207674E+0
162.733333	2.580649E+0	1.219923E+0
162.800000	2.580672E+0	1.202978E+0
162.866667	2.580404E+0	1.172927E+0
162.933333	2.580312E+0	1.141298E+0
163.000000	2.580237E+0	1.128711E+0
163.066667	2.580337E+0	1.095684E+0
163.133333	2.580345E+0	1.059021E+0
163.200000	2.580404E+0	1.049673E+0
163.266667	2.580239E+0	1.028715E+0
163.333333	2.580285E+0	1.026325E+0
163.400000	2.580373E+0	1.019397E+0
163.466667	2.580373E+0	1.013693E+0
163.533333	2.580360E+0	1.012994E+0
163.600000	2.580218E+0	9.974314E-1
163.666667	2.580035E+0	9.786826E-1
163.733333	2.580258E+0	9.771872E-1
163.800000	2.580052E+0	9.757744E-1
163.866667	2.580256E+0	9.845665E-1
163.933333	2.580089E+0	9.707397E-1
164.000000	2.580312E+0	9.670125E-1
164.066667	2.580854E+0	9.594829E-1
164.133333	2.582355E+0	9.380889E-1
164.200000	2.584049E+0	9.347749E-1
164.266667	2.586319E+0	9.102248E-1
164.333333	2.586306E+0	9.393513E-1
164.400000	2.591058E+0	9.528700E-1
164.466667	2.610526E+0	9.665841E-1
164.533333	2.628805E+0	1.032434E+0
164.600000	2.656826E+0	1.155020E+0
164.666667	2.689291E+0	1.219292E+0
164.733333	2.724705E+0	1.335392E+0
164.800000	2.751135E+0	1.432901E+0
164.866667	2.789130E+0	1.527359E+0
164.933333	2.823203E+0	1.601513E+0
165.000000	2.846044E+0	1.688667E+0
165.066667	2.858412E+0	1.798861E+0
165.133333	2.866522E+0	1.778692E+0
165.200000	2.872648E+0	1.829580E+0
165.266667	2.882221E+0	1.855205E+0
165.333333	2.885968E+0	1.891185E+0
165.400000	2.889373E+0	1.916118E+0
165.466667	2.892241E+0	1.938241E+0
165.533333	2.890719E+0	1.944741E+0
165.600000	2.892562E+0	1.939639E+0
165.666667	2.894912E+0	1.932289E+0
165.733333	2.893427E+0	1.983847E+0
165.800000	2.896407E+0	1.983358E+0
165.866667	2.902474E+0	1.987574E+0
165.933333	2.906332E+0	1.979812E+0
166.000000	2.907469E+0	1.974792E+0
166.066667	2.910243E+0	1.990896E+0
166.133333	2.913157E+0	2.015055E+0
166.200000	2.914417E+0	2.028852E+0
166.266667	2.914336E+0	2.046849E+0
166.333333	2.915169E+0	2.052004E+0
166.400000	2.912531E+0	2.056160E+0
166.466667	2.908769E+0	2.073338E+0
166.533333	2.908671E+0	2.082408E+0
166.600000	2.908152E+0	2.078200E+0
166.666667	2.907405E+0	2.083716E+0
166.733333	2.907950E+0	2.071985E+0
166.800000	2.907919E+0	2.075059E+0
166.866667	2.908017E+0	2.092124E+0
166.933333	2.908877E+0	2.096791E+0
167.000000	2.908115E+0	2.094161E+0
167.066667	2.908117E+0	2.083385E+0
167.133333	2.907811E+0	2.091403E+0
167.200000	2.907873E+0	2.100984E+0
167.266667	2.911020E+0	2.086135E+0
167.333333	2.914524E+0	2.073676E+0
167.400000	2.910185E+0	2.069731E+0
167.466667	2.906305E+0	2.090261E+0
167.533333	2.901319E+0	2.119613E+0
167.600000	2.902220E+0	2.138399E+0
167.666667	2.901835E+0	2.133372E+0
167.733333	2.897749E+0	2.100886E+0
167.800000	2.894593E+0	2.085722E+0
167.866667	2.893524E+0	2.074360E+0
167.933333	2.890602E+0	2.086526E+0
168.000000	2.890227E+0	2.107807E+0
168.066667	2.892468E+0	2.126308E+0
168.133333	2.893895E+0	2.142164E+0
168.200000	2.890763E+0	2.136851E+0
168.266667	2.887580E+0	2.115119E+0
168.333333	2.888744E+0	2.163393E+0
168.400000	2.890771E+0	2.182434E+0
168.466667	2.892922E+0	2.191212E+0
168.533333	2.892525E+0	2.189370E+0
168.600000	2.895882E+0	2.193774E+0
168.666667	2.903966E+0	2.196877E+0
168.733333	2.899735E+0	2.166195E+0
168.800000	2.891490E+0	2.181112E+0
168.866667	2.889098E+0	2.204339E+0
168.933333	2.892185E+0	2.224291E+0
169.000000	2.892258E+0	2.227838E+0
169.066667	2.891621E+0	2.210441E+0
169.133333	2.889804E+0	2.205655E+0
169.200000	2.890234E+0	2.214281E+0
169.266667	2.890048E+0	2.232083E+0
169.333333	2.888665E+0	2.236757E+0
169.400000	2.887863E+0	2.235472E+0
169.466667	2.890219E+0	2.219015E+0
169.533333	2.891013E+0	2.210945E+0
169.600000	2.888798E+0	2.229168E+0
169.666667	2.887088E+0	2.253552E+0
169.733333	2.887291E+0	2.264268E+0
169.800000	2.887680E+0	2.256175E+0
169.866667	2.887717E+0	2.244580E+0
169.933333	2.887676E+0	2.245264E+0
170.000000	2.886903E+0	2.259436E+0
170.066667	2.886537E+0	2.269160E+0
170.133333	2.885422E+0	2.280793E+0
170.200000	2.885324E+0	2.273706E+0
170.266667	2.886928E+0	2.260721E+0
170.333333	2.886816E+0	2.259121E+0
170.400000	2.883814E+0	2.264043E+0
170.466667	2.882973E+0	2.266042E+0
170.533333	2.884370E+0	2.257933E+0
170.600000	2.885420E+0	2.259511E+0
170.666667	2.881777E+0	2.266275E+0
170.733333	2.868670E+0	2.247180E+0
170.800000	2.848004E+0	2.222562E+0
170.866667	2.832320E+0	2.194480E+0
170.933333	2.831554E+0	2.153609E+0
171.000000	2.819848E+0	2.109889E+0
171.066667	2.795047E+0	2.101224E+0
171.133333	2.768520E+0	2.081484E+0
171.200000	2.740631E+0	2.105305E+0
171.266667	2.729284E+0	2.095198E+0
171.333333	2.711859E+0	2.050960E+0
171.400000	2.697881E+0	1.963204E+0
171.466667	2.682284E+0	1.998651E+0
171.533333	2.660335E+0	1.938947E+0
171.600000	2.636638E+0	1.805917E+0
171.666667	2.622735E+0	1.646788E+0
171.733333	2.614429E+0	1.460164E+0
171.800000	2.609343E+0	1.465138E+0
171.866667	2.607556E+0	1.497902E+0
171.933333	2.606144E+0	1.484323E+0
172.000000	2.604761E+0	1.459209E+0
172.066667	2.602874E+0	1.429677E+0
172.133333	2.599624E+0	1.419089E+0
172.200000	2.596831E+0	1.351729E+0
172.266667	2.592291E+0	1.316560E+0
172.333333	2.589458E+0	1.269970E+0
172.400000	2.586073E+0	1.302951E+0
172.466667	2.582203E+0	1.279679E+0
172.533333	2.580468E+0	1.263763E+0
172.600000	2.581043E+0	1.264071E+0
172.666667	2.581001E+0	1.110481E+0
172.733333	2.581018E+0	1.098330E+0
172.800000	2.580827E+0	1.073096E+0
172.866667	2.580839E+0	1.077604E+0
172.933333	2.580814E+0	1.078356E+0
173.000000	2.580802E+0	1.060531E+0
173.066667	2.580747E+0	1.081775E+0
173.133333	2.580774E+0	1.081850E+0
173.200000	2.580802E+0	1.066415E+0
173.266667	2.580756E+0	1.056804E+0
173.333333	2.580733E+0	1.053610E+0
173.400000	2.580720E+0	1.039318E+0
173.466667	2.580614E+0	1.025739E+0
173.533333	2.580560E+0	1.012896E+0
173.600000	2.580631E+0	9.940724E-1
173.666667	2.584205E+0	9.876024E-1
173.733333	2.584626E+0	9.730692E-1
173.800000	2.582993E+0	9.783294E-1
173.866667	2.583138E+0	9.791710E-1
173.933333	2.583865E+0	9.728964E-1
174.000000	2.585436E+0	9.630523E-1
174.066667	2.594413E+0	9.419138E-1
174.133333	2.602815E+0	9.496463E-1
174.200000	2.607841E+0	9.297327E-1
174.266667	2.609687E+0	9.528099E-1
174.333333	2.611905E+0	9.765184E-1
174.400000	2.615035E+0	9.839578E-1
174.466667	2.619607E+0	1.066535E+0
174.533333	2.624831E+0	1.107377E+0
174.600000	2.630573E+0	1.105055E+0
174.666667	2.636362E+0	1.139795E+0
174.733333	2.637490E+0	1.203458E+0
174.800000	2.635197E+0	1.234772E+0
174.866667	2.635826E+0	1.232066E+0
174.933333	2.636447E+0	1.207178E+0
175.000000	2.638067E+0	1.242579E+0
175.066667	2.640921E+0	1.321362E+0
175.133333	2.641889E+0	1.348039E+0
175.200000	2.639679E+0	1.400821E+0
175.266667	2.636670E+0	1.362760E+0
175.333333	2.631998E+0	1.344221E+0
175.400000	2.628316E+0	1.301869E+0
175.466667	2.623481E+0	1.319145E+0
175.533333	2.622746E+0	1.390797E+0
175.600000	2.623841E+0	1.377519E+0
175.666667	2.622061E+0	1.334302E+0
175.733333	2.621163E+0	1.312082E+0
175.800000	2.617960E+0	1.303560E+0
175.866667	2.614471E+0	1.320618E+0
175.933333	2.611659E+0	1.332431E+0
176.000000	2.606162E+0	1.334813E+0
176.066667	2.599585E+0	1.315441E+0
176.133333	2.595082E+0	1.288899E+0
176.200000	2.590564E+0	1.274742E+0
176.266667	2.584192E+0	1.151217E+0
176.333333	2.581228E+0	1.035696E+0
176.400000	2.580112E+0	1.026017E+0
176.466667	2.580025E+0	1.065100E+0
176.533333	2.580204E+0	1.048621E+0
176.600000	2.580474E+0	1.001196E+0
176.666667	2.580591E+0	1.023139E+0
176.733333	2.580497E+0	1.017473E+0
176.800000	2.580647E+0	1.053197E+0
176.866667	2.580691E+0	1.065739E+0
176.933333	2.580672E+0	1.087298E+0
177.000000	2.580679E+0	1.107024E+0
177.066667	2.580447E+0	1.114599E+0
177.133333	2.580700E+0	1.112059E+0
177.200000	2.580597E+0	1.087636E+0
177.266667	2.580549E+0	1.070195E+0
177.333333	2.580472E+0	1.072540E+0
177.400000	2.580574E+0	1.070819E+0
177.466667	2.580547E+0	1.047486E+0
177.533333	2.580752E+0	1.047779E+0
177.600000	2.580677E+0	1.044969E+0
177.666667	2.580683E+0	1.050394E+0
177.733333	2.580620E+0	1.053385E+0
177.800000	2.580729E+0	1.046464E+0
177.866667	2.580654E+0	1.059697E+0
177.933333	2.580735E+0	1.051814E+0
178.000000	2.580731E+0	1.050311E+0
178.066667	2.580851E+0	1.061238E+0
178.133333	2.580720E+0	1.056789E+0
178.200000	2.580691E+0	1.033344E+0
178.266667	2.580635E+0	1.012769E+0
178.333333	2.580574E+0	1.018074E+0
178.400000	2.580531E+0	1.015677E+0
178.466667	2.580543E+0	1.005179E+0
178.533333	2.580512E+0	1.006261E+0
178.600000	2.580531E+0	1.007546E+0
178.666667	2.580595E+0	1.010860E+0
178.733333	2.580545E+0	1.008320E+0
178.800000	2.580600E+0	1.010672E+0
178.866667	2.580549E+0	1.007771E+0
178.933333	2.580622E+0	1.001489E+0
179.000000	2.580535E+0	9.987916E-1
179.066667	2.580631E+0	1.004630E+0
179.133333	2.580712E+0	1.004923E+0
179.200000	2.580606E+0	1.006471E+0
179.266667	2.580683E+0	1.006344E+0
179.333333	2.580522E+0	1.002932E+0
179.400000	2.580556E+0	9.994980E-1
179.466667	2.580599E+0	9.968453E-1
179.533333	2.580749E+0	9.892932E-1
179.600000	2.580722E+0	9.745421E-1
179.666667	2.580599E+0	9.784572E-1
179.733333	2.580689E+0	9.882562E-1
179.800000	2.580735E+0	9.865128E-1
179.866667	2.580712E+0	9.818988E-1
179.933333	2.580512E+0	9.881134E-1
180.000000	2.580552E+0	9.893608E-1

