0.000000	2.580772E+0	8.436006E-1
0.066667	2.580700E+0	8.221916E-1
0.133333	2.580624E+0	8.328322E-1
0.200000	2.580718E+0	8.306680E-1
0.266667	2.580495E+0	8.361161E-1
0.333333	2.580720E+0	8.216806E-1
0.400000	2.580906E+0	8.264298E-1
0.466667	2.580920E+0	8.268807E-1
0.533333	2.580862E+0	8.391520E-1
0.600000	2.580772E+0	8.400913E-1
0.666667	2.580747E+0	8.417295E-1
0.733333	2.580706E+0	8.526331E-1
0.800000	2.580820E+0	8.739520E-1
0.866667	2.580851E+0	8.766272E-1
0.933333	2.580802E+0	8.843522E-1
1.000000	2.580752E+0	8.802943E-1
1.066667	2.580820E+0	8.795428E-1
1.133333	2.580931E+0	8.795203E-1
1.200000	2.580849E+0	8.899355E-1
1.266667	2.580777E+0	8.922875E-1
1.333333	2.580760E+0	8.947448E-1
1.400000	2.580760E+0	8.907395E-1
1.466667	2.580750E+0	8.904014E-1
1.533333	2.580976E+0	8.809030E-1
1.600000	2.580901E+0	8.749815E-1
1.666667	2.580968E+0	8.806625E-1
1.733333	2.580854E+0	8.874331E-1
1.800000	2.580970E+0	8.954362E-1
1.866667	2.580860E+0	8.989079E-1
1.933333	2.580897E+0	8.978483E-1
2.000000	2.580897E+0	8.902210E-1
2.066667	2.580812E+0	8.888233E-1
2.133333	2.580822E+0	8.994264E-1
2.200000	2.580806E+0	9.004258E-1
2.266667	2.580662E+0	9.018311E-1
2.333333	2.580702E+0	9.077976E-1
2.400000	2.580781E+0	9.079629E-1
2.466667	2.580802E+0	8.998021E-1
2.533333	2.580781E+0	9.020941E-1
2.600000	2.580860E+0	9.005686E-1
2.666667	2.580906E+0	8.996969E-1
2.733333	2.580824E+0	8.877037E-1
2.800000	2.580699E+0	8.840290E-1
2.866667	2.580989E+0	8.955188E-1
2.933333	2.580901E+0	9.006738E-1
3.000000	2.580739E+0	9.053704E-1
3.066667	2.581503E+0	9.027854E-1
3.133333	2.583626E+0	9.042658E-1
3.200000	2.586382E+0	8.871175E-1
3.266667	2.588010E+0	8.907921E-1
3.333333	2.594577E+0	9.268846E-1
3.400000	2.598764E+0	9.737455E-1
3.466667	2.601895E+0	9.741137E-1
3.533333	2.607776E+0	9.585510E-1
3.600000	2.620592E+0	9.042733E-1
3.666667	2.625247E+0	9.431913E-1
3.733333	2.635299E+0	1.050139E+0
3.800000	2.648021E+0	1.145371E+0
3.866667	2.662345E+0	1.168223E+0
3.933333	2.677452E+0	1.107317E+0
4.000000	2.689682E+0	1.140749E+0
4.066667	2.704677E+0	1.231044E+0
4.133333	2.714404E+0	1.249899E+0
4.200000	2.726818E+0	1.285405E+0
4.266667	2.736611E+0	1.336474E+0
4.333333	2.746296E+0	1.370868E+0
4.400000	2.751329E+0	1.425890E+0
4.466667	2.766165E+0	1.441002E+0
4.533333	2.786547E+0	1.505717E+0
4.600000	2.806359E+0	1.563767E+0
4.666667	2.831099E+0	1.604887E+0
4.733333	2.855765E+0	1.729854E+0
4.800000	2.872592E+0	1.768554E+0
4.866667	2.879421E+0	1.862892E+0
4.933333	2.883494E+0	1.984313E+0
5.000000	2.893072E+0	2.056054E+0
5.066667	2.893868E+0	2.029438E+0
5.133333	2.900010E+0	2.173244E+0
5.200000	2.909960E+0	2.140270E+0
5.266667	2.925827E+0	2.206631E+0
5.333333	2.940493E+0	2.163716E+0
5.400000	2.955779E+0	2.127804E+0
5.466667	2.983312E+0	2.176363E+0
5.533333	3.012717E+0	2.163460E+0
5.600000	3.040836E+0	2.187409E+0
5.666667	3.064008E+0	2.270009E+0
5.733333	3.081247E+0	2.281732E+0
5.800000	3.083497E+0	2.301270E+0
5.866667	3.087425E+0	2.307056E+0
5.933333	3.097012E+0	2.328841E+0
6.000000	3.099402E+0	2.333237E+0
6.066667	3.104677E+0	2.366091E+0
6.133333	3.107960E+0	2.399012E+0
6.200000	3.122419E+0	2.432963E+0
6.266667	3.127862E+0	2.440613E+0
6.333333	3.148049E+0	2.496964E+0
6.400000	3.157298E+0	2.507440E+0
6.466667	3.170393E+0	2.498558E+0
6.533333	3.180233E+0	2.497122E+0
6.600000	3.183399E+0	2.542856E+0
6.666667	3.184921E+0	2.625103E+0
6.733333	3.192948E+0	2.662713E+0
6.800000	3.200774E+0	2.617633E+0
6.866667	3.208537E+0	2.585907E+0
6.933333	3.220465E+0	2.553549E+0
7.000000	3.229488E+0	2.585396E+0
7.066667	3.236536E+0	2.622728E+0
7.133333	3.252993E+0	2.675593E+0
7.200000	3.269826E+0	2.694613E+0
7.266667	3.285793E+0	2.729338E+0
7.333333	3.292229E+0	2.741143E+0
7.400000	3.295851E+0	2.772035E+0
7.466667	3.299157E+0	2.799208E+0
7.533333	3.301811E+0	2.823044E+0
7.600000	3.301656E+0	2.825719E+0
7.666667	3.312164E+0	2.846370E+0
7.733333	3.312862E+0	2.850277E+0
7.800000	3.321768E+0	2.849616E+0
7.866667	3.326749E+0	2.851607E+0
7.933333	3.338604E+0	2.847662E+0
8.000000	3.346000E+0	2.857626E+0
8.066667	3.351503E+0	2.898055E+0
8.133333	3.358585E+0	2.923897E+0
8.200000	3.361951E+0	2.940745E+0
8.266667	3.362598E+0	2.943661E+0
8.333333	3.366954E+0	2.959028E+0
8.400000	3.370255E+0	2.962853E+0
8.466667	3.369961E+0	2.956398E+0
8.533333	3.367408E+0	2.951265E+0
8.600000	3.369107E+0	2.904592E+0
8.666667	3.372404E+0	2.945630E+0
8.733333	3.380932E+0	2.979633E+0
8.800000	3.393356E+0	3.022541E+0
8.866667	3.399092E+0	3.009609E+0
8.933333	3.408796E+0	3.035015E+0
9.000000	3.409927E+0	3.051690E+0
9.066667	3.409844E+0	3.015290E+0
9.133333	3.411054E+0	3.012404E+0
9.200000	3.414195E+0	3.055417E+0
9.266667	3.416867E+0	3.049992E+0
9.333333	3.416852E+0	3.057491E+0
9.400000	3.416996E+0	3.090015E+0
9.466667	3.421185E+0	3.108703E+0
9.533333	3.426471E+0	3.142519E+0
9.600000	3.426890E+0	3.154444E+0
9.666667	3.427494E+0	3.152964E+0
9.733333	3.428040E+0	3.141407E+0
9.800000	3.429754E+0	3.143894E+0
9.866667	3.438781E+0	3.153806E+0
9.933333	3.444888E+0	3.157097E+0
10.000000	3.450105E+0	3.165378E+0
10.066667	3.455887E+0	3.178807E+0
10.133333	3.462900E+0	3.176372E+0
10.200000	3.472944E+0	3.159149E+0
10.266667	3.477165E+0	3.167557E+0
10.333333	3.477093E+0	3.176041E+0
10.400000	3.477261E+0	3.180783E+0
10.466667	3.476389E+0	3.182196E+0
10.533333	3.474450E+0	3.177695E+0
10.600000	3.473848E+0	3.179160E+0
10.666667	3.474516E+0	3.174012E+0
10.733333	3.474652E+0	3.144660E+0
10.800000	3.473972E+0	3.156684E+0
10.866667	3.474108E+0	3.167324E+0
10.933333	3.476247E+0	3.172239E+0
11.000000	3.480275E+0	3.170150E+0
11.066667	3.486728E+0	3.154189E+0
11.133333	3.489002E+0	3.162094E+0
11.200000	3.496788E+0	3.164026E+0
11.266667	3.520737E+0	3.197556E+0
11.333333	3.528274E+0	3.244567E+0
11.400000	3.530628E+0	3.231762E+0
11.466667	3.537595E+0	3.216680E+0
11.533333	3.543236E+0	3.217492E+0
11.600000	3.546347E+0	3.219130E+0
11.666667	3.554606E+0	3.234587E+0
11.733333	3.553877E+0	3.255320E+0
11.800000	3.553554E+0	3.238194E+0
11.866667	3.554320E+0	3.226539E+0
11.933333	3.548084E+0	3.238285E+0
12.000000	3.540626E+0	3.249218E+0
12.066667	3.525296E+0	3.253021E+0
12.133333	3.518718E+0	3.283635E+0
12.200000	3.515569E+0	3.291766E+0
12.266667	3.506211E+0	3.282358E+0
12.333333	3.496347E+0	3.288572E+0
12.400000	3.492941E+0	3.292735E+0
12.466667	3.479092E+0	3.288504E+0
12.533333	3.475932E+0	3.296545E+0
12.600000	3.473244E+0	3.301580E+0
12.666667	3.470802E+0	3.295733E+0
12.733333	3.471071E+0	3.299746E+0
12.800000	3.478915E+0	3.306960E+0
12.866667	3.488748E+0	3.303631E+0
12.933333	3.503688E+0	3.325837E+0
13.000000	3.521401E+0	3.340934E+0
13.066667	3.527196E+0	3.354745E+0
13.133333	3.534194E+0	3.347877E+0
13.200000	3.548682E+0	3.341384E+0
13.266667	3.561956E+0	3.341091E+0
13.333333	3.568157E+0	3.372119E+0
13.400000	3.576871E+0	3.369128E+0
13.466667	3.587111E+0	3.370158E+0
13.533333	3.590214E+0	3.370759E+0
13.600000	3.593049E+0	3.386412E+0
13.666667	3.605506E+0	3.407783E+0
13.733333	3.618243E+0	3.412735E+0
13.800000	3.625306E+0	3.427749E+0
13.866667	3.624935E+0	3.425969E+0
13.933333	3.625639E+0	3.426389E+0
14.000000	3.627845E+0	3.429448E+0
14.066667	3.641065E+0	3.421219E+0
14.133333	3.644993E+0	3.421001E+0
14.200000	3.648401E+0	3.409557E+0
14.266667	3.658963E+0	3.416463E+0
14.333333	3.668446E+0	3.429816E+0
14.400000	3.678098E+0	3.438736E+0
14.466667	3.678169E+0	3.448294E+0
14.533333	3.677365E+0	3.452052E+0
14.600000	3.676946E+0	3.461009E+0
14.666667	3.679781E+0	3.473032E+0
14.733333	3.684709E+0	3.478105E+0
14.800000	3.686769E+0	3.481043E+0
14.866667	3.700847E+0	3.489264E+0
14.933333	3.706689E+0	3.495696E+0
15.000000	3.709653E+0	3.503587E+0
15.066667	3.713098E+0	3.480622E+0
15.133333	3.712759E+0	3.478578E+0
15.200000	3.710880E+0	3.478924E+0
15.266667	3.710769E+0	3.481644E+0
15.333333	3.710345E+0	3.496019E+0
15.400000	3.710299E+0	3.514423E+0
15.466667	3.716772E+0	3.517609E+0
15.533333	3.730669E+0	3.528452E+0
15.600000	3.732379E+0	3.536425E+0
15.666667	3.730858E+0	3.534426E+0
15.733333	3.730175E+0	3.530511E+0
15.800000	3.732856E+0	3.549719E+0
15.866667	3.736878E+0	3.551755E+0
15.933333	3.739188E+0	3.565379E+0
16.000000	3.740100E+0	3.553949E+0
16.066667	3.742472E+0	3.552056E+0
16.133333	3.745626E+0	3.543609E+0
16.200000	3.747269E+0	3.538755E+0
16.266667	3.746215E+0	3.546224E+0
16.333333	3.747552E+0	3.547938E+0
16.400000	3.751027E+0	3.553243E+0
16.466667	3.756305E+0	3.552281E+0
16.533333	3.757334E+0	3.549666E+0
16.600000	3.758036E+0	3.553912E+0
16.666667	3.758408E+0	3.555843E+0
16.733333	3.759393E+0	3.554558E+0
16.800000	3.764921E+0	3.563748E+0
16.866667	3.763715E+0	3.558060E+0
16.933333	3.763972E+0	3.562899E+0
17.000000	3.764582E+0	3.568963E+0
17.066667	3.764807E+0	3.568738E+0
17.133333	3.765296E+0	3.568077E+0
17.200000	3.764582E+0	3.561434E+0
17.266667	3.765321E+0	3.565176E+0
17.333333	3.765171E+0	3.567475E+0
17.400000	3.764655E+0	3.568430E+0
17.466667	3.764915E+0	3.574562E+0
17.533333	3.766825E+0	3.580002E+0
17.600000	3.768731E+0	3.575073E+0
17.666667	3.774859E+0	3.574967E+0
17.733333	3.774900E+0	3.584225E+0
17.800000	3.773523E+0	3.590898E+0
17.866667	3.775023E+0	3.588404E+0
17.933333	3.777677E+0	3.576485E+0
18.000000	3.779670E+0	3.570451E+0
18.066667	3.780487E+0	3.581054E+0
18.133333	3.780684E+0	3.574855E+0
18.200000	3.784719E+0	3.582362E+0
18.266667	3.791242E+0	3.585909E+0
18.333333	3.791698E+0	3.585563E+0
18.400000	3.793883E+0	3.585285E+0
18.466667	3.799124E+0	3.591252E+0
18.533333	3.799597E+0	3.589704E+0
18.600000	3.801704E+0	3.599179E+0
18.666667	3.807874E+0	3.604943E+0
18.733333	3.807330E+0	3.601719E+0
18.800000	3.806168E+0	3.601832E+0
18.866667	3.805637E+0	3.609985E+0
18.933333	3.805497E+0	3.615809E+0
19.000000	3.806735E+0	3.631116E+0
19.066667	3.805720E+0	3.616305E+0
19.133333	3.806545E+0	3.597015E+0
19.200000	3.806751E+0	3.601284E+0
19.266667	3.807647E+0	3.604259E+0
19.333333	3.810400E+0	3.599705E+0
19.400000	3.813608E+0	3.590583E+0
19.466667	3.810659E+0	3.584992E+0
19.533333	3.810906E+0	3.588110E+0
19.600000	3.813974E+0	3.600449E+0
19.666667	3.817343E+0	3.597068E+0
19.733333	3.816822E+0	3.578973E+0
19.800000	3.816266E+0	3.567325E+0
19.866667	3.818115E+0	3.576433E+0
19.933333	3.819588E+0	3.587261E+0
20.000000	3.819400E+0	3.588501E+0
20.066667	3.819253E+0	3.580002E+0
20.133333	3.818613E+0	3.577568E+0
20.200000	3.819871E+0	3.579521E+0
20.266667	3.821169E+0	3.584473E+0
20.333333	3.821546E+0	3.595993E+0
20.400000	3.820598E+0	3.595144E+0
20.466667	3.827532E+0	3.606378E+0
20.533333	3.828561E+0	3.602223E+0
20.600000	3.828536E+0	3.594054E+0
20.666667	3.828592E+0	3.592912E+0
20.733333	3.831727E+0	3.584571E+0
20.800000	3.833493E+0	3.579980E+0
20.866667	3.838048E+0	3.580325E+0
20.933333	3.839552E+0	3.581956E+0
21.000000	3.839406E+0	3.572954E+0
21.066667	3.839804E+0	3.568347E+0
21.133333	3.841191E+0	3.566506E+0
21.200000	3.843915E+0	3.567753E+0
21.266667	3.843568E+0	3.568460E+0
21.333333	3.841129E+0	3.565905E+0
21.400000	3.842203E+0	3.562598E+0
21.466667	3.843349E+0	3.563350E+0
21.533333	3.842949E+0	3.568482E+0
21.600000	3.841906E+0	3.564342E+0
21.666667	3.842539E+0	3.567581E+0
21.733333	3.843834E+0	3.571473E+0
21.800000	3.843851E+0	3.585308E+0
21.866667	3.842974E+0	3.588539E+0
21.933333	3.844538E+0	3.589914E+0
22.000000	3.845074E+0	3.590064E+0
22.066667	3.844301E+0	3.589921E+0
22.133333	3.842972E+0	3.597526E+0
22.200000	3.842618E+0	3.605086E+0
22.266667	3.842716E+0	3.614464E+0
22.333333	3.842497E+0	3.614614E+0
22.400000	3.840664E+0	3.616320E+0
22.466667	3.839602E+0	3.613367E+0
22.533333	3.839396E+0	3.606965E+0
22.600000	3.837482E+0	3.586472E+0
22.666667	3.830864E+0	3.584255E+0
22.733333	3.818813E+0	3.586397E+0
22.800000	3.797995E+0	3.585916E+0
22.866667	3.783838E+0	3.571984E+0
22.933333	3.779497E+0	3.566964E+0
23.000000	3.774657E+0	3.571886E+0
23.066667	3.773601E+0	3.569730E+0
23.133333	3.769922E+0	3.603989E+0
23.200000	3.769662E+0	3.607739E+0
23.266667	3.771070E+0	3.606656E+0
23.333333	3.771801E+0	3.604552E+0
23.400000	3.771659E+0	3.612277E+0
23.466667	3.770903E+0	3.611804E+0
23.533333	3.768187E+0	3.609707E+0
23.600000	3.766838E+0	3.604928E+0
23.666667	3.766384E+0	3.556256E+0
23.733333	3.767537E+0	3.542572E+0
23.800000	3.766159E+0	3.548088E+0
23.866667	3.767000E+0	3.567731E+0
23.933333	3.765544E+0	3.563778E+0
24.000000	3.765505E+0	3.574261E+0
24.066667	3.765688E+0	3.567986E+0
24.133333	3.761987E+0	3.559720E+0
24.200000	3.764009E+0	3.555174E+0
24.266667	3.766825E+0	3.564334E+0
24.333333	3.772768E+0	3.561554E+0
24.400000	3.777154E+0	3.556497E+0
24.466667	3.777410E+0	3.561644E+0
24.533333	3.778424E+0	3.561329E+0
24.600000	3.777820E+0	3.561035E+0
24.666667	3.775950E+0	3.564274E+0
24.733333	3.770905E+0	3.563222E+0
24.800000	3.762611E+0	3.560224E+0
24.866667	3.731211E+0	3.549546E+0
24.933333	3.696500E+0	3.544105E+0
25.000000	3.678212E+0	3.538026E+0
25.066667	3.673520E+0	3.524139E+0
25.133333	3.671912E+0	3.525522E+0
25.200000	3.674028E+0	3.537267E+0
25.266667	3.676992E+0	3.547194E+0
25.333333	3.686950E+0	3.575441E+0
25.400000	3.693094E+0	3.597060E+0
25.466667	3.692378E+0	3.589876E+0
25.533333	3.692746E+0	3.585308E+0
25.600000	3.694375E+0	3.574013E+0
25.666667	3.714887E+0	3.563463E+0
25.733333	3.713746E+0	3.549688E+0
25.800000	3.716324E+0	3.554378E+0
25.866667	3.720067E+0	3.558165E+0
25.933333	3.720467E+0	3.563418E+0
26.000000	3.739007E+0	3.559833E+0
26.066667	3.744586E+0	3.552349E+0
26.133333	3.744787E+0	3.550147E+0
26.200000	3.748854E+0	3.545353E+0
26.266667	3.749644E+0	3.550981E+0
26.333333	3.754907E+0	3.548764E+0
26.400000	3.772974E+0	3.555580E+0
26.466667	3.780647E+0	3.561644E+0
26.533333	3.790282E+0	3.563545E+0
26.600000	3.793615E+0	3.563215E+0
26.666667	3.802681E+0	3.568054E+0
26.733333	3.808634E+0	3.569332E+0
26.800000	3.809336E+0	3.580664E+0
26.866667	3.819819E+0	3.577650E+0
26.933333	3.831398E+0	3.581610E+0
27.000000	3.838952E+0	3.575013E+0
27.066667	3.845621E+0	3.586059E+0
27.133333	3.848364E+0	3.582647E+0
27.200000	3.846167E+0	3.581422E+0
27.266667	3.845736E+0	3.582324E+0
27.333333	3.848839E+0	3.594280E+0
27.400000	3.858958E+0	3.595768E+0
27.466667	3.852376E+0	3.597489E+0
27.533333	3.837444E+0	3.606747E+0
27.600000	3.838704E+0	3.609249E+0
27.666667	3.851182E+0	3.616974E+0
27.733333	3.845701E+0	3.617628E+0
27.800000	3.795739E+0	3.598323E+0
27.866667	3.780130E+0	3.590808E+0
27.933333	3.774065E+0	3.592627E+0
28.000000	3.741341E+0	3.584631E+0
28.066667	3.713640E+0	3.576854E+0
28.133333	3.693805E+0	3.559773E+0
28.200000	3.679500E+0	3.549125E+0
28.266667	3.679133E+0	3.596316E+0
28.333333	3.671618E+0	3.599841E+0
28.400000	3.664847E+0	3.590711E+0
28.466667	3.652891E+0	3.577590E+0
28.533333	3.640659E+0	3.569474E+0
28.600000	3.623727E+0	3.544015E+0
28.666667	3.599041E+0	3.538116E+0
28.733333	3.589848E+0	3.537628E+0
28.800000	3.585915E+0	3.534336E+0
28.866667	3.581539E+0	3.525424E+0
28.933333	3.582914E+0	3.517338E+0
29.000000	3.582337E+0	3.532390E+0
29.066667	3.576686E+0	3.552589E+0
29.133333	3.568057E+0	3.532217E+0
29.200000	3.570688E+0	3.504083E+0
29.266667	3.569019E+0	3.477661E+0
29.333333	3.557137E+0	3.446769E+0
29.400000	3.534661E+0	3.432844E+0
29.466667	3.534125E+0	3.435955E+0
29.533333	3.551615E+0	3.419401E+0
29.600000	3.573318E+0	3.435234E+0
29.666667	3.585513E+0	3.441020E+0
29.733333	3.602761E+0	3.453104E+0
29.800000	3.624760E+0	3.471056E+0
29.866667	3.641950E+0	3.482456E+0
29.933333	3.641384E+0	3.485424E+0
30.000000	3.618997E+0	3.490158E+0
30.066667	3.579167E+0	3.488595E+0
30.133333	3.528456E+0	3.468291E+0
30.200000	3.469486E+0	3.424646E+0
30.266667	3.423439E+0	3.401967E+0
30.333333	3.380111E+0	3.351296E+0
30.400000	3.379867E+0	3.337823E+0
30.466667	3.382217E+0	3.363785E+0
30.533333	3.381036E+0	3.352686E+0
30.600000	3.379043E+0	3.370909E+0
30.666667	3.386464E+0	3.363214E+0
30.733333	3.402920E+0	3.360208E+0
30.800000	3.418800E+0	3.369091E+0
30.866667	3.447697E+0	3.396061E+0
30.933333	3.479467E+0	3.425938E+0
31.000000	3.521486E+0	3.467892E+0
31.066667	3.566145E+0	3.490338E+0
31.133333	3.591835E+0	3.492720E+0
31.200000	3.623179E+0	3.499626E+0
31.266667	3.665309E+0	3.518834E+0
31.333333	3.716481E+0	3.541670E+0
31.400000	3.743653E+0	3.554378E+0
31.466667	3.772361E+0	3.575509E+0
31.533333	3.800659E+0	3.608189E+0
31.600000	3.826905E+0	3.629711E+0
31.666667	3.846025E+0	3.647513E+0
31.733333	3.850310E+0	3.647881E+0
31.800000	3.860605E+0	3.654682E+0
31.866667	3.864084E+0	3.664293E+0
31.933333	3.869145E+0	3.666908E+0
32.000000	3.860097E+0	3.664954E+0
32.066667	3.849137E+0	3.663016E+0
32.133333	3.842491E+0	3.672912E+0
32.200000	3.840656E+0	3.678150E+0
32.266667	3.829835E+0	3.684282E+0
32.333333	3.822943E+0	3.687671E+0
32.400000	3.820575E+0	3.686093E+0
32.466667	3.808447E+0	3.679180E+0
32.533333	3.798266E+0	3.685950E+0
32.600000	3.815176E+0	3.669433E+0
32.666667	3.837236E+0	3.658740E+0
32.733333	3.870661E+0	3.672529E+0
32.800000	3.886406E+0	3.692766E+0
32.866667	3.904974E+0	3.705909E+0
32.933333	3.935075E+0	3.717692E+0
33.000000	3.963575E+0	3.726852E+0
33.066667	3.995515E+0	3.716820E+0
33.133333	4.015171E+0	3.721472E+0
33.200000	4.021399E+0	3.737665E+0
33.266667	4.026594E+0	3.753867E+0
33.333333	3.990077E+0	3.740025E+0
33.400000	3.868726E+0	3.720810E+0
33.466667	3.748971E+0	3.667246E+0
33.533333	3.663364E+0	3.629771E+0
33.600000	3.601855E+0	3.611083E+0
33.666667	3.548414E+0	3.590192E+0
33.733333	3.501604E+0	3.564289E+0
33.800000	3.464208E+0	3.512642E+0
33.866667	3.435688E+0	3.471807E+0
33.933333	3.416867E+0	3.452089E+0
34.000000	3.409508E+0	3.446776E+0
34.066667	3.396382E+0	3.440765E+0
34.133333	3.384229E+0	3.439104E+0
34.200000	3.355592E+0	3.383015E+0
34.266667	3.334784E+0	3.332750E+0
34.333333	3.327750E+0	3.326911E+0
34.400000	3.354507E+0	3.357481E+0
34.466667	3.359566E+0	3.411495E+0
34.533333	3.378049E+0	3.417199E+0
34.600000	3.376206E+0	3.409143E+0
34.666667	3.375468E+0	3.413524E+0
34.733333	3.372555E+0	3.394948E+0
34.800000	3.383866E+0	3.387749E+0
34.866667	3.387047E+0	3.388997E+0
34.933333	3.374487E+0	3.367332E+0
35.000000	3.398576E+0	3.355557E+0
35.066667	3.445410E+0	3.403891E+0
35.133333	3.471382E+0	3.446829E+0
35.200000	3.519691E+0	3.471484E+0
35.266667	3.569215E+0	3.509681E+0
35.333333	3.637618E+0	3.525409E+0
35.400000	3.700988E+0	3.562726E+0
35.466667	3.703302E+0	3.579950E+0
35.533333	3.716597E+0	3.571473E+0
35.600000	3.727097E+0	3.577147E+0
35.666667	3.724841E+0	3.575704E+0
35.733333	3.731413E+0	3.615974E+0
35.800000	3.749148E+0	3.633604E+0
35.866667	3.768231E+0	3.640269E+0
35.933333	3.789085E+0	3.612826E+0
36.000000	3.831614E+0	3.624526E+0
36.066667	3.871653E+0	3.662099E+0
36.133333	3.905526E+0	3.676858E+0
36.200000	3.936611E+0	3.678984E+0
36.266667	3.959874E+0	3.690880E+0
36.333333	3.974441E+0	3.698372E+0
36.400000	4.001202E+0	3.709674E+0
36.466667	4.034215E+0	3.736102E+0
36.533333	4.051819E+0	3.754370E+0
36.600000	4.069548E+0	3.763087E+0
36.666667	4.093536E+0	3.772225E+0
36.733333	4.100581E+0	3.776974E+0
36.800000	4.117672E+0	3.789516E+0
36.866667	4.133465E+0	3.780979E+0
36.933333	4.136683E+0	3.780574E+0
37.000000	4.144802E+0	3.792589E+0
37.066667	4.156792E+0	3.804981E+0
37.133333	4.163907E+0	3.816516E+0
37.200000	4.166122E+0	3.832823E+0
37.266667	4.155797E+0	3.837549E+0
37.333333	4.160413E+0	3.833491E+0
37.400000	4.162073E+0	3.827840E+0
37.466667	4.164753E+0	3.833762E+0
37.533333	4.158044E+0	3.830869E+0
37.600000	4.167815E+0	3.833559E+0
37.666667	4.185790E+0	3.845319E+0
37.733333	4.200209E+0	3.858222E+0
37.800000	4.203452E+0	3.868366E+0
37.866667	4.207702E+0	3.864955E+0
37.933333	4.210888E+0	3.865999E+0
38.000000	4.225170E+0	3.880029E+0
38.066667	4.226151E+0	3.883335E+0
38.133333	4.220290E+0	3.873724E+0
38.200000	4.231896E+0	3.876663E+0
38.266667	4.243895E+0	3.883914E+0
38.333333	4.257213E+0	3.904339E+0
38.400000	4.250190E+0	3.908885E+0
38.466667	4.253399E+0	3.909749E+0
38.533333	4.255084E+0	3.912379E+0
38.600000	4.261901E+0	3.909449E+0
38.666667	4.271734E+0	3.915513E+0
38.733333	4.277308E+0	3.914190E+0
38.800000	4.281184E+0	3.926454E+0
38.866667	4.282921E+0	3.920653E+0
38.933333	4.299597E+0	3.922261E+0
39.000000	4.308867E+0	3.914326E+0
39.066667	4.318882E+0	3.912019E+0
39.133333	4.313458E+0	3.910673E+0
39.200000	4.318515E+0	3.913950E+0
39.266667	4.319823E+0	3.913664E+0
39.333333	4.316709E+0	3.918985E+0
39.400000	4.324195E+0	3.915648E+0
39.466667	4.325782E+0	3.897816E+0
39.533333	4.328278E+0	3.899041E+0
39.600000	4.330465E+0	3.904354E+0
39.666667	4.333262E+0	3.902866E+0
39.733333	4.342814E+0	3.911816E+0
39.800000	4.358893E+0	3.919060E+0
39.866667	4.344011E+0	3.916076E+0
39.933333	4.353480E+0	3.919653E+0
40.000000	4.359252E+0	3.923343E+0
40.066667	4.375408E+0	3.915671E+0
40.133333	4.393273E+0	3.916903E+0
40.200000	4.383350E+0	3.917399E+0
40.266667	4.386451E+0	3.923020E+0
40.333333	4.383869E+0	3.921442E+0
40.400000	4.402496E+0	3.928160E+0
40.466667	4.411573E+0	3.927784E+0
40.533333	4.406745E+0	3.924064E+0
40.600000	4.411277E+0	3.941363E+0
40.666667	4.411996E+0	3.938703E+0
40.733333	4.416782E+0	3.947675E+0
40.800000	4.407894E+0	3.955701E+0
40.866667	4.403016E+0	3.954709E+0
40.933333	4.410767E+0	3.947653E+0
41.000000	4.414212E+0	3.939477E+0
41.066667	4.410523E+0	3.941664E+0
41.133333	4.390926E+0	3.946503E+0
41.200000	4.368333E+0	3.943738E+0
41.266667	4.348981E+0	3.936426E+0
41.333333	4.323272E+0	3.928836E+0
41.400000	4.291351E+0	3.915964E+0
41.466667	4.267511E+0	3.908367E+0
41.533333	4.267613E+0	3.906270E+0
41.600000	4.239050E+0	3.906330E+0
41.666667	4.191678E+0	3.892631E+0
41.733333	4.151325E+0	3.883193E+0
41.800000	4.110178E+0	3.874341E+0
41.866667	4.034450E+0	3.830275E+0
41.933333	4.013509E+0	3.828825E+0
42.000000	4.002356E+0	3.828960E+0
42.066667	3.980438E+0	3.817140E+0
42.133333	3.956354E+0	3.812578E+0
42.200000	3.927486E+0	3.804943E+0
42.266667	3.905024E+0	3.797497E+0
42.333333	3.892742E+0	3.800795E+0
42.400000	3.875977E+0	3.785045E+0
42.466667	3.865160E+0	3.772646E+0
42.533333	3.850010E+0	3.747111E+0
42.600000	3.839743E+0	3.735186E+0
42.666667	3.833364E+0	3.731068E+0
42.733333	3.832958E+0	3.736982E+0
42.800000	3.841406E+0	3.738996E+0
42.866667	3.865889E+0	3.747014E+0
42.933333	3.897670E+0	3.763824E+0
43.000000	3.937771E+0	3.781182E+0
43.066667	3.982864E+0	3.797677E+0
43.133333	4.018643E+0	3.808054E+0
43.200000	4.058615E+0	3.813360E+0
43.266667	4.103138E+0	3.826428E+0
43.333333	4.139451E+0	3.838361E+0
43.400000	4.160700E+0	3.853037E+0
43.466667	4.195098E+0	3.865624E+0
43.533333	4.229317E+0	3.892383E+0
43.600000	4.255101E+0	3.925147E+0
43.666667	4.270520E+0	3.932781E+0
43.733333	4.274509E+0	3.936110E+0
43.800000	4.280347E+0	3.928799E+0
43.866667	4.299126E+0	3.919886E+0
43.933333	4.326470E+0	3.924643E+0
44.000000	4.344967E+0	3.928971E+0
44.066667	4.345055E+0	3.927732E+0
44.133333	4.341866E+0	3.930339E+0
44.200000	4.349066E+0	3.949915E+0
44.266667	4.364213E+0	3.963050E+0
44.333333	4.349696E+0	3.967363E+0
44.400000	4.331156E+0	3.956753E+0
44.466667	4.338127E+0	3.944722E+0
44.533333	4.344994E+0	3.952011E+0
44.600000	4.324778E+0	3.958970E+0
44.666667	4.313639E+0	3.965958E+0
44.733333	4.306101E+0	3.962547E+0
44.800000	4.282251E+0	3.956452E+0
44.866667	4.261531E+0	3.941386E+0
44.933333	4.235830E+0	3.928799E+0
45.000000	4.202051E+0	3.927987E+0
45.066667	4.157953E+0	3.907923E+0
45.133333	4.110784E+0	3.897020E+0
45.200000	4.067116E+0	3.887423E+0
45.266667	4.001156E+0	3.876332E+0
45.333333	3.952421E+0	3.852541E+0
45.400000	3.903147E+0	3.798729E+0
45.466667	3.888605E+0	3.763110E+0
45.533333	3.874610E+0	3.764139E+0
45.600000	3.858731E+0	3.763839E+0
45.666667	3.816778E+0	3.740709E+0
45.733333	3.787172E+0	3.709471E+0
45.800000	3.786002E+0	3.705473E+0
45.866667	3.787183E+0	3.701175E+0
45.933333	3.794462E+0	3.706660E+0
46.000000	3.810265E+0	3.708885E+0
46.066667	3.854401E+0	3.721163E+0
46.133333	3.893569E+0	3.728543E+0
46.200000	3.917927E+0	3.734615E+0
46.266667	3.952865E+0	3.747675E+0
46.333333	4.001550E+0	3.764199E+0
46.400000	4.051967E+0	3.787404E+0
46.466667	4.107075E+0	3.811571E+0
46.533333	4.141129E+0	3.823640E+0
46.600000	4.176852E+0	3.853014E+0
46.666667	4.219386E+0	3.883133E+0
46.733333	4.248396E+0	3.899311E+0
46.800000	4.267979E+0	3.902280E+0
46.866667	4.286310E+0	3.916963E+0
46.933333	4.318234E+0	3.923411E+0
47.000000	4.330067E+0	3.900251E+0
47.066667	4.329202E+0	3.903632E+0
47.133333	4.344038E+0	3.926199E+0
47.200000	4.342685E+0	3.954589E+0
47.266667	4.336517E+0	3.961945E+0
47.333333	4.346707E+0	3.952169E+0
47.400000	4.353084E+0	3.951252E+0
47.466667	4.335174E+0	3.962464E+0
47.533333	4.328367E+0	3.965154E+0
47.600000	4.310784E+0	3.955265E+0
47.666667	4.291186E+0	3.952477E+0
47.733333	4.278839E+0	3.951012E+0
47.800000	4.270439E+0	3.956279E+0
47.866667	4.266881E+0	3.958564E+0
47.933333	4.263124E+0	3.958248E+0
48.000000	4.249719E+0	3.946909E+0
48.066667	4.217641E+0	3.938012E+0
48.133333	4.132113E+0	3.911215E+0
48.200000	3.958693E+0	3.853728E+0
48.266667	3.860630E+0	3.797076E+0
48.333333	3.761860E+0	3.730692E+0
48.400000	3.685740E+0	3.692405E+0
48.466667	3.629215E+0	3.659657E+0
48.533333	3.563297E+0	3.625758E+0
48.600000	3.514430E+0	3.599262E+0
48.666667	3.436210E+0	3.540934E+0
48.733333	3.390604E+0	3.479833E+0
48.800000	3.360289E+0	3.446431E+0
48.866667	3.361876E+0	3.452420E+0
48.933333	3.361097E+0	3.448640E+0
49.000000	3.377962E+0	3.424233E+0
49.066667	3.420112E+0	3.437436E+0
49.133333	3.465289E+0	3.477924E+0
49.200000	3.518204E+0	3.497229E+0
49.266667	3.574872E+0	3.533186E+0
49.333333	3.629755E+0	3.557932E+0
49.400000	3.693209E+0	3.583880E+0
49.466667	3.742968E+0	3.634055E+0
49.533333	3.805558E+0	3.665593E+0
49.600000	3.849096E+0	3.674731E+0
49.666667	3.895499E+0	3.697200E+0
49.733333	3.961717E+0	3.725334E+0
49.800000	4.007434E+0	3.733548E+0
49.866667	4.042859E+0	3.751868E+0
49.933333	4.049684E+0	3.766724E+0
50.000000	4.073281E+0	3.768250E+0
50.066667	4.111711E+0	3.771714E+0
50.133333	4.137530E+0	3.781881E+0
50.200000	4.154776E+0	3.793927E+0
50.266667	4.185523E+0	3.807513E+0
50.333333	4.213182E+0	3.836167E+0
50.400000	4.230032E+0	3.854855E+0
50.466667	4.236897E+0	3.861844E+0
50.533333	4.249940E+0	3.883809E+0
50.600000	4.272999E+0	3.899612E+0
50.666667	4.285640E+0	3.907705E+0
50.733333	4.289251E+0	3.904722E+0
50.800000	4.274784E+0	3.897636E+0
50.866667	4.284144E+0	3.905864E+0
50.933333	4.313502E+0	3.916715E+0
51.000000	4.312764E+0	3.923268E+0
51.066667	4.298516E+0	3.916625E+0
51.133333	4.296554E+0	3.914175E+0
51.200000	4.303792E+0	3.920285E+0
51.266667	4.286314E+0	3.920653E+0
51.333333	4.236318E+0	3.908291E+0
51.400000	4.156147E+0	3.882832E+0
51.466667	4.076097E+0	3.866833E+0
51.533333	3.973489E+0	3.833597E+0
51.600000	3.882908E+0	3.792447E+0
51.666667	3.800898E+0	3.763741E+0
51.733333	3.726789E+0	3.735960E+0
51.800000	3.639948E+0	3.707562E+0
51.866667	3.548711E+0	3.654862E+0
51.933333	3.506865E+0	3.609241E+0
52.000000	3.466299E+0	3.565499E+0
52.066667	3.434942E+0	3.516264E+0
52.133333	3.407084E+0	3.488400E+0
52.200000	3.391790E+0	3.458755E+0
52.266667	3.388288E+0	3.440381E+0
52.333333	3.387388E+0	3.426089E+0
52.400000	3.385172E+0	3.419686E+0
52.466667	3.397617E+0	3.428118E+0
52.533333	3.424242E+0	3.439096E+0
52.600000	3.476661E+0	3.466419E+0
52.666667	3.557638E+0	3.506938E+0
52.733333	3.651710E+0	3.565905E+0
52.800000	3.728345E+0	3.587938E+0
52.866667	3.798922E+0	3.625180E+0
52.933333	3.882985E+0	3.652781E+0
53.000000	3.965241E+0	3.691225E+0
53.066667	4.037235E+0	3.742437E+0
53.133333	4.073399E+0	3.756753E+0
53.200000	4.115288E+0	3.781536E+0
53.266667	4.150171E+0	3.811955E+0
53.333333	4.181531E+0	3.839661E+0
53.400000	4.217131E+0	3.881044E+0
53.466667	4.276494E+0	3.891489E+0
53.533333	4.305377E+0	3.894171E+0
53.600000	4.325060E+0	3.899402E+0
53.666667	4.353851E+0	3.915573E+0
53.733333	4.368818E+0	3.943595E+0
53.800000	4.370032E+0	3.938680E+0
53.866667	4.377562E+0	3.946353E+0
53.933333	4.386258E+0	3.947818E+0
54.000000	4.380980E+0	3.949103E+0
54.066667	4.372267E+0	3.952657E+0
54.133333	4.367068E+0	3.962712E+0
54.200000	4.338867E+0	3.967356E+0
54.266667	4.282899E+0	3.956272E+0
54.333333	4.209387E+0	3.937921E+0
54.400000	4.121445E+0	3.916242E+0
54.466667	4.022120E+0	3.890745E+0
54.533333	3.936919E+0	3.838180E+0
54.600000	3.848531E+0	3.763756E+0
54.666667	3.764178E+0	3.723681E+0
54.733333	3.691482E+0	3.704368E+0
54.800000	3.626620E+0	3.663970E+0
54.866667	3.564697E+0	3.621528E+0
54.933333	3.509233E+0	3.588479E+0
55.000000	3.480061E+0	3.570248E+0
55.066667	3.442957E+0	3.526273E+0
55.133333	3.420787E+0	3.501783E+0
55.200000	3.437975E+0	3.511995E+0
55.266667	3.476761E+0	3.513641E+0
55.333333	3.484095E+0	3.467877E+0
55.400000	3.488521E+0	3.473754E+0
55.466667	3.504138E+0	3.474768E+0
55.533333	3.505151E+0	3.464263E+0
55.600000	3.501054E+0	3.466359E+0
55.666667	3.503041E+0	3.461603E+0
55.733333	3.513680E+0	3.479698E+0
55.800000	3.518556E+0	3.485514E+0
55.866667	3.520330E+0	3.495719E+0
55.933333	3.520728E+0	3.507426E+0
56.000000	3.525767E+0	3.519833E+0
56.066667	3.538897E+0	3.533697E+0
56.133333	3.549011E+0	3.539416E+0
56.200000	3.552300E+0	3.536448E+0
56.266667	3.568161E+0	3.538078E+0
56.333333	3.591826E+0	3.542114E+0
56.400000	3.612948E+0	3.552161E+0
56.466667	3.626160E+0	3.561997E+0
56.533333	3.636508E+0	3.561787E+0
56.600000	3.636959E+0	3.566423E+0
56.666667	3.638380E+0	3.577785E+0
56.733333	3.638476E+0	3.586660E+0
56.800000	3.643091E+0	3.589132E+0
56.866667	3.647582E+0	3.593175E+0
56.933333	3.648628E+0	3.594911E+0
57.000000	3.656101E+0	3.597429E+0
57.066667	3.659383E+0	3.607445E+0
57.133333	3.664035E+0	3.619198E+0
57.200000	3.670321E+0	3.621693E+0
57.266667	3.680206E+0	3.621678E+0
57.333333	3.709216E+0	3.621994E+0
57.400000	3.720952E+0	3.612871E+0
57.466667	3.730457E+0	3.627908E+0
57.533333	3.744612E+0	3.634535E+0
57.600000	3.750258E+0	3.647573E+0
57.666667	3.756284E+0	3.650406E+0
57.733333	3.762268E+0	3.652976E+0
57.800000	3.769114E+0	3.661919E+0
57.866667	3.771895E+0	3.669734E+0
57.933333	3.779510E+0	3.669133E+0
58.000000	3.786868E+0	3.671597E+0
58.066667	3.791132E+0	3.665759E+0
58.133333	3.791390E+0	3.663354E+0
58.200000	3.792075E+0	3.665157E+0
58.266667	3.792765E+0	3.665217E+0
58.333333	3.793942E+0	3.665698E+0
58.400000	3.797820E+0	3.664015E+0
58.466667	3.803369E+0	3.663850E+0
58.533333	3.805837E+0	3.665112E+0
58.600000	3.810255E+0	3.671425E+0
58.666667	3.812367E+0	3.677759E+0
58.733333	3.809363E+0	3.675347E+0
58.800000	3.807847E+0	3.679225E+0
58.866667	3.807303E+0	3.685101E+0
58.933333	3.805177E+0	3.682666E+0
59.000000	3.804131E+0	3.683508E+0
59.066667	3.804116E+0	3.682809E+0
59.133333	3.803867E+0	3.687025E+0
59.200000	3.801188E+0	3.689227E+0
59.266667	3.799780E+0	3.689159E+0
59.333333	3.798026E+0	3.689963E+0
59.400000	3.793692E+0	3.687979E+0
59.466667	3.789072E+0	3.687348E+0
59.533333	3.779510E+0	3.681254E+0
59.600000	3.764219E+0	3.676407E+0
59.666667	3.754441E+0	3.672221E+0
59.733333	3.742181E+0	3.669418E+0
59.800000	3.736759E+0	3.674197E+0
59.866667	3.737482E+0	3.679991E+0
59.933333	3.735918E+0	3.682291E+0
60.000000	3.736488E+0	3.681306E+0
60.066667	3.738980E+0	3.678353E+0
60.133333	3.738778E+0	3.679187E+0
60.200000	3.735682E+0	3.672011E+0
60.266667	3.735324E+0	3.675415E+0
60.333333	3.731258E+0	3.674032E+0
60.400000	3.710284E+0	3.664684E+0
60.466667	3.702274E+0	3.656471E+0
60.533333	3.691916E+0	3.644590E+0
60.600000	3.687065E+0	3.643523E+0
60.666667	3.684346E+0	3.641096E+0
60.733333	3.680587E+0	3.639352E+0
60.800000	3.679931E+0	3.640021E+0
60.866667	3.679548E+0	3.639465E+0
60.933333	3.678918E+0	3.633521E+0
61.000000	3.677140E+0	3.636677E+0
61.066667	3.673790E+0	3.638481E+0
61.133333	3.671676E+0	3.624729E+0
61.200000	3.671868E+0	3.615403E+0
61.266667	3.667759E+0	3.614276E+0
61.333333	3.668044E+0	3.612548E+0
61.400000	3.666607E+0	3.607919E+0
61.466667	3.664920E+0	3.604778E+0
61.533333	3.662683E+0	3.601787E+0
61.600000	3.657334E+0	3.599675E+0
61.666667	3.653408E+0	3.594896E+0
61.733333	3.650192E+0	3.587043E+0
61.800000	3.643431E+0	3.589193E+0
61.866667	3.640881E+0	3.584594E+0
61.933333	3.636768E+0	3.575441E+0
62.000000	3.633419E+0	3.576591E+0
62.066667	3.633741E+0	3.574178E+0
62.133333	3.633821E+0	3.573713E+0
62.200000	3.633396E+0	3.576207E+0
62.266667	3.631959E+0	3.575741E+0
62.333333	3.631767E+0	3.575854E+0
62.400000	3.628718E+0	3.575606E+0
62.466667	3.622032E+0	3.573044E+0
62.533333	3.615687E+0	3.568475E+0
62.600000	3.611855E+0	3.568099E+0
62.666667	3.606377E+0	3.574419E+0
62.733333	3.597177E+0	3.577320E+0
62.800000	3.581977E+0	3.563996E+0
62.866667	3.580920E+0	3.555505E+0
62.933333	3.575588E+0	3.552867E+0
63.000000	3.572885E+0	3.552619E+0
63.066667	3.567911E+0	3.552649E+0
63.133333	3.564187E+0	3.550530E+0
63.200000	3.564716E+0	3.548869E+0
63.266667	3.562704E+0	3.546780E+0
63.333333	3.560731E+0	3.543241E+0
63.400000	3.553993E+0	3.528798E+0
63.466667	3.552150E+0	3.539130E+0
63.533333	3.550048E+0	3.547021E+0
63.600000	3.548534E+0	3.541227E+0
63.666667	3.546279E+0	3.534885E+0
63.733333	3.542534E+0	3.526100E+0
63.800000	3.539715E+0	3.511011E+0
63.866667	3.537493E+0	3.507547E+0
63.933333	3.535221E+0	3.506194E+0
64.000000	3.534081E+0	3.508103E+0
64.066667	3.533709E+0	3.505330E+0
64.133333	3.533771E+0	3.513130E+0
64.200000	3.532494E+0	3.520111E+0
64.266667	3.530566E+0	3.524124E+0
64.333333	3.528887E+0	3.522974E+0
64.400000	3.521316E+0	3.515084E+0
64.466667	3.511443E+0	3.504781E+0
64.533333	3.506134E+0	3.511537E+0
64.600000	3.496299E+0	3.510057E+0
64.666667	3.484549E+0	3.504624E+0
64.733333	3.464273E+0	3.483117E+0
64.800000	3.438874E+0	3.465180E+0
64.866667	3.438708E+0	3.462241E+0
64.933333	3.443175E+0	3.436992E+0
65.000000	3.447158E+0	3.438683E+0
65.066667	3.453690E+0	3.449219E+0
65.133333	3.455466E+0	3.449887E+0
65.200000	3.459066E+0	3.443102E+0
65.266667	3.459116E+0	3.451586E+0
65.333333	3.456862E+0	3.456538E+0
65.400000	3.456158E+0	3.453908E+0
65.466667	3.458280E+0	3.462985E+0
65.533333	3.460917E+0	3.476955E+0
65.600000	3.460815E+0	3.478578E+0
65.666667	3.461994E+0	3.479856E+0
65.733333	3.464350E+0	3.479848E+0
65.800000	3.467997E+0	3.480660E+0
65.866667	3.471571E+0	3.489001E+0
65.933333	3.470852E+0	3.496260E+0
66.000000	3.468199E+0	3.498424E+0
66.066667	3.468663E+0	3.493863E+0
66.133333	3.469975E+0	3.485709E+0
66.200000	3.472156E+0	3.487009E+0
66.266667	3.470223E+0	3.483665E+0
66.333333	3.471948E+0	3.485965E+0
66.400000	3.476578E+0	3.487130E+0
66.466667	3.469534E+0	3.486288E+0
66.533333	3.469005E+0	3.489993E+0
66.600000	3.461823E+0	3.483230E+0
66.666667	3.452625E+0	3.479818E+0
66.733333	3.445071E+0	3.478413E+0
66.800000	3.437460E+0	3.474708E+0
66.866667	3.422178E+0	3.451796E+0
66.933333	3.412806E+0	3.419108E+0
67.000000	3.403214E+0	3.406047E+0
67.066667	3.397436E+0	3.408542E+0
67.133333	3.394414E+0	3.431943E+0
67.200000	3.392719E+0	3.430462E+0
67.266667	3.388836E+0	3.411894E+0
67.333333	3.387157E+0	3.404890E+0
67.400000	3.385951E+0	3.395617E+0
67.466667	3.380903E+0	3.398014E+0
67.533333	3.377364E+0	3.405566E+0
67.600000	3.377664E+0	3.404717E+0
67.666667	3.378628E+0	3.395324E+0
67.733333	3.382750E+0	3.426036E+0
67.800000	3.379007E+0	3.433814E+0
67.866667	3.370313E+0	3.408272E+0
67.933333	3.366556E+0	3.409647E+0
68.000000	3.355188E+0	3.404086E+0
68.066667	3.349491E+0	3.390898E+0
68.133333	3.345353E+0	3.379205E+0
68.200000	3.337788E+0	3.351912E+0
68.266667	3.330668E+0	3.356060E+0
68.333333	3.319938E+0	3.367625E+0
68.400000	3.311581E+0	3.367137E+0
68.466667	3.302575E+0	3.338326E+0
68.533333	3.295439E+0	3.278037E+0
68.600000	3.282973E+0	3.251563E+0
68.666667	3.276339E+0	3.250248E+0
68.733333	3.276641E+0	3.218055E+0
68.800000	3.278181E+0	3.203710E+0
68.866667	3.278199E+0	3.210353E+0
68.933333	3.277237E+0	3.213058E+0
69.000000	3.277489E+0	3.197247E+0
69.066667	3.276090E+0	3.208610E+0
69.133333	3.274833E+0	3.224052E+0
69.200000	3.272694E+0	3.241591E+0
69.266667	3.272742E+0	3.264105E+0
69.333333	3.274411E+0	3.296320E+0
69.400000	3.273049E+0	3.291270E+0
69.466667	3.274444E+0	3.288039E+0
69.533333	3.275569E+0	3.277150E+0
69.600000	3.274504E+0	3.263346E+0
69.666667	3.276021E+0	3.258100E+0
69.733333	3.276500E+0	3.265375E+0
69.800000	3.277627E+0	3.269523E+0
69.866667	3.276452E+0	3.267449E+0
69.933333	3.277533E+0	3.256485E+0
70.000000	3.279416E+0	3.252044E+0
70.066667	3.278187E+0	3.223225E+0
70.133333	3.276087E+0	3.192205E+0
70.200000	3.277091E+0	3.181347E+0
70.266667	3.277472E+0	3.186479E+0
70.333333	3.276679E+0	3.206611E+0
70.400000	3.274792E+0	3.217845E+0
70.466667	3.272578E+0	3.215350E+0
70.533333	3.261283E+0	3.169323E+0
70.600000	3.251826E+0	3.128993E+0
70.666667	3.236447E+0	3.117631E+0
70.733333	3.228374E+0	3.157105E+0
70.800000	3.202648E+0	3.157533E+0
70.866667	3.180031E+0	3.112430E+0
70.933333	3.175150E+0	3.053659E+0
71.000000	3.145737E+0	3.020369E+0
71.066667	3.130299E+0	3.035286E+0
71.133333	3.133721E+0	3.075188E+0
71.200000	3.124562E+0	3.049105E+0
71.266667	3.116041E+0	3.005461E+0
71.333333	3.111034E+0	2.986742E+0
71.400000	3.103309E+0	2.981414E+0
71.466667	3.088960E+0	2.966926E+0
71.533333	3.085657E+0	2.924731E+0
71.600000	3.081547E+0	2.899603E+0
71.666667	3.081060E+0	2.875383E+0
71.733333	3.074807E+0	2.844025E+0
71.800000	3.081133E+0	2.842394E+0
71.866667	3.094803E+0	2.884739E+0
71.933333	3.094538E+0	2.870844E+0
72.000000	3.093220E+0	2.860181E+0
72.066667	3.095334E+0	2.843056E+0
72.133333	3.106691E+0	2.844874E+0
72.200000	3.114433E+0	2.854651E+0
72.266667	3.120099E+0	2.863428E+0
72.333333	3.094971E+0	2.865276E+0
72.400000	3.067494E+0	2.860264E+0
72.466667	3.061113E+0	2.855026E+0
72.533333	3.068542E+0	2.844123E+0
72.600000	3.069631E+0	2.823878E+0
72.666667	3.063293E+0	2.853486E+0
72.733333	3.046093E+0	2.857198E+0
72.800000	3.026512E+0	2.860084E+0
72.866667	3.019703E+0	2.858273E+0
72.933333	3.010597E+0	2.845949E+0
73.000000	3.008258E+0	2.838720E+0
73.066667	3.004251E+0	2.856890E+0
73.133333	3.004497E+0	2.891081E+0
73.200000	3.007987E+0	2.915443E+0
73.266667	3.005936E+0	2.887745E+0
73.333333	3.019291E+0	2.838772E+0
73.400000	3.033671E+0	2.837134E+0
73.466667	3.044493E+0	2.860294E+0
73.533333	3.038162E+0	2.863623E+0
73.600000	3.033144E+0	2.829883E+0
73.666667	3.034296E+0	2.802514E+0
73.733333	3.044935E+0	2.795842E+0
73.800000	3.048080E+0	2.811802E+0
73.866667	3.045549E+0	2.846182E+0
73.933333	3.046024E+0	2.878615E+0
74.000000	3.042504E+0	2.875736E+0
74.066667	3.019706E+0	2.847166E+0
74.133333	2.992933E+0	2.808797E+0
74.200000	2.968980E+0	2.743390E+0
74.266667	2.937246E+0	2.667192E+0
74.333333	2.902066E+0	2.595789E+0
74.400000	2.872317E+0	2.503998E+0
74.466667	2.849999E+0	2.463442E+0
74.533333	2.833149E+0	2.441582E+0
74.600000	2.830325E+0	2.403235E+0
74.666667	2.833578E+0	2.417430E+0
74.733333	2.831906E+0	2.425200E+0
74.800000	2.837944E+0	2.415138E+0
74.866667	2.839558E+0	2.398313E+0
74.933333	2.838064E+0	2.375183E+0
75.000000	2.832855E+0	2.375010E+0
75.066667	2.826830E+0	2.280748E+0
75.133333	2.819937E+0	2.246181E+0
75.200000	2.819031E+0	2.296904E+0
75.266667	2.816715E+0	2.346192E+0
75.333333	2.820358E+0	2.366872E+0
75.400000	2.831264E+0	2.399591E+0
75.466667	2.830177E+0	2.340406E+0
75.533333	2.833243E+0	2.233413E+0
75.600000	2.849408E+0	2.257836E+0
75.666667	2.845921E+0	2.295762E+0
75.733333	2.846396E+0	2.261736E+0
75.800000	2.853411E+0	2.303043E+0
75.866667	2.870399E+0	2.385245E+0
75.933333	2.863254E+0	2.460241E+0
76.000000	2.859899E+0	2.467710E+0
76.066667	2.868353E+0	2.491464E+0
76.133333	2.866408E+0	2.507568E+0
76.200000	2.876645E+0	2.500752E+0
76.266667	2.879892E+0	2.499617E+0
76.333333	2.884706E+0	2.469176E+0
76.400000	2.880890E+0	2.515210E+0
76.466667	2.895641E+0	2.509807E+0
76.533333	2.911852E+0	2.514797E+0
76.600000	2.921735E+0	2.578573E+0
76.666667	2.929806E+0	2.613192E+0
76.733333	2.949974E+0	2.625028E+0
76.800000	2.972664E+0	2.662556E+0
76.866667	2.988509E+0	2.707553E+0
76.933333	2.979577E+0	2.699001E+0
77.000000	2.963283E+0	2.682274E+0
77.066667	2.936725E+0	2.643784E+0
77.133333	2.914293E+0	2.621939E+0
77.200000	2.910673E+0	2.592430E+0
77.266667	2.904189E+0	2.552399E+0
77.333333	2.895934E+0	2.537175E+0
77.400000	2.885955E+0	2.490570E+0
77.466667	2.872271E+0	2.522131E+0
77.533333	2.852018E+0	2.522785E+0
77.600000	2.839845E+0	2.486174E+0
77.666667	2.838344E+0	2.473301E+0
77.733333	2.834709E+0	2.467793E+0
77.800000	2.828104E+0	2.423660E+0
77.866667	2.819415E+0	2.383186E+0
77.933333	2.804268E+0	2.333598E+0
78.000000	2.803783E+0	2.323836E+0
78.066667	2.800375E+0	2.302367E+0
78.133333	2.794718E+0	2.316119E+0
78.200000	2.796081E+0	2.319335E+0
78.266667	2.800557E+0	2.336138E+0
78.333333	2.805341E+0	2.347191E+0
78.400000	2.805008E+0	2.311475E+0
78.466667	2.806570E+0	2.304073E+0
78.533333	2.803943E+0	2.357291E+0
78.600000	2.799526E+0	2.385381E+0
78.666667	2.801658E+0	2.325865E+0
78.733333	2.805183E+0	2.302968E+0
78.800000	2.814668E+0	2.318343E+0
78.866667	2.819038E+0	2.329404E+0
78.933333	2.827175E+0	2.334018E+0
79.000000	2.825934E+0	2.331028E+0
79.066667	2.819827E+0	2.308274E+0
79.133333	2.812058E+0	2.297558E+0
79.200000	2.809007E+0	2.310415E+0
79.266667	2.810717E+0	2.340346E+0
79.333333	2.809357E+0	2.327646E+0
79.400000	2.813427E+0	2.368150E+0
79.466667	2.805360E+0	2.404453E+0
79.533333	2.801404E+0	2.394939E+0
79.600000	2.805962E+0	2.395097E+0
79.666667	2.807126E+0	2.398073E+0
79.733333	2.814241E+0	2.423066E+0
79.800000	2.796216E+0	2.399959E+0
79.866667	2.783494E+0	2.331689E+0
79.933333	2.765875E+0	2.299632E+0
80.000000	2.749837E+0	2.344546E+0
80.066667	2.744472E+0	2.351370E+0
80.133333	2.731862E+0	2.264666E+0
80.200000	2.720109E+0	2.219632E+0
80.266667	2.704058E+0	2.116577E+0
80.333333	2.695925E+0	2.001867E+0
80.400000	2.689522E+0	1.966676E+0
80.466667	2.685121E+0	1.896257E+0
80.533333	2.683261E+0	1.845571E+0
80.600000	2.678989E+0	1.765984E+0
80.666667	2.671599E+0	1.814348E+0
80.733333	2.664611E+0	1.796358E+0
80.800000	2.655476E+0	1.761137E+0
80.866667	2.649125E+0	1.769238E+0
80.933333	2.642396E+0	1.781968E+0
81.000000	2.642981E+0	1.745379E+0
81.066667	2.644868E+0	1.775032E+0
81.133333	2.644016E+0	1.767299E+0
81.200000	2.644991E+0	1.760243E+0
81.266667	2.644557E+0	1.757440E+0
81.333333	2.643995E+0	1.762768E+0
81.400000	2.643572E+0	1.761370E+0
81.466667	2.643383E+0	1.752841E+0
81.533333	2.643325E+0	1.742697E+0
81.600000	2.643222E+0	1.725518E+0
81.666667	2.642466E+0	1.708490E+0
81.733333	2.644735E+0	1.679958E+0
81.800000	2.646216E+0	1.659217E+0
81.866667	2.645336E+0	1.674502E+0
81.933333	2.644885E+0	1.686728E+0
82.000000	2.643595E+0	1.682039E+0
82.066667	2.642812E+0	1.659518E+0
82.133333	2.644635E+0	1.621389E+0
82.200000	2.645214E+0	1.588731E+0
82.266667	2.644597E+0	1.584094E+0
82.333333	2.643874E+0	1.594742E+0
82.400000	2.645661E+0	1.583809E+0
82.466667	2.646417E+0	1.566240E+0
82.533333	2.648646E+0	1.566690E+0
82.600000	2.650300E+0	1.560423E+0
82.666667	2.651500E+0	1.571590E+0
82.733333	2.652170E+0	1.579337E+0
82.800000	2.653145E+0	1.577677E+0
82.866667	2.654501E+0	1.556208E+0
82.933333	2.653435E+0	1.554780E+0
83.000000	2.655572E+0	1.569200E+0
83.066667	2.653735E+0	1.589302E+0
83.133333	2.655220E+0	1.611665E+0
83.200000	2.654120E+0	1.594720E+0
83.266667	2.651804E+0	1.586799E+0
83.333333	2.644928E+0	1.579270E+0
83.400000	2.633262E+0	1.477936E+0
83.466667	2.622727E+0	1.309745E+0
83.533333	2.615183E+0	1.265206E+0
83.600000	2.607762E+0	1.231954E+0
83.666667	2.601028E+0	1.200438E+0
83.733333	2.595492E+0	1.218405E+0
83.800000	2.592191E+0	1.229820E+0
83.866667	2.591880E+0	1.194163E+0
83.933333	2.591689E+0	1.120918E+0
84.000000	2.591078E+0	1.136834E+0
84.066667	2.590549E+0	1.137744E+0
84.133333	2.589506E+0	1.145709E+0
84.200000	2.587385E+0	1.162474E+0
84.266667	2.586034E+0	1.121189E+0
84.333333	2.585276E+0	1.117875E+0
84.400000	2.585486E+0	1.150075E+0
84.466667	2.585607E+0	1.202166E+0
84.533333	2.582005E+0	1.212401E+0
84.600000	2.581478E+0	1.213686E+0
84.666667	2.581308E+0	1.202947E+0
84.733333	2.581381E+0	1.208914E+0
84.800000	2.581551E+0	1.204601E+0
84.866667	2.581460E+0	1.205788E+0
84.933333	2.581481E+0	1.211401E+0
85.000000	2.581410E+0	1.213490E+0
85.066667	2.581426E+0	1.199836E+0
85.133333	2.581358E+0	1.203346E+0
85.200000	2.581362E+0	1.205698E+0
85.266667	2.581512E+0	1.210274E+0
85.333333	2.581537E+0	1.228700E+0
85.400000	2.581503E+0	1.211492E+0
85.466667	2.581479E+0	1.228227E+0
85.533333	2.581533E+0	1.205758E+0
85.600000	2.581572E+0	1.193073E+0
85.666667	2.581572E+0	1.211800E+0
85.733333	2.581531E+0	1.219562E+0
85.800000	2.581428E+0	1.221508E+0
85.866667	2.581697E+0	1.159401E+0
85.933333	2.581568E+0	1.159543E+0
86.000000	2.581479E+0	1.148023E+0
86.066667	2.581487E+0	1.129951E+0
86.133333	2.581631E+0	1.129680E+0
86.200000	2.581566E+0	1.122647E+0
86.266667	2.581626E+0	1.121422E+0
86.333333	2.581530E+0	1.120242E+0
86.400000	2.581479E+0	1.119085E+0
86.466667	2.581543E+0	1.124961E+0
86.533333	2.581522E+0	1.120347E+0
86.600000	2.581570E+0	1.118018E+0
86.666667	2.581516E+0	1.114599E+0
86.733333	2.581643E+0	1.128433E+0
86.800000	2.581551E+0	1.116838E+0
86.866667	2.581635E+0	1.096684E+0
86.933333	2.581585E+0	1.086592E+0
87.000000	2.581528E+0	1.061794E+0
87.066667	2.581403E+0	1.076244E+0
87.133333	2.581520E+0	1.073208E+0
87.200000	2.581545E+0	1.059434E+0
87.266667	2.581589E+0	1.058983E+0
87.333333	2.581706E+0	1.084240E+0
87.400000	2.581695E+0	1.067941E+0
87.466667	2.581664E+0	1.051672E+0
87.533333	2.581631E+0	1.044428E+0
87.600000	2.581626E+0	1.040685E+0
87.666667	2.581558E+0	1.041880E+0
87.733333	2.581601E+0	1.064349E+0
87.800000	2.581537E+0	1.043270E+0
87.866667	2.581493E+0	1.062553E+0
87.933333	2.581512E+0	1.051213E+0
88.000000	2.581495E+0	1.048711E+0
88.066667	2.581601E+0	1.067272E+0
88.133333	2.581385E+0	1.042143E+0
88.200000	2.581274E+0	1.072990E+0
88.266667	2.581279E+0	1.064469E+0
88.333333	2.581291E+0	1.071713E+0
88.400000	2.581368E+0	1.081444E+0
88.466667	2.581429E+0	1.069887E+0
88.533333	2.581404E+0	1.061463E+0
88.600000	2.581470E+0	1.066070E+0
88.666667	2.581551E+0	1.077394E+0
88.733333	2.581520E+0	1.067580E+0
88.800000	2.581368E+0	1.037462E+0
88.866667	2.581435E+0	1.012641E+0
88.933333	2.581464E+0	1.030668E+0
89.000000	2.581476E+0	1.054820E+0
89.066667	2.581580E+0	1.053002E+0
89.133333	2.581570E+0	1.042947E+0
89.200000	2.581580E+0	1.050131E+0
89.266667	2.581764E+0	1.044818E+0
89.333333	2.581672E+0	1.026949E+0
89.400000	2.581601E+0	1.028384E+0
89.466667	2.581620E+0	1.001970E+0
89.533333	2.581593E+0	1.019780E+0
89.600000	2.581716E+0	1.023770E+0
89.666667	2.582597E+0	1.016383E+0
89.733333	2.581993E+0	1.002128E+0
89.800000	2.582114E+0	1.001347E+0
89.866667	2.581324E+0	1.008718E+0
89.933333	2.580508E+0	1.011717E+0
90.000000	2.580741E+0	1.035320E+0
90.066667	2.581045E+0	9.953424E-1
90.133333	2.580968E+0	9.840856E-1
90.200000	2.582914E+0	9.956355E-1
90.266667	2.587263E+0	1.024642E+0
90.333333	2.592578E+0	1.069466E+0
90.400000	2.598864E+0	1.093137E+0
90.466667	2.597000E+0	1.066460E+0
90.533333	2.601222E+0	1.063717E+0
90.600000	2.610315E+0	1.079964E+0
90.666667	2.626880E+0	1.155237E+0
90.733333	2.652104E+0	1.177030E+0
90.800000	2.671078E+0	1.232405E+0
90.866667	2.683721E+0	1.264905E+0
90.933333	2.702611E+0	1.330387E+0
91.000000	2.720873E+0	1.409493E+0
91.066667	2.744059E+0	1.490628E+0
91.133333	2.766617E+0	1.564278E+0
91.200000	2.791856E+0	1.588175E+0
91.266667	2.819767E+0	1.628039E+0
91.333333	2.836448E+0	1.535813E+0
91.400000	2.853386E+0	1.570072E+0
91.466667	2.868026E+0	1.612717E+0
91.533333	2.886705E+0	1.657820E+0
91.600000	2.910754E+0	1.785259E+0
91.666667	2.942078E+0	1.923385E+0
91.733333	2.980785E+0	2.018940E+0
91.800000	2.992949E+0	2.032631E+0
91.866667	3.009606E+0	2.169254E+0
91.933333	3.023786E+0	2.232324E+0
92.000000	3.033490E+0	2.238734E+0
92.066667	3.048132E+0	2.256243E+0
92.133333	3.060769E+0	2.320259E+0
92.200000	3.075243E+0	2.381909E+0
92.266667	3.086046E+0	2.429130E+0
92.333333	3.104611E+0	2.461706E+0
92.400000	3.117508E+0	2.491419E+0
92.466667	3.150390E+0	2.576070E+0
92.533333	3.173024E+0	2.615792E+0
92.600000	3.193026E+0	2.637479E+0
92.666667	3.209895E+0	2.691156E+0
92.733333	3.226688E+0	2.731862E+0
92.800000	3.230388E+0	2.722281E+0
92.866667	3.239167E+0	2.735357E+0
92.933333	3.243318E+0	2.769871E+0
93.000000	3.249314E+0	2.818258E+0
93.066667	3.243393E+0	2.827200E+0
93.133333	3.245228E+0	2.814583E+0
93.200000	3.263976E+0	2.858107E+0
93.266667	3.295899E+0	2.935846E+0
93.333333	3.311177E+0	2.975470E+0
93.400000	3.316038E+0	2.980121E+0
93.466667	3.327550E+0	3.026554E+0
93.533333	3.326447E+0	3.081628E+0
93.600000	3.321179E+0	3.064630E+0
93.666667	3.322799E+0	3.044371E+0
93.733333	3.329477E+0	3.051976E+0
93.800000	3.339250E+0	3.070093E+0
93.866667	3.345151E+0	3.066366E+0
93.933333	3.365673E+0	3.081057E+0
94.000000	3.377926E+0	3.089383E+0
94.066667	3.396880E+0	3.121087E+0
94.133333	3.408340E+0	3.153806E+0
94.200000	3.420062E+0	3.172915E+0
94.266667	3.426192E+0	3.188095E+0
94.333333	3.432611E+0	3.203282E+0
94.400000	3.439718E+0	3.203379E+0
94.466667	3.442078E+0	3.192919E+0
94.533333	3.439201E+0	3.195835E+0
94.600000	3.436413E+0	3.197458E+0
94.666667	3.436837E+0	3.193881E+0
94.733333	3.438681E+0	3.188020E+0
94.800000	3.438056E+0	3.202485E+0
94.866667	3.439037E+0	3.206227E+0
94.933333	3.440941E+0	3.213441E+0
95.000000	3.441541E+0	3.214674E+0
95.066667	3.438029E+0	3.197924E+0
95.133333	3.430102E+0	3.206415E+0
95.200000	3.415082E+0	3.214899E+0
95.266667	3.395784E+0	3.208655E+0
95.333333	3.381346E+0	3.199870E+0
95.400000	3.371430E+0	3.189094E+0
95.466667	3.361455E+0	3.179844E+0
95.533333	3.355925E+0	3.174253E+0
95.600000	3.348864E+0	3.172960E+0
95.666667	3.343288E+0	3.175703E+0
95.733333	3.333659E+0	3.176838E+0
95.800000	3.324982E+0	3.173772E+0
95.866667	3.315816E+0	3.166513E+0
95.933333	3.305418E+0	3.156263E+0
96.000000	3.291076E+0	3.140806E+0
96.066667	3.273082E+0	3.127978E+0
96.133333	3.261070E+0	3.123785E+0
96.200000	3.248419E+0	3.111078E+0
96.266667	3.235976E+0	3.088970E+0
96.333333	3.227138E+0	3.086640E+0
96.400000	3.222325E+0	3.077217E+0
96.466667	3.215552E+0	3.070552E+0
96.533333	3.207106E+0	3.062752E+0
96.600000	3.205448E+0	3.068162E+0
96.666667	3.206810E+0	3.076330E+0
96.733333	3.200343E+0	3.084025E+0
96.800000	3.188237E+0	3.076609E+0
96.866667	3.179747E+0	3.063961E+0
96.933333	3.168904E+0	3.056500E+0
97.000000	3.157652E+0	3.042507E+0
97.066667	3.148659E+0	3.027523E+0
97.133333	3.137776E+0	3.005303E+0
97.200000	3.121588E+0	2.980407E+0
97.266667	3.107964E+0	2.946080E+0
97.333333	3.101413E+0	2.918742E+0
97.400000	3.099751E+0	2.894884E+0
97.466667	3.088829E+0	2.879050E+0
97.533333	3.073726E+0	2.873407E+0
97.600000	3.057855E+0	2.829259E+0
97.666667	3.024175E+0	2.794992E+0
97.733333	2.981064E+0	2.750356E+0
97.800000	2.946958E+0	2.685738E+0
97.866667	2.943103E+0	2.698881E+0
97.933333	2.930301E+0	2.681658E+0
98.000000	2.918321E+0	2.593932E+0
98.066667	2.911906E+0	2.580196E+0
98.133333	2.911081E+0	2.551062E+0
98.200000	2.911858E+0	2.540091E+0
98.266667	2.908661E+0	2.530036E+0
98.333333	2.909939E+0	2.508387E+0
98.400000	2.905132E+0	2.492012E+0
98.466667	2.905695E+0	2.461789E+0
98.533333	2.899634E+0	2.465118E+0
98.600000	2.900031E+0	2.493545E+0
98.666667	2.901362E+0	2.529164E+0
98.733333	2.900816E+0	2.519358E+0
98.800000	2.899115E+0	2.488450E+0
98.866667	2.900848E+0	2.475713E+0
98.933333	2.901110E+0	2.486361E+0
99.000000	2.898736E+0	2.485790E+0
99.066667	2.900506E+0	2.481447E+0
99.133333	2.901418E+0	2.474609E+0
99.200000	2.901937E+0	2.461097E+0
99.266667	2.899985E+0	2.463495E+0
99.333333	2.897696E+0	2.473346E+0
99.400000	2.895385E+0	2.476382E+0
99.466667	2.888161E+0	2.460616E+0
99.533333	2.882973E+0	2.450990E+0
99.600000	2.883837E+0	2.459046E+0
99.666667	2.881121E+0	2.483919E+0
99.733333	2.887986E+0	2.513331E+0
99.800000	2.896753E+0	2.497588E+0
99.866667	2.900517E+0	2.499767E+0
99.933333	2.899852E+0	2.504892E+0
100.000000	2.892394E+0	2.503006E+0
100.066667	2.883948E+0	2.495281E+0
100.133333	2.876537E+0	2.503397E+0
100.200000	2.866810E+0	2.500752E+0
100.266667	2.847316E+0	2.510198E+0
100.333333	2.828881E+0	2.484378E+0
100.400000	2.813039E+0	2.450096E+0
100.466667	2.809177E+0	2.417085E+0
100.533333	2.805185E+0	2.409495E+0
100.600000	2.796651E+0	2.345801E+0
100.666667	2.790896E+0	2.300293E+0
100.733333	2.787251E+0	2.261736E+0
100.800000	2.783667E+0	2.239598E+0
100.866667	2.783290E+0	2.246992E+0
100.933333	2.779507E+0	2.262803E+0
101.000000	2.775360E+0	2.225320E+0
101.066667	2.772024E+0	2.203205E+0
101.133333	2.771882E+0	2.207060E+0
101.200000	2.768291E+0	2.165955E+0
101.266667	2.760685E+0	2.135243E+0
101.333333	2.758291E+0	2.157704E+0
101.400000	2.753895E+0	2.214018E+0
101.466667	2.750668E+0	2.200883E+0
101.533333	2.746096E+0	2.133252E+0
101.600000	2.744817E+0	2.110760E+0
101.666667	2.738017E+0	2.065042E+0
101.733333	2.730631E+0	2.050223E+0
101.800000	2.726847E+0	2.040755E+0
101.866667	2.727015E+0	2.033338E+0
101.933333	2.725432E+0	2.029055E+0
102.000000	2.722371E+0	2.015468E+0
102.066667	2.716018E+0	1.973605E+0
102.133333	2.709484E+0	1.962671E+0
102.200000	2.703440E+0	1.932590E+0
102.266667	2.697406E+0	1.924527E+0
102.333333	2.695327E+0	1.901788E+0
102.400000	2.697943E+0	1.882175E+0
102.466667	2.695402E+0	1.892462E+0
102.533333	2.692673E+0	1.927247E+0
102.600000	2.690657E+0	1.969562E+0
102.666667	2.686781E+0	1.971478E+0
102.733333	2.683178E+0	1.910805E+0
102.800000	2.674734E+0	1.836899E+0
102.866667	2.667885E+0	1.828303E+0
102.933333	2.662980E+0	1.760574E+0
103.000000	2.657028E+0	1.670128E+0
103.066667	2.651443E+0	1.629918E+0
103.133333	2.650966E+0	1.610636E+0
103.200000	2.647940E+0	1.521550E+0
103.266667	2.645205E+0	1.512465E+0
103.333333	2.638192E+0	1.507994E+0
103.400000	2.633104E+0	1.462508E+0
103.466667	2.626312E+0	1.436831E+0
103.533333	2.621571E+0	1.459803E+0
103.600000	2.618428E+0	1.456639E+0
103.666667	2.617220E+0	1.438372E+0
103.733333	2.614269E+0	1.443166E+0
103.800000	2.608999E+0	1.432300E+0
103.866667	2.604608E+0	1.392728E+0
103.933333	2.603042E+0	1.302696E+0
104.000000	2.601047E+0	1.385559E+0
104.066667	2.597871E+0	1.421599E+0
104.133333	2.592868E+0	1.405112E+0
104.200000	2.588731E+0	1.355260E+0
104.266667	2.588650E+0	1.262696E+0
104.333333	2.590097E+0	1.205803E+0
104.400000	2.590104E+0	1.211011E+0
104.466667	2.591701E+0	1.222696E+0
104.533333	2.593372E+0	1.236996E+0
104.600000	2.600620E+0	1.261531E+0
104.666667	2.609266E+0	1.308956E+0
104.733333	2.615660E+0	1.331078E+0
104.800000	2.625268E+0	1.322271E+0
104.866667	2.635072E+0	1.315553E+0
104.933333	2.642875E+0	1.312352E+0
105.000000	2.654451E+0	1.341674E+0
105.066667	2.661370E+0	1.355148E+0
105.133333	2.668050E+0	1.417060E+0
105.200000	2.671443E+0	1.501238E+0
105.266667	2.677371E+0	1.506799E+0
105.333333	2.684373E+0	1.521257E+0
105.400000	2.689216E+0	1.548069E+0
105.466667	2.694779E+0	1.623027E+0
105.533333	2.700424E+0	1.684241E+0
105.600000	2.706945E+0	1.675216E+0
105.666667	2.715693E+0	1.684023E+0
105.733333	2.727553E+0	1.677651E+0
105.800000	2.736788E+0	1.715922E+0
105.866667	2.742903E+0	1.738248E+0
105.933333	2.749908E+0	1.806789E+0
106.000000	2.753772E+0	1.831542E+0
106.066667	2.761832E+0	1.859984E+0
106.133333	2.770193E+0	1.924159E+0
106.200000	2.773365E+0	1.956719E+0
106.266667	2.775983E+0	1.987815E+0
106.333333	2.776485E+0	1.961296E+0
106.400000	2.776948E+0	2.018301E+0
106.466667	2.780255E+0	2.026800E+0
106.533333	2.779080E+0	2.034367E+0
106.600000	2.774598E+0	2.030054E+0
106.666667	2.769020E+0	2.004677E+0
106.733333	2.766533E+0	1.991647E+0
106.800000	2.762430E+0	1.945387E+0
106.866667	2.757119E+0	1.925203E+0
106.933333	2.759583E+0	1.968059E+0
107.000000	2.757137E+0	1.956028E+0
107.066667	2.745824E+0	1.963948E+0
107.133333	2.738506E+0	2.007653E+0
107.200000	2.741737E+0	2.009457E+0
107.266667	2.747377E+0	1.992226E+0
107.333333	2.740725E+0	1.970922E+0
107.400000	2.731152E+0	1.964497E+0
107.466667	2.731283E+0	1.960755E+0
107.533333	2.737059E+0	1.972800E+0
107.600000	2.736672E+0	1.971651E+0
107.666667	2.725936E+0	1.944981E+0
107.733333	2.720852E+0	1.933755E+0
107.800000	2.727549E+0	1.944997E+0
107.866667	2.733560E+0	1.972410E+0
107.933333	2.728465E+0	1.969787E+0
108.000000	2.720042E+0	1.952594E+0
108.066667	2.721914E+0	1.930103E+0
108.133333	2.730092E+0	1.951752E+0
108.200000	2.725255E+0	1.959004E+0
108.266667	2.715978E+0	1.934859E+0
108.333333	2.701884E+0	1.891094E+0
108.400000	2.687954E+0	1.781427E+0
108.466667	2.677206E+0	1.677004E+0
108.533333	2.671916E+0	1.593149E+0
108.600000	2.666879E+0	1.541622E+0
108.666667	2.660748E+0	1.545695E+0
108.733333	2.652560E+0	1.520506E+0
108.800000	2.648057E+0	1.467055E+0
108.866667	2.644156E+0	1.442632E+0
108.933333	2.643543E+0	1.431195E+0
109.000000	2.639904E+0	1.442918E+0
109.066667	2.636732E+0	1.425860E+0
109.133333	2.633062E+0	1.381471E+0
109.200000	2.629676E+0	1.365661E+0
109.266667	2.621967E+0	1.391398E+0
109.333333	2.613498E+0	1.376466E+0
109.400000	2.604377E+0	1.313494E+0
109.466667	2.601522E+0	1.249914E+0
109.533333	2.600659E+0	1.254911E+0
109.600000	2.596362E+0	1.247201E+0
109.666667	2.595752E+0	1.255106E+0
109.733333	2.599406E+0	1.244864E+0
109.800000	2.604675E+0	1.262801E+0
109.866667	2.611569E+0	1.265860E+0
109.933333	2.617951E+0	1.249598E+0
110.000000	2.624577E+0	1.236447E+0
110.066667	2.630305E+0	1.259029E+0
110.133333	2.636547E+0	1.301539E+0
110.200000	2.644624E+0	1.329778E+0
110.266667	2.650642E+0	1.333964E+0
110.333333	2.657963E+0	1.364541E+0
110.400000	2.668244E+0	1.395606E+0
110.466667	2.674205E+0	1.405067E+0
110.533333	2.678983E+0	1.401806E+0
110.600000	2.683488E+0	1.431751E+0
110.666667	2.687693E+0	1.452010E+0
110.733333	2.694106E+0	1.522152E+0
110.800000	2.698695E+0	1.541366E+0
110.866667	2.703131E+0	1.568268E+0
110.933333	2.709711E+0	1.600160E+0
111.000000	2.715899E+0	1.636478E+0
111.066667	2.721887E+0	1.771973E+0
111.133333	2.724583E+0	1.848344E+0
111.200000	2.727253E+0	1.868799E+0
111.266667	2.728184E+0	1.890073E+0
111.333333	2.730527E+0	1.884437E+0
111.400000	2.734020E+0	1.892410E+0
111.466667	2.736838E+0	1.895145E+0
111.533333	2.738065E+0	1.913060E+0
111.600000	2.741666E+0	1.926481E+0
111.666667	2.744080E+0	1.962866E+0
111.733333	2.745161E+0	1.983479E+0
111.800000	2.745938E+0	1.991865E+0
111.866667	2.747413E+0	1.989265E+0
111.933333	2.751716E+0	2.007946E+0
112.000000	2.756885E+0	2.057121E+0
112.066667	2.761041E+0	2.108070E+0
112.133333	2.762499E+0	2.137407E+0
112.200000	2.762338E+0	2.117757E+0
112.266667	2.763905E+0	2.104148E+0
112.333333	2.765496E+0	2.092139E+0
112.400000	2.764492E+0	2.100533E+0
112.466667	2.764598E+0	2.130088E+0
112.533333	2.764523E+0	2.140390E+0
112.600000	2.764715E+0	2.141953E+0
112.666667	2.765111E+0	2.172049E+0
112.733333	2.766150E+0	2.168074E+0
112.800000	2.767323E+0	2.168690E+0
112.866667	2.770095E+0	2.171704E+0
112.933333	2.770082E+0	2.193195E+0
113.000000	2.771859E+0	2.210900E+0
113.066667	2.772228E+0	2.250704E+0
113.133333	2.773917E+0	2.257625E+0
113.200000	2.773915E+0	2.250088E+0
113.266667	2.773752E+0	2.254379E+0
113.333333	2.772376E+0	2.268912E+0
113.400000	2.772963E+0	2.281003E+0
113.466667	2.771857E+0	2.288210E+0
113.533333	2.769533E+0	2.287834E+0
113.600000	2.767042E+0	2.260316E+0
113.666667	2.766912E+0	2.199958E+0
113.733333	2.763055E+0	2.131042E+0
113.800000	2.757569E+0	2.099977E+0
113.866667	2.756840E+0	2.098234E+0
113.933333	2.758050E+0	2.115788E+0
114.000000	2.756629E+0	2.106913E+0
114.066667	2.751991E+0	2.064944E+0
114.133333	2.748387E+0	2.007503E+0
114.200000	2.745563E+0	1.980984E+0
114.266667	2.739323E+0	1.933890E+0
114.333333	2.731069E+0	1.891079E+0
114.400000	2.732185E+0	1.855814E+0
114.466667	2.734980E+0	1.866319E+0
114.533333	2.724991E+0	1.830144E+0
114.600000	2.705468E+0	1.788017E+0
114.666667	2.684484E+0	1.737121E+0
114.733333	2.669716E+0	1.687705E+0
114.800000	2.653624E+0	1.618796E+0
114.866667	2.635751E+0	1.454325E+0
114.933333	2.623492E+0	1.347573E+0
115.000000	2.611907E+0	1.312074E+0
115.066667	2.601305E+0	1.270804E+0
115.133333	2.598058E+0	1.255369E+0
115.200000	2.594061E+0	1.249583E+0
115.266667	2.592572E+0	1.254723E+0
115.333333	2.590168E+0	1.245893E+0
115.400000	2.590276E+0	1.254723E+0
115.466667	2.593488E+0	1.217864E+0
115.533333	2.598325E+0	1.159927E+0
115.600000	2.604002E+0	1.184785E+0
115.666667	2.610001E+0	1.204172E+0
115.733333	2.623785E+0	1.227746E+0
115.800000	2.640904E+0	1.250214E+0
115.866667	2.658779E+0	1.316019E+0
115.933333	2.676669E+0	1.359010E+0
116.000000	2.690826E+0	1.405105E+0
116.066667	2.707691E+0	1.522550E+0
116.133333	2.720000E+0	1.600220E+0
116.200000	2.725711E+0	1.695505E+0
116.266667	2.721971E+0	1.731665E+0
116.333333	2.720554E+0	1.766623E+0
116.400000	2.727624E+0	1.807299E+0
116.466667	2.731962E+0	1.840506E+0
116.533333	2.736521E+0	1.840371E+0
116.600000	2.742739E+0	1.853462E+0
116.666667	2.745869E+0	1.879402E+0
116.733333	2.748163E+0	1.912661E+0
116.800000	2.753036E+0	1.910700E+0
116.866667	2.757013E+0	1.932830E+0
116.933333	2.767066E+0	1.943193E+0
117.000000	2.776977E+0	1.936415E+0
117.066667	2.781132E+0	1.945350E+0
117.133333	2.781669E+0	1.941698E+0
117.200000	2.780972E+0	1.931012E+0
117.266667	2.788328E+0	1.952962E+0
117.333333	2.797739E+0	2.016302E+0
117.400000	2.814282E+0	2.073939E+0
117.466667	2.832878E+0	2.088683E+0
117.533333	2.847993E+0	2.146703E+0
117.600000	2.872032E+0	2.183404E+0
117.666667	2.887466E+0	2.260563E+0
117.733333	2.901037E+0	2.318373E+0
117.800000	2.910981E+0	2.404370E+0
117.866667	2.926475E+0	2.461616E+0
117.933333	2.933619E+0	2.516585E+0
118.000000	2.938283E+0	2.518486E+0
118.066667	2.944829E+0	2.521139E+0
118.133333	2.953744E+0	2.512129E+0
118.200000	2.961430E+0	2.518884E+0
118.266667	2.964714E+0	2.506666E+0
118.333333	2.966443E+0	2.526414E+0
118.400000	2.972781E+0	2.531058E+0
118.466667	2.981527E+0	2.534011E+0
118.533333	2.990902E+0	2.513474E+0
118.600000	2.996463E+0	2.512888E+0
118.666667	3.000029E+0	2.549010E+0
118.733333	3.005319E+0	2.574282E+0
118.800000	3.006727E+0	2.575176E+0
118.866667	3.005128E+0	2.567887E+0
118.933333	3.005569E+0	2.578257E+0
119.000000	3.010272E+0	2.586989E+0
119.066667	3.011982E+0	2.593993E+0
119.133333	3.012518E+0	2.609796E+0
119.200000	3.011543E+0	2.616935E+0
119.266667	3.014036E+0	2.620812E+0
119.333333	3.014673E+0	2.647602E+0
119.400000	3.020476E+0	2.679959E+0
119.466667	3.031026E+0	2.715000E+0
119.533333	3.034621E+0	2.663187E+0
119.600000	3.034294E+0	2.597983E+0
119.666667	3.034217E+0	2.580466E+0
119.733333	3.033279E+0	2.577934E+0
119.800000	3.035720E+0	2.611975E+0
119.866667	3.041090E+0	2.648766E+0
119.933333	3.038249E+0	2.604460E+0
120.000000	3.030093E+0	2.562604E+0
120.066667	3.034585E+0	2.577415E+0
120.133333	3.040509E+0	2.643671E+0
120.200000	3.041207E+0	2.645685E+0
120.266667	3.030105E+0	2.613959E+0
120.333333	3.013463E+0	2.549341E+0
120.400000	2.998292E+0	2.517479E+0
120.466667	2.982462E+0	2.455033E+0
120.533333	2.954793E+0	2.407932E+0
120.600000	2.925682E+0	2.356998E+0
120.666667	2.903389E+0	2.287917E+0
120.733333	2.880430E+0	2.184644E+0
120.800000	2.856429E+0	2.174259E+0
120.866667	2.827540E+0	2.163212E+0
120.933333	2.807707E+0	2.147447E+0
121.000000	2.795118E+0	2.118418E+0
121.066667	2.778135E+0	2.091110E+0
121.133333	2.758545E+0	2.069182E+0
121.200000	2.735016E+0	2.019857E+0
121.266667	2.717093E+0	1.994578E+0
121.333333	2.711556E+0	1.960319E+0
121.400000	2.700161E+0	1.927984E+0
121.466667	2.677058E+0	1.758079E+0
121.533333	2.659075E+0	1.490680E+0
121.600000	2.655292E+0	1.507972E+0
121.666667	2.646853E+0	1.529456E+0
121.733333	2.641831E+0	1.539480E+0
121.800000	2.632669E+0	1.571996E+0
121.866667	2.623331E+0	1.578308E+0
121.933333	2.615431E+0	1.502133E+0
122.000000	2.611984E+0	1.477087E+0
122.066667	2.608814E+0	1.496211E+0
122.133333	2.605931E+0	1.408719E+0
122.200000	2.603667E+0	1.396380E+0
122.266667	2.600707E+0	1.372634E+0
122.333333	2.597381E+0	1.316049E+0
122.400000	2.595252E+0	1.304605E+0
122.466667	2.594005E+0	1.320032E+0
122.533333	2.595885E+0	1.316756E+0
122.600000	2.611665E+0	1.333851E+0
122.666667	2.629401E+0	1.417331E+0
122.733333	2.646424E+0	1.495257E+0
122.800000	2.665776E+0	1.518199E+0
122.866667	2.685256E+0	1.611951E+0
122.933333	2.698887E+0	1.749452E+0
123.000000	2.708084E+0	1.832263E+0
123.066667	2.714872E+0	1.870580E+0
123.133333	2.719473E+0	1.948446E+0
123.200000	2.723170E+0	1.988859E+0
123.266667	2.730706E+0	2.020368E+0
123.333333	2.742941E+0	2.034923E+0
123.400000	2.757158E+0	2.052290E+0
123.466667	2.775364E+0	2.079289E+0
123.533333	2.788751E+0	2.107943E+0
123.600000	2.808032E+0	2.145530E+0
123.666667	2.819767E+0	2.179316E+0
123.733333	2.833774E+0	2.245286E+0
123.800000	2.838687E+0	2.270746E+0
123.866667	2.845307E+0	2.265373E+0
123.933333	2.861830E+0	2.293320E+0
124.000000	2.879751E+0	2.327458E+0
124.066667	2.888599E+0	2.342510E+0
124.133333	2.894689E+0	2.380256E+0
124.200000	2.890829E+0	2.356044E+0
124.266667	2.891652E+0	2.363438E+0
124.333333	2.894818E+0	2.422968E+0
124.400000	2.899813E+0	2.347454E+0
124.466667	2.904441E+0	2.343043E+0
124.533333	2.905967E+0	2.341601E+0
124.600000	2.908835E+0	2.341045E+0
124.666667	2.911175E+0	2.348567E+0
124.733333	2.912912E+0	2.360845E+0
124.800000	2.906519E+0	2.355706E+0
124.866667	2.892033E+0	2.309401E+0
124.933333	2.887139E+0	2.310535E+0
125.000000	2.880811E+0	2.307267E+0
125.066667	2.882646E+0	2.311152E+0
125.133333	2.882710E+0	2.318659E+0
125.200000	2.887170E+0	2.291163E+0
125.266667	2.891925E+0	2.292944E+0
125.333333	2.890904E+0	2.340586E+0
125.400000	2.866273E+0	2.365309E+0
125.466667	2.848762E+0	2.343885E+0
125.533333	2.837390E+0	2.303569E+0
125.600000	2.827198E+0	2.221488E+0
125.666667	2.811046E+0	2.155961E+0
125.733333	2.788443E+0	2.122123E+0
125.800000	2.772255E+0	2.104260E+0
125.866667	2.759808E+0	2.111226E+0
125.933333	2.752126E+0	2.150220E+0
126.000000	2.738005E+0	2.147041E+0
126.066667	2.718567E+0	2.030227E+0
126.133333	2.708741E+0	1.975874E+0
126.200000	2.702146E+0	1.929276E+0
126.266667	2.695635E+0	1.801288E+0
126.333333	2.691642E+0	1.777144E+0
126.400000	2.690897E+0	1.764211E+0
126.466667	2.689155E+0	1.732297E+0
126.533333	2.689901E+0	1.554652E+0
126.600000	2.688547E+0	1.511030E+0
126.666667	2.694404E+0	1.537594E+0
126.733333	2.693915E+0	1.558958E+0
126.800000	2.694690E+0	1.527201E+0
126.866667	2.692869E+0	1.463801E+0
126.933333	2.691607E+0	1.451034E+0
127.000000	2.690830E+0	1.494363E+0
127.066667	2.691767E+0	1.534949E+0
127.133333	2.695781E+0	1.525683E+0
127.200000	2.709147E+0	1.551526E+0
127.266667	2.723864E+0	1.589813E+0
127.333333	2.741327E+0	1.636598E+0
127.400000	2.761078E+0	1.716321E+0
127.466667	2.774242E+0	1.812379E+0
127.533333	2.784679E+0	1.890133E+0
127.600000	2.796607E+0	1.880198E+0
127.666667	2.803196E+0	1.916035E+0
127.733333	2.809357E+0	1.931703E+0
127.800000	2.814901E+0	1.944636E+0
127.866667	2.817449E+0	1.970396E+0
127.933333	2.820539E+0	2.007758E+0
128.000000	2.825136E+0	2.085917E+0
128.066667	2.829044E+0	2.174334E+0
128.133333	2.827869E+0	2.232692E+0
128.200000	2.827644E+0	2.252433E+0
128.266667	2.827046E+0	2.270919E+0
128.333333	2.827965E+0	2.269002E+0
128.400000	2.833897E+0	2.175731E+0
128.466667	2.836150E+0	2.180586E+0
128.533333	2.829292E+0	2.161010E+0
128.600000	2.828696E+0	2.164069E+0
128.666667	2.833745E+0	2.195585E+0
128.733333	2.836261E+0	2.209397E+0
128.800000	2.837981E+0	2.207293E+0
128.866667	2.838875E+0	2.237569E+0
128.933333	2.840826E+0	2.276059E+0
129.000000	2.842026E+0	2.261751E+0
129.066667	2.846829E+0	2.280432E+0
129.133333	2.851138E+0	2.309438E+0
129.200000	2.855417E+0	2.309724E+0
129.266667	2.854582E+0	2.324933E+0
129.333333	2.856071E+0	2.365512E+0
129.400000	2.858431E+0	2.406196E+0
129.466667	2.864098E+0	2.470340E+0
129.533333	2.865962E+0	2.458114E+0
129.600000	2.866410E+0	2.406609E+0
129.666667	2.864092E+0	2.379715E+0
129.733333	2.865364E+0	2.391821E+0
129.800000	2.869622E+0	2.400665E+0
129.866667	2.869409E+0	2.390333E+0
129.933333	2.869792E+0	2.381879E+0
130.000000	2.874354E+0	2.402581E+0
130.066667	2.874770E+0	2.423705E+0
130.133333	2.874644E+0	2.430265E+0
130.200000	2.873773E+0	2.413064E+0
130.266667	2.875281E+0	2.391745E+0
130.333333	2.877568E+0	2.388454E+0
130.400000	2.876187E+0	2.380932E+0
130.466667	2.876451E+0	2.378362E+0
130.533333	2.873215E+0	2.382232E+0
130.600000	2.877480E+0	2.380308E+0
130.666667	2.876893E+0	2.383096E+0
130.733333	2.877033E+0	2.392159E+0
130.800000	2.878061E+0	2.374560E+0
130.866667	2.877922E+0	2.380744E+0
130.933333	2.870732E+0	2.390137E+0
131.000000	2.861195E+0	2.382517E+0
131.066667	2.865179E+0	2.387778E+0
131.133333	2.867666E+0	2.402213E+0
131.200000	2.869745E+0	2.427620E+0
131.266667	2.870861E+0	2.443055E+0
131.333333	2.869370E+0	2.402920E+0
131.400000	2.866991E+0	2.370141E+0
131.466667	2.872981E+0	2.361995E+0
131.533333	2.873581E+0	2.297174E+0
131.600000	2.879369E+0	2.250704E+0
131.666667	2.889563E+0	2.303577E+0
131.733333	2.903358E+0	2.370088E+0
131.800000	2.910847E+0	2.394105E+0
131.866667	2.921510E+0	2.453801E+0
131.933333	2.933796E+0	2.476525E+0
132.000000	2.949414E+0	2.502495E+0
132.066667	2.958611E+0	2.499414E+0
132.133333	2.969730E+0	2.523964E+0
132.200000	2.976424E+0	2.605272E+0
132.266667	2.986449E+0	2.625065E+0
132.333333	2.987836E+0	2.602071E+0
132.400000	2.991033E+0	2.592730E+0
132.466667	2.992951E+0	2.581781E+0
132.533333	3.002653E+0	2.563807E+0
132.600000	3.015152E+0	2.595458E+0
132.666667	3.032898E+0	2.647271E+0
132.733333	3.046810E+0	2.664096E+0
132.800000	3.044162E+0	2.661195E+0
132.866667	3.057266E+0	2.705178E+0
132.933333	3.069296E+0	2.737754E+0
133.000000	3.083478E+0	2.758960E+0
133.066667	3.102032E+0	2.791115E+0
133.133333	3.106592E+0	2.769856E+0
133.200000	3.107391E+0	2.760508E+0
133.266667	3.110797E+0	2.764213E+0
133.333333	3.131554E+0	2.794301E+0
133.400000	3.124117E+0	2.777228E+0
133.466667	3.131407E+0	2.787696E+0
133.533333	3.127918E+0	2.821338E+0
133.600000	3.120013E+0	2.831393E+0
133.666667	3.104475E+0	2.780008E+0
133.733333	3.099360E+0	2.767061E+0
133.800000	3.095731E+0	2.759914E+0
133.866667	3.091239E+0	2.749281E+0
133.933333	3.073176E+0	2.732246E+0
134.000000	3.055903E+0	2.721876E+0
134.066667	3.027427E+0	2.673339E+0
134.133333	2.986253E+0	2.605610E+0
134.200000	2.951996E+0	2.516172E+0
134.266667	2.921099E+0	2.448826E+0
134.333333	2.890727E+0	2.354766E+0
134.400000	2.865279E+0	2.263502E+0
134.466667	2.838479E+0	2.250261E+0
134.533333	2.808746E+0	2.231873E+0
134.600000	2.783904E+0	2.189273E+0
134.666667	2.767727E+0	2.175634E+0
134.733333	2.757604E+0	2.167736E+0
134.800000	2.748002E+0	2.179541E+0
134.866667	2.736226E+0	2.135769E+0
134.933333	2.728548E+0	2.065575E+0
135.000000	2.719813E+0	2.077110E+0
135.066667	2.706154E+0	2.007337E+0
135.133333	2.687000E+0	1.875998E+0
135.200000	2.660897E+0	1.702779E+0
135.266667	2.634162E+0	1.569042E+0
135.333333	2.619009E+0	1.476906E+0
135.400000	2.615985E+0	1.391473E+0
135.466667	2.607993E+0	1.324939E+0
135.533333	2.600039E+0	1.301847E+0
135.600000	2.593898E+0	1.353547E+0
135.666667	2.591387E+0	1.334588E+0
135.733333	2.591988E+0	1.282256E+0
135.800000	2.591453E+0	1.306867E+0
135.866667	2.592034E+0	1.234516E+0
135.933333	2.591214E+0	1.225814E+0
136.000000	2.593578E+0	1.233479E+0
136.066667	2.598568E+0	1.255745E+0
136.133333	2.596548E+0	1.296294E+0
136.200000	2.592659E+0	1.271946E+0
136.266667	2.588067E+0	1.204931E+0
136.333333	2.589329E+0	1.235824E+0
136.400000	2.589168E+0	1.234373E+0
136.466667	2.601436E+0	1.227122E+0
136.533333	2.615931E+0	1.280055E+0
136.600000	2.638959E+0	1.321828E+0
136.666667	2.671122E+0	1.378518E+0
136.733333	2.693761E+0	1.415129E+0
136.800000	2.711896E+0	1.481979E+0
136.866667	2.723504E+0	1.487817E+0
136.933333	2.736228E+0	1.479957E+0
137.000000	2.749595E+0	1.519544E+0
137.066667	2.764378E+0	1.660352E+0
137.133333	2.770576E+0	1.843617E+0
137.200000	2.782088E+0	1.917696E+0
137.266667	2.789030E+0	1.960634E+0
137.333333	2.805657E+0	1.913623E+0
137.400000	2.830216E+0	1.877771E+0
137.466667	2.853023E+0	1.981127E+0
137.533333	2.866164E+0	2.071497E+0
137.600000	2.885106E+0	2.106800E+0
137.666667	2.905853E+0	2.094469E+0
137.733333	2.927412E+0	2.196569E+0
137.800000	2.931909E+0	2.283956E+0
137.866667	2.939984E+0	2.313068E+0
137.933333	2.940149E+0	2.352482E+0
138.000000	2.941195E+0	2.400342E+0
138.066667	2.940514E+0	2.407143E+0
138.133333	2.940478E+0	2.395443E+0
138.200000	2.935800E+0	2.383953E+0
138.266667	2.932315E+0	2.386816E+0
138.333333	2.922587E+0	2.410720E+0
138.400000	2.909381E+0	2.378745E+0
138.466667	2.893977E+0	2.333229E+0
138.533333	2.883275E+0	2.328570E+0
138.600000	2.872588E+0	2.351700E+0
138.666667	2.864850E+0	2.356780E+0
138.733333	2.850862E+0	2.291065E+0
138.800000	2.831316E+0	2.268709E+0
138.866667	2.818415E+0	2.238982E+0
138.933333	2.806226E+0	2.220736E+0
139.000000	2.793306E+0	2.167488E+0
139.066667	2.774092E+0	2.176814E+0
139.133333	2.756711E+0	2.168067E+0
139.200000	2.741414E+0	2.147379E+0
139.266667	2.726707E+0	2.049584E+0
139.333333	2.721989E+0	1.981660E+0
139.400000	2.703673E+0	1.948566E+0
139.466667	2.687387E+0	1.888765E+0
139.533333	2.666679E+0	1.813942E+0
139.600000	2.655386E+0	1.754780E+0
139.666667	2.639394E+0	1.614137E+0
139.733333	2.630032E+0	1.620592E+0
139.800000	2.622221E+0	1.590835E+0
139.866667	2.613579E+0	1.470053E+0
139.933333	2.608197E+0	1.403887E+0
140.000000	2.603671E+0	1.358146E+0
140.066667	2.595633E+0	1.266303E+0
140.133333	2.589729E+0	1.249064E+0
140.200000	2.586100E+0	1.228730E+0
140.266667	2.584326E+0	1.217586E+0
140.333333	2.583745E+0	1.193276E+0
140.400000	2.582766E+0	1.208523E+0
140.466667	2.581641E+0	1.167471E+0
140.533333	2.582628E+0	1.141433E+0
140.600000	2.585765E+0	1.149819E+0
140.666667	2.584971E+0	1.198830E+0
140.733333	2.584821E+0	1.188617E+0
140.800000	2.587573E+0	1.202639E+0
140.866667	2.588062E+0	1.189038E+0
140.933333	2.590216E+0	1.165487E+0
141.000000	2.596594E+0	1.174805E+0
141.066667	2.602603E+0	1.167922E+0
141.133333	2.610159E+0	1.177789E+0
141.200000	2.615529E+0	1.203474E+0
141.266667	2.626485E+0	1.260321E+0
141.333333	2.637470E+0	1.237717E+0
141.400000	2.651533E+0	1.329523E+0
141.466667	2.663253E+0	1.354163E+0
141.533333	2.675725E+0	1.335347E+0
141.600000	2.692478E+0	1.427167E+0
141.666667	2.708824E+0	1.549700E+0
141.733333	2.720985E+0	1.649741E+0
141.800000	2.732520E+0	1.675885E+0
141.866667	2.749002E+0	1.721656E+0
141.933333	2.762553E+0	1.832594E+0
142.000000	2.773807E+0	1.886992E+0
142.066667	2.786791E+0	1.891530E+0
142.133333	2.801252E+0	1.889020E+0
142.200000	2.813374E+0	1.934619E+0
142.266667	2.826678E+0	1.924963E+0
142.333333	2.842888E+0	1.988250E+0
142.400000	2.857764E+0	1.998771E+0
142.466667	2.869305E+0	2.006473E+0
142.533333	2.884964E+0	2.063937E+0
142.600000	2.900121E+0	2.112173E+0
142.666667	2.913234E+0	2.164475E+0
142.733333	2.923751E+0	2.210734E+0
142.800000	2.931461E+0	2.203543E+0
142.866667	2.942267E+0	2.238170E+0
142.933333	2.951888E+0	2.235780E+0
143.000000	2.955639E+0	2.245985E+0
143.066667	2.960273E+0	2.327346E+0
143.133333	2.969063E+0	2.363476E+0
143.200000	2.978194E+0	2.404693E+0
143.266667	2.983803E+0	2.433143E+0
143.333333	2.985474E+0	2.448939E+0
143.400000	2.986251E+0	2.465193E+0
143.466667	2.987386E+0	2.456108E+0
143.533333	2.989994E+0	2.472106E+0
143.600000	2.993291E+0	2.491809E+0
143.666667	2.994957E+0	2.488774E+0
143.733333	2.997419E+0	2.460819E+0
143.800000	2.997721E+0	2.456476E+0
143.866667	2.997440E+0	2.441995E+0
143.933333	2.994326E+0	2.442566E+0
144.000000	2.990996E+0	2.440733E+0
144.066667	2.980948E+0	2.440876E+0
144.133333	2.963104E+0	2.428710E+0
144.200000	2.943140E+0	2.417949E+0
144.266667	2.930793E+0	2.403686E+0
144.333333	2.923847E+0	2.373462E+0
144.400000	2.902641E+0	2.316607E+0
144.466667	2.888753E+0	2.264824E+0
144.533333	2.881981E+0	2.276742E+0
144.600000	2.886737E+0	2.298459E+0
144.666667	2.888113E+0	2.326211E+0
144.733333	2.890365E+0	2.339669E+0
144.800000	2.892337E+0	2.337881E+0
144.866667	2.891850E+0	2.330877E+0
144.933333	2.883269E+0	2.323100E+0
145.000000	2.874354E+0	2.326767E+0
145.066667	2.873575E+0	2.333658E+0
145.133333	2.872960E+0	2.310445E+0
145.200000	2.870301E+0	2.337648E+0
145.266667	2.861420E+0	2.290810E+0
145.333333	2.844540E+0	2.259481E+0
145.400000	2.840962E+0	2.160454E+0
145.466667	2.833901E+0	2.091666E+0
145.533333	2.828140E+0	2.074758E+0
145.600000	2.821541E+0	2.076637E+0
145.666667	2.809631E+0	2.148634E+0
145.733333	2.799590E+0	2.156532E+0
145.800000	2.776764E+0	2.121664E+0
145.866667	2.754465E+0	2.050358E+0
145.933333	2.737450E+0	1.984749E+0
146.000000	2.722554E+0	1.923204E+0
146.066667	2.706068E+0	1.888637E+0
146.133333	2.690643E+0	1.819413E+0
146.200000	2.681274E+0	1.706138E+0
146.266667	2.670860E+0	1.627791E+0
146.333333	2.661908E+0	1.584778E+0
146.400000	2.649535E+0	1.564038E+0
146.466667	2.635595E+0	1.527833E+0
146.533333	2.626705E+0	1.372371E+0
146.600000	2.621542E+0	1.258413E+0
146.666667	2.616506E+0	1.224229E+0
146.733333	2.614654E+0	1.246322E+0
146.800000	2.612482E+0	1.226633E+0
146.866667	2.610499E+0	1.219307E+0
146.933333	2.607097E+0	1.227174E+0
147.000000	2.602636E+0	1.243045E+0
147.066667	2.599131E+0	1.196395E+0
147.133333	2.597127E+0	1.196169E+0
147.200000	2.595184E+0	1.187528E+0
147.266667	2.589918E+0	1.193847E+0
147.333333	2.586631E+0	1.225491E+0
147.400000	2.585184E+0	1.180073E+0
147.466667	2.584938E+0	1.147723E+0
147.533333	2.585736E+0	1.203721E+0
147.600000	2.582999E+0	1.230909E+0
147.666667	2.583384E+0	1.102079E+0
147.733333	2.584122E+0	1.079265E+0
147.800000	2.582589E+0	1.045074E+0
147.866667	2.582193E+0	1.004187E+0
147.933333	2.581739E+0	9.802982E-1
148.000000	2.580906E+0	9.808017E-1
148.066667	2.580949E+0	9.611511E-1
148.133333	2.581079E+0	9.682298E-1
148.200000	2.581037E+0	9.532458E-1
148.266667	2.580931E+0	9.302887E-1
148.333333	2.581172E+0	9.444537E-1
148.400000	2.581027E+0	9.551319E-1
148.466667	2.581049E+0	9.628043E-1
148.533333	2.581076E+0	9.726108E-1
148.600000	2.580981E+0	9.766987E-1
148.666667	2.581070E+0	9.975291E-1
148.733333	2.581228E+0	9.830561E-1
148.800000	2.581353E+0	1.009921E+0
148.866667	2.581039E+0	1.027550E+0
148.933333	2.581012E+0	1.018345E+0
149.000000	2.581304E+0	1.015271E+0
149.066667	2.581968E+0	1.028835E+0
149.133333	2.586292E+0	1.040760E+0
149.200000	2.591966E+0	1.063620E+0
149.266667	2.597125E+0	1.081692E+0
149.333333	2.601778E+0	1.091341E+0
149.400000	2.603552E+0	1.097751E+0
149.466667	2.608910E+0	1.096624E+0
149.533333	2.612205E+0	1.133964E+0
149.600000	2.614991E+0	1.251341E+0
149.666667	2.618237E+0	1.206750E+0
149.733333	2.619451E+0	1.162947E+0
149.800000	2.619822E+0	1.182929E+0
149.866667	2.622673E+0	1.256496E+0
149.933333	2.626456E+0	1.187317E+0
150.000000	2.629213E+0	1.175369E+0
150.066667	2.631808E+0	1.203413E+0
150.133333	2.638071E+0	1.305642E+0
150.200000	2.648719E+0	1.370124E+0
150.266667	2.664459E+0	1.399559E+0
150.333333	2.676894E+0	1.364646E+0
150.400000	2.691294E+0	1.383290E+0
150.466667	2.701459E+0	1.504876E+0
150.533333	2.711373E+0	1.523662E+0
150.600000	2.722210E+0	1.551902E+0
150.666667	2.732021E+0	1.566833E+0
150.733333	2.738146E+0	1.531935E+0
150.800000	2.746407E+0	1.554847E+0
150.866667	2.754892E+0	1.573318E+0
150.933333	2.762849E+0	1.579623E+0
151.000000	2.767804E+0	1.577609E+0
151.066667	2.777816E+0	1.619105E+0
151.133333	2.792190E+0	1.692650E+0
151.200000	2.808851E+0	1.746950E+0
151.266667	2.821731E+0	1.804902E+0
151.333333	2.832207E+0	1.893063E+0
151.400000	2.843757E+0	1.978865E+0
151.466667	2.849002E+0	2.009569E+0
151.533333	2.851759E+0	2.003828E+0
151.600000	2.861259E+0	2.023907E+0
151.666667	2.872925E+0	2.055310E+0
151.733333	2.882858E+0	2.049299E+0
151.800000	2.884795E+0	2.052057E+0
151.866667	2.891554E+0	2.012117E+0
151.933333	2.903349E+0	2.001544E+0
152.000000	2.912510E+0	2.022690E+0
152.066667	2.919916E+0	2.032917E+0
152.133333	2.923547E+0	2.058557E+0
152.200000	2.932028E+0	2.108754E+0
152.266667	2.940961E+0	2.131568E+0
152.333333	2.954746E+0	2.193864E+0
152.400000	2.959959E+0	2.237569E+0
152.466667	2.973529E+0	2.280131E+0
152.533333	2.978384E+0	2.302938E+0
152.600000	2.986751E+0	2.299233E+0
152.666667	2.990741E+0	2.366218E+0
152.733333	2.997706E+0	2.376401E+0
152.800000	3.005625E+0	2.398516E+0
152.866667	3.009549E+0	2.403168E+0
152.933333	3.013447E+0	2.397629E+0
153.000000	3.016144E+0	2.416341E+0
153.066667	3.024602E+0	2.415905E+0
153.133333	3.030665E+0	2.407541E+0
153.200000	3.037310E+0	2.414252E+0
153.266667	3.045970E+0	2.425681E+0
153.333333	3.061060E+0	2.444903E+0
153.400000	3.067342E+0	2.440763E+0
153.466667	3.074043E+0	2.465223E+0
153.533333	3.084580E+0	2.522499E+0
153.600000	3.091968E+0	2.593955E+0
153.666667	3.096525E+0	2.615199E+0
153.733333	3.097860E+0	2.595774E+0
153.800000	3.101189E+0	2.571133E+0
153.866667	3.107362E+0	2.575409E+0
153.933333	3.113723E+0	2.606129E+0
154.000000	3.120524E+0	2.626057E+0
154.066667	3.123969E+0	2.646234E+0
154.133333	3.124140E+0	2.671836E+0
154.200000	3.127041E+0	2.676660E+0
154.266667	3.132813E+0	2.664622E+0
154.333333	3.134587E+0	2.675526E+0
154.400000	3.140632E+0	2.663405E+0
154.466667	3.151308E+0	2.666734E+0
154.533333	3.159573E+0	2.692238E+0
154.600000	3.159419E+0	2.699926E+0
154.666667	3.153522E+0	2.709800E+0
154.733333	3.156580E+0	2.711949E+0
154.800000	3.163022E+0	2.727173E+0
154.866667	3.164234E+0	2.753587E+0
154.933333	3.163959E+0	2.765445E+0
155.000000	3.167209E+0	2.769571E+0
155.066667	3.171589E+0	2.806422E+0
155.133333	3.174736E+0	2.838269E+0
155.200000	3.173886E+0	2.846234E+0
155.266667	3.174297E+0	2.843146E+0
155.333333	3.175400E+0	2.842785E+0
155.400000	3.175890E+0	2.853704E+0
155.466667	3.174661E+0	2.856897E+0
155.533333	3.179849E+0	2.857822E+0
155.600000	3.185767E+0	2.858799E+0
155.666667	3.196058E+0	2.886024E+0
155.733333	3.199991E+0	2.916112E+0
155.800000	3.201876E+0	2.865998E+0
155.866667	3.208749E+0	2.856702E+0
155.933333	3.211390E+0	2.842334E+0
156.000000	3.210607E+0	2.827380E+0
156.066667	3.208372E+0	2.858491E+0
156.133333	3.205225E+0	2.874872E+0
156.200000	3.197177E+0	2.879283E+0
156.266667	3.190278E+0	2.852817E+0
156.333333	3.200343E+0	2.855199E+0
156.400000	3.210036E+0	2.868981E+0
156.466667	3.220469E+0	2.891743E+0
156.533333	3.232470E+0	2.913106E+0
156.600000	3.238821E+0	2.933313E+0
156.666667	3.242170E+0	2.898874E+0
156.733333	3.243583E+0	2.890706E+0
156.800000	3.241139E+0	2.909342E+0
156.866667	3.236461E+0	2.929285E+0
156.933333	3.236751E+0	2.927189E+0
157.000000	3.253186E+0	2.925941E+0
157.066667	3.252595E+0	2.934876E+0
157.133333	3.247530E+0	2.954670E+0
157.200000	3.254365E+0	2.974125E+0
157.266667	3.264565E+0	2.976432E+0
157.333333	3.272263E+0	2.969533E+0
157.400000	3.278314E+0	2.975132E+0
157.466667	3.284610E+0	2.995616E+0
157.533333	3.288687E+0	3.009293E+0
157.600000	3.296001E+0	3.029199E+0
157.666667	3.301017E+0	3.040246E+0
157.733333	3.305966E+0	3.054809E+0
157.800000	3.311186E+0	3.052847E+0
157.866667	3.319104E+0	3.060678E+0
157.933333	3.325093E+0	3.075684E+0
158.000000	3.332491E+0	3.078254E+0
158.066667	3.339537E+0	3.099904E+0
158.133333	3.348573E+0	3.132893E+0
158.200000	3.356489E+0	3.122162E+0
158.266667	3.362201E+0	3.129970E+0
158.333333	3.368476E+0	3.133261E+0
158.400000	3.376733E+0	3.140475E+0
158.466667	3.384683E+0	3.153896E+0
158.533333	3.385816E+0	3.158390E+0
158.600000	3.393410E+0	3.159404E+0
158.666667	3.405187E+0	3.159404E+0
158.733333	3.413639E+0	3.157571E+0
158.800000	3.426990E+0	3.143894E+0
158.866667	3.445204E+0	3.156932E+0
158.933333	3.457329E+0	3.185202E+0
159.000000	3.463529E+0	3.207144E+0
159.066667	3.467863E+0	3.226051E+0
159.133333	3.471034E+0	3.248662E+0
159.200000	3.475499E+0	3.256583E+0
159.266667	3.484468E+0	3.268343E+0
159.333333	3.489621E+0	3.280501E+0
159.400000	3.491716E+0	3.287197E+0
159.466667	3.504063E+0	3.300828E+0
159.533333	3.511170E+0	3.315888E+0
159.600000	3.527677E+0	3.342324E+0
159.666667	3.538795E+0	3.357105E+0
159.733333	3.545997E+0	3.344849E+0
159.800000	3.551500E+0	3.347975E+0
159.866667	3.555760E+0	3.335666E+0
159.933333	3.575943E+0	3.355767E+0
160.000000	3.582631E+0	3.368272E+0
160.066667	3.582504E+0	3.392664E+0
160.133333	3.582183E+0	3.414967E+0
160.200000	3.582304E+0	3.400366E+0
160.266667	3.583384E+0	3.405236E+0
160.333333	3.585946E+0	3.414118E+0
160.400000	3.586605E+0	3.413186E+0
160.466667	3.586573E+0	3.399547E+0
160.533333	3.588890E+0	3.398217E+0
160.600000	3.593661E+0	3.401366E+0
160.666667	3.595613E+0	3.402831E+0
160.733333	3.597360E+0	3.400442E+0
160.800000	3.606908E+0	3.411413E+0
160.866667	3.615208E+0	3.428561E+0
160.933333	3.627728E+0	3.444056E+0
161.000000	3.643602E+0	3.453818E+0
161.066667	3.649994E+0	3.468133E+0
161.133333	3.651094E+0	3.473694E+0
161.200000	3.650675E+0	3.501234E+0
161.266667	3.651660E+0	3.511251E+0
161.333333	3.652058E+0	3.526701E+0
161.400000	3.657199E+0	3.522659E+0
161.466667	3.656636E+0	3.527964E+0
161.533333	3.655168E+0	3.531631E+0
161.600000	3.659336E+0	3.529031E+0
161.666667	3.658396E+0	3.539048E+0
161.733333	3.655164E+0	3.539010E+0
161.800000	3.653418E+0	3.529392E+0
161.866667	3.652725E+0	3.521606E+0
161.933333	3.651883E+0	3.518142E+0
162.000000	3.649180E+0	3.512604E+0
162.066667	3.650106E+0	3.522125E+0
162.133333	3.652931E+0	3.535749E+0
162.200000	3.655043E+0	3.546224E+0
162.266667	3.659061E+0	3.530962E+0
162.333333	3.676763E+0	3.543263E+0
162.400000	3.688318E+0	3.551567E+0
162.466667	3.690660E+0	3.562155E+0
162.533333	3.701811E+0	3.574757E+0
162.600000	3.710226E+0	3.556384E+0
162.666667	3.714291E+0	3.567363E+0
162.733333	3.714333E+0	3.557346E+0
162.800000	3.715279E+0	3.563034E+0
162.866667	3.723317E+0	3.561028E+0
162.933333	3.729515E+0	3.532660E+0
163.000000	3.737932E+0	3.511980E+0
163.066667	3.740242E+0	3.521043E+0
163.133333	3.740987E+0	3.524928E+0
163.200000	3.737134E+0	3.519292E+0
163.266667	3.732823E+0	3.515873E+0
163.333333	3.728274E+0	3.533051E+0
163.400000	3.710711E+0	3.527137E+0
163.466667	3.691564E+0	3.525882E+0
163.533333	3.665705E+0	3.517090E+0
163.600000	3.651560E+0	3.493592E+0
163.666667	3.640784E+0	3.487122E+0
163.733333	3.634137E+0	3.489467E+0
163.800000	3.623015E+0	3.494719E+0
163.866667	3.606388E+0	3.471161E+0
163.933333	3.571521E+0	3.458131E+0
164.000000	3.544964E+0	3.440149E+0
164.066667	3.539341E+0	3.432461E+0
164.133333	3.532263E+0	3.422880E+0
164.200000	3.521532E+0	3.428253E+0
164.266667	3.507144E+0	3.425285E+0
164.333333	3.491758E+0	3.408114E+0
164.400000	3.475464E+0	3.398638E+0
164.466667	3.461888E+0	3.385217E+0
164.533333	3.455754E+0	3.381933E+0
164.600000	3.449889E+0	3.376470E+0
164.666667	3.449033E+0	3.370977E+0
164.733333	3.441938E+0	3.363026E+0
164.800000	3.437310E+0	3.356338E+0
164.866667	3.436846E+0	3.347855E+0
164.933333	3.433199E+0	3.346825E+0
165.000000	3.428806E+0	3.346539E+0
165.066667	3.419979E+0	3.349200E+0
165.133333	3.405059E+0	3.340520E+0
165.200000	3.399534E+0	3.355549E+0
165.266667	3.404537E+0	3.385953E+0
165.333333	3.407709E+0	3.391086E+0
165.400000	3.413399E+0	3.398518E+0
165.466667	3.424799E+0	3.398961E+0
165.533333	3.430247E+0	3.391447E+0
165.600000	3.438266E+0	3.399307E+0
165.666667	3.449299E+0	3.374847E+0
165.733333	3.455810E+0	3.344202E+0
165.800000	3.465926E+0	3.357511E+0
165.866667	3.477082E+0	3.362185E+0
165.933333	3.487605E+0	3.369399E+0
166.000000	3.501474E+0	3.382534E+0
166.066667	3.519035E+0	3.392115E+0
166.133333	3.528622E+0	3.404544E+0
166.200000	3.532705E+0	3.415050E+0
166.266667	3.549386E+0	3.422820E+0
166.333333	3.564351E+0	3.440983E+0
166.400000	3.571960E+0	3.449812E+0
166.466667	3.581945E+0	3.467419E+0
166.533333	3.598735E+0	3.482891E+0
166.600000	3.604527E+0	3.492751E+0
166.666667	3.614683E+0	3.497289E+0
166.733333	3.641515E+0	3.506382E+0
166.800000	3.648644E+0	3.509508E+0
166.866667	3.656834E+0	3.518097E+0
166.933333	3.677483E+0	3.533254E+0
167.000000	3.700903E+0	3.542009E+0
167.066667	3.722517E+0	3.543970E+0
167.133333	3.734741E+0	3.543279E+0
167.200000	3.749158E+0	3.560990E+0
167.266667	3.758573E+0	3.562042E+0
167.333333	3.766788E+0	3.568693E+0
167.400000	3.771384E+0	3.576711E+0
167.466667	3.782203E+0	3.575651E+0
167.533333	3.789943E+0	3.587389E+0
167.600000	3.805881E+0	3.602080E+0
167.666667	3.812644E+0	3.616628E+0
167.733333	3.812606E+0	3.615982E+0
167.800000	3.813387E+0	3.617079E+0
167.866667	3.822595E+0	3.623699E+0
167.933333	3.821287E+0	3.619491E+0
168.000000	3.821242E+0	3.607145E+0
168.066667	3.833993E+0	3.630613E+0
168.133333	3.834420E+0	3.636422E+0
168.200000	3.834720E+0	3.628832E+0
168.266667	3.830702E+0	3.623730E+0
168.333333	3.826313E+0	3.616576E+0
168.400000	3.831924E+0	3.656238E+0
168.466667	3.833106E+0	3.666781E+0
168.533333	3.836815E+0	3.666367E+0
168.600000	3.845274E+0	3.670846E+0
168.666667	3.849485E+0	3.661227E+0
168.733333	3.856633E+0	3.652608E+0
168.800000	3.865460E+0	3.655839E+0
168.866667	3.877002E+0	3.658139E+0
168.933333	3.876993E+0	3.659529E+0
169.000000	3.875066E+0	3.655787E+0
169.066667	3.875493E+0	3.652090E+0
169.133333	3.874117E+0	3.655704E+0
169.200000	3.870372E+0	3.654953E+0
169.266667	3.866627E+0	3.653164E+0
169.333333	3.860599E+0	3.650564E+0
169.400000	3.853157E+0	3.649805E+0
169.466667	3.842182E+0	3.652743E+0
169.533333	3.821533E+0	3.650752E+0
169.600000	3.805383E+0	3.638638E+0
169.666667	3.791586E+0	3.632108E+0
169.733333	3.778279E+0	3.633716E+0
169.800000	3.767448E+0	3.634460E+0
169.866667	3.753751E+0	3.628133E+0
169.933333	3.737463E+0	3.618334E+0
170.000000	3.705483E+0	3.600570E+0
170.066667	3.682588E+0	3.582925E+0
170.133333	3.669019E+0	3.574487E+0
170.200000	3.658615E+0	3.562426E+0
170.266667	3.645841E+0	3.547239E+0
170.333333	3.632633E+0	3.543091E+0
170.400000	3.605515E+0	3.512431E+0
170.466667	3.589983E+0	3.500032E+0
170.533333	3.578292E+0	3.496906E+0
170.600000	3.573658E+0	3.499055E+0
170.666667	3.575915E+0	3.497673E+0
170.733333	3.582681E+0	3.495005E+0
170.800000	3.588260E+0	3.488294E+0
170.866667	3.595559E+0	3.489910E+0
170.933333	3.607600E+0	3.496500E+0
171.000000	3.616164E+0	3.494501E+0
171.066667	3.633502E+0	3.467900E+0
171.133333	3.657867E+0	3.482215E+0
171.200000	3.665509E+0	3.488633E+0
171.266667	3.672724E+0	3.492187E+0
171.333333	3.684971E+0	3.502452E+0
171.400000	3.699845E+0	3.521096E+0
171.466667	3.708468E+0	3.545773E+0
171.533333	3.717222E+0	3.566333E+0
171.600000	3.726593E+0	3.580491E+0
171.666667	3.739142E+0	3.600404E+0
171.733333	3.760129E+0	3.615246E+0
171.800000	3.773894E+0	3.626375E+0
171.866667	3.782457E+0	3.626082E+0
171.933333	3.792990E+0	3.632522E+0
172.000000	3.805624E+0	3.639668E+0
172.066667	3.816318E+0	3.642403E+0
172.133333	3.828602E+0	3.652375E+0
172.200000	3.832528E+0	3.652931E+0
172.266667	3.839833E+0	3.646687E+0
172.333333	3.853767E+0	3.655531E+0
172.400000	3.862457E+0	3.659191E+0
172.466667	3.865560E+0	3.665435E+0
172.533333	3.863886E+0	3.656388E+0
172.600000	3.864679E+0	3.665202E+0
172.666667	3.866181E+0	3.668892E+0
172.733333	3.862888E+0	3.673153E+0
172.800000	3.843524E+0	3.674866E+0
172.866667	3.842641E+0	3.663331E+0
172.933333	3.838685E+0	3.663775E+0
173.000000	3.830060E+0	3.661716E+0
173.066667	3.827909E+0	3.654562E+0
173.133333	3.828336E+0	3.657545E+0
173.200000	3.828313E+0	3.655494E+0
173.266667	3.825963E+0	3.650669E+0
173.333333	3.829140E+0	3.646762E+0
173.400000	3.823974E+0	3.646897E+0
173.466667	3.816743E+0	3.648768E+0
173.533333	3.817117E+0	3.658154E+0
173.600000	3.816664E+0	3.659349E+0
173.666667	3.812760E+0	3.654614E+0
173.733333	3.813552E+0	3.656425E+0
173.800000	3.807836E+0	3.664639E+0
173.866667	3.814822E+0	3.666337E+0
173.933333	3.815110E+0	3.659807E+0
174.000000	3.801688E+0	3.655922E+0
174.066667	3.795558E+0	3.660867E+0
174.133333	3.794389E+0	3.659093E+0
174.200000	3.794379E+0	3.652939E+0
174.266667	3.784013E+0	3.646807E+0
174.333333	3.756813E+0	3.635738E+0
174.400000	3.738175E+0	3.632740E+0
174.466667	3.722535E+0	3.637662E+0
174.533333	3.704038E+0	3.625082E+0
174.600000	3.697770E+0	3.599352E+0
174.666667	3.688466E+0	3.573066E+0
174.733333	3.657030E+0	3.542700E+0
174.800000	3.629413E+0	3.526701E+0
174.866667	3.600801E+0	3.523681E+0
174.933333	3.582120E+0	3.500453E+0
175.000000	3.585355E+0	3.499236E+0
175.066667	3.579548E+0	3.497244E+0
175.133333	3.580706E+0	3.501452E+0
175.200000	3.580152E+0	3.502640E+0
175.266667	3.576359E+0	3.505646E+0
175.333333	3.571442E+0	3.500814E+0
175.400000	3.562798E+0	3.493960E+0
175.466667	3.548503E+0	3.483410E+0
175.533333	3.528227E+0	3.476797E+0
175.600000	3.510322E+0	3.468020E+0
175.666667	3.500018E+0	3.456305E+0
175.733333	3.492202E+0	3.437887E+0
175.800000	3.491060E+0	3.446806E+0
175.866667	3.489009E+0	3.435805E+0
175.933333	3.490404E+0	3.435572E+0
176.000000	3.485361E+0	3.425683E+0
176.066667	3.485395E+0	3.417913E+0
176.133333	3.486740E+0	3.424864E+0
176.200000	3.488307E+0	3.425736E+0
176.266667	3.499490E+0	3.432303E+0
176.333333	3.527812E+0	3.448467E+0
176.400000	3.553085E+0	3.462407E+0
176.466667	3.574378E+0	3.482471E+0
176.533333	3.589452E+0	3.491616E+0
176.600000	3.617772E+0	3.499423E+0
176.666667	3.651417E+0	3.518683E+0
176.733333	3.687254E+0	3.548336E+0
176.800000	3.715016E+0	3.570173E+0
176.866667	3.737726E+0	3.586683E+0
176.933333	3.754232E+0	3.592379E+0
177.000000	3.757577E+0	3.601930E+0
177.066667	3.759252E+0	3.614163E+0
177.133333	3.765277E+0	3.630868E+0
177.200000	3.777187E+0	3.641141E+0
177.266667	3.785989E+0	3.649482E+0
177.333333	3.790882E+0	3.649640E+0
177.400000	3.793375E+0	3.642899E+0
177.466667	3.804631E+0	3.640562E+0
177.533333	3.812977E+0	3.644169E+0
177.600000	3.816536E+0	3.643282E+0
177.666667	3.821962E+0	3.649046E+0
177.733333	3.836249E+0	3.665721E+0
177.800000	3.843532E+0	3.671312E+0
177.866667	3.845065E+0	3.671199E+0
177.933333	3.849137E+0	3.674107E+0
178.000000	3.853744E+0	3.678616E+0
178.066667	3.859285E+0	3.675806E+0
178.133333	3.866718E+0	3.677917E+0
178.200000	3.862444E+0	3.679142E+0
178.266667	3.865196E+0	3.681036E+0
178.333333	3.871009E+0	3.684380E+0
178.400000	3.871640E+0	3.688768E+0
178.466667	3.875527E+0	3.694847E+0
178.533333	3.871078E+0	3.690557E+0
178.600000	3.870364E+0	3.692961E+0
178.666667	3.870684E+0	3.697898E+0
178.733333	3.869303E+0	3.697493E+0
178.800000	3.870665E+0	3.695757E+0
178.866667	3.866594E+0	3.696696E+0
178.933333	3.864313E+0	3.693856E+0
179.000000	3.864625E+0	3.691804E+0
179.066667	3.863105E+0	3.689572E+0
179.133333	3.856550E+0	3.692105E+0
179.200000	3.854551E+0	3.694953E+0
179.266667	3.845900E+0	3.692029E+0
179.333333	3.837471E+0	3.692473E+0
179.400000	3.826009E+0	3.692353E+0
179.466667	3.815328E+0	3.688888E+0
179.533333	3.796399E+0	3.689392E+0
179.600000	3.780168E+0	3.678473E+0
179.666667	3.773438E+0	3.673566E+0
179.733333	3.761333E+0	3.670530E+0
179.800000	3.740392E+0	3.655764E+0
179.866667	3.711074E+0	3.640224E+0
179.933333	3.689100E+0	3.631845E+0
180.000000	3.674190E+0	3.618717E+0

