0.000000	2.579952E+0	4.028709E-1
0.066667	2.580060E+0	4.026756E-1
0.133333	2.580148E+0	4.018114E-1
0.200000	2.579920E+0	4.006391E-1
0.266667	2.579856E+0	3.996998E-1
0.333333	2.580135E+0	3.985275E-1
0.400000	2.579741E+0	3.987605E-1
0.466667	2.579783E+0	4.022397E-1
0.533333	2.579896E+0	4.033293E-1
0.600000	2.580083E+0	4.116254E-1
0.666667	2.579825E+0	4.112271E-1
0.733333	2.580066E+0	4.108740E-1
0.800000	2.579966E+0	4.118133E-1
0.866667	2.579987E+0	3.965812E-1
0.933333	2.579960E+0	4.008345E-1
1.000000	2.579985E+0	4.034496E-1
1.066667	2.579820E+0	4.029235E-1
1.133333	2.580097E+0	4.009397E-1
1.200000	2.579996E+0	4.008871E-1
1.266667	2.580081E+0	3.987605E-1
1.333333	2.580031E+0	3.997073E-1
1.400000	2.580112E+0	3.983622E-1
1.466667	2.580139E+0	3.990986E-1
1.533333	2.580077E+0	3.961679E-1
1.600000	2.580048E+0	3.948604E-1
1.666667	2.580127E+0	3.953864E-1
1.733333	2.580114E+0	3.976483E-1
1.800000	2.580198E+0	3.968067E-1
1.866667	2.580060E+0	3.951460E-1
1.933333	2.580083E+0	3.965061E-1
2.000000	2.580054E+0	3.958598E-1
2.066667	2.579856E+0	3.946951E-1
2.133333	2.579827E+0	3.967766E-1
2.200000	2.579743E+0	3.976408E-1
2.266667	2.579719E+0	3.992038E-1
2.333333	2.579910E+0	4.001657E-1
2.400000	2.580312E+0	4.010599E-1
2.466667	2.582551E+0	4.056062E-1
2.533333	2.583647E+0	3.831226E-1
2.600000	2.587346E+0	4.001131E-1
2.666667	2.591068E+0	4.279771E-1
2.733333	2.593917E+0	4.173139E-1
2.800000	2.597881E+0	4.010073E-1
2.866667	2.602661E+0	3.432578E-1
2.933333	2.608528E+0	3.294611E-1
3.000000	2.610770E+0	3.275599E-1
3.066667	2.613661E+0	3.552736E-1
3.133333	2.618843E+0	4.074924E-1
3.200000	2.622967E+0	4.066207E-1
3.266667	2.622202E+0	3.836261E-1
3.333333	2.620694E+0	3.677553E-1
3.400000	2.618099E+0	3.738121E-1
3.466667	2.613798E+0	3.611876E-1
3.533333	2.612038E+0	3.490065E-1
3.600000	2.611686E+0	3.633894E-1
3.666667	2.613633E+0	3.914037E-1
3.733333	2.613327E+0	3.935454E-1
3.800000	2.619249E+0	3.806203E-1
3.866667	2.626028E+0	4.169608E-1
3.933333	2.629353E+0	4.174041E-1
4.000000	2.635203E+0	4.251066E-1
4.066667	2.643095E+0	4.610488E-1
4.133333	2.649785E+0	5.246070E-1
4.200000	2.655557E+0	6.582988E-1
4.266667	2.660510E+0	6.676544E-1
4.333333	2.661785E+0	6.647914E-1
4.400000	2.657180E+0	6.190727E-1
4.466667	2.651423E+0	5.006130E-1
4.533333	2.653164E+0	6.332753E-1
4.600000	2.656534E+0	6.938502E-1
4.666667	2.659894E+0	7.103372E-1
4.733333	2.664461E+0	7.179194E-1
4.800000	2.668298E+0	7.255091E-1
4.866667	2.671986E+0	7.413123E-1
4.933333	2.673678E+0	7.375024E-1
5.000000	2.672726E+0	7.422065E-1
5.066667	2.672174E+0	7.404406E-1
5.133333	2.672528E+0	7.536437E-1
5.200000	2.672032E+0	7.963340E-1
5.266667	2.673484E+0	8.025485E-1
5.333333	2.672001E+0	8.093191E-1
5.400000	2.670976E+0	8.076359E-1
5.466667	2.670629E+0	7.871962E-1
5.533333	2.669595E+0	7.947559E-1
5.600000	2.669223E+0	7.903373E-1
5.666667	2.671528E+0	7.739330E-1
5.733333	2.670606E+0	7.816956E-1
5.800000	2.669879E+0	8.134897E-1
5.866667	2.670172E+0	8.333207E-1
5.933333	2.671407E+0	8.516713E-1
6.000000	2.672363E+0	8.554060E-1
6.066667	2.672970E+0	8.383705E-1
6.133333	2.673774E+0	8.423457E-1
6.200000	2.674461E+0	8.377693E-1
6.266667	2.673830E+0	8.632813E-1
6.333333	2.669600E+0	8.793775E-1
6.400000	2.665359E+0	8.796555E-1
6.466667	2.665413E+0	8.785659E-1
6.533333	2.667729E+0	8.553234E-1
6.600000	2.667608E+0	8.530164E-1
6.666667	2.670012E+0	8.735312E-1
6.733333	2.670626E+0	8.851562E-1
6.800000	2.671782E+0	8.899505E-1
6.866667	2.671907E+0	8.862759E-1
6.933333	2.672197E+0	8.768301E-1
7.000000	2.673170E+0	8.747335E-1
7.066667	2.670495E+0	8.808203E-1
7.133333	2.670664E+0	9.517654E-1
7.200000	2.672309E+0	1.055594E+0
7.266667	2.673478E+0	1.047463E+0
7.333333	2.674557E+0	8.890638E-1
7.400000	2.673863E+0	8.895147E-1
7.466667	2.672763E+0	8.928662E-1
7.533333	2.672824E+0	8.874031E-1
7.600000	2.672624E+0	8.866892E-1
7.666667	2.672172E+0	8.758907E-1
7.733333	2.670293E+0	8.656484E-1
7.800000	2.670701E+0	8.608015E-1
7.866667	2.671568E+0	8.586824E-1
7.933333	2.671143E+0	8.496198E-1
8.000000	2.671739E+0	8.305628E-1
8.066667	2.672614E+0	8.342300E-1
8.133333	2.674636E+0	8.403618E-1
8.200000	2.676883E+0	8.420301E-1
8.266667	2.676479E+0	8.387162E-1
8.333333	2.676342E+0	8.492441E-1
8.400000	2.674825E+0	8.727196E-1
8.466667	2.674801E+0	8.759960E-1
8.533333	2.672589E+0	8.846077E-1
8.600000	2.672759E+0	8.783405E-1
8.666667	2.674719E+0	8.826614E-1
8.733333	2.676338E+0	8.904314E-1
8.800000	2.677219E+0	8.948726E-1
8.866667	2.674619E+0	9.092479E-1
8.933333	2.675030E+0	9.264112E-1
9.000000	2.675659E+0	9.123364E-1
9.066667	2.675577E+0	9.188741E-1
9.133333	2.676712E+0	9.173111E-1
9.200000	2.678645E+0	9.281396E-1
9.266667	2.678462E+0	9.555302E-1
9.333333	2.678750E+0	9.637511E-1
9.400000	2.679610E+0	9.580175E-1
9.466667	2.680780E+0	9.643899E-1
9.533333	2.681657E+0	9.624962E-1
9.600000	2.683199E+0	9.914799E-1
9.666667	2.683096E+0	9.818688E-1
9.733333	2.684782E+0	9.858289E-1
9.800000	2.686398E+0	1.000069E+0
9.866667	2.686756E+0	9.900972E-1
9.933333	2.686952E+0	9.906383E-1
10.000000	2.686271E+0	9.903978E-1
10.066667	2.686916E+0	9.879105E-1
10.133333	2.687177E+0	9.893082E-1
10.200000	2.688120E+0	9.902776E-1
10.266667	2.688235E+0	9.901423E-1
10.333333	2.689193E+0	9.982054E-1
10.400000	2.688272E+0	1.006787E+0
10.466667	2.688453E+0	1.007696E+0
10.533333	2.691890E+0	1.020058E+0
10.600000	2.693279E+0	1.025671E+0
10.666667	2.693642E+0	1.025093E+0
10.733333	2.693215E+0	1.011950E+0
10.800000	2.693883E+0	9.796745E-1
10.866667	2.692090E+0	9.955678E-1
10.933333	2.691284E+0	1.013392E+0
11.000000	2.690597E+0	1.016511E+0
11.066667	2.696052E+0	1.013227E+0
11.133333	2.698882E+0	1.010251E+0
11.200000	2.696708E+0	9.960187E-1
11.266667	2.696297E+0	9.749103E-1
11.333333	2.691592E+0	1.043180E+0
11.400000	2.690840E+0	1.150563E+0
11.466667	2.692284E+0	9.445289E-1
11.533333	2.695085E+0	9.580927E-1
11.600000	2.696143E+0	9.956204E-1
11.666667	2.693838E+0	1.090830E+0
11.733333	2.692525E+0	1.114200E+0
11.800000	2.690491E+0	1.123473E+0
11.866667	2.687716E+0	1.128583E+0
11.933333	2.685117E+0	1.041362E+0
12.000000	2.685488E+0	1.006877E+0
12.066667	2.684690E+0	1.003714E+0
12.133333	2.684621E+0	9.933886E-1
12.200000	2.685415E+0	9.895787E-1
12.266667	2.685637E+0	9.873694E-1
12.333333	2.685685E+0	9.821167E-1
12.400000	2.685973E+0	9.937343E-1
12.466667	2.686385E+0	1.002819E+0
12.533333	2.685411E+0	9.969205E-1
12.600000	2.683575E+0	9.974465E-1
12.666667	2.683169E+0	1.016451E+0
12.733333	2.682009E+0	1.005555E+0
12.800000	2.684196E+0	1.015587E+0
12.866667	2.683636E+0	9.697327E-1
12.933333	2.681422E+0	9.459641E-1
13.000000	2.681207E+0	9.582430E-1
13.066667	2.682570E+0	1.044428E+0
13.133333	2.681276E+0	1.048688E+0
13.200000	2.678214E+0	1.040189E+0
13.266667	2.675921E+0	1.050830E+0
13.333333	2.674653E+0	1.063470E+0
13.400000	2.673607E+0	1.053197E+0
13.466667	2.673453E+0	1.057240E+0
13.533333	2.673872E+0	1.034328E+0
13.600000	2.676013E+0	1.041084E+0
13.666667	2.676913E+0	1.049184E+0
13.733333	2.675796E+0	1.054294E+0
13.800000	2.676225E+0	1.061463E+0
13.866667	2.674509E+0	1.032697E+0
13.933333	2.675257E+0	1.064386E+0
14.000000	2.673634E+0	1.060937E+0
14.066667	2.674132E+0	1.003090E+0
14.133333	2.673213E+0	1.050822E+0
14.200000	2.668337E+0	1.154185E+0
14.266667	2.665084E+0	1.144341E+0
14.333333	2.666873E+0	1.065701E+0
14.400000	2.666538E+0	1.025521E+0
14.466667	2.668314E+0	1.135632E+0
14.533333	2.668312E+0	1.210342E+0
14.600000	2.667156E+0	1.213483E+0
14.666667	2.667769E+0	1.250658E+0
14.733333	2.668296E+0	1.247081E+0
14.800000	2.669618E+0	1.300006E+0
14.866667	2.667881E+0	1.371139E+0
14.933333	2.667063E+0	1.391413E+0
15.000000	2.665730E+0	1.329718E+0
15.066667	2.663136E+0	1.323639E+0
15.133333	2.662328E+0	1.340321E+0
15.200000	2.663182E+0	1.293618E+0
15.266667	2.662628E+0	1.018292E+0
15.333333	2.661724E+0	9.091202E-1
15.400000	2.661666E+0	8.858100E-1
15.466667	2.662024E+0	8.673316E-1
15.533333	2.662687E+0	8.704953E-1
15.600000	2.661452E+0	8.749890E-1
15.666667	2.659658E+0	8.986975E-1
15.733333	2.656473E+0	8.943991E-1
15.800000	2.656411E+0	9.660055E-1
15.866667	2.657463E+0	1.041782E+0
15.933333	2.657396E+0	1.092401E+0
16.000000	2.656549E+0	1.122196E+0
16.066667	2.657396E+0	1.121918E+0
16.133333	2.656305E+0	1.118131E+0
16.200000	2.654788E+0	1.112171E+0
16.266667	2.655674E+0	1.089793E+0
16.333333	2.655924E+0	1.098803E+0
16.400000	2.654845E+0	1.150458E+0
16.466667	2.653937E+0	1.144815E+0
16.533333	2.655270E+0	1.137022E+0
16.600000	2.648330E+0	1.102914E+0
16.666667	2.643751E+0	1.075673E+0
16.733333	2.643606E+0	1.071585E+0
16.800000	2.646405E+0	1.072555E+0
16.866667	2.648084E+0	1.109571E+0
16.933333	2.646509E+0	1.215647E+0
17.000000	2.648102E+0	1.229106E+0
17.066667	2.650383E+0	1.222966E+0
17.133333	2.650733E+0	1.169658E+0
17.200000	2.650031E+0	1.148542E+0
17.266667	2.653243E+0	1.163338E+0
17.333333	2.653658E+0	1.195794E+0
17.400000	2.653201E+0	1.186693E+0
17.466667	2.652833E+0	1.060719E+0
17.533333	2.651772E+0	1.007689E+0
17.600000	2.654474E+0	9.545308E-1
17.666667	2.654059E+0	1.000385E+0
17.733333	2.654395E+0	9.937493E-1
17.800000	2.654722E+0	1.043361E+0
17.866667	2.655353E+0	1.046441E+0
17.933333	2.658848E+0	1.019051E+0
18.000000	2.655299E+0	1.011394E+0
18.066667	2.655540E+0	9.719270E-1
18.133333	2.653283E+0	9.922314E-1
18.200000	2.654314E+0	1.010078E+0
18.266667	2.656071E+0	1.066303E+0
18.333333	2.653518E+0	1.073629E+0
18.400000	2.651370E+0	9.286656E-1
18.466667	2.651302E+0	8.595541E-1
18.533333	2.651554E+0	8.957818E-1
18.600000	2.653703E+0	9.022744E-1
18.666667	2.654959E+0	8.945795E-1
18.733333	2.653716E+0	8.940159E-1
18.800000	2.651987E+0	8.751919E-1
18.866667	2.651731E+0	8.248969E-1
18.933333	2.650512E+0	8.562176E-1
19.000000	2.650785E+0	9.147636E-1
19.066667	2.650539E+0	9.505480E-1
19.133333	2.649713E+0	9.658252E-1
19.200000	2.650252E+0	9.649234E-1
19.266667	2.650998E+0	9.041981E-1
19.333333	2.652868E+0	8.637998E-1
19.400000	2.652533E+0	8.714571E-1
19.466667	2.651625E+0	9.260956E-1
19.533333	2.651779E+0	9.409594E-1
19.600000	2.652720E+0	9.446416E-1
19.666667	2.652520E+0	9.495110E-1
19.733333	2.649825E+0	9.449572E-1
19.800000	2.647328E+0	9.403733E-1
19.866667	2.647569E+0	9.405687E-1
19.933333	2.648336E+0	9.543203E-1
20.000000	2.649408E+0	9.543203E-1
20.066667	2.648954E+0	9.395467E-1
20.133333	2.646432E+0	9.149139E-1
20.200000	2.644497E+0	8.989229E-1
20.266667	2.642989E+0	9.023420E-1
20.333333	2.639694E+0	9.100745E-1
20.400000	2.637707E+0	9.140422E-1
20.466667	2.638699E+0	9.223158E-1
20.533333	2.638742E+0	9.152897E-1
20.600000	2.637492E+0	9.029432E-1
20.666667	2.636982E+0	9.056409E-1
20.733333	2.636411E+0	9.221580E-1
20.800000	2.634860E+0	9.177244E-1
20.866667	2.633137E+0	9.044687E-1
20.933333	2.631023E+0	8.990957E-1
21.000000	2.627422E+0	8.919569E-1
21.066667	2.620834E+0	9.017484E-1
21.133333	2.614700E+0	8.767399E-1
21.200000	2.610228E+0	8.154435E-1
21.266667	2.600170E+0	5.634198E-1
21.333333	2.587567E+0	4.874550E-1
21.400000	2.583663E+0	4.364310E-1
21.466667	2.581308E+0	3.704681E-1
21.533333	2.580152E+0	3.849637E-1
21.600000	2.579858E+0	3.887060E-1
21.666667	2.579956E+0	3.876239E-1
21.733333	2.579898E+0	3.970697E-1
21.800000	2.579885E+0	3.979414E-1
21.866667	2.579983E+0	4.101676E-1
21.933333	2.580029E+0	3.990836E-1
22.000000	2.580000E+0	4.141127E-1
22.066667	2.579891E+0	4.323431E-1
22.133333	2.579945E+0	4.574192E-1
22.200000	2.579854E+0	4.600568E-1
22.266667	2.579804E+0	4.701564E-1
22.333333	2.579820E+0	4.704871E-1
22.400000	2.579883E+0	4.692246E-1
22.466667	2.579912E+0	4.714489E-1
22.533333	2.579968E+0	4.741542E-1
22.600000	2.579883E+0	4.729744E-1
22.666667	2.580129E+0	4.754091E-1
22.733333	2.579939E+0	4.737484E-1
22.800000	2.579983E+0	4.754692E-1
22.866667	2.579904E+0	4.734102E-1
22.933333	2.579881E+0	4.722304E-1
23.000000	2.579935E+0	4.692998E-1
23.066667	2.579816E+0	4.666095E-1
23.133333	2.579712E+0	4.675564E-1
23.200000	2.579843E+0	4.776635E-1
23.266667	2.580073E+0	4.803086E-1
23.333333	2.579931E+0	4.840434E-1
23.400000	2.579970E+0	4.858318E-1
23.466667	2.579939E+0	4.842913E-1
23.533333	2.579820E+0	4.844717E-1
23.600000	2.579937E+0	4.863578E-1
23.666667	2.580002E+0	4.873347E-1
23.733333	2.579966E+0	4.879434E-1
23.800000	2.579931E+0	4.953227E-1
23.866667	2.580137E+0	4.971939E-1
23.933333	2.579960E+0	4.988771E-1
24.000000	2.580023E+0	4.975320E-1
24.066667	2.580037E+0	4.964349E-1
24.133333	2.579950E+0	4.945337E-1
24.200000	2.579891E+0	4.945112E-1
24.266667	2.580123E+0	4.931360E-1
24.333333	2.580006E+0	4.947516E-1
24.400000	2.580356E+0	4.924972E-1
24.466667	2.580489E+0	4.698558E-1
24.533333	2.580383E+0	4.451930E-1
24.600000	2.581147E+0	4.686610E-1
24.666667	2.583039E+0	4.789635E-1
24.733333	2.585407E+0	4.662639E-1
24.800000	2.590676E+0	3.985726E-1
24.866667	2.594603E+0	4.370172E-1
24.933333	2.598677E+0	4.399854E-1
25.000000	2.600974E+0	4.532035E-1
25.066667	2.603509E+0	4.687437E-1
25.133333	2.608474E+0	4.759727E-1
25.200000	2.612417E+0	5.052269E-1
25.266667	2.614854E+0	5.177988E-1
25.333333	2.616693E+0	5.346315E-1
25.400000	2.620390E+0	5.634423E-1
25.466667	2.624735E+0	5.709268E-1
25.533333	2.628618E+0	5.818155E-1
25.600000	2.631369E+0	5.917948E-1
25.666667	2.635006E+0	6.149773E-1
25.733333	2.637478E+0	6.308781E-1
25.800000	2.637947E+0	6.826761E-1
25.866667	2.639963E+0	7.833713E-1
25.933333	2.641692E+0	8.163753E-1
26.000000	2.644957E+0	7.986860E-1
26.066667	2.645859E+0	7.785695E-1
26.133333	2.644485E+0	7.484812E-1
26.200000	2.642695E+0	7.683497E-1
26.266667	2.643624E+0	7.674479E-1
26.333333	2.644941E+0	8.163828E-1
26.400000	2.641612E+0	8.378069E-1
26.466667	2.638026E+0	6.901906E-1
26.533333	2.635353E+0	6.833824E-1
26.600000	2.642258E+0	6.863582E-1
26.666667	2.642375E+0	7.042354E-1
26.733333	2.639823E+0	8.889285E-1
26.800000	2.637834E+0	9.073167E-1
26.866667	2.635778E+0	8.640778E-1
26.933333	2.634510E+0	9.167174E-1
27.000000	2.638296E+0	1.078100E+0
27.066667	2.641188E+0	1.108797E+0
27.133333	2.641383E+0	1.026385E+0
27.200000	2.644378E+0	1.010454E+0
27.266667	2.647101E+0	1.028685E+0
27.333333	2.644739E+0	1.052641E+0
27.400000	2.640417E+0	1.073577E+0
27.466667	2.641440E+0	1.146821E+0
27.533333	2.647151E+0	1.172160E+0
27.600000	2.647072E+0	1.174512E+0
27.666667	2.646963E+0	1.186626E+0
27.733333	2.651166E+0	1.185484E+0
27.800000	2.655165E+0	1.193058E+0
27.866667	2.655959E+0	1.183395E+0
27.933333	2.657400E+0	1.180051E+0
28.000000	2.657479E+0	1.175527E+0
28.066667	2.656711E+0	1.173693E+0
28.133333	2.654532E+0	1.169402E+0
28.200000	2.654124E+0	1.154974E+0
28.266667	2.655661E+0	1.156575E+0
28.333333	2.649929E+0	1.155433E+0
28.400000	2.629886E+0	1.082511E+0
28.466667	2.599820E+0	9.832064E-1
28.533333	2.581443E+0	4.612366E-1
28.600000	2.579845E+0	3.019502E-1
28.666667	2.579775E+0	3.404023E-1
28.733333	2.579856E+0	3.597598E-1
28.800000	2.579783E+0	3.787642E-1
28.866667	2.579758E+0	3.685669E-1
28.933333	2.579810E+0	3.638928E-1
29.000000	2.579921E+0	3.617662E-1
29.066667	2.580079E+0	3.644940E-1
29.133333	2.579964E+0	3.654709E-1
29.200000	2.579896E+0	3.791174E-1
29.266667	2.579829E+0	3.837614E-1
29.333333	2.579998E+0	3.869926E-1
29.400000	2.580010E+0	3.898632E-1
29.466667	2.580148E+0	3.839492E-1
29.533333	2.580012E+0	3.820180E-1
29.600000	2.580023E+0	3.866996E-1
29.666667	2.579977E+0	3.909904E-1
29.733333	2.579948E+0	3.969645E-1
29.800000	2.579821E+0	3.920650E-1
29.866667	2.579821E+0	3.996848E-1
29.933333	2.579820E+0	4.014281E-1
30.000000	2.579689E+0	3.954541E-1
30.066667	2.579879E+0	4.024952E-1
30.133333	2.580039E+0	4.060496E-1
30.200000	2.580000E+0	4.002559E-1
30.266667	2.579950E+0	3.896227E-1
30.333333	2.579920E+0	3.883002E-1
30.400000	2.580618E+0	4.076878E-1
30.466667	2.583686E+0	4.384524E-1
30.533333	2.588267E+0	4.341917E-1
30.600000	2.594988E+0	4.484168E-1
30.666667	2.605165E+0	4.547891E-1
30.733333	2.615210E+0	4.849301E-1
30.800000	2.627062E+0	4.815936E-1
30.866667	2.638486E+0	4.825630E-1
30.933333	2.647430E+0	4.787381E-1
31.000000	2.654099E+0	4.872521E-1
31.066667	2.653826E+0	4.745825E-1
31.133333	2.656232E+0	4.703443E-1
31.200000	2.662853E+0	4.949620E-1
31.266667	2.666284E+0	4.924672E-1
31.333333	2.668954E+0	5.104045E-1
31.400000	2.669872E+0	5.362546E-1
31.466667	2.672114E+0	5.674025E-1
31.533333	2.673534E+0	5.900665E-1
31.600000	2.673899E+0	6.075604E-1
31.666667	2.670204E+0	6.179906E-1
31.733333	2.662574E+0	6.098749E-1
31.800000	2.655322E+0	6.090332E-1
31.866667	2.644297E+0	6.069667E-1
31.933333	2.628511E+0	5.904798E-1
32.000000	2.605206E+0	5.629238E-1
32.066667	2.584084E+0	4.993956E-1
32.133333	2.580050E+0	4.642425E-1
32.200000	2.580141E+0	4.407519E-1
32.266667	2.580268E+0	4.337859E-1
32.333333	2.580248E+0	4.391363E-1
32.400000	2.580281E+0	4.455387E-1
32.466667	2.580252E+0	4.536995E-1
32.533333	2.580239E+0	4.551348E-1
32.600000	2.580227E+0	4.538723E-1
32.666667	2.580091E+0	4.474699E-1
32.733333	2.580204E+0	4.514301E-1
32.800000	2.580212E+0	4.556533E-1
32.866667	2.580185E+0	4.580504E-1
32.933333	2.580104E+0	4.616875E-1
33.000000	2.580400E+0	4.640696E-1
33.066667	2.580945E+0	4.624615E-1
33.133333	2.581429E+0	4.616124E-1
33.200000	2.582545E+0	4.546839E-1
33.266667	2.582634E+0	4.419693E-1
33.333333	2.584303E+0	4.263991E-1
33.400000	2.588242E+0	4.251592E-1
33.466667	2.595684E+0	4.343495E-1
33.533333	2.603702E+0	4.585990E-1
33.600000	2.613788E+0	4.602297E-1
33.666667	2.621275E+0	4.716969E-1
33.733333	2.629753E+0	4.836827E-1
33.800000	2.640373E+0	5.101339E-1
33.866667	2.649379E+0	5.463467E-1
33.933333	2.658106E+0	5.922983E-1
34.000000	2.663784E+0	6.148345E-1
34.066667	2.668531E+0	6.508594E-1
34.133333	2.672730E+0	6.839160E-1
34.200000	2.676510E+0	7.201061E-1
34.266667	2.679787E+0	7.325352E-1
34.333333	2.683844E+0	7.199483E-1
34.400000	2.689566E+0	7.138465E-1
34.466667	2.694427E+0	8.111151E-1
34.533333	2.697376E+0	8.434128E-1
34.600000	2.697730E+0	7.933281E-1
34.666667	2.696845E+0	8.071399E-1
34.733333	2.698868E+0	8.984495E-1
34.800000	2.702365E+0	9.394189E-1
34.866667	2.703415E+0	9.677414E-1
34.933333	2.704581E+0	9.935464E-1
35.000000	2.702402E+0	1.016834E+0
35.066667	2.701661E+0	1.045352E+0
35.133333	2.701871E+0	1.064319E+0
35.200000	2.701124E+0	1.082677E+0
35.266667	2.697793E+0	1.065709E+0
35.333333	2.697812E+0	1.076515E+0
35.400000	2.698866E+0	1.084120E+0
35.466667	2.699534E+0	1.091642E+0
35.533333	2.698745E+0	1.100689E+0
35.600000	2.700872E+0	1.134685E+0
35.666667	2.704158E+0	1.147821E+0
35.733333	2.700913E+0	1.146212E+0
35.800000	2.698516E+0	1.145303E+0
35.866667	2.698787E+0	1.145626E+0
35.933333	2.696925E+0	1.178435E+0
36.000000	2.695081E+0	1.210838E+0
36.066667	2.695256E+0	1.216857E+0
36.133333	2.696804E+0	1.205442E+0
36.200000	2.697324E+0	1.214430E+0
36.266667	2.697862E+0	1.335850E+0
36.333333	2.701496E+0	1.352540E+0
36.400000	2.704416E+0	1.331439E+0
36.466667	2.703663E+0	1.374122E+0
36.533333	2.704252E+0	1.370290E+0
36.600000	2.704535E+0	1.258488E+0
36.666667	2.706558E+0	1.141133E+0
36.733333	2.705599E+0	1.161422E+0
36.800000	2.705662E+0	1.199100E+0
36.866667	2.707033E+0	1.165465E+0
36.933333	2.710305E+0	1.144920E+0
37.000000	2.712992E+0	1.175008E+0
37.066667	2.715152E+0	1.187009E+0
37.133333	2.715291E+0	1.172386E+0
37.200000	2.715964E+0	1.166637E+0
37.266667	2.715743E+0	1.175136E+0
37.333333	2.717584E+0	1.187174E+0
37.400000	2.718636E+0	1.204443E+0
37.466667	2.717753E+0	1.184093E+0
37.533333	2.713341E+0	1.177706E+0
37.600000	2.704850E+0	1.166592E+0
37.666667	2.701105E+0	1.148955E+0
37.733333	2.699059E+0	1.136278E+0
37.800000	2.694194E+0	1.135031E+0
37.866667	2.690772E+0	1.122294E+0
37.933333	2.688574E+0	1.120933E+0
38.000000	2.676163E+0	1.083090E+0
38.066667	2.651991E+0	9.395617E-1
38.133333	2.631181E+0	8.154135E-1
38.200000	2.619870E+0	5.166265E-1
38.266667	2.608308E+0	4.419091E-1
38.333333	2.598377E+0	4.138046E-1
38.400000	2.589604E+0	3.934927E-1
38.466667	2.584572E+0	3.450538E-1
38.533333	2.581354E+0	3.016121E-1
38.600000	2.580241E+0	2.946160E-1
38.666667	2.580183E+0	3.333161E-1
38.733333	2.580018E+0	3.373514E-1
38.800000	2.580035E+0	3.401618E-1
38.866667	2.580147E+0	3.434081E-1
38.933333	2.579973E+0	3.444151E-1
39.000000	2.580160E+0	3.454145E-1
39.066667	2.580277E+0	3.448960E-1
39.133333	2.580204E+0	3.402971E-1
39.200000	2.580139E+0	3.338270E-1
39.266667	2.580172E+0	3.312195E-1
39.333333	2.580068E+0	3.337218E-1
39.400000	2.580191E+0	3.388317E-1
39.466667	2.580085E+0	3.478718E-1
39.533333	2.580004E+0	3.468498E-1
39.600000	2.580012E+0	3.519973E-1
39.666667	2.580045E+0	3.493747E-1
39.733333	2.580195E+0	3.428070E-1
39.800000	2.580139E+0	3.280784E-1
39.866667	2.580056E+0	3.244939E-1
39.933333	2.580060E+0	3.307386E-1
40.000000	2.580081E+0	3.305432E-1
40.066667	2.580008E+0	3.280183E-1
40.133333	2.580006E+0	3.264026E-1
40.200000	2.580056E+0	3.274321E-1
40.266667	2.580079E+0	3.265755E-1
40.333333	2.580189E+0	3.302952E-1
40.400000	2.580208E+0	3.346236E-1
40.466667	2.580058E+0	3.345259E-1
40.533333	2.580216E+0	3.343380E-1
40.600000	2.580225E+0	3.325496E-1
40.666667	2.580150E+0	3.337744E-1
40.733333	2.580133E+0	3.364196E-1
40.800000	2.580145E+0	3.374942E-1
40.866667	2.580122E+0	3.397861E-1
40.933333	2.580197E+0	3.363294E-1
41.000000	2.580148E+0	3.358409E-1
41.066667	2.580187E+0	3.359311E-1
41.133333	2.580337E+0	3.349918E-1
41.200000	2.580389E+0	3.338872E-1
41.266667	2.580237E+0	3.337143E-1
41.333333	2.580260E+0	3.392000E-1
41.400000	2.580131E+0	3.421682E-1
41.466667	2.580177E+0	3.441596E-1
41.533333	2.580152E+0	3.450012E-1
41.600000	2.580143E+0	3.425590E-1
41.666667	2.580150E+0	3.431075E-1
41.733333	2.580256E+0	3.461434E-1
41.800000	2.580114E+0	3.489088E-1
41.866667	2.580147E+0	3.541990E-1
41.933333	2.580214E+0	3.540112E-1
42.000000	2.580152E+0	3.519522E-1
42.066667	2.580018E+0	3.526135E-1
42.133333	2.579866E+0	3.531545E-1
42.200000	2.580116E+0	3.501337E-1
42.266667	2.580058E+0	3.619992E-1
42.333333	2.580112E+0	4.121514E-1
42.400000	2.580210E+0	4.157810E-1
42.466667	2.580068E+0	4.095138E-1
42.533333	2.580064E+0	4.112422E-1
42.600000	2.579923E+0	4.103855E-1
42.666667	2.579727E+0	4.165399E-1
42.733333	2.579808E+0	3.969945E-1
42.800000	2.580097E+0	3.979865E-1
42.866667	2.580185E+0	4.111370E-1
42.933333	2.580091E+0	4.261811E-1
43.000000	2.580054E+0	4.321928E-1
43.066667	2.579985E+0	4.232580E-1
43.133333	2.580895E+0	4.320350E-1
43.200000	2.580358E+0	4.077629E-1
43.266667	2.579920E+0	4.328691E-1
43.333333	2.580845E+0	4.324032E-1
43.400000	2.579898E+0	4.323581E-1
43.466667	2.579810E+0	4.481838E-1
43.533333	2.579881E+0	4.496191E-1
43.600000	2.579846E+0	4.528504E-1
43.666667	2.579795E+0	4.548192E-1
43.733333	2.579693E+0	4.460422E-1
43.800000	2.579775E+0	4.540301E-1
43.866667	2.579535E+0	4.618378E-1
43.933333	2.579646E+0	4.586892E-1
44.000000	2.579673E+0	4.553828E-1
44.066667	2.579868E+0	4.562695E-1
44.133333	2.579839E+0	4.539400E-1
44.200000	2.579906E+0	4.496416E-1
44.266667	2.579806E+0	4.501000E-1
44.333333	2.579739E+0	4.507688E-1
44.400000	2.579983E+0	4.500775E-1
44.466667	2.580029E+0	4.585088E-1
44.533333	2.580106E+0	4.573441E-1
44.600000	2.579895E+0	4.597037E-1
44.666667	2.579831E+0	4.592227E-1
44.733333	2.579945E+0	4.562394E-1
44.800000	2.579931E+0	4.524596E-1
44.866667	2.579914E+0	4.539325E-1
44.933333	2.579985E+0	4.604401E-1
45.000000	2.579987E+0	4.622511E-1
45.066667	2.579818E+0	4.597938E-1
45.133333	2.579835E+0	4.599667E-1
45.200000	2.580537E+0	4.504983E-1
45.266667	2.579918E+0	4.443589E-1
45.333333	2.580021E+0	4.195909E-1
45.400000	2.580104E+0	3.153262E-1
45.466667	2.580837E+0	3.187152E-1
45.533333	2.581849E+0	2.947663E-1
45.600000	2.580645E+0	2.814354E-1
45.666667	2.580245E+0	2.843586E-1
45.733333	2.580152E+0	2.803834E-1
45.800000	2.580035E+0	2.915726E-1
45.866667	2.580297E+0	2.982831E-1
45.933333	2.581933E+0	3.286420E-1
46.000000	2.583111E+0	3.234118E-1
46.066667	2.589424E+0	2.771972E-1
46.133333	2.589216E+0	2.740035E-1
46.200000	2.596333E+0	2.887471E-1
46.266667	2.624506E+0	3.044751E-1
46.333333	2.739689E+0	6.374834E-1
46.400000	2.919158E+0	1.311631E+0
46.466667	3.054647E+0	1.655543E+0
46.533333	3.122190E+0	1.845233E+0
46.600000	3.169641E+0	1.892860E+0
46.666667	3.221042E+0	1.884880E+0
46.733333	3.251431E+0	1.892951E+0
46.800000	3.200567E+0	1.790632E+0
46.866667	3.090343E+0	1.737031E+0
46.933333	2.907934E+0	1.624786E+0
47.000000	2.755880E+0	1.374370E+0
47.066667	2.649942E+0	1.098600E+0
47.133333	2.592182E+0	6.324111E-1
47.200000	2.580156E+0	4.235285E-1
47.266667	2.580466E+0	4.187342E-1
47.333333	2.580297E+0	4.247534E-1
47.400000	2.580306E+0	3.961679E-1
47.466667	2.580329E+0	3.855498E-1
47.533333	2.580316E+0	3.838891E-1
47.600000	2.580218E+0	3.663276E-1
47.666667	2.580170E+0	3.619691E-1
47.733333	2.580070E+0	3.482250E-1
47.800000	2.580233E+0	3.546274E-1
47.866667	2.580222E+0	3.507048E-1
47.933333	2.580531E+0	3.471354E-1
48.000000	2.580256E+0	3.486608E-1
48.066667	2.580172E+0	3.403572E-1
48.133333	2.580120E+0	3.372086E-1
48.200000	2.580023E+0	3.412214E-1
48.266667	2.580070E+0	3.440769E-1
48.333333	2.580295E+0	3.518244E-1
48.400000	2.580398E+0	3.512984E-1
48.466667	2.580341E+0	3.398688E-1
48.533333	2.580208E+0	3.460382E-1
48.600000	2.580181E+0	3.449561E-1
48.666667	2.580279E+0	3.422058E-1
48.733333	2.580237E+0	3.511857E-1
48.800000	2.580148E+0	3.524707E-1
48.866667	2.580552E+0	3.501938E-1
48.933333	2.582007E+0	3.465868E-1
49.000000	2.583018E+0	3.322340E-1
49.066667	2.584603E+0	3.298067E-1
49.133333	2.589287E+0	3.426341E-1
49.200000	2.596939E+0	3.415971E-1
49.266667	2.606606E+0	3.492019E-1
49.333333	2.615448E+0	4.288789E-1
49.400000	2.633423E+0	4.491532E-1
49.466667	2.663484E+0	5.790501E-1
49.533333	2.706545E+0	9.695223E-1
49.600000	2.754882E+0	1.070015E+0
49.666667	2.801333E+0	1.214828E+0
49.733333	2.838346E+0	1.370748E+0
49.800000	2.875558E+0	1.483955E+0
49.866667	2.897886E+0	1.547175E+0
49.933333	2.907973E+0	1.548287E+0
50.000000	2.911020E+0	1.554847E+0
50.066667	2.905426E+0	1.574806E+0
50.133333	2.892645E+0	1.596305E+0
50.200000	2.890608E+0	1.599927E+0
50.266667	2.887220E+0	1.638650E+0
50.333333	2.884714E+0	1.631947E+0
50.400000	2.882435E+0	1.625319E+0
50.466667	2.882739E+0	1.604744E+0
50.533333	2.886528E+0	1.605488E+0
50.600000	2.892516E+0	1.609704E+0
50.666667	2.895659E+0	1.593976E+0
50.733333	2.901827E+0	1.599514E+0
50.800000	2.904951E+0	1.637748E+0
50.866667	2.905440E+0	1.629234E+0
50.933333	2.897328E+0	1.587017E+0
51.000000	2.880509E+0	1.573589E+0
51.066667	2.853944E+0	1.582321E+0
51.133333	2.824947E+0	1.558500E+0
51.200000	2.795928E+0	1.537121E+0
51.266667	2.763467E+0	1.508340E+0
51.333333	2.723075E+0	1.407449E+0
51.400000	2.693604E+0	1.286149E+0
51.466667	2.672126E+0	1.265747E+0
51.533333	2.650148E+0	1.287764E+0
51.600000	2.620648E+0	1.084202E+0
51.666667	2.596560E+0	7.885038E-1
51.733333	2.580098E+0	5.054975E-1
51.800000	2.580197E+0	4.378964E-1
51.866667	2.580431E+0	4.225666E-1
51.933333	2.580185E+0	4.247759E-1
52.000000	2.580297E+0	4.245881E-1
52.066667	2.580304E+0	4.252193E-1
52.133333	2.580118E+0	4.238516E-1
52.200000	2.580283E+0	4.231377E-1
52.266667	2.580395E+0	4.250164E-1
52.333333	2.580385E+0	4.268800E-1
52.400000	2.580295E+0	4.231152E-1
52.466667	2.580395E+0	4.257829E-1
52.533333	2.580360E+0	4.224990E-1
52.600000	2.580397E+0	4.256175E-1
52.666667	2.581389E+0	4.256100E-1
52.733333	2.581291E+0	4.047947E-1
52.800000	2.582055E+0	4.038178E-1
52.866667	2.584361E+0	3.920049E-1
52.933333	2.590216E+0	3.915089E-1
53.000000	2.596869E+0	4.036825E-1
53.066667	2.604282E+0	4.110468E-1
53.133333	2.617029E+0	4.329217E-1
53.200000	2.635535E+0	4.801959E-1
53.266667	2.660110E+0	6.175473E-1
53.333333	2.681918E+0	7.301757E-1
53.400000	2.700884E+0	7.888570E-1
53.466667	2.716726E+0	8.452989E-1
53.533333	2.728798E+0	9.512920E-1
53.600000	2.744084E+0	1.075335E+0
53.666667	2.750722E+0	1.179712E+0
53.733333	2.763397E+0	1.235891E+0
53.800000	2.778362E+0	1.307340E+0
53.866667	2.796199E+0	1.364180E+0
53.933333	2.805685E+0	1.401392E+0
54.000000	2.819679E+0	1.417008E+0
54.066667	2.836296E+0	1.457676E+0
54.133333	2.855129E+0	1.487216E+0
54.200000	2.874593E+0	1.488396E+0
54.266667	2.893733E+0	1.475726E+0
54.333333	2.911054E+0	1.509527E+0
54.400000	2.928989E+0	1.518965E+0
54.466667	2.948255E+0	1.559890E+0
54.533333	2.968284E+0	1.517350E+0
54.600000	2.981419E+0	1.508174E+0
54.666667	2.995767E+0	1.527727E+0
54.733333	3.008775E+0	1.627701E+0
54.800000	3.023055E+0	1.693589E+0
54.866667	3.038691E+0	1.742561E+0
54.933333	3.054574E+0	1.742516E+0
55.000000	3.063804E+0	1.830662E+0
55.066667	3.069090E+0	1.871760E+0
55.133333	3.077300E+0	1.902178E+0
55.200000	3.088879E+0	1.894679E+0
55.266667	3.095282E+0	1.850245E+0
55.333333	3.102878E+0	1.851635E+0
55.400000	3.109024E+0	1.887277E+0
55.466667	3.114663E+0	1.973537E+0
55.533333	3.119195E+0	1.968419E+0
55.600000	3.124173E+0	2.011621E+0
55.666667	3.127635E+0	2.029528E+0
55.733333	3.129849E+0	2.035675E+0
55.800000	3.131394E+0	2.021638E+0
55.866667	3.134477E+0	2.111752E+0
55.933333	3.141250E+0	2.167398E+0
56.000000	3.144224E+0	2.028446E+0
56.066667	3.146751E+0	2.001874E+0
56.133333	3.147507E+0	2.003753E+0
56.200000	3.144708E+0	2.020533E+0
56.266667	3.143096E+0	2.012072E+0
56.333333	3.144001E+0	2.036607E+0
56.400000	3.143672E+0	2.060856E+0
56.466667	3.143231E+0	2.042175E+0
56.533333	3.143633E+0	2.042446E+0
56.600000	3.140765E+0	2.075885E+0
56.666667	3.132458E+0	2.034578E+0
56.733333	3.116004E+0	2.098001E+0
56.800000	3.058875E+0	2.025801E+0
56.866667	2.934806E+0	1.883693E+0
56.933333	2.784993E+0	1.748025E+0
57.000000	2.705752E+0	1.547641E+0
57.066667	2.646720E+0	1.306062E+0
57.133333	2.621253E+0	1.058322E+0
57.200000	2.610640E+0	9.438450E-1
57.266667	2.599097E+0	8.426763E-1
57.333333	2.591116E+0	7.312427E-1
57.400000	2.587567E+0	6.874929E-1
57.466667	2.584153E+0	7.829054E-1
57.533333	2.579666E+0	8.192083E-1
57.600000	2.576505E+0	5.939590E-1
57.666667	2.577165E+0	5.461889E-1
57.733333	2.578815E+0	5.592041E-1
57.800000	2.579523E+0	5.473386E-1
57.866667	2.579848E+0	5.384113E-1
57.933333	2.581129E+0	5.607747E-1
58.000000	2.580754E+0	5.742633E-1
58.066667	2.583672E+0	5.509456E-1
58.133333	2.589166E+0	4.938649E-1
58.200000	2.591491E+0	4.730721E-1
58.266667	2.593384E+0	4.753490E-1
58.333333	2.593184E+0	4.485295E-1
58.400000	2.585527E+0	4.356645E-1
58.466667	2.580516E+0	4.136994E-1
58.533333	2.580204E+0	4.196585E-1
58.600000	2.580200E+0	4.297055E-1
58.666667	2.580395E+0	4.224539E-1
58.733333	2.580387E+0	4.314263E-1
58.800000	2.580404E+0	4.413606E-1
58.866667	2.580335E+0	4.513174E-1
58.933333	2.581187E+0	4.696680E-1
59.000000	2.581878E+0	4.554354E-1
59.066667	2.581151E+0	4.519712E-1
59.133333	2.580150E+0	4.523619E-1
59.200000	2.580281E+0	4.501301E-1
59.266667	2.580845E+0	4.415034E-1
59.333333	2.583863E+0	3.854522E-1
59.400000	2.583255E+0	3.395156E-1
59.466667	2.581045E+0	3.255760E-1
59.533333	2.582430E+0	3.352623E-1
59.600000	2.584034E+0	3.522603E-1
59.666667	2.582943E+0	3.945298E-1
59.733333	2.583170E+0	3.841897E-1
59.800000	2.585071E+0	4.152324E-1
59.866667	2.587454E+0	4.376709E-1
59.933333	2.588148E+0	4.486197E-1
60.000000	2.588883E+0	4.420519E-1
60.066667	2.591093E+0	4.335003E-1
60.133333	2.595471E+0	4.414583E-1
60.200000	2.602951E+0	4.446069E-1
60.266667	2.616443E+0	4.462150E-1
60.333333	2.634172E+0	4.707275E-1
60.400000	2.651939E+0	6.168259E-1
60.466667	2.667034E+0	6.883045E-1
60.533333	2.682213E+0	7.061816E-1
60.600000	2.698697E+0	7.439198E-1
60.666667	2.710979E+0	7.818759E-1
60.733333	2.724581E+0	8.741549E-1
60.800000	2.731443E+0	9.388178E-1
60.866667	2.735018E+0	9.789531E-1
60.933333	2.738046E+0	9.725507E-1
61.000000	2.742955E+0	9.450323E-1
61.066667	2.747261E+0	9.573262E-1
61.133333	2.747904E+0	1.043481E+0
61.200000	2.747146E+0	1.072382E+0
61.266667	2.749227E+0	1.070097E+0
61.333333	2.752453E+0	1.082031E+0
61.400000	2.753720E+0	1.080122E+0
61.466667	2.752322E+0	1.070526E+0
61.533333	2.747075E+0	1.048658E+0
61.600000	2.745890E+0	1.061328E+0
61.666667	2.748413E+0	1.100118E+0
61.733333	2.750568E+0	1.085194E+0
61.800000	2.756281E+0	1.058698E+0
61.866667	2.758877E+0	1.033885E+0
61.933333	2.760131E+0	1.012100E+0
62.000000	2.765109E+0	9.801780E-1
62.066667	2.771515E+0	1.003218E+0
62.133333	2.777374E+0	1.027430E+0
62.200000	2.776583E+0	1.066242E+0
62.266667	2.777231E+0	1.072930E+0
62.333333	2.779389E+0	1.064897E+0
62.400000	2.783888E+0	1.084743E+0
62.466667	2.787528E+0	1.109308E+0
62.533333	2.788155E+0	1.074088E+0
62.600000	2.784706E+0	1.057721E+0
62.666667	2.785341E+0	1.062598E+0
62.733333	2.785071E+0	1.082241E+0
62.800000	2.782981E+0	1.111946E+0
62.866667	2.782940E+0	1.129808E+0
62.933333	2.782946E+0	1.127561E+0
63.000000	2.784652E+0	1.132363E+0
63.066667	2.784048E+0	1.154644E+0
63.133333	2.784579E+0	1.183312E+0
63.200000	2.784764E+0	1.192961E+0
63.266667	2.782194E+0	1.179216E+0
63.333333	2.776829E+0	1.216970E+0
63.400000	2.772159E+0	1.247975E+0
63.466667	2.772867E+0	1.250552E+0
63.533333	2.772028E+0	1.188587E+0
63.600000	2.770634E+0	1.162977E+0
63.666667	2.771882E+0	1.154065E+0
63.733333	2.771951E+0	1.190834E+0
63.800000	2.769531E+0	1.221193E+0
63.866667	2.769443E+0	1.244187E+0
63.933333	2.769691E+0	1.229512E+0
64.000000	2.767366E+0	1.223320E+0
64.066667	2.764604E+0	1.217917E+0
64.133333	2.767837E+0	1.209357E+0
64.200000	2.770478E+0	1.199957E+0
64.266667	2.771263E+0	1.225897E+0
64.333333	2.771286E+0	1.272698E+0
64.400000	2.774767E+0	1.248305E+0
64.466667	2.778054E+0	1.225131E+0
64.533333	2.780949E+0	1.195065E+0
64.600000	2.781692E+0	1.179179E+0
64.666667	2.779832E+0	1.184462E+0
64.733333	2.779782E+0	1.214805E+0
64.800000	2.779672E+0	1.226716E+0
64.866667	2.775183E+0	1.231338E+0
64.933333	2.766040E+0	1.230098E+0
65.000000	2.747865E+0	1.212220E+0
65.066667	2.711781E+0	1.108497E+0
65.133333	2.670251E+0	9.361576E-1
65.200000	2.637540E+0	8.967963E-1
65.266667	2.607325E+0	7.277485E-1
65.333333	2.588900E+0	5.387945E-1
65.400000	2.579004E+0	4.243476E-1
65.466667	2.580522E+0	4.594782E-1
65.533333	2.580360E+0	5.174832E-1
65.600000	2.580400E+0	4.897244E-1
65.666667	2.580333E+0	5.051067E-1
65.733333	2.580449E+0	5.067824E-1
65.800000	2.580364E+0	4.969834E-1
65.866667	2.580337E+0	4.986667E-1
65.933333	2.580383E+0	5.021760E-1
66.000000	2.580256E+0	5.027396E-1
66.066667	2.580295E+0	4.929105E-1
66.133333	2.580291E+0	5.004928E-1
66.200000	2.580197E+0	4.930007E-1
66.266667	2.580264E+0	4.767467E-1
66.333333	2.580227E+0	4.470566E-1
66.400000	2.580287E+0	4.379114E-1
66.466667	2.580360E+0	4.329818E-1
66.533333	2.580464E+0	4.529105E-1
66.600000	2.582193E+0	4.484468E-1
66.666667	2.582112E+0	4.409097E-1
66.733333	2.582728E+0	4.287962E-1
66.800000	2.588110E+0	4.323957E-1
66.866667	2.599329E+0	4.308251E-1
66.933333	2.620605E+0	5.528468E-1
67.000000	2.639571E+0	6.745528E-1
67.066667	2.659704E+0	6.762812E-1
67.133333	2.675846E+0	7.436869E-1
67.200000	2.686660E+0	7.452499E-1
67.266667	2.692765E+0	7.113892E-1
67.333333	2.695952E+0	7.322271E-1
67.400000	2.699570E+0	7.815904E-1
67.466667	2.702621E+0	8.073804E-1
67.533333	2.702804E+0	8.158643E-1
67.600000	2.703914E+0	8.220789E-1
67.666667	2.706901E+0	8.305704E-1
67.733333	2.709090E+0	8.201852E-1
67.800000	2.712204E+0	8.248969E-1
67.866667	2.713298E+0	8.388214E-1
67.933333	2.710944E+0	8.346282E-1
68.000000	2.713669E+0	8.409104E-1
68.066667	2.715674E+0	9.136364E-1
68.133333	2.715041E+0	8.914159E-1
68.200000	2.716153E+0	9.285904E-1
68.266667	2.727151E+0	9.894735E-1
68.333333	2.738804E+0	9.217672E-1
68.400000	2.745428E+0	9.871590E-1
68.466667	2.740816E+0	1.070443E+0
68.533333	2.734893E+0	1.048177E+0
68.600000	2.727309E+0	1.049530E+0
68.666667	2.717918E+0	1.051454E+0
68.733333	2.711700E+0	1.070999E+0
68.800000	2.701657E+0	1.058457E+0
68.866667	2.683098E+0	1.051912E+0
68.933333	2.670943E+0	1.085577E+0
69.000000	2.667785E+0	1.138209E+0
69.066667	2.676556E+0	1.172972E+0
69.133333	2.682774E+0	1.145273E+0
69.200000	2.684427E+0	1.091627E+0
69.266667	2.685594E+0	1.079130E+0
69.333333	2.680793E+0	1.071841E+0
69.400000	2.658887E+0	1.051694E+0
69.466667	2.611488E+0	9.355940E-1
69.533333	2.582622E+0	8.053515E-1
69.600000	2.580416E+0	5.494652E-1
69.666667	2.580525E+0	4.852682E-1
69.733333	2.580337E+0	4.847046E-1
69.800000	2.580129E+0	4.864405E-1
69.866667	2.580248E+0	4.963447E-1
69.933333	2.580291E+0	5.099461E-1
70.000000	2.580235E+0	5.051443E-1
70.066667	2.580266E+0	5.016199E-1
70.133333	2.580381E+0	5.100513E-1
70.200000	2.580404E+0	5.066923E-1
70.266667	2.580347E+0	5.056853E-1
70.333333	2.580393E+0	4.964574E-1
70.400000	2.580370E+0	4.986216E-1
70.466667	2.580316E+0	5.033783E-1
70.533333	2.580268E+0	5.100513E-1
70.600000	2.580125E+0	5.037616E-1
70.666667	2.580233E+0	5.019656E-1
70.733333	2.580289E+0	4.966453E-1
70.800000	2.580325E+0	4.954505E-1
70.866667	2.580291E+0	4.864405E-1
70.933333	2.580373E+0	4.890030E-1
71.000000	2.580420E+0	4.917683E-1
71.066667	2.580297E+0	4.816237E-1
71.133333	2.580135E+0	4.815786E-1
71.200000	2.580362E+0	4.898221E-1
71.266667	2.580110E+0	4.907764E-1
71.333333	2.580143E+0	4.894614E-1
71.400000	2.580200E+0	4.815109E-1
71.466667	2.580168E+0	4.674437E-1
71.533333	2.580068E+0	4.615522E-1
71.600000	2.580183E+0	4.623187E-1
71.666667	2.580062E+0	4.624014E-1
71.733333	2.580093E+0	4.647159E-1
71.800000	2.580179E+0	4.617401E-1
71.866667	2.580156E+0	4.634685E-1
71.933333	2.580083E+0	4.637615E-1
72.000000	2.580137E+0	4.636187E-1
72.066667	2.580187E+0	4.649639E-1
72.133333	2.580427E+0	4.697581E-1
72.200000	2.580266E+0	4.700963E-1
72.266667	2.580210E+0	4.693223E-1
72.333333	2.580122E+0	4.685258E-1
72.400000	2.580222E+0	4.693373E-1
72.466667	2.580087E+0	4.713888E-1
72.533333	2.580143E+0	4.692998E-1
72.600000	2.580212E+0	4.691495E-1
72.666667	2.580218E+0	4.642124E-1
72.733333	2.580225E+0	4.654072E-1
72.800000	2.580300E+0	4.625442E-1
72.866667	2.580139E+0	4.639794E-1
72.933333	2.580147E+0	4.660234E-1
73.000000	2.580200E+0	4.679471E-1
73.066667	2.580073E+0	4.687587E-1
73.133333	2.580122E+0	4.681350E-1
73.200000	2.579920E+0	4.677292E-1
73.266667	2.580145E+0	4.660610E-1
73.333333	2.580010E+0	4.647159E-1
73.400000	2.580102E+0	4.618152E-1
73.466667	2.580095E+0	4.631904E-1
73.533333	2.580114E+0	4.643026E-1
73.600000	2.580068E+0	4.630551E-1
73.666667	2.580318E+0	4.596886E-1
73.733333	2.579995E+0	4.515879E-1
73.800000	2.580071E+0	4.329292E-1
73.866667	2.580208E+0	4.366114E-1
73.933333	2.580383E+0	4.157434E-1
74.000000	2.580237E+0	4.145937E-1
74.066667	2.580298E+0	4.139174E-1
74.133333	2.580220E+0	4.137370E-1
74.200000	2.580223E+0	4.150821E-1
74.266667	2.580177E+0	4.152399E-1
74.333333	2.580023E+0	4.174116E-1
74.400000	2.580081E+0	4.145711E-1
74.466667	2.580045E+0	4.128503E-1
74.533333	2.580206E+0	4.113925E-1
74.600000	2.580098E+0	4.051253E-1
74.666667	2.580077E+0	4.032993E-1
74.733333	2.580318E+0	4.010374E-1
74.800000	2.580195E+0	3.992639E-1
74.866667	2.580223E+0	4.016611E-1
74.933333	2.580125E+0	3.990084E-1
75.000000	2.580168E+0	3.881349E-1
75.066667	2.580071E+0	3.844076E-1
75.133333	2.580048E+0	3.846857E-1
75.200000	2.580060E+0	3.850764E-1
75.266667	2.579858E+0	3.863764E-1
75.333333	2.580071E+0	3.882250E-1
75.400000	2.585502E+0	3.776746E-1
75.466667	2.598585E+0	3.988506E-1
75.533333	2.591809E+0	3.492545E-1
75.600000	2.580445E+0	3.677553E-1
75.666667	2.580322E+0	3.839868E-1
75.733333	2.587088E+0	4.197637E-1
75.800000	2.589075E+0	4.032241E-1
75.866667	2.596488E+0	3.576182E-1
75.933333	2.590947E+0	3.273570E-1
76.000000	2.586865E+0	3.216685E-1
76.066667	2.585273E+0	3.686270E-1
76.133333	2.588371E+0	3.886308E-1
76.200000	2.596727E+0	3.637200E-1
76.266667	2.615847E+0	3.734514E-1
76.333333	2.635833E+0	4.994783E-1
76.400000	2.663695E+0	6.781297E-1
76.466667	2.682267E+0	6.861778E-1
76.533333	2.692723E+0	6.200947E-1
76.600000	2.720088E+0	6.067939E-1
76.666667	2.750479E+0	7.365706E-1
76.733333	2.767822E+0	7.721896E-1
76.800000	2.747321E+0	8.009254E-1
76.866667	2.672940E+0	6.941583E-1
76.933333	2.590907E+0	5.034084E-1
77.000000	2.580335E+0	4.610337E-1
77.066667	2.580156E+0	4.454710E-1
77.133333	2.580225E+0	4.630251E-1
77.200000	2.580273E+0	4.626644E-1
77.266667	2.580018E+0	4.614921E-1
77.333333	2.580179E+0	4.663691E-1
77.400000	2.593201E+0	4.576522E-1
77.466667	2.585627E+0	4.211088E-1
77.533333	2.580181E+0	4.274286E-1
77.600000	2.580123E+0	4.113624E-1
77.666667	2.592665E+0	4.057866E-1
77.733333	2.612042E+0	3.935078E-1
77.800000	2.614394E+0	4.085219E-1
77.866667	2.642364E+0	5.890069E-1
77.933333	2.671907E+0	8.517013E-1
78.000000	2.679924E+0	9.010871E-1
78.066667	2.685281E+0	6.927606E-1
78.133333	2.657521E+0	5.294088E-1
78.200000	2.604927E+0	4.496792E-1
78.266667	2.580624E+0	4.035773E-1
78.333333	2.588048E+0	5.096981E-1
78.400000	2.591668E+0	6.017666E-1
78.466667	2.582818E+0	4.764461E-1
78.533333	2.581518E+0	3.631264E-1
78.600000	2.580797E+0	3.803498E-1
78.666667	2.579391E+0	4.062976E-1
78.733333	2.579933E+0	3.723392E-1
78.800000	2.599758E+0	4.261285E-1
78.866667	2.619807E+0	4.552926E-1
78.933333	2.662532E+0	4.563071E-1
79.000000	2.672799E+0	5.043327E-1
79.066667	2.693296E+0	5.611053E-1
79.133333	2.704075E+0	6.066286E-1
79.200000	2.732577E+0	7.329260E-1
79.266667	2.757167E+0	1.086231E+0
79.333333	2.737290E+0	1.130913E+0
79.400000	2.678543E+0	1.028722E+0
79.466667	2.616922E+0	9.155527E-1
79.533333	2.603336E+0	5.500664E-1
79.600000	2.585105E+0	4.825930E-1
79.666667	2.573941E+0	4.034646E-1
79.733333	2.563295E+0	3.558447E-1
79.800000	2.567969E+0	3.723693E-1
79.866667	2.562204E+0	4.156081E-1
79.933333	2.561166E+0	4.419467E-1
80.000000	2.564549E+0	2.918131E-1
80.066667	2.582026E+0	4.429086E-1
80.133333	2.588175E+0	7.192119E-1
80.200000	2.618366E+0	5.304834E-1
80.266667	2.677691E+0	6.871923E-1
80.333333	2.718226E+0	9.731594E-1
80.400000	2.750689E+0	9.984309E-1
80.466667	2.775450E+0	9.904504E-1
80.533333	2.797986E+0	1.098022E+0
80.600000	2.812100E+0	1.079724E+0
80.666667	2.828954E+0	1.072186E+0
80.733333	2.852434E+0	1.105190E+0
80.800000	2.896297E+0	1.209763E+0
80.866667	2.921693E+0	1.323880E+0
80.933333	2.942821E+0	1.448862E+0
81.000000	2.959024E+0	1.426138E+0
81.066667	2.948670E+0	1.390391E+0
81.133333	2.928018E+0	1.351939E+0
81.200000	2.938291E+0	1.359228E+0
81.266667	2.939408E+0	1.305093E+0
81.333333	2.858733E+0	1.176910E+0
81.400000	2.719555E+0	8.022479E-1
81.466667	2.626922E+0	8.191933E-1
81.533333	2.596498E+0	6.952179E-1
81.600000	2.581456E+0	6.678799E-1
81.666667	2.585555E+0	7.208426E-1
81.733333	2.580195E+0	5.416726E-1
81.800000	2.583143E+0	5.371864E-1
81.866667	2.580741E+0	5.282366E-1
81.933333	2.579837E+0	5.093975E-1
82.000000	2.579795E+0	5.243215E-1
82.066667	2.580006E+0	5.232619E-1
82.133333	2.580983E+0	5.204214E-1
82.200000	2.586002E+0	5.328580E-1
82.266667	2.591026E+0	5.406957E-1
82.333333	2.600661E+0	5.305661E-1
82.400000	2.608995E+0	5.337748E-1
82.466667	2.611796E+0	5.391327E-1
82.533333	2.616245E+0	5.363448E-1
82.600000	2.622179E+0	5.487063E-1
82.666667	2.618191E+0	5.601810E-1
82.733333	2.611721E+0	5.486837E-1
82.800000	2.606156E+0	5.258469E-1
82.866667	2.617035E+0	4.950522E-1
82.933333	2.612921E+0	5.135080E-1
83.000000	2.611419E+0	4.901226E-1
83.066667	2.618974E+0	5.060535E-1
83.133333	2.629623E+0	5.126588E-1
83.200000	2.638367E+0	5.239908E-1
83.266667	2.638590E+0	5.267787E-1
83.333333	2.629244E+0	5.244642E-1
83.400000	2.610024E+0	5.302204E-1
83.466667	2.607960E+0	5.092547E-1
83.533333	2.608174E+0	5.155069E-1
83.600000	2.614198E+0	5.292134E-1
83.666667	2.624716E+0	5.477444E-1
83.733333	2.636189E+0	5.587232E-1
83.800000	2.651491E+0	5.700476E-1
83.866667	2.661966E+0	6.209514E-1
83.933333	2.659912E+0	6.486275E-1
84.000000	2.633196E+0	6.585468E-1
84.066667	2.620199E+0	6.177652E-1
84.133333	2.630407E+0	5.553942E-1
84.200000	2.635868E+0	5.320089E-1
84.266667	2.637270E+0	5.404327E-1
84.333333	2.635514E+0	5.633071E-1
84.400000	2.645209E+0	6.119414E-1
84.466667	2.650121E+0	6.376562E-1
84.533333	2.657707E+0	6.347631E-1
84.600000	2.658990E+0	6.386256E-1
84.666667	2.669060E+0	6.695331E-1
84.733333	2.669266E+0	6.882744E-1
84.800000	2.668098E+0	6.801136E-1
84.866667	2.666756E+0	6.718851E-1
84.933333	2.657209E+0	6.419020E-1
85.000000	2.640658E+0	6.336660E-1
85.066667	2.619701E+0	5.986105E-1
85.133333	2.607131E+0	5.147254E-1
85.200000	2.596525E+0	4.578400E-1
85.266667	2.605190E+0	4.648136E-1
85.333333	2.623533E+0	4.830965E-1
85.400000	2.639979E+0	4.988921E-1
85.466667	2.649346E+0	5.149207E-1
85.533333	2.648534E+0	5.408009E-1
85.600000	2.650206E+0	5.385691E-1
85.666667	2.655811E+0	5.688904E-1
85.733333	2.663724E+0	6.003915E-1
85.800000	2.663366E+0	5.767732E-1
85.866667	2.665567E+0	5.755483E-1
85.933333	2.664794E+0	5.601735E-1
86.000000	2.660964E+0	5.553341E-1
86.066667	2.660281E+0	5.479473E-1
86.133333	2.660833E+0	5.359991E-1
86.200000	2.663805E+0	5.405905E-1
86.266667	2.661322E+0	5.413495E-1
86.333333	2.662020E+0	5.480074E-1
86.400000	2.656851E+0	5.462790E-1
86.466667	2.654212E+0	5.519300E-1
86.533333	2.652389E+0	5.411090E-1
86.600000	2.653053E+0	5.306638E-1
86.666667	2.652633E+0	5.355407E-1
86.733333	2.667008E+0	5.398391E-1
86.800000	2.677400E+0	5.571000E-1
86.866667	2.685523E+0	5.763899E-1
86.933333	2.685098E+0	5.841675E-1
87.000000	2.666315E+0	6.299613E-1
87.066667	2.639494E+0	7.367133E-1
87.133333	2.622806E+0	6.532490E-1
87.200000	2.631381E+0	6.581259E-1
87.266667	2.639982E+0	7.041452E-1
87.333333	2.636087E+0	7.210079E-1
87.400000	2.627801E+0	6.552479E-1
87.466667	2.612355E+0	6.334631E-1
87.533333	2.597858E+0	6.126553E-1
87.600000	2.588456E+0	5.014170E-1
87.666667	2.591510E+0	5.014922E-1
87.733333	2.593284E+0	5.058431E-1
87.800000	2.605858E+0	5.089617E-1
87.866667	2.611351E+0	4.952100E-1
87.933333	2.605964E+0	5.313025E-1
88.000000	2.612630E+0	5.091345E-1
88.066667	2.602576E+0	4.861249E-1
88.133333	2.596362E+0	5.405229E-1
88.200000	2.586411E+0	4.616950E-1
88.266667	2.580287E+0	4.035773E-1
88.333333	2.580298E+0	4.199816E-1
88.400000	2.580312E+0	4.483116E-1
88.466667	2.580287E+0	4.378813E-1
88.533333	2.580412E+0	4.497468E-1
88.600000	2.580223E+0	4.426381E-1
88.666667	2.580291E+0	4.401507E-1
88.733333	2.580102E+0	4.344772E-1
88.800000	2.580298E+0	4.280748E-1
88.866667	2.580475E+0	4.325159E-1
88.933333	2.581937E+0	4.431791E-1
89.000000	2.589924E+0	4.014357E-1
89.066667	2.587296E+0	3.863013E-1
89.133333	2.586777E+0	4.142405E-1
89.200000	2.596042E+0	4.468462E-1
89.266667	2.612890E+0	4.964123E-1
89.333333	2.629288E+0	6.127755E-1
89.400000	2.663988E+0	6.264746E-1
89.466667	2.708468E+0	9.043184E-1
89.533333	2.763355E+0	9.742264E-1
89.600000	2.821054E+0	1.042181E+0
89.666667	2.860593E+0	1.234013E+0
89.733333	2.917250E+0	1.369380E+0
89.800000	2.987536E+0	1.508032E+0
89.866667	3.066234E+0	1.593239E+0
89.933333	3.159829E+0	1.826807E+0
90.000000	3.207649E+0	1.918981E+0
90.066667	3.286635E+0	2.078110E+0
90.133333	3.287199E+0	2.103276E+0
90.200000	3.368428E+0	2.161409E+0
90.266667	3.457583E+0	2.271377E+0
90.333333	3.573233E+0	2.323934E+0
90.400000	3.646728E+0	2.482521E+0
90.466667	3.694827E+0	2.559170E+0
90.533333	3.760724E+0	2.625125E+0
90.600000	3.774915E+0	2.657310E+0
90.666667	3.801065E+0	2.671716E+0
90.733333	3.873727E+0	2.804333E+0
90.800000	3.932836E+0	2.923108E+0
90.866667	3.977632E+0	2.984848E+0
90.933333	4.027196E+0	2.995902E+0
91.000000	4.077340E+0	3.005400E+0
91.066667	4.088404E+0	3.040696E+0
91.133333	4.115835E+0	3.049827E+0
91.200000	4.155968E+0	3.094411E+0
91.266667	4.198927E+0	3.139618E+0
91.333333	4.246767E+0	3.159975E+0
91.400000	4.294286E+0	3.215297E+0
91.466667	4.289091E+0	3.231461E+0
91.533333	4.339729E+0	3.273633E+0
91.600000	4.392071E+0	3.341723E+0
91.666667	4.382144E+0	3.334418E+0
91.733333	4.327034E+0	3.292480E+0
91.800000	4.321504E+0	3.286077E+0
91.866667	4.329944E+0	3.292562E+0
91.933333	4.316820E+0	3.239908E+0
92.000000	4.273022E+0	3.158683E+0
92.066667	4.220925E+0	3.137988E+0
92.133333	4.080616E+0	3.062616E+0
92.200000	3.924057E+0	2.962380E+0
92.266667	3.816574E+0	2.940572E+0
92.333333	3.766706E+0	2.891622E+0
92.400000	3.749136E+0	2.862834E+0
92.466667	3.753926E+0	2.803416E+0
92.533333	3.773676E+0	2.789898E+0
92.600000	3.775748E+0	2.835624E+0
92.666667	3.718845E+0	2.791220E+0
92.733333	3.607939E+0	2.710258E+0
92.800000	3.561706E+0	2.748154E+0
92.866667	3.534746E+0	2.784096E+0
92.933333	3.509843E+0	2.664104E+0
93.000000	3.491947E+0	2.617874E+0
93.066667	3.490329E+0	2.604806E+0
93.133333	3.456172E+0	2.581827E+0
93.200000	3.401140E+0	2.554721E+0
93.266667	3.360074E+0	2.528082E+0
93.333333	3.340374E+0	2.574928E+0
93.400000	3.351230E+0	2.598967E+0
93.466667	3.348414E+0	2.508244E+0
93.533333	3.292761E+0	2.520215E+0
93.600000	3.201801E+0	2.373350E+0
93.666667	3.094640E+0	2.158275E+0
93.733333	3.014830E+0	2.145463E+0
93.800000	2.981156E+0	2.140060E+0
93.866667	2.959357E+0	2.006736E+0
93.933333	2.932297E+0	1.994908E+0
94.000000	2.886851E+0	1.935633E+0
94.066667	2.843855E+0	1.877185E+0
94.133333	2.796878E+0	1.921513E+0
94.200000	2.769181E+0	1.863569E+0
94.266667	2.740114E+0	1.744170E+0
94.333333	2.715143E+0	1.748100E+0
94.400000	2.668240E+0	1.794773E+0
94.466667	2.637995E+0	1.824553E+0
94.533333	2.624279E+0	1.457594E+0
94.600000	2.608666E+0	9.450699E-1
94.666667	2.603617E+0	8.330276E-1
94.733333	2.599024E+0	7.225333E-1
94.800000	2.607560E+0	7.515321E-1
94.866667	2.615387E+0	6.976902E-1
94.933333	2.631883E+0	8.019549E-1
95.000000	2.660648E+0	7.741810E-1
95.066667	2.723060E+0	8.270761E-1
95.133333	2.796926E+0	1.194990E+0
95.200000	2.853115E+0	1.411995E+0
95.266667	2.887605E+0	1.456639E+0
95.333333	2.900764E+0	1.659758E+0
95.400000	2.887738E+0	1.816798E+0
95.466667	2.856429E+0	1.632796E+0
95.533333	2.825853E+0	1.747649E+0
95.600000	2.792121E+0	1.772620E+0
95.666667	2.764859E+0	1.756862E+0
95.733333	2.728673E+0	1.524353E+0
95.800000	2.703229E+0	1.269790E+0
95.866667	2.674932E+0	8.563378E-1
95.933333	2.657534E+0	9.286656E-1
96.000000	2.642487E+0	9.349252E-1
96.066667	2.627938E+0	8.238148E-1
96.133333	2.615764E+0	8.414815E-1
96.200000	2.604860E+0	8.152106E-1
96.266667	2.598699E+0	7.565518E-1
96.333333	2.586404E+0	6.504010E-1
96.400000	2.580470E+0	6.261214E-1
96.466667	2.580750E+0	8.191557E-1
96.533333	2.580658E+0	8.453515E-1
96.600000	2.580602E+0	8.441642E-1
96.666667	2.580737E+0	8.420451E-1
96.733333	2.580843E+0	8.285489E-1
96.800000	2.580631E+0	8.389867E-1
96.866667	2.581543E+0	8.307207E-1
96.933333	2.582099E+0	7.963039E-1
97.000000	2.582164E+0	7.895934E-1
97.066667	2.580918E+0	8.041191E-1
97.133333	2.581031E+0	8.072602E-1
97.200000	2.580791E+0	8.074330E-1
97.266667	2.580654E+0	8.141059E-1
97.333333	2.580699E+0	8.152707E-1
97.400000	2.580772E+0	8.071324E-1
97.466667	2.580775E+0	8.092665E-1
97.533333	2.580752E+0	8.048405E-1
97.600000	2.580816E+0	8.030896E-1
97.666667	2.580893E+0	7.956952E-1
97.733333	2.580827E+0	7.844760E-1
97.800000	2.580591E+0	7.822892E-1
97.866667	2.580745E+0	7.820112E-1
97.933333	2.581985E+0	7.841904E-1
98.000000	2.589256E+0	8.099654E-1
98.066667	2.589131E+0	8.225523E-1
98.133333	2.588768E+0	8.465689E-1
98.200000	2.583199E+0	8.508522E-1
98.266667	2.581693E+0	7.954472E-1
98.333333	2.580916E+0	7.886240E-1
98.400000	2.580862E+0	8.181939E-1
98.466667	2.580793E+0	8.059752E-1
98.533333	2.580777E+0	8.148799E-1
98.600000	2.580866E+0	8.087781E-1
98.666667	2.581254E+0	8.122874E-1
98.733333	2.599768E+0	7.743989E-1
98.800000	2.595700E+0	7.005833E-1
98.866667	2.596419E+0	5.769084E-1
98.933333	2.599026E+0	4.666246E-1
99.000000	2.629721E+0	7.483158E-1
99.066667	2.669645E+0	8.451336E-1
99.133333	2.710753E+0	9.714085E-1
99.200000	2.754496E+0	1.141741E+0
99.266667	2.807480E+0	1.243654E+0
99.333333	2.837771E+0	1.367126E+0
99.400000	2.878359E+0	1.467784E+0
99.466667	2.897255E+0	1.472029E+0
99.533333	2.915961E+0	1.538518E+0
99.600000	2.939187E+0	1.613889E+0
99.666667	2.973673E+0	1.718132E+0
99.733333	2.999825E+0	1.781299E+0
99.800000	3.008392E+0	1.801829E+0
99.866667	2.988275E+0	1.820337E+0
99.933333	2.973068E+0	1.814438E+0
100.000000	2.900704E+0	1.751812E+0
100.066667	2.753072E+0	1.615565E+0
100.133333	2.603954E+0	1.128974E+0
100.200000	2.580529E+0	8.751693E-1
100.266667	2.580387E+0	8.834504E-1
100.333333	2.580454E+0	8.498002E-1
100.400000	2.580433E+0	9.179874E-1
100.466667	2.580512E+0	8.872979E-1
100.533333	2.580416E+0	8.744104E-1
100.600000	2.580474E+0	8.517615E-1
100.666667	2.580608E+0	8.525881E-1
100.733333	2.580902E+0	8.714797E-1
100.800000	2.580458E+0	8.651374E-1
100.866667	2.580397E+0	8.546997E-1
100.933333	2.580410E+0	8.265651E-1
101.000000	2.582811E+0	8.435480E-1
101.066667	2.580320E+0	8.530389E-1
101.133333	2.580381E+0	8.404144E-1
101.200000	2.580308E+0	8.374838E-1
101.266667	2.580550E+0	8.334710E-1
101.333333	2.580820E+0	7.961085E-1
101.400000	2.580250E+0	7.989566E-1
101.466667	2.581276E+0	8.054942E-1
101.533333	2.586540E+0	7.726555E-1
101.600000	2.582886E+0	7.836118E-1
101.666667	2.585017E+0	7.728434E-1
101.733333	2.598154E+0	7.990317E-1
101.800000	2.612915E+0	8.848556E-1
101.866667	2.637342E+0	8.984645E-1
101.933333	2.674213E+0	9.702588E-1
102.000000	2.703679E+0	1.079363E+0
102.066667	2.729025E+0	1.063402E+0
102.133333	2.754422E+0	1.134264E+0
102.200000	2.775177E+0	1.209530E+0
102.266667	2.797451E+0	1.241437E+0
102.333333	2.833726E+0	1.325683E+0
102.400000	2.859114E+0	1.372446E+0
102.466667	2.879192E+0	1.377721E+0
102.533333	2.898019E+0	1.443579E+0
102.600000	2.921630E+0	1.570019E+0
102.666667	2.947158E+0	1.690959E+0
102.733333	2.962411E+0	1.829821E+0
102.800000	2.997765E+0	1.792135E+0
102.866667	3.038472E+0	1.839447E+0
102.933333	3.078996E+0	1.961393E+0
103.000000	3.093919E+0	2.016573E+0
103.066667	3.115866E+0	1.998696E+0
103.133333	3.128738E+0	2.034059E+0
103.200000	3.151718E+0	2.103674E+0
103.266667	3.184840E+0	2.111249E+0
103.333333	3.208657E+0	2.081867E+0
103.400000	3.226757E+0	2.163190E+0
103.466667	3.249835E+0	2.167428E+0
103.533333	3.270091E+0	2.211381E+0
103.600000	3.285410E+0	2.177918E+0
103.666667	3.280865E+0	2.137332E+0
103.733333	3.284042E+0	2.218797E+0
103.800000	3.295587E+0	2.220481E+0
103.866667	3.306497E+0	2.266658E+0
103.933333	3.306066E+0	2.266786E+0
104.000000	3.299663E+0	2.270535E+0
104.066667	3.310359E+0	2.305268E+0
104.133333	3.325497E+0	2.361710E+0
104.200000	3.338050E+0	2.395525E+0
104.266667	3.343630E+0	2.445001E+0
104.333333	3.358023E+0	2.463540E+0
104.400000	3.371361E+0	2.463510E+0
104.466667	3.389648E+0	2.498558E+0
104.533333	3.405999E+0	2.492771E+0
104.600000	3.412862E+0	2.450780E+0
104.666667	3.404399E+0	2.442694E+0
104.733333	3.393396E+0	2.422773E+0
104.800000	3.406028E+0	2.486978E+0
104.866667	3.395583E+0	2.502630E+0
104.933333	3.363619E+0	2.458144E+0
105.000000	3.351882E+0	2.458001E+0
105.066667	3.371051E+0	2.485873E+0
105.133333	3.379228E+0	2.515300E+0
105.200000	3.380340E+0	2.473481E+0
105.266667	3.382229E+0	2.440725E+0
105.333333	3.401948E+0	2.471948E+0
105.400000	3.390109E+0	2.440628E+0
105.466667	3.340118E+0	2.423607E+0
105.533333	3.288962E+0	2.397577E+0
105.600000	3.270112E+0	2.417257E+0
105.666667	3.285539E+0	2.417949E+0
105.733333	3.301985E+0	2.424223E+0
105.800000	3.311292E+0	2.458535E+0
105.866667	3.309698E+0	2.424825E+0
105.933333	3.293944E+0	2.408803E+0
106.000000	3.273611E+0	2.404009E+0
106.066667	3.279232E+0	2.422307E+0
106.133333	3.277762E+0	2.431047E+0
106.200000	3.287526E+0	2.430686E+0
106.266667	3.322583E+0	2.458257E+0
106.333333	3.362351E+0	2.489104E+0
106.400000	3.395855E+0	2.475277E+0
106.466667	3.406992E+0	2.430776E+0
106.533333	3.450086E+0	2.465306E+0
106.600000	3.471421E+0	2.534177E+0
106.666667	3.544477E+0	2.561244E+0
106.733333	3.570488E+0	2.666441E+0
106.800000	3.584670E+0	2.521161E+0
106.866667	3.618203E+0	2.630408E+0
106.933333	3.602984E+0	2.671881E+0
107.000000	3.618430E+0	2.680207E+0
107.066667	3.614265E+0	2.713512E+0
107.133333	3.646638E+0	2.721770E+0
107.200000	3.605313E+0	2.804198E+0
107.266667	3.533019E+0	2.784434E+0
107.333333	3.498810E+0	2.795894E+0
107.400000	3.423930E+0	2.758644E+0
107.466667	3.382931E+0	2.687932E+0
107.533333	3.361138E+0	2.736574E+0
107.600000	3.364513E+0	2.753054E+0
107.666667	3.377570E+0	2.740264E+0
107.733333	3.363048E+0	2.739152E+0
107.800000	3.338108E+0	2.722424E+0
107.866667	3.332278E+0	2.780219E+0
107.933333	3.313464E+0	2.785682E+0
108.000000	3.263811E+0	2.795894E+0
108.066667	3.175913E+0	2.727647E+0
108.133333	3.065593E+0	2.631626E+0
108.200000	3.020762E+0	2.645881E+0
108.266667	3.016923E+0	2.619069E+0
108.333333	3.021928E+0	2.492974E+0
108.400000	3.015050E+0	2.371140E+0
108.466667	3.008169E+0	2.260729E+0
108.533333	2.998685E+0	2.353459E+0
108.600000	2.984510E+0	2.445850E+0
108.666667	2.947835E+0	2.385922E+0
108.733333	2.897199E+0	2.270468E+0
108.800000	2.840156E+0	2.023839E+0
108.866667	2.805037E+0	1.774235E+0
108.933333	2.788574E+0	1.728554E+0
109.000000	2.789640E+0	1.891034E+0
109.066667	2.777445E+0	1.822261E+0
109.133333	2.759791E+0	1.706897E+0
109.200000	2.742810E+0	1.726623E+0
109.266667	2.722035E+0	1.636907E+0
109.333333	2.684254E+0	1.447998E+0
109.400000	2.660146E+0	1.333694E+0
109.466667	2.643120E+0	1.280881E+0
109.533333	2.629894E+0	1.237710E+0
109.600000	2.614035E+0	1.158123E+0
109.666667	2.599424E+0	1.005562E+0
109.733333	2.596008E+0	9.266742E-1
109.800000	2.591755E+0	9.212637E-1
109.866667	2.584186E+0	9.357368E-1
109.933333	2.580208E+0	9.162515E-1
110.000000	2.579789E+0	9.057987E-1
110.066667	2.580883E+0	9.217898E-1
110.133333	2.580666E+0	9.078202E-1
110.200000	2.580722E+0	9.220903E-1
110.266667	2.580922E+0	8.962778E-1
110.333333	2.580714E+0	8.874106E-1
110.400000	2.580897E+0	8.656634E-1
110.466667	2.580862E+0	8.429844E-1
110.533333	2.580789E+0	8.277374E-1
110.600000	2.580774E+0	8.297888E-1
110.666667	2.580758E+0	8.335236E-1
110.733333	2.580660E+0	8.308709E-1
110.800000	2.580756E+0	8.500256E-1
110.866667	2.580845E+0	8.576529E-1
110.933333	2.583407E+0	8.579535E-1
111.000000	2.596448E+0	8.418948E-1
111.066667	2.610695E+0	6.619734E-1
111.133333	2.627803E+0	8.817521E-1
111.200000	2.640211E+0	9.218123E-1
111.266667	2.633531E+0	9.499769E-1
111.333333	2.602484E+0	8.603506E-1
111.400000	2.585678E+0	8.755376E-1
111.466667	2.581001E+0	8.800538E-1
111.533333	2.582836E+0	8.854568E-1
111.600000	2.597206E+0	8.544892E-1
111.666667	2.620359E+0	7.336925E-1
111.733333	2.643145E+0	7.652161E-1
111.800000	2.670933E+0	8.728624E-1
111.866667	2.692900E+0	8.915060E-1
111.933333	2.711115E+0	1.018983E+0
112.000000	2.725941E+0	1.187971E+0
112.066667	2.727817E+0	1.235523E+0
112.133333	2.730883E+0	1.298082E+0
112.200000	2.739627E+0	1.375414E+0
112.266667	2.750395E+0	1.368298E+0
112.333333	2.765221E+0	1.405353E+0
112.400000	2.785695E+0	1.392450E+0
112.466667	2.797362E+0	1.418413E+0
112.533333	2.810261E+0	1.433337E+0
112.600000	2.822158E+0	1.461667E+0
112.666667	2.835975E+0	1.481934E+0
112.733333	2.851391E+0	1.549302E+0
112.800000	2.843082E+0	1.628678E+0
112.866667	2.844017E+0	1.587198E+0
112.933333	2.860778E+0	1.610583E+0
113.000000	2.872721E+0	1.646638E+0
113.066667	2.883377E+0	1.663275E+0
113.133333	2.883237E+0	1.651838E+0
113.200000	2.883468E+0	1.679800E+0
113.266667	2.886259E+0	1.740127E+0
113.333333	2.883287E+0	1.706071E+0
113.400000	2.874921E+0	1.681197E+0
113.466667	2.873021E+0	1.670459E+0
113.533333	2.878293E+0	1.678019E+0
113.600000	2.884931E+0	1.659909E+0
113.666667	2.884254E+0	1.676629E+0
113.733333	2.884652E+0	1.680844E+0
113.800000	2.888222E+0	1.673164E+0
113.866667	2.886362E+0	1.680446E+0
113.933333	2.886722E+0	1.687600E+0
114.000000	2.887963E+0	1.685872E+0
114.066667	2.894051E+0	1.699789E+0
114.133333	2.894862E+0	1.686600E+0
114.200000	2.898815E+0	1.676140E+0
114.266667	2.893150E+0	1.690786E+0
114.333333	2.893527E+0	1.703516E+0
114.400000	2.899911E+0	1.712112E+0
114.466667	2.903570E+0	1.732439E+0
114.533333	2.905703E+0	1.736535E+0
114.600000	2.908467E+0	1.729073E+0
114.666667	2.917004E+0	1.758545E+0
114.733333	2.923159E+0	1.752473E+0
114.800000	2.926483E+0	1.830602E+0
114.866667	2.931753E+0	1.826018E+0
114.933333	2.943975E+0	1.842182E+0
115.000000	2.953231E+0	1.833105E+0
115.066667	2.962431E+0	1.840709E+0
115.133333	2.965476E+0	1.849967E+0
115.200000	2.962413E+0	1.872797E+0
115.266667	2.966230E+0	1.877658E+0
115.333333	2.977951E+0	1.890411E+0
115.400000	2.984178E+0	1.894003E+0
115.466667	2.986303E+0	1.912458E+0
115.533333	2.991056E+0	1.905951E+0
115.600000	2.998471E+0	1.883896E+0
115.666667	3.000849E+0	1.910828E+0
115.733333	2.963408E+0	1.891132E+0
115.800000	2.883233E+0	1.805015E+0
115.866667	2.842745E+0	1.677636E+0
115.933333	2.833665E+0	1.634998E+0
116.000000	2.836150E+0	1.656219E+0
116.066667	2.833097E+0	1.645548E+0
116.133333	2.822439E+0	1.623110E+0
116.200000	2.792419E+0	1.578811E+0
116.266667	2.761718E+0	1.456805E+0
116.333333	2.738142E+0	1.419067E+0
116.400000	2.724014E+0	1.427851E+0
116.466667	2.704008E+0	1.347588E+0
116.533333	2.684384E+0	1.322204E+0
116.600000	2.673288E+0	1.194606E+0
116.666667	2.675450E+0	1.183334E+0
116.733333	2.668991E+0	1.155177E+0
116.800000	2.664313E+0	1.136083E+0
116.866667	2.656898E+0	9.814329E-1
116.933333	2.654568E+0	9.320246E-1
117.000000	2.652651E+0	8.979385E-1
117.066667	2.648909E+0	9.015981E-1
117.133333	2.656228E+0	9.036421E-1
117.200000	2.667252E+0	9.498417E-1
117.266667	2.681428E+0	1.066971E+0
117.333333	2.678429E+0	1.082812E+0
117.400000	2.670564E+0	1.082076E+0
117.466667	2.674780E+0	1.094024E+0
117.533333	2.693517E+0	1.111976E+0
117.600000	2.715362E+0	1.104792E+0
117.666667	2.733410E+0	1.144529E+0
117.733333	2.744665E+0	1.229399E+0
117.800000	2.737732E+0	1.253581E+0
117.866667	2.739398E+0	1.262681E+0
117.933333	2.737200E+0	1.298728E+0
118.000000	2.724368E+0	1.187776E+0
118.066667	2.712096E+0	1.144349E+0
118.133333	2.710961E+0	1.176451E+0
118.200000	2.709284E+0	1.183936E+0
118.266667	2.701348E+0	1.108106E+0
118.333333	2.695110E+0	1.154892E+0
118.400000	2.690526E+0	1.137623E+0
118.466667	2.693148E+0	1.157184E+0
118.533333	2.691753E+0	1.126419E+0
118.600000	2.688362E+0	1.110879E+0
118.666667	2.685975E+0	1.106753E+0
118.733333	2.688926E+0	1.105904E+0
118.800000	2.685013E+0	1.103372E+0
118.866667	2.684404E+0	1.097901E+0
118.933333	2.691540E+0	1.079378E+0
119.000000	2.682193E+0	8.813238E-1
119.066667	2.676631E+0	8.634992E-1
119.133333	2.682226E+0	8.722086E-1
119.200000	2.675461E+0	9.223834E-1
119.266667	2.667325E+0	9.275685E-1
119.333333	2.662572E+0	8.615680E-1
119.400000	2.658165E+0	8.449307E-1
119.466667	2.639544E+0	8.356352E-1
119.533333	2.629605E+0	7.997681E-1
119.600000	2.611780E+0	7.946507E-1
119.666667	2.598123E+0	8.225147E-1
119.733333	2.597196E+0	7.961236E-1
119.800000	2.588035E+0	7.895859E-1
119.866667	2.584792E+0	7.667341E-1
119.933333	2.581203E+0	6.617555E-1
120.000000	2.582516E+0	5.570775E-1
120.066667	2.581835E+0	5.371188E-1
120.133333	2.583453E+0	5.852722E-1
120.200000	2.581801E+0	6.676845E-1
120.266667	2.581006E+0	6.576826E-1
120.333333	2.581101E+0	6.499952E-1
120.400000	2.581141E+0	6.428714E-1
120.466667	2.581060E+0	6.279775E-1
120.533333	2.581076E+0	6.057419E-1
120.600000	2.581166E+0	5.931925E-1
120.666667	2.581152E+0	6.045395E-1
120.733333	2.581233E+0	5.852196E-1
120.800000	2.581206E+0	5.690783E-1
120.866667	2.581168E+0	5.644869E-1
120.933333	2.581108E+0	5.582422E-1
121.000000	2.581022E+0	5.506826E-1
121.066667	2.581012E+0	5.474663E-1
121.133333	2.581135E+0	5.452045E-1
121.200000	2.581124E+0	5.427021E-1
121.266667	2.581147E+0	5.320840E-1
121.333333	2.580993E+0	5.393205E-1
121.400000	2.581199E+0	5.422061E-1
121.466667	2.581293E+0	5.475791E-1
121.533333	2.581218E+0	5.546578E-1
121.600000	2.580979E+0	5.583399E-1
121.666667	2.580993E+0	5.618417E-1
121.733333	2.581172E+0	5.605868E-1
121.800000	2.581010E+0	5.669366E-1
121.866667	2.581049E+0	5.644493E-1
121.933333	2.580985E+0	5.639984E-1
122.000000	2.580977E+0	5.566567E-1
122.066667	2.580958E+0	5.602561E-1
122.133333	2.581116E+0	5.562809E-1
122.200000	2.581135E+0	5.519751E-1
122.266667	2.581160E+0	5.500889E-1
122.333333	2.581106E+0	5.514115E-1
122.400000	2.581133E+0	5.488866E-1
122.466667	2.581072E+0	5.573180E-1
122.533333	2.581008E+0	5.586555E-1
122.600000	2.580972E+0	5.553416E-1
122.666667	2.581047E+0	5.603012E-1
122.733333	2.581285E+0	5.551988E-1
122.800000	2.580912E+0	5.567318E-1
122.866667	2.581024E+0	5.539364E-1
122.933333	2.581120E+0	5.585278E-1
123.000000	2.581129E+0	5.584151E-1
123.066667	2.580966E+0	5.515994E-1
123.133333	2.580954E+0	5.545826E-1
123.200000	2.580970E+0	5.549358E-1
123.266667	2.581024E+0	5.546503E-1
123.333333	2.581027E+0	5.564387E-1
123.400000	2.581129E+0	5.569873E-1
123.466667	2.581404E+0	5.534630E-1
123.533333	2.582378E+0	5.507202E-1
123.600000	2.581052E+0	5.275377E-1
123.666667	2.580947E+0	5.110357E-1
123.733333	2.580791E+0	5.223977E-1
123.800000	2.596681E+0	4.813156E-1
123.866667	2.612207E+0	5.039945E-1
123.933333	2.635168E+0	7.395388E-1
124.000000	2.644399E+0	6.347631E-1
124.066667	2.618864E+0	5.457906E-1
124.133333	2.587433E+0	4.749507E-1
124.200000	2.580933E+0	4.850127E-1
124.266667	2.580702E+0	5.257567E-1
124.333333	2.584180E+0	5.230440E-1
124.400000	2.579666E+0	5.320314E-1
124.466667	2.574540E+0	5.009061E-1
124.533333	2.572345E+0	5.023639E-1
124.600000	2.565176E+0	4.591100E-1
124.666667	2.558867E+0	4.780918E-1
124.733333	2.549788E+0	4.510318E-1
124.800000	2.549134E+0	4.595834E-1
124.866667	2.543342E+0	4.663240E-1
124.933333	2.536091E+0	5.070981E-1
125.000000	2.535250E+0	4.791889E-1
125.066667	2.527429E+0	3.986252E-1
125.133333	2.529884E+0	5.796437E-1
125.200000	2.529830E+0	5.510959E-1
125.266667	2.526673E+0	6.962023E-1
125.333333	2.548884E+0	5.958301E-1
125.400000	2.554930E+0	5.634649E-1
125.466667	2.570931E+0	3.846180E-1
125.533333	2.579483E+0	3.759988E-1
125.600000	2.580175E+0	4.338235E-1
125.666667	2.580183E+0	4.379114E-1
125.733333	2.580148E+0	4.494162E-1
125.800000	2.580283E+0	4.464104E-1
125.866667	2.580200E+0	4.471243E-1
125.933333	2.580231E+0	4.620858E-1
126.000000	2.580316E+0	4.604626E-1
126.066667	2.580262E+0	4.551348E-1
126.133333	2.580195E+0	4.579377E-1
126.200000	2.580239E+0	4.621910E-1
126.266667	2.580352E+0	4.601696E-1
126.333333	2.581960E+0	4.581556E-1
126.400000	2.587550E+0	4.730044E-1
126.466667	2.583449E+0	4.154954E-1
126.533333	2.582020E+0	4.301413E-1
126.600000	2.580177E+0	4.430514E-1
126.666667	2.579893E+0	4.668951E-1
126.733333	2.588187E+0	4.435999E-1
126.800000	2.589066E+0	4.523243E-1
126.866667	2.579614E+0	4.821722E-1
126.933333	2.564722E+0	4.585614E-1
127.000000	2.551108E+0	4.358148E-1
127.066667	2.556037E+0	4.277517E-1
127.133333	2.554643E+0	4.050426E-1
127.200000	2.552010E+0	4.056889E-1
127.266667	2.534704E+0	3.591361E-1
127.333333	2.532529E+0	4.852607E-1
127.400000	2.544781E+0	4.961869E-1
127.466667	2.545058E+0	5.133727E-1
127.533333	2.538093E+0	6.547594E-1
127.600000	2.547407E+0	7.192645E-1
127.666667	2.550405E+0	6.573670E-1
127.733333	2.567303E+0	5.810565E-1
127.800000	2.574795E+0	4.110092E-1
127.866667	2.577790E+0	4.425704E-1
127.933333	2.579110E+0	7.068805E-1
128.000000	2.583511E+0	6.961497E-1
128.066667	2.597104E+0	7.130575E-1
128.133333	2.603392E+0	6.832472E-1
128.200000	2.603779E+0	6.845021E-1
128.266667	2.590243E+0	7.072562E-1
128.333333	2.580752E+0	7.520731E-1
128.400000	2.580245E+0	7.709272E-1
128.466667	2.580539E+0	7.721671E-1
128.533333	2.580300E+0	7.799297E-1
128.600000	2.579887E+0	7.633224E-1
128.666667	2.579966E+0	7.774874E-1
128.733333	2.579308E+0	7.846563E-1
128.800000	2.579952E+0	7.871361E-1
128.866667	2.579979E+0	7.953871E-1
128.933333	2.580202E+0	7.826424E-1
129.000000	2.580139E+0	7.785319E-1
129.066667	2.581901E+0	7.076545E-1
129.133333	2.584917E+0	5.176335E-1
129.200000	2.581231E+0	7.449193E-1
129.266667	2.580193E+0	7.866853E-1
129.333333	2.580122E+0	7.933357E-1
129.400000	2.582189E+0	7.993849E-1
129.466667	2.587979E+0	7.349249E-1
129.533333	2.594700E+0	7.563640E-1
129.600000	2.618418E+0	7.790429E-1
129.666667	2.627085E+0	7.832286E-1
129.733333	2.628580E+0	8.198320E-1
129.800000	2.606941E+0	7.992271E-1
129.866667	2.591374E+0	7.677636E-1
129.933333	2.580600E+0	7.740608E-1
130.000000	2.580229E+0	7.783366E-1
130.066667	2.581126E+0	7.687254E-1
130.133333	2.581526E+0	7.462493E-1
130.200000	2.579812E+0	6.567508E-1
130.266667	2.579950E+0	6.391066E-1
130.333333	2.579952E+0	7.801927E-1
130.400000	2.580843E+0	7.497737E-1
130.466667	2.582953E+0	7.623155E-1
130.533333	2.602307E+0	7.888194E-1
130.600000	2.607483E+0	8.113857E-1
130.666667	2.615094E+0	7.911414E-1
130.733333	2.620784E+0	7.784643E-1
130.800000	2.627576E+0	7.969577E-1
130.866667	2.639300E+0	8.153308E-1
130.933333	2.657271E+0	8.389416E-1
131.000000	2.665703E+0	8.509048E-1
131.066667	2.667394E+0	8.510025E-1
131.133333	2.672007E+0	8.521748E-1
131.200000	2.685506E+0	8.578633E-1
131.266667	2.690489E+0	8.838637E-1
131.333333	2.684525E+0	8.893268E-1
131.400000	2.643304E+0	7.026648E-1
131.466667	2.588029E+0	4.849451E-1
131.533333	2.580433E+0	5.446108E-1
131.600000	2.580522E+0	7.548310E-1
131.666667	2.580287E+0	5.771489E-1
131.733333	2.580418E+0	7.212333E-1
131.800000	2.580297E+0	7.543726E-1
131.866667	2.590739E+0	7.688457E-1
131.933333	2.598454E+0	7.949062E-1
132.000000	2.587363E+0	7.933432E-1
132.066667	2.580870E+0	5.774420E-1
132.133333	2.580404E+0	7.374197E-1
132.200000	2.580387E+0	6.994336E-1
132.266667	2.614592E+0	7.747145E-1
132.333333	2.623902E+0	8.006774E-1
132.400000	2.638432E+0	8.269483E-1
132.466667	2.649367E+0	8.393098E-1
132.533333	2.661608E+0	8.534898E-1
132.600000	2.680207E+0	8.831348E-1
132.666667	2.704827E+0	9.305367E-1
132.733333	2.722227E+0	9.541625E-1
132.800000	2.726520E+0	9.660656E-1
132.866667	2.692651E+0	9.436046E-1
132.933333	2.612123E+0	7.153118E-1
133.000000	2.580225E+0	5.079698E-1
133.066667	2.580191E+0	7.514119E-1
133.133333	2.580137E+0	6.014736E-1
133.200000	2.607604E+0	6.796702E-1
133.266667	2.613533E+0	7.575963E-1
133.333333	2.628105E+0	7.842881E-1
133.400000	2.642285E+0	8.082220E-1
133.466667	2.653680E+0	8.115735E-1
133.533333	2.671078E+0	8.389190E-1
133.600000	2.682267E+0	8.634466E-1
133.666667	2.683057E+0	8.454417E-1
133.733333	2.688185E+0	8.260391E-1
133.800000	2.691336E+0	9.279968E-1
133.866667	2.698843E+0	9.489399E-1
133.933333	2.715143E+0	9.567400E-1
134.000000	2.726157E+0	9.912996E-1
134.066667	2.745880E+0	1.028963E+0
134.133333	2.755415E+0	1.059615E+0
134.200000	2.771603E+0	1.046840E+0
134.266667	2.783715E+0	1.070518E+0
134.333333	2.800242E+0	1.173859E+0
134.400000	2.798565E+0	1.287967E+0
134.466667	2.771526E+0	1.292408E+0
134.533333	2.709913E+0	1.101786E+0
134.600000	2.648975E+0	9.101121E-1
134.666667	2.621842E+0	8.432174E-1
134.733333	2.605458E+0	8.756503E-1
134.800000	2.593374E+0	8.800012E-1
134.866667	2.586290E+0	8.627027E-1
134.933333	2.580954E+0	8.296912E-1
135.000000	2.580400E+0	8.201627E-1
135.066667	2.580352E+0	8.125955E-1
135.133333	2.580362E+0	7.960634E-1
135.200000	2.580306E+0	7.889847E-1
135.266667	2.580320E+0	7.812898E-1
135.333333	2.580302E+0	7.686803E-1
135.400000	2.580456E+0	7.502922E-1
135.466667	2.580310E+0	6.732152E-1
135.533333	2.580339E+0	6.832472E-1
135.600000	2.580441E+0	6.745979E-1
135.666667	2.580522E+0	6.727117E-1
135.733333	2.580439E+0	6.966381E-1
135.800000	2.580443E+0	5.331285E-1
135.866667	2.580450E+0	4.879810E-1
135.933333	2.580600E+0	4.830214E-1
136.000000	2.580462E+0	4.854110E-1
136.066667	2.580441E+0	4.866885E-1
136.133333	2.580423E+0	4.895891E-1
136.200000	2.580450E+0	4.881238E-1
136.266667	2.580622E+0	4.853809E-1
136.333333	2.580539E+0	4.837202E-1
136.400000	2.580525E+0	4.814057E-1
136.466667	2.580422E+0	4.825104E-1
136.533333	2.580447E+0	4.858393E-1
136.600000	2.580499E+0	4.826982E-1
136.666667	2.580456E+0	4.828110E-1
136.733333	2.580347E+0	4.808121E-1
136.800000	2.580216E+0	4.797225E-1
136.866667	2.580347E+0	4.798126E-1
136.933333	2.580343E+0	4.773479E-1
137.000000	2.580510E+0	4.782496E-1
137.066667	2.580510E+0	4.782196E-1
137.133333	2.582108E+0	4.763860E-1
137.200000	2.611986E+0	4.640621E-1
137.266667	2.611953E+0	4.409172E-1
137.333333	2.636809E+0	4.676315E-1
137.400000	2.648602E+0	5.703557E-1
137.466667	2.673470E+0	7.829956E-1
137.533333	2.683376E+0	8.272715E-1
137.600000	2.691011E+0	8.542187E-1
137.666667	2.703238E+0	8.996218E-1
137.733333	2.712113E+0	9.152295E-1
137.800000	2.713868E+0	9.274332E-1
137.866667	2.711442E+0	9.420040E-1
137.933333	2.725147E+0	9.752785E-1
138.000000	2.737221E+0	1.116891E+0
138.066667	2.759445E+0	1.196117E+0
138.133333	2.780499E+0	1.183951E+0
138.200000	2.800257E+0	1.174324E+0
138.266667	2.811766E+0	1.235846E+0
138.333333	2.829719E+0	1.196455E+0
138.400000	2.817290E+0	1.175038E+0
138.466667	2.771211E+0	1.239649E+0
138.533333	2.712442E+0	1.129102E+0
138.600000	2.655397E+0	9.144781E-1
138.666667	2.592890E+0	8.291651E-1
138.733333	2.583759E+0	5.616989E-1
138.800000	2.606702E+0	5.377725E-1
138.866667	2.582611E+0	5.243966E-1
138.933333	2.588941E+0	5.301903E-1
139.000000	2.577446E+0	5.059032E-1
139.066667	2.578985E+0	4.581707E-1
139.133333	2.580131E+0	4.559013E-1
139.200000	2.580239E+0	6.523698E-1
139.266667	2.580122E+0	4.659107E-1
139.333333	2.580091E+0	4.895966E-1
139.400000	2.580133E+0	5.272822E-1
139.466667	2.584798E+0	5.241261E-1
139.533333	2.612444E+0	7.281618E-1
139.600000	2.622723E+0	8.023907E-1
139.666667	2.651481E+0	8.095596E-1
139.733333	2.685392E+0	8.152181E-1
139.800000	2.710517E+0	9.300783E-1
139.866667	2.746192E+0	1.031307E+0
139.933333	2.777504E+0	1.097330E+0
140.000000	2.823895E+0	1.179292E+0
140.066667	2.854581E+0	1.300742E+0
140.133333	2.898752E+0	1.409080E+0
140.200000	2.928231E+0	1.546747E+0
140.266667	2.887357E+0	1.555952E+0
140.333333	2.765656E+0	1.432893E+0
140.400000	2.646999E+0	1.061260E+0
140.466667	2.582784E+0	7.359469E-1
140.533333	2.576955E+0	5.359390E-1
140.600000	2.580420E+0	5.950712E-1
140.666667	2.580087E+0	7.770290E-1
140.733333	2.580098E+0	7.338653E-1
140.800000	2.580183E+0	7.078499E-1
140.866667	2.580077E+0	7.493303E-1
140.933333	2.579995E+0	5.793883E-1
141.000000	2.579966E+0	5.290331E-1
141.066667	2.579910E+0	5.272296E-1
141.133333	2.579900E+0	5.234197E-1
141.200000	2.579821E+0	5.134930E-1
141.266667	2.579996E+0	5.112686E-1
141.333333	2.580035E+0	5.008535E-1
141.400000	2.579975E+0	4.987644E-1
141.466667	2.580004E+0	4.915354E-1
141.533333	2.580098E+0	4.683529E-1
141.600000	2.579906E+0	4.592377E-1
141.666667	2.579921E+0	4.562620E-1
141.733333	2.579958E+0	4.565776E-1
141.800000	2.579991E+0	4.616875E-1
141.866667	2.579968E+0	4.607031E-1
141.933333	2.580297E+0	4.595609E-1
142.000000	2.589602E+0	4.638517E-1
142.066667	2.583105E+0	3.892771E-1
142.133333	2.579833E+0	4.007593E-1
142.200000	2.580018E+0	4.475526E-1
142.266667	2.579802E+0	4.377085E-1
142.333333	2.579856E+0	4.416010E-1
142.400000	2.579846E+0	4.543232E-1
142.466667	2.579916E+0	4.655725E-1
142.533333	2.592230E+0	4.572314E-1
142.600000	2.588279E+0	5.210526E-1
142.666667	2.581308E+0	6.428789E-1
142.733333	2.579852E+0	5.019431E-1
142.800000	2.587269E+0	4.478832E-1
142.866667	2.588981E+0	4.308777E-1
142.933333	2.581541E+0	4.575244E-1
143.000000	2.580114E+0	4.804439E-1
143.066667	2.587337E+0	4.796849E-1
143.133333	2.586771E+0	4.811878E-1
143.200000	2.619243E+0	5.588885E-1
143.266667	2.650721E+0	8.144291E-1
143.333333	2.669612E+0	8.608240E-1
143.400000	2.659252E+0	8.513256E-1
143.466667	2.636803E+0	9.884515E-1
143.533333	2.586281E+0	7.668543E-1
143.600000	2.579675E+0	5.249151E-1
143.666667	2.579777E+0	5.558601E-1
143.733333	2.588671E+0	5.438443E-1
143.800000	2.608229E+0	7.822141E-1
143.866667	2.626572E+0	8.388138E-1
143.933333	2.634152E+0	9.495260E-1
144.000000	2.619003E+0	9.308974E-1
144.066667	2.583805E+0	7.717914E-1
144.133333	2.580945E+0	5.440397E-1
144.200000	2.579789E+0	5.405003E-1
144.266667	2.579712E+0	5.273498E-1
144.333333	2.579868E+0	5.273649E-1
144.400000	2.579673E+0	5.215786E-1
144.466667	2.579779E+0	5.134930E-1
144.533333	2.579702E+0	5.089617E-1
144.600000	2.579752E+0	5.085183E-1
144.666667	2.579721E+0	5.138161E-1
144.733333	2.579696E+0	5.175283E-1
144.800000	2.579754E+0	5.186029E-1
144.866667	2.579864E+0	5.212630E-1
144.933333	2.579885E+0	5.236451E-1
145.000000	2.579829E+0	5.237128E-1
145.066667	2.579821E+0	5.244116E-1
145.133333	2.579895E+0	5.251856E-1
145.200000	2.579825E+0	5.262302E-1
145.266667	2.579752E+0	5.274926E-1
145.333333	2.579789E+0	5.294539E-1
145.400000	2.579814E+0	5.269891E-1
145.466667	2.579885E+0	5.289054E-1
145.533333	2.579964E+0	5.294840E-1
145.600000	2.579970E+0	5.281013E-1
145.666667	2.579977E+0	5.293187E-1
145.733333	2.579858E+0	5.307615E-1
145.800000	2.579737E+0	5.311447E-1
145.866667	2.580389E+0	5.291458E-1
145.933333	2.584567E+0	5.205041E-1
146.000000	2.585467E+0	4.763409E-1
146.066667	2.585028E+0	4.428409E-1
146.133333	2.607833E+0	4.441109E-1
146.200000	2.617531E+0	5.820935E-1
146.266667	2.605129E+0	7.001700E-1
146.333333	2.580589E+0	6.695256E-1
146.400000	2.579735E+0	4.681500E-1
146.466667	2.621904E+0	5.545300E-1
146.533333	2.628497E+0	7.194073E-1
146.600000	2.652753E+0	5.289805E-1
146.666667	2.665876E+0	6.098523E-1
146.733333	2.684875E+0	9.594002E-1
146.800000	2.675761E+0	9.188065E-1
146.866667	2.613983E+0	7.695069E-1
146.933333	2.579718E+0	5.342783E-1
147.000000	2.580100E+0	4.930834E-1
147.066667	2.580018E+0	4.847197E-1
147.133333	2.579931E+0	4.884319E-1
147.200000	2.580156E+0	4.847798E-1
147.266667	2.580110E+0	4.740189E-1
147.333333	2.580064E+0	4.771074E-1
147.400000	2.580104E+0	4.873197E-1
147.466667	2.580125E+0	4.804814E-1
147.533333	2.580460E+0	4.743571E-1
147.600000	2.579525E+0	4.721478E-1
147.666667	2.579931E+0	4.697506E-1
147.733333	2.579920E+0	4.654072E-1
147.800000	2.579927E+0	4.629424E-1
147.866667	2.580000E+0	4.646107E-1
147.933333	2.579820E+0	4.679321E-1
148.000000	2.579879E+0	4.717721E-1
148.066667	2.580043E+0	4.668726E-1
148.133333	2.579943E+0	4.675263E-1
148.200000	2.580048E+0	4.646032E-1
148.266667	2.579777E+0	4.639870E-1
148.333333	2.579971E+0	4.660835E-1
148.400000	2.579966E+0	4.646182E-1
148.466667	2.580083E+0	4.667974E-1
148.533333	2.579950E+0	4.674211E-1
148.600000	2.579954E+0	4.780317E-1
148.666667	2.580004E+0	4.776860E-1
148.733333	2.579860E+0	4.909643E-1
148.800000	2.579912E+0	4.953678E-1
148.866667	2.579846E+0	4.946840E-1
148.933333	2.579939E+0	4.983210E-1
149.000000	2.580068E+0	4.966904E-1
149.066667	2.580083E+0	4.964349E-1
149.133333	2.579981E+0	4.993581E-1
149.200000	2.579879E+0	4.912949E-1
149.266667	2.579966E+0	4.810901E-1
149.333333	2.579925E+0	4.747328E-1
149.400000	2.579852E+0	4.800080E-1
149.466667	2.579935E+0	4.679997E-1
149.533333	2.580025E+0	4.730420E-1
149.600000	2.579837E+0	4.724634E-1
149.666667	2.579812E+0	4.749432E-1
149.733333	2.579741E+0	4.712611E-1
149.800000	2.579814E+0	4.748230E-1
149.866667	2.579783E+0	4.781594E-1
149.933333	2.579820E+0	4.741993E-1
150.000000	2.579839E+0	4.700813E-1
150.066667	2.579946E+0	4.703368E-1
150.133333	2.579998E+0	4.747553E-1
150.200000	2.579937E+0	4.633482E-1
150.266667	2.579900E+0	4.665795E-1
150.333333	2.579795E+0	4.835474E-1
150.400000	2.579795E+0	4.770022E-1
150.466667	2.579971E+0	4.729894E-1
150.533333	2.579704E+0	4.738686E-1
150.600000	2.579875E+0	4.652494E-1
150.666667	2.579885E+0	4.476277E-1
150.733333	2.579996E+0	4.465231E-1
150.800000	2.579902E+0	4.459219E-1
150.866667	2.579904E+0	4.431340E-1
150.933333	2.579868E+0	4.402033E-1
151.000000	2.580147E+0	4.393016E-1
151.066667	2.580016E+0	4.405791E-1
151.133333	2.579935E+0	4.391588E-1
151.200000	2.579902E+0	4.398426E-1
151.266667	2.580048E+0	4.394368E-1
151.333333	2.579914E+0	4.379865E-1
151.400000	2.580041E+0	4.384074E-1
151.466667	2.580097E+0	4.378212E-1
151.533333	2.580058E+0	4.382270E-1
151.600000	2.579929E+0	4.374004E-1
151.666667	2.580031E+0	4.381744E-1
151.733333	2.584351E+0	4.241748E-1
151.800000	2.595156E+0	3.804700E-1
151.866667	2.617635E+0	4.537747E-1
151.933333	2.710188E+0	8.516112E-1
152.000000	2.834732E+0	1.142508E+0
152.066667	2.846385E+0	1.227265E+0
152.133333	2.751641E+0	1.152765E+0
152.200000	2.634833E+0	9.190394E-1
152.266667	2.583486E+0	5.961307E-1
152.333333	2.580593E+0	5.159502E-1
152.400000	2.580385E+0	4.905059E-1
152.466667	2.580362E+0	4.981332E-1
152.533333	2.580529E+0	5.015222E-1
152.600000	2.580245E+0	4.999742E-1
152.666667	2.580408E+0	5.020558E-1
152.733333	2.580779E+0	5.074813E-1
152.800000	2.580602E+0	5.291834E-1
152.866667	2.587775E+0	5.181745E-1
152.933333	2.617982E+0	5.264781E-1
153.000000	2.658640E+0	8.308409E-1
153.066667	2.783481E+0	1.131762E+0
153.133333	2.873748E+0	1.224544E+0
153.200000	2.882321E+0	1.404098E+0
153.266667	2.757427E+0	1.342350E+0
153.333333	2.600453E+0	1.056068E+0
153.400000	2.579656E+0	5.535156E-1
153.466667	2.580223E+0	4.486347E-1
153.533333	2.580043E+0	4.695402E-1
153.600000	2.580112E+0	4.939476E-1
153.666667	2.579916E+0	4.923244E-1
153.733333	2.579910E+0	5.003199E-1
153.800000	2.579993E+0	5.015298E-1
153.866667	2.580116E+0	4.903631E-1
153.933333	2.580010E+0	4.915204E-1
154.000000	2.580260E+0	4.883943E-1
154.066667	2.580935E+0	5.004176E-1
154.133333	2.580781E+0	4.875602E-1
154.200000	2.579996E+0	4.817965E-1
154.266667	2.580020E+0	4.914302E-1
154.333333	2.580070E+0	4.924672E-1
154.400000	2.580006E+0	4.830890E-1
154.466667	2.587471E+0	4.620783E-1
154.533333	2.601420E+0	4.619956E-1
154.600000	2.651433E+0	6.565103E-1
154.666667	2.767500E+0	9.551394E-1
154.733333	2.877778E+0	1.382891E+0
154.800000	2.914720E+0	1.517583E+0
154.866667	2.892237E+0	1.537316E+0
154.933333	2.797035E+0	1.448283E+0
155.000000	2.657186E+0	1.113404E+0
155.066667	2.582951E+0	7.774498E-1
155.133333	2.579943E+0	5.157248E-1
155.200000	2.580325E+0	4.674437E-1
155.266667	2.580123E+0	4.543908E-1
155.333333	2.580166E+0	4.469364E-1
155.400000	2.580100E+0	4.359501E-1
155.466667	2.580006E+0	4.375732E-1
155.533333	2.579996E+0	4.326587E-1
155.600000	2.580112E+0	4.149544E-1
155.666667	2.579996E+0	4.047571E-1
155.733333	2.580106E+0	4.029611E-1
155.800000	2.579945E+0	4.049750E-1
155.866667	2.580048E+0	4.026380E-1
155.933333	2.579920E+0	4.006391E-1
156.000000	2.579848E+0	3.997674E-1
156.066667	2.584844E+0	4.048322E-1
156.133333	2.615443E+0	5.817027E-1
156.200000	2.656407E+0	7.867003E-1
156.266667	2.717949E+0	9.957256E-1
156.333333	2.791907E+0	1.325811E+0
156.400000	2.860972E+0	1.450199E+0
156.466667	2.897646E+0	1.478018E+0
156.533333	2.943380E+0	1.568419E+0
156.600000	2.973987E+0	1.657489E+0
156.666667	3.004172E+0	1.754743E+0
156.733333	3.027198E+0	1.739052E+0
156.800000	3.045768E+0	1.764865E+0
156.866667	3.051142E+0	1.822081E+0
156.933333	3.052046E+0	1.851463E+0
157.000000	3.061581E+0	1.901194E+0
157.066667	3.066749E+0	1.951046E+0
157.133333	3.073778E+0	1.948273E+0
157.200000	3.075428E+0	1.942254E+0
157.266667	3.073178E+0	1.956065E+0
157.333333	3.073528E+0	1.971004E+0
157.400000	3.072781E+0	1.992511E+0
157.466667	3.070510E+0	2.041626E+0
157.533333	3.068273E+0	2.024020E+0
157.600000	3.069715E+0	2.015431E+0
157.666667	3.070762E+0	1.968480E+0
157.733333	3.073616E+0	1.999372E+0
157.800000	3.063814E+0	1.982765E+0
157.866667	3.035435E+0	1.869498E+0
157.933333	2.960390E+0	1.833525E+0
158.000000	2.835159E+0	1.683347E+0
158.066667	2.724151E+0	1.445706E+0
158.133333	2.659415E+0	1.228377E+0
158.200000	2.623498E+0	1.012213E+0
158.266667	2.600174E+0	9.570256E-1
158.333333	2.584053E+0	9.326859E-1
158.400000	2.580004E+0	9.269523E-1
158.466667	2.580127E+0	9.336703E-1
158.533333	2.580237E+0	9.595129E-1
158.600000	2.580068E+0	9.487220E-1
158.666667	2.580173E+0	6.979682E-1
158.733333	2.580181E+0	6.759054E-1
158.800000	2.580206E+0	6.534143E-1
158.866667	2.580229E+0	6.479061E-1
158.933333	2.580241E+0	6.473576E-1
159.000000	2.580018E+0	6.300440E-1
159.066667	2.580187E+0	5.936209E-1
159.133333	2.580189E+0	5.993845E-1
159.200000	2.579987E+0	5.977614E-1
159.266667	2.580014E+0	5.913064E-1
159.333333	2.580070E+0	5.841901E-1
159.400000	2.580008E+0	5.918023E-1
159.466667	2.580039E+0	5.836490E-1
159.533333	2.580012E+0	5.805831E-1
159.600000	2.579902E+0	5.702580E-1
159.666667	2.579962E+0	5.593845E-1
159.733333	2.580014E+0	5.436414E-1
159.800000	2.580143E+0	5.448964E-1
159.866667	2.580354E+0	5.425142E-1
159.933333	2.579939E+0	5.433408E-1
160.000000	2.579908E+0	5.394633E-1
160.066667	2.579906E+0	5.366228E-1
160.133333	2.579931E+0	5.333389E-1
160.200000	2.579839E+0	5.339251E-1
160.266667	2.580033E+0	5.291007E-1
160.333333	2.580160E+0	5.285071E-1
160.400000	2.580068E+0	5.340303E-1
160.466667	2.580114E+0	5.362471E-1
160.533333	2.580046E+0	5.283117E-1
160.600000	2.580123E+0	5.187006E-1
160.666667	2.580208E+0	5.072934E-1
160.733333	2.580173E+0	5.047460E-1
160.800000	2.579970E+0	5.058882E-1
160.866667	2.579858E+0	5.037466E-1
160.933333	2.580139E+0	5.047159E-1
161.000000	2.579991E+0	5.024240E-1
161.066667	2.580029E+0	5.042275E-1
161.133333	2.579952E+0	5.021159E-1
161.200000	2.579881E+0	5.036414E-1
161.266667	2.579916E+0	5.021384E-1
161.333333	2.579875E+0	5.005228E-1
161.400000	2.580266E+0	5.007182E-1
161.466667	2.579800E+0	4.995685E-1
161.533333	2.580352E+0	4.989898E-1
161.600000	2.580706E+0	4.941204E-1
161.666667	2.580579E+0	4.944360E-1
161.733333	2.581566E+0	4.965777E-1
161.800000	2.591674E+0	4.907013E-1
161.866667	2.601640E+0	4.345824E-1
161.933333	2.614235E+0	4.305922E-1
162.000000	2.643929E+0	4.363258E-1
162.066667	2.676640E+0	6.296607E-1
162.133333	2.715522E+0	8.658813E-1
162.200000	2.750952E+0	9.532232E-1
162.266667	2.783446E+0	1.077544E+0
162.333333	2.819023E+0	1.198890E+0
162.400000	2.854836E+0	1.345123E+0
162.466667	2.897765E+0	1.482054E+0
162.533333	2.929264E+0	1.535760E+0
162.600000	2.946191E+0	1.572589E+0
162.666667	2.958203E+0	1.580743E+0
162.733333	2.968897E+0	1.570042E+0
162.800000	2.977530E+0	1.541178E+0
162.866667	3.000523E+0	1.601746E+0
162.933333	3.008360E+0	1.671962E+0
163.000000	3.010947E+0	1.782659E+0
163.066667	2.997569E+0	1.785440E+0
163.133333	2.972173E+0	1.753007E+0
163.200000	2.926646E+0	1.742667E+0
163.266667	2.846852E+0	1.632563E+0
163.333333	2.757817E+0	1.492003E+0
163.400000	2.683732E+0	1.337308E+0
163.466667	2.643429E+0	1.241407E+0
163.533333	2.610911E+0	1.076898E+0
163.600000	2.586896E+0	1.070285E+0
163.666667	2.579785E+0	7.607825E-1
163.733333	2.579900E+0	7.492101E-1
163.800000	2.579820E+0	7.446713E-1
163.866667	2.579933E+0	7.528096E-1
163.933333	2.579827E+0	5.863843E-1
164.000000	2.580012E+0	5.725650E-1
164.066667	2.579793E+0	5.549358E-1
164.133333	2.579968E+0	5.408986E-1
164.200000	2.579925E+0	5.378928E-1
164.266667	2.579800E+0	5.325950E-1
164.333333	2.579831E+0	5.403726E-1
164.400000	2.579943E+0	5.437391E-1
164.466667	2.579850E+0	5.362546E-1
164.533333	2.579777E+0	5.173104E-1
164.600000	2.579821E+0	5.099987E-1
164.666667	2.579758E+0	4.958563E-1
164.733333	2.579739E+0	4.928579E-1
164.800000	2.579741E+0	4.866434E-1
164.866667	2.579733E+0	4.852231E-1
164.933333	2.579656E+0	4.844942E-1
165.000000	2.579664E+0	4.808872E-1
165.066667	2.579931E+0	4.865457E-1
165.133333	2.579816E+0	4.897018E-1
165.200000	2.579648E+0	4.905810E-1
165.266667	2.581789E+0	5.016425E-1
165.333333	2.585430E+0	5.202937E-1
165.400000	2.589943E+0	5.360667E-1
165.466667	2.595117E+0	5.161832E-1
165.533333	2.602765E+0	4.853809E-1
165.600000	2.613952E+0	4.608534E-1
165.666667	2.629215E+0	4.886498E-1
165.733333	2.647013E+0	5.478721E-1
165.800000	2.662937E+0	6.515582E-1
165.866667	2.685058E+0	8.853366E-1
165.933333	2.700967E+0	9.350755E-1
166.000000	2.711692E+0	9.723929E-1
166.066667	2.723235E+0	1.025220E+0
166.133333	2.738104E+0	1.066242E+0
166.200000	2.746911E+0	1.147062E+0
166.266667	2.759208E+0	1.282392E+0
166.333333	2.771807E+0	1.316838E+0
166.400000	2.783888E+0	1.446269E+0
166.466667	2.797926E+0	1.553209E+0
166.533333	2.806259E+0	1.530380E+0
166.600000	2.809738E+0	1.540810E+0
166.666667	2.816999E+0	1.571710E+0
166.733333	2.825542E+0	1.607344E+0
166.800000	2.837594E+0	1.576580E+0
166.866667	2.852724E+0	1.576459E+0
166.933333	2.866410E+0	1.606360E+0
167.000000	2.888371E+0	1.605999E+0
167.066667	2.895462E+0	1.660728E+0
167.133333	2.902670E+0	1.746522E+0
167.200000	2.905524E+0	1.753428E+0
167.266667	2.906648E+0	1.749062E+0
167.333333	2.906832E+0	1.746634E+0
167.400000	2.906492E+0	1.720889E+0
167.466667	2.910027E+0	1.762475E+0
167.533333	2.911120E+0	1.821201E+0
167.600000	2.911497E+0	1.842813E+0
167.666667	2.907096E+0	1.859578E+0
167.733333	2.896661E+0	1.783621E+0
167.800000	2.878540E+0	1.751308E+0
167.866667	2.869232E+0	1.757380E+0
167.933333	2.871438E+0	1.764136E+0
168.000000	2.877245E+0	1.769171E+0
168.066667	2.880844E+0	1.751692E+0
168.133333	2.880096E+0	1.751188E+0
168.200000	2.873621E+0	1.747867E+0
168.266667	2.865464E+0	1.787822E+0
168.333333	2.863582E+0	1.783478E+0
168.400000	2.862603E+0	1.787288E+0
168.466667	2.855400E+0	1.779563E+0
168.533333	2.843118E+0	1.770350E+0
168.600000	2.835848E+0	1.731154E+0
168.666667	2.831553E+0	1.777557E+0
168.733333	2.829608E+0	1.809712E+0
168.800000	2.818254E+0	1.800033E+0
168.866667	2.792227E+0	1.724820E+0
168.933333	2.748706E+0	1.584305E+0
169.000000	2.695644E+0	1.387513E+0
169.066667	2.651141E+0	1.175316E+0
169.133333	2.620459E+0	1.065792E+0
169.200000	2.606993E+0	1.003383E+0
169.266667	2.592980E+0	9.704466E-1
169.333333	2.583692E+0	9.381490E-1
169.400000	2.578675E+0	9.073693E-1
169.466667	2.578869E+0	8.538355E-1
169.533333	2.580708E+0	8.472527E-1
169.600000	2.582514E+0	6.392118E-1
169.666667	2.586036E+0	5.845808E-1
169.733333	2.593715E+0	5.728806E-1
169.800000	2.604633E+0	5.919075E-1
169.866667	2.617418E+0	5.883982E-1
169.933333	2.630392E+0	5.972504E-1
170.000000	2.645499E+0	7.032885E-1
170.066667	2.659164E+0	8.682409E-1
170.133333	2.669354E+0	9.093005E-1
170.200000	2.677646E+0	9.539972E-1
170.266667	2.683257E+0	9.780063E-1
170.333333	2.686504E+0	1.047020E+0
170.400000	2.690082E+0	9.939672E-1
170.466667	2.694477E+0	9.959661E-1
170.533333	2.697279E+0	9.966124E-1
170.600000	2.700646E+0	1.029278E+0
170.666667	2.703815E+0	1.099442E+0
170.733333	2.706693E+0	1.097195E+0
170.800000	2.707008E+0	1.115012E+0
170.866667	2.706749E+0	1.130905E+0
170.933333	2.708863E+0	1.152720E+0
171.000000	2.710265E+0	1.187948E+0
171.066667	2.710986E+0	1.209372E+0
171.133333	2.713129E+0	1.212566E+0
171.200000	2.711921E+0	1.219465E+0
171.266667	2.711904E+0	1.237079E+0
171.333333	2.709717E+0	1.263816E+0
171.400000	2.707543E+0	1.269151E+0
171.466667	2.708241E+0	1.274389E+0
171.533333	2.708720E+0	1.264717E+0
171.600000	2.710288E+0	1.278304E+0
171.666667	2.710548E+0	1.294881E+0
171.733333	2.709613E+0	1.299096E+0
171.800000	2.709038E+0	1.298969E+0
171.866667	2.709942E+0	1.316312E+0
171.933333	2.710600E+0	1.296774E+0
172.000000	2.708738E+0	1.304469E+0
172.066667	2.708657E+0	1.301479E+0
172.133333	2.711004E+0	1.316117E+0
172.200000	2.712817E+0	1.302703E+0
172.266667	2.715839E+0	1.309421E+0
172.333333	2.718018E+0	1.335730E+0
172.400000	2.719725E+0	1.345875E+0
172.466667	2.722802E+0	1.344432E+0
172.533333	2.726728E+0	1.348520E+0
172.600000	2.729009E+0	1.354321E+0
172.666667	2.729263E+0	1.349985E+0
172.733333	2.730362E+0	1.355824E+0
172.800000	2.733474E+0	1.358695E+0
172.866667	2.735207E+0	1.391165E+0
172.933333	2.736326E+0	1.396598E+0
173.000000	2.740287E+0	1.386393E+0
173.066667	2.740281E+0	1.375993E+0
173.133333	2.740323E+0	1.368561E+0
173.200000	2.742372E+0	1.348888E+0
173.266667	2.743493E+0	1.354629E+0
173.333333	2.744018E+0	1.365495E+0
173.400000	2.742862E+0	1.372191E+0
173.466667	2.743697E+0	1.391864E+0
173.533333	2.742960E+0	1.371289E+0
173.600000	2.742933E+0	1.354967E+0
173.666667	2.745769E+0	1.348918E+0
173.733333	2.748177E+0	1.353442E+0
173.800000	2.746907E+0	1.358424E+0
173.866667	2.747056E+0	1.380382E+0
173.933333	2.748046E+0	1.382711E+0
174.000000	2.748429E+0	1.382756E+0
174.066667	2.748848E+0	1.393389E+0
174.133333	2.747898E+0	1.394336E+0
174.200000	2.747142E+0	1.390669E+0
174.266667	2.746725E+0	1.396057E+0
174.333333	2.747188E+0	1.404195E+0
174.400000	2.747396E+0	1.404361E+0
174.466667	2.752430E+0	1.399694E+0
174.533333	2.756088E+0	1.403910E+0
174.600000	2.756913E+0	1.411793E+0
174.666667	2.756836E+0	1.413077E+0
174.733333	2.759029E+0	1.408982E+0
174.800000	2.762141E+0	1.434877E+0
174.866667	2.761474E+0	1.452326E+0
174.933333	2.761687E+0	1.443827E+0
175.000000	2.762980E+0	1.437485E+0
175.066667	2.764784E+0	1.450575E+0
175.133333	2.764957E+0	1.446540E+0
175.200000	2.765823E+0	1.463485E+0
175.266667	2.766410E+0	1.473713E+0
175.333333	2.765583E+0	1.466844E+0
175.400000	2.765398E+0	1.439942E+0
175.466667	2.769703E+0	1.472961E+0
175.533333	2.775027E+0	1.491101E+0
175.600000	2.778718E+0	1.486247E+0
175.666667	2.780509E+0	1.501381E+0
175.733333	2.781807E+0	1.488975E+0
175.800000	2.784846E+0	1.477372E+0
175.866667	2.787022E+0	1.479589E+0
175.933333	2.791196E+0	1.497444E+0
176.000000	2.799224E+0	1.502674E+0
176.066667	2.803997E+0	1.476553E+0
176.133333	2.808373E+0	1.527013E+0
176.200000	2.809852E+0	1.487787E+0
176.266667	2.814682E+0	1.520716E+0
176.333333	2.814460E+0	1.554712E+0
176.400000	2.810650E+0	1.535212E+0
176.466667	2.811673E+0	1.518747E+0
176.533333	2.818631E+0	1.486284E+0
176.600000	2.819621E+0	1.505800E+0
176.666667	2.821043E+0	1.513758E+0
176.733333	2.823457E+0	1.510737E+0
176.800000	2.822083E+0	1.494348E+0
176.866667	2.821541E+0	1.477199E+0
176.933333	2.821027E+0	1.461599E+0
177.000000	2.822685E+0	1.479732E+0
177.066667	2.824980E+0	1.500179E+0
177.133333	2.827702E+0	1.511466E+0
177.200000	2.830458E+0	1.524504E+0
177.266667	2.832120E+0	1.532717E+0
177.333333	2.835369E+0	1.532657E+0
177.400000	2.837590E+0	1.525616E+0
177.466667	2.834982E+0	1.531778E+0
177.533333	2.832595E+0	1.538593E+0
177.600000	2.831968E+0	1.535873E+0
177.666667	2.832233E+0	1.542185E+0
177.733333	2.820987E+0	1.511819E+0
177.800000	2.820569E+0	1.496437E+0
177.866667	2.821266E+0	1.515163E+0
177.933333	2.829687E+0	1.528922E+0
178.000000	2.834692E+0	1.521896E+0
178.066667	2.841534E+0	1.497586E+0
178.133333	2.838004E+0	1.482422E+0
178.200000	2.843018E+0	1.480934E+0
178.266667	2.844503E+0	1.531394E+0
178.333333	2.845398E+0	1.584891E+0
178.400000	2.835415E+0	1.600025E+0
178.466667	2.833372E+0	1.588528E+0
178.533333	2.836371E+0	1.586897E+0
178.600000	2.842024E+0	1.556779E+0
178.666667	2.847677E+0	1.524458E+0
178.733333	2.850891E+0	1.498112E+0
178.800000	2.849862E+0	1.523083E+0
178.866667	2.848337E+0	1.572792E+0
178.933333	2.855760E+0	1.599003E+0
179.000000	2.859112E+0	1.616482E+0
179.066667	2.858131E+0	1.601475E+0
179.133333	2.863671E+0	1.595644E+0
179.200000	2.864210E+0	1.662621E+0
179.266667	2.864604E+0	1.672097E+0
179.333333	2.861969E+0	1.742486E+0
179.400000	2.859008E+0	1.766939E+0
179.466667	2.859128E+0	1.748626E+0
179.533333	2.858989E+0	1.693431E+0
179.600000	2.858168E+0	1.641716E+0
179.666667	2.859028E+0	1.626619E+0
179.733333	2.861282E+0	1.644466E+0
179.800000	2.863617E+0	1.625973E+0
179.866667	2.864575E+0	1.639244E+0
179.933333	2.865627E+0	1.637395E+0
180.000000	2.865721E+0	1.628490E+0

