0.000000	2.757285E+0	1.546176E+0
0.066667	2.779010E+0	1.545687E+0
0.133333	2.795956E+0	1.513352E+0
0.200000	2.812125E+0	1.567697E+0
0.266667	2.819802E+0	1.580187E+0
0.333333	2.835601E+0	1.644617E+0
0.400000	2.847090E+0	1.670512E+0
0.466667	2.854284E+0	1.682708E+0
0.533333	2.861259E+0	1.670835E+0
0.600000	2.869438E+0	1.704365E+0
0.666667	2.879721E+0	1.767638E+0
0.733333	2.888095E+0	1.837095E+0
0.800000	2.896622E+0	1.869302E+0
0.866667	2.902347E+0	1.862502E+0
0.933333	2.915276E+0	1.868183E+0
1.000000	2.926211E+0	1.960394E+0
1.066667	2.942072E+0	1.990993E+0
1.133333	2.954231E+0	2.045203E+0
1.200000	2.969898E+0	2.180879E+0
1.266667	2.988657E+0	1.990775E+0
1.333333	3.010281E+0	1.958666E+0
1.400000	3.032221E+0	1.978985E+0
1.466667	3.053937E+0	2.030061E+0
1.533333	3.080262E+0	2.095401E+0
1.600000	3.108210E+0	2.114856E+0
1.666667	3.129442E+0	2.145583E+0
1.733333	3.152985E+0	2.197584E+0
1.800000	3.178993E+0	2.291779E+0
1.866667	3.202315E+0	2.400831E+0
1.933333	3.228121E+0	2.530600E+0
2.000000	3.253888E+0	2.602973E+0
2.066667	3.274700E+0	2.631122E+0
2.133333	3.291465E+0	2.679291E+0
2.200000	3.304441E+0	2.663638E+0
2.266667	3.330952E+0	2.672129E+0
2.333333	3.354856E+0	2.734710E+0
2.400000	3.365046E+0	2.697679E+0
2.466667	3.379840E+0	2.690848E+0
2.533333	3.393016E+0	2.713617E+0
2.600000	3.403224E+0	2.730570E+0
2.666667	3.413366E+0	2.757450E+0
2.733333	3.423797E+0	2.775928E+0
2.800000	3.438720E+0	2.798532E+0
2.866667	3.451790E+0	2.819279E+0
2.933333	3.462921E+0	2.858716E+0
3.000000	3.484245E+0	2.895425E+0
3.066667	3.491696E+0	2.893125E+0
3.133333	3.493787E+0	2.836082E+0
3.200000	3.494116E+0	2.827530E+0
3.266667	3.499010E+0	2.854470E+0
3.333333	3.502326E+0	2.855815E+0
3.400000	3.506534E+0	2.878855E+0
3.466667	3.513278E+0	2.879103E+0
3.533333	3.519435E+0	2.896018E+0
3.600000	3.533402E+0	2.968301E+0
3.666667	3.555237E+0	3.017281E+0
3.733333	3.565916E+0	3.023420E+0
3.800000	3.573610E+0	3.006798E+0
3.866667	3.581183E+0	2.991574E+0
3.933333	3.586465E+0	2.962011E+0
4.000000	3.588579E+0	3.033963E+0
4.066667	3.592289E+0	3.029695E+0
4.133333	3.592414E+0	3.003402E+0
4.200000	3.594513E+0	2.985299E+0
4.266667	3.595453E+0	2.988635E+0
4.333333	3.598441E+0	3.056334E+0
4.400000	3.605992E+0	3.093366E+0
4.466667	3.615925E+0	3.084890E+0
4.533333	3.620170E+0	3.085310E+0
4.600000	3.628278E+0	3.106073E+0
4.666667	3.644143E+0	3.056289E+0
4.733333	3.659877E+0	3.058303E+0
4.800000	3.674336E+0	3.059671E+0
4.866667	3.682695E+0	3.057649E+0
4.933333	3.693084E+0	3.058513E+0
5.000000	3.699483E+0	3.072205E+0
5.066667	3.705556E+0	3.082913E+0
5.133333	3.711076E+0	3.064848E+0
5.200000	3.714539E+0	3.076278E+0
5.266667	3.731421E+0	3.052614E+0
5.333333	3.755901E+0	3.041591E+0
5.400000	3.761122E+0	3.071318E+0
5.466667	3.762239E+0	3.065239E+0
5.533333	3.771963E+0	3.090661E+0
5.600000	3.786868E+0	3.098686E+0
5.666667	3.800013E+0	3.098686E+0
5.733333	3.809182E+0	3.089842E+0
5.800000	3.814803E+0	3.117022E+0
5.866667	3.827925E+0	3.129459E+0
5.933333	3.842812E+0	3.113182E+0
6.000000	3.848204E+0	3.107636E+0
6.066667	3.855111E+0	3.143112E+0
6.133333	3.860282E+0	3.172855E+0
6.200000	3.868212E+0	3.163838E+0
6.266667	3.884360E+0	3.163597E+0
6.333333	3.903862E+0	3.152220E+0
6.400000	3.905693E+0	3.161636E+0
6.466667	3.909052E+0	3.176395E+0
6.533333	3.923893E+0	3.187516E+0
6.600000	3.939154E+0	3.184796E+0
6.666667	3.963179E+0	3.211390E+0
6.733333	3.974570E+0	3.254756E+0
6.800000	3.987205E+0	3.235820E+0
6.866667	3.995432E+0	3.257589E+0
6.933333	4.002302E+0	3.261993E+0
7.000000	4.002022E+0	3.258739E+0
7.066667	4.003143E+0	3.268057E+0
7.133333	4.009200E+0	3.249053E+0
7.200000	4.026506E+0	3.250135E+0
7.266667	4.029857E+0	3.256350E+0
7.333333	4.025613E+0	3.260167E+0
7.400000	4.024007E+0	3.280667E+0
7.466667	4.033598E+0	3.259874E+0
7.533333	4.060823E+0	3.250511E+0
7.600000	4.067047E+0	3.219476E+0
7.666667	4.067272E+0	3.194880E+0
7.733333	4.068855E+0	3.183481E+0
7.800000	4.087636E+0	3.196301E+0
7.866667	4.096931E+0	3.212900E+0
7.933333	4.100785E+0	3.236015E+0
8.000000	4.097379E+0	3.251067E+0
8.066667	4.091062E+0	3.246663E+0
8.133333	4.086265E+0	3.237097E+0
8.200000	4.080556E+0	3.236248E+0
8.266667	4.082935E+0	3.212427E+0
8.333333	4.089227E+0	3.216282E+0
8.400000	4.090233E+0	3.220212E+0
8.466667	4.089627E+0	3.195264E+0
8.533333	4.089560E+0	3.228621E+0
8.600000	4.093639E+0	3.235113E+0
8.666667	4.095378E+0	3.257124E+0
8.733333	4.098541E+0	3.254163E+0
8.800000	4.104201E+0	3.256252E+0
8.866667	4.108554E+0	3.269320E+0
8.933333	4.112424E+0	3.273062E+0
9.000000	4.117018E+0	3.263443E+0
9.066667	4.122026E+0	3.270101E+0
9.133333	4.126239E+0	3.268861E+0
9.200000	4.133633E+0	3.266645E+0
9.266667	4.138255E+0	3.277323E+0
9.333333	4.143554E+0	3.270943E+0
9.400000	4.145333E+0	3.274400E+0
9.466667	4.162854E+0	3.247543E+0
9.533333	4.183834E+0	3.234317E+0
9.600000	4.183313E+0	3.258529E+0
9.666667	4.185053E+0	3.275106E+0
9.733333	4.190339E+0	3.265247E+0
9.800000	4.197064E+0	3.274678E+0
9.866667	4.195860E+0	3.278923E+0
9.933333	4.195786E+0	3.276098E+0
10.000000	4.204508E+0	3.287603E+0
10.066667	4.208320E+0	3.296786E+0
10.133333	4.208576E+0	3.298957E+0
10.200000	4.209089E+0	3.287452E+0
10.266667	4.220465E+0	3.351484E+0
10.333333	4.237018E+0	3.376455E+0
10.400000	4.248902E+0	3.379311E+0
10.466667	4.263072E+0	3.390567E+0
10.533333	4.259521E+0	3.372134E+0
10.600000	4.261635E+0	3.364281E+0
10.666667	4.264347E+0	3.370654E+0
10.733333	4.262116E+0	3.351792E+0
10.800000	4.263041E+0	3.359675E+0
10.866667	4.267856E+0	3.389801E+0
10.933333	4.281045E+0	3.402313E+0
11.000000	4.281711E+0	3.366220E+0
11.066667	4.268104E+0	3.335305E+0
11.133333	4.251316E+0	3.340069E+0
11.200000	4.236751E+0	3.318367E+0
11.266667	4.219988E+0	3.294170E+0
11.333333	4.186458E+0	3.262016E+0
11.400000	4.181291E+0	3.232852E+0
11.466667	4.197596E+0	3.273716E+0
11.533333	4.219819E+0	3.290458E+0
11.600000	4.236251E+0	3.290518E+0
11.666667	4.258690E+0	3.303406E+0
11.733333	4.283155E+0	3.309553E+0
11.800000	4.314356E+0	3.373810E+0
11.866667	4.333547E+0	3.374636E+0
11.933333	4.325509E+0	3.381723E+0
12.000000	4.316028E+0	3.371803E+0
12.066667	4.317363E+0	3.334080E+0
12.133333	4.323920E+0	3.345442E+0
12.200000	4.326899E+0	3.352453E+0
12.266667	4.332937E+0	3.359645E+0
12.333333	4.350504E+0	3.355031E+0
12.400000	4.371372E+0	3.359690E+0
12.466667	4.389409E+0	3.360013E+0
12.533333	4.403641E+0	3.368572E+0
12.600000	4.424284E+0	3.370353E+0
12.666667	4.443848E+0	3.369031E+0
12.733333	4.452419E+0	3.372848E+0
12.800000	4.458239E+0	3.376989E+0
12.866667	4.471194E+0	3.386404E+0
12.933333	4.483187E+0	3.378890E+0
13.000000	4.507252E+0	3.371090E+0
13.066667	4.526558E+0	3.368527E+0
13.133333	4.546121E+0	3.408362E+0
13.200000	4.563621E+0	3.459716E+0
13.266667	4.568896E+0	3.478578E+0
13.333333	4.581945E+0	3.487738E+0
13.400000	4.608444E+0	3.488422E+0
13.466667	4.620695E+0	3.499175E+0
13.533333	4.638262E+0	3.506465E+0
13.600000	4.652906E+0	3.508185E+0
13.666667	4.660548E+0	3.527731E+0
13.733333	4.673720E+0	3.523605E+0
13.800000	4.688646E+0	3.560840E+0
13.866667	4.699566E+0	3.540122E+0
13.933333	4.699420E+0	3.572721E+0
14.000000	4.693190E+0	3.575478E+0
14.066667	4.689493E+0	3.542640E+0
14.133333	4.690799E+0	3.548373E+0
14.200000	4.686777E+0	3.545818E+0
14.266667	4.673272E+0	3.525995E+0
14.333333	4.672200E+0	3.519397E+0
14.400000	4.660763E+0	3.467945E+0
14.466667	4.638251E+0	3.443778E+0
14.533333	4.605532E+0	3.458063E+0
14.600000	4.576018E+0	3.421625E+0
14.666667	4.561602E+0	3.430552E+0
14.733333	4.538631E+0	3.408437E+0
14.800000	4.530110E+0	3.411623E+0
14.866667	4.521376E+0	3.438217E+0
14.933333	4.510333E+0	3.461610E+0
15.000000	4.494049E+0	3.407077E+0
15.066667	4.492610E+0	3.408046E+0
15.133333	4.495155E+0	3.415553E+0
15.200000	4.491265E+0	3.418522E+0
15.266667	4.491110E+0	3.406731E+0
15.333333	4.504328E+0	3.405927E+0
15.400000	4.510254E+0	3.414351E+0
15.466667	4.494274E+0	3.423361E+0
15.533333	4.475743E+0	3.411127E+0
15.600000	4.453082E+0	3.399743E+0
15.666667	4.442451E+0	3.396526E+0
15.733333	4.416936E+0	3.382264E+0
15.800000	4.373465E+0	3.365055E+0
15.866667	4.344620E+0	3.353513E+0
15.933333	4.322350E+0	3.343218E+0
16.000000	4.308390E+0	3.337387E+0
16.066667	4.294633E+0	3.342497E+0
16.133333	4.284028E+0	3.342504E+0
16.200000	4.281053E+0	3.330090E+0
16.266667	4.281022E+0	3.325882E+0
16.333333	4.272480E+0	3.338439E+0
16.400000	4.251772E+0	3.323222E+0
16.466667	4.241791E+0	3.327077E+0
16.533333	4.241946E+0	3.323417E+0
16.600000	4.244683E+0	3.329992E+0
16.666667	4.246159E+0	3.335320E+0
16.733333	4.229176E+0	3.333366E+0
16.800000	4.213406E+0	3.324604E+0
16.866667	4.227941E+0	3.330113E+0
16.933333	4.235314E+0	3.329226E+0
17.000000	4.229180E+0	3.332382E+0
17.066667	4.227943E+0	3.340881E+0
17.133333	4.229907E+0	3.337988E+0
17.200000	4.227009E+0	3.333021E+0
17.266667	4.215998E+0	3.326415E+0
17.333333	4.199566E+0	3.328625E+0
17.400000	4.176353E+0	3.331074E+0
17.466667	4.137045E+0	3.319607E+0
17.533333	4.084305E+0	3.300821E+0
17.600000	4.047310E+0	3.284003E+0
17.666667	4.011662E+0	3.255185E+0
17.733333	3.997942E+0	3.252374E+0
17.800000	3.976949E+0	3.231056E+0
17.866667	3.929002E+0	3.190913E+0
17.933333	3.875250E+0	3.142444E+0
18.000000	3.865533E+0	3.136951E+0
18.066667	3.886987E+0	3.150409E+0
18.133333	3.891071E+0	3.156068E+0
18.200000	3.914310E+0	3.166333E+0
18.266667	3.975399E+0	3.195947E+0
18.333333	4.041584E+0	3.240035E+0
18.400000	4.090600E+0	3.287370E+0
18.466667	4.150023E+0	3.319998E+0
18.533333	4.238628E+0	3.344556E+0
18.600000	4.291351E+0	3.306547E+0
18.666667	4.337759E+0	3.322688E+0
18.733333	4.353711E+0	3.324807E+0
18.800000	4.388693E+0	3.390049E+0
18.866667	4.435355E+0	3.436496E+0
18.933333	4.482923E+0	3.447866E+0
19.000000	4.491767E+0	3.427231E+0
19.066667	4.480779E+0	3.393678E+0
19.133333	4.451189E+0	3.369850E+0
19.200000	4.395345E+0	3.367498E+0
19.266667	4.304712E+0	3.354655E+0
19.333333	4.209009E+0	3.314016E+0
19.400000	4.119205E+0	3.269898E+0
19.466667	4.052869E+0	3.250353E+0
19.533333	3.987228E+0	3.211052E+0
19.600000	3.924676E+0	3.178018E+0
19.666667	3.914470E+0	3.169113E+0
19.733333	3.926886E+0	3.181264E+0
19.800000	3.963979E+0	3.178641E+0
19.866667	4.022582E+0	3.189057E+0
19.933333	4.073329E+0	3.206919E+0
20.000000	4.141738E+0	3.236496E+0
20.066667	4.202434E+0	3.277894E+0
20.133333	4.269945E+0	3.316196E+0
20.200000	4.326049E+0	3.357992E+0
20.266667	4.372490E+0	3.380663E+0
20.333333	4.407542E+0	3.393791E+0
20.400000	4.440068E+0	3.413712E+0
20.466667	4.481184E+0	3.427336E+0
20.533333	4.512145E+0	3.448956E+0
20.600000	4.553773E+0	3.445093E+0
20.666667	4.549089E+0	3.467983E+0
20.733333	4.553996E+0	3.474678E+0
20.800000	4.581496E+0	3.467983E+0
20.866667	4.589500E+0	3.493412E+0
20.933333	4.585151E+0	3.525694E+0
21.000000	4.580204E+0	3.490594E+0
21.066667	4.541894E+0	3.507983E+0
21.133333	4.490913E+0	3.489835E+0
21.200000	4.439283E+0	3.449887E+0
21.266667	4.367518E+0	3.442576E+0
21.333333	4.306266E+0	3.414343E+0
21.400000	4.263353E+0	3.385878E+0
21.466667	4.214090E+0	3.372577E+0
21.533333	4.148326E+0	3.351619E+0
21.600000	4.088498E+0	3.301264E+0
21.666667	4.057924E+0	3.268824E+0
21.733333	4.041713E+0	3.270221E+0
21.800000	4.017556E+0	3.277413E+0
21.866667	3.985157E+0	3.276383E+0
21.933333	3.995786E+0	3.273415E+0
22.000000	4.044290E+0	3.315790E+0
22.066667	4.092645E+0	3.333562E+0
22.133333	4.155018E+0	3.339483E+0
22.200000	4.242329E+0	3.358908E+0
22.266667	4.339154E+0	3.404492E+0
22.333333	4.386229E+0	3.426186E+0
22.400000	4.430079E+0	3.431965E+0
22.466667	4.473587E+0	3.447528E+0
22.533333	4.504484E+0	3.503977E+0
22.600000	4.545560E+0	3.455892E+0
22.666667	4.557449E+0	3.488768E+0
22.733333	4.578825E+0	3.515850E+0
22.800000	4.599006E+0	3.489474E+0
22.866667	4.615771E+0	3.509283E+0
22.933333	4.635910E+0	3.515685E+0
23.000000	4.666628E+0	3.528497E+0
23.066667	4.694057E+0	3.532195E+0
23.133333	4.683003E+0	3.544834E+0
23.200000	4.624369E+0	3.517451E+0
23.266667	4.551234E+0	3.489903E+0
23.333333	4.422045E+0	3.463451E+0
23.400000	4.269799E+0	3.397037E+0
23.466667	4.145060E+0	3.301475E+0
23.533333	4.071666E+0	3.266592E+0
23.600000	4.019127E+0	3.302151E+0
23.666667	3.968620E+0	3.270011E+0
23.733333	3.926430E+0	3.248196E+0
23.800000	3.914307E+0	3.208594E+0
23.866667	3.909021E+0	3.190342E+0
23.933333	3.929502E+0	3.257657E+0
24.000000	3.992962E+0	3.284860E+0
24.066667	4.070754E+0	3.248332E+0
24.133333	4.146572E+0	3.300062E+0
24.200000	4.194490E+0	3.357195E+0
24.266667	4.223877E+0	3.322485E+0
24.333333	4.281164E+0	3.341941E+0
24.400000	4.347936E+0	3.396572E+0
24.466667	4.376571E+0	3.420340E+0
24.533333	4.405709E+0	3.415809E+0
24.600000	4.457170E+0	3.417718E+0
24.666667	4.486991E+0	3.418980E+0
24.733333	4.513132E+0	3.447971E+0
24.800000	4.550253E+0	3.450519E+0
24.866667	4.587605E+0	3.469508E+0
24.933333	4.652562E+0	3.494569E+0
25.000000	4.710543E+0	3.493938E+0
25.066667	4.722527E+0	3.487475E+0
25.133333	4.725443E+0	3.503188E+0
25.200000	4.659809E+0	3.494005E+0
25.266667	4.573808E+0	3.468659E+0
25.333333	4.486934E+0	3.472266E+0
25.400000	4.405574E+0	3.451856E+0
25.466667	4.358948E+0	3.462489E+0
25.533333	4.339679E+0	3.459709E+0
25.600000	4.312052E+0	3.464879E+0
25.666667	4.284861E+0	3.462910E+0
25.733333	4.226401E+0	3.439540E+0
25.800000	4.129401E+0	3.377650E+0
25.866667	4.023971E+0	3.311619E+0
25.933333	3.934107E+0	3.289324E+0
26.000000	3.878887E+0	3.241576E+0
26.066667	3.840104E+0	3.227591E+0
26.133333	3.796639E+0	3.220174E+0
26.200000	3.781572E+0	3.227261E+0
26.266667	3.799686E+0	3.223736E+0
26.333333	3.824693E+0	3.239246E+0
26.400000	3.831722E+0	3.240088E+0
26.466667	3.844444E+0	3.231860E+0
26.533333	3.865206E+0	3.232634E+0
26.600000	3.895816E+0	3.248843E+0
26.666667	3.931955E+0	3.262617E+0
26.733333	3.978801E+0	3.280749E+0
26.800000	4.009762E+0	3.303473E+0
26.866667	4.026061E+0	3.326889E+0
26.933333	4.057943E+0	3.342361E+0
27.000000	4.083999E+0	3.313438E+0
27.066667	4.102666E+0	3.374884E+0
27.133333	4.133962E+0	3.388862E+0
27.200000	4.181181E+0	3.399126E+0
27.266667	4.220859E+0	3.356624E+0
27.333333	4.262839E+0	3.365814E+0
27.400000	4.291149E+0	3.382760E+0
27.466667	4.321523E+0	3.406228E+0
27.533333	4.364940E+0	3.390395E+0
27.600000	4.407701E+0	3.423256E+0
27.666667	4.436754E+0	3.439029E+0
27.733333	4.477255E+0	3.452886E+0
27.800000	4.519175E+0	3.439668E+0
27.866667	4.542625E+0	3.457815E+0
27.933333	4.549534E+0	3.500799E+0
28.000000	4.560115E+0	3.512664E+0
28.066667	4.588161E+0	3.514287E+0
28.133333	4.597579E+0	3.497710E+0
28.200000	4.611166E+0	3.507652E+0
28.266667	4.643602E+0	3.519164E+0
28.333333	4.652589E+0	3.524665E+0
28.400000	4.647039E+0	3.530571E+0
28.466667	4.627093E+0	3.526874E+0
28.533333	4.595386E+0	3.517571E+0
28.600000	4.520412E+0	3.487393E+0
28.666667	4.454325E+0	3.477406E+0
28.733333	4.397362E+0	3.465916E+0
28.800000	4.342647E+0	3.451383E+0
28.866667	4.298360E+0	3.450879E+0
28.933333	4.259092E+0	3.442891E+0
29.000000	4.219097E+0	3.439773E+0
29.066667	4.166503E+0	3.431650E+0
29.133333	4.113288E+0	3.401276E+0
29.200000	4.094880E+0	3.375508E+0
29.266667	4.081625E+0	3.387178E+0
29.333333	4.047455E+0	3.370706E+0
29.400000	4.037147E+0	3.360472E+0
29.466667	4.029014E+0	3.354896E+0
29.533333	4.035590E+0	3.353956E+0
29.600000	4.071614E+0	3.362350E+0
29.666667	4.100345E+0	3.375568E+0
29.733333	4.137116E+0	3.395354E+0
29.800000	4.179117E+0	3.410759E+0
29.866667	4.210568E+0	3.417116E+0
29.933333	4.237645E+0	3.430387E+0
30.000000	4.263549E+0	3.454486E+0
30.066667	4.275738E+0	3.463083E+0
30.133333	4.292196E+0	3.466412E+0
30.200000	4.323070E+0	3.486138E+0
30.266667	4.349510E+0	3.507487E+0
30.333333	4.374065E+0	3.526994E+0
30.400000	4.402435E+0	3.519938E+0
30.466667	4.425915E+0	3.532187E+0
30.533333	4.452701E+0	3.540671E+0
30.600000	4.465725E+0	3.549125E+0
30.666667	4.463917E+0	3.545240E+0
30.733333	4.453748E+0	3.541513E+0
30.800000	4.403804E+0	3.541347E+0
30.866667	4.317516E+0	3.526491E+0
30.933333	4.224512E+0	3.509478E+0
31.000000	4.119322E+0	3.474670E+0
31.066667	4.029418E+0	3.399592E+0
31.133333	3.971992E+0	3.360201E+0
31.200000	3.940130E+0	3.343812E+0
31.266667	3.884627E+0	3.295110E+0
31.333333	3.820802E+0	3.207204E+0
31.400000	3.785383E+0	3.183098E+0
31.466667	3.749127E+0	3.182669E+0
31.533333	3.717624E+0	3.122620E+0
31.600000	3.684613E+0	3.043605E+0
31.666667	3.666967E+0	3.015417E+0
31.733333	3.673963E+0	3.013764E+0
31.800000	3.695910E+0	3.021158E+0
31.866667	3.732902E+0	3.058190E+0
31.933333	3.779949E+0	3.097236E+0
32.000000	3.855827E+0	3.134741E+0
32.066667	3.911048E+0	3.162823E+0
32.133333	3.948587E+0	3.179468E+0
32.200000	4.008444E+0	3.241057E+0
32.266667	4.072193E+0	3.310379E+0
32.333333	4.114329E+0	3.330984E+0
32.400000	4.144754E+0	3.345014E+0
32.466667	4.180173E+0	3.380235E+0
32.533333	4.218141E+0	3.410999E+0
32.600000	4.244578E+0	3.403297E+0
32.666667	4.265346E+0	3.410158E+0
32.733333	4.288051E+0	3.438097E+0
32.800000	4.318715E+0	3.444793E+0
32.866667	4.347194E+0	3.458537E+0
32.933333	4.367216E+0	3.470387E+0
33.000000	4.362511E+0	3.469824E+0
33.066667	4.345482E+0	3.458011E+0
33.133333	4.317970E+0	3.446964E+0
33.200000	4.260672E+0	3.447881E+0
33.266667	4.211934E+0	3.429425E+0
33.333333	4.145010E+0	3.390838E+0
33.400000	4.055697E+0	3.345502E+0
33.466667	3.946019E+0	3.281012E+0
33.533333	3.900521E+0	3.271995E+0
33.600000	3.823993E+0	3.217281E+0
33.666667	3.762820E+0	3.155970E+0
33.733333	3.735718E+0	3.155038E+0
33.800000	3.705017E+0	3.166212E+0
33.866667	3.662137E+0	3.159832E+0
33.933333	3.602266E+0	3.091322E+0
34.000000	3.584263E+0	3.015207E+0
34.066667	3.570404E+0	2.990612E+0
34.133333	3.541038E+0	3.017965E+0
34.200000	3.503103E+0	3.036954E+0
34.266667	3.464006E+0	2.978476E+0
34.333333	3.452784E+0	2.909161E+0
34.400000	3.486336E+0	2.910792E+0
34.466667	3.530766E+0	2.933321E+0
34.533333	3.607696E+0	2.988838E+0
34.600000	3.688716E+0	3.128271E+0
34.666667	3.785481E+0	3.107877E+0
34.733333	3.895079E+0	3.124687E+0
34.800000	3.968024E+0	3.185668E+0
34.866667	4.043902E+0	3.225840E+0
34.933333	4.091614E+0	3.235587E+0
35.000000	4.133217E+0	3.269320E+0
35.066667	4.174241E+0	3.287310E+0
35.133333	4.228905E+0	3.309245E+0
35.200000	4.276983E+0	3.350958E+0
35.266667	4.303562E+0	3.356369E+0
35.333333	4.308747E+0	3.363229E+0
35.400000	4.309022E+0	3.390147E+0
35.466667	4.297177E+0	3.390883E+0
35.533333	4.243793E+0	3.375298E+0
35.600000	4.166380E+0	3.350267E+0
35.666667	4.094784E+0	3.350597E+0
35.733333	4.064812E+0	3.331187E+0
35.800000	4.034354E+0	3.330316E+0
35.866667	3.966366E+0	3.318600E+0
35.933333	3.847898E+0	3.254103E+0
36.000000	3.723681E+0	3.163845E+0
36.066667	3.616973E+0	3.079036E+0
36.133333	3.545758E+0	3.029642E+0
36.200000	3.497632E+0	2.952964E+0
36.266667	3.445914E+0	2.881801E+0
36.333333	3.370878E+0	2.871416E+0
36.400000	3.321577E+0	2.799802E+0
36.466667	3.302829E+0	2.760756E+0
36.533333	3.273715E+0	2.727376E+0
36.600000	3.246394E+0	2.727339E+0
36.666667	3.208928E+0	2.678945E+0
36.733333	3.167440E+0	2.589311E+0
36.800000	3.129311E+0	2.459940E+0
36.866667	3.127928E+0	2.428304E+0
36.933333	3.133593E+0	2.438050E+0
37.000000	3.164278E+0	2.436878E+0
37.066667	3.239990E+0	2.606399E+0
37.133333	3.354550E+0	2.703818E+0
37.200000	3.459688E+0	2.831746E+0
37.266667	3.544265E+0	2.828763E+0
37.333333	3.640405E+0	2.932855E+0
37.400000	3.705804E+0	3.005137E+0
37.466667	3.740950E+0	3.038555E+0
37.533333	3.780528E+0	3.114489E+0
37.600000	3.819107E+0	3.149455E+0
37.666667	3.876583E+0	3.181031E+0
37.733333	3.916586E+0	3.211405E+0
37.800000	3.951243E+0	3.240231E+0
37.866667	4.002953E+0	3.313701E+0
37.933333	4.048360E+0	3.386915E+0
38.000000	4.093159E+0	3.411556E+0
38.066667	4.110243E+0	3.418461E+0
38.133333	4.106860E+0	3.411631E+0
38.200000	4.107281E+0	3.417913E+0
38.266667	4.107108E+0	3.367114E+0
38.333333	4.095532E+0	3.379957E+0
38.400000	4.077611E+0	3.370729E+0
38.466667	4.020872E+0	3.352904E+0
38.533333	3.929439E+0	3.325168E+0
38.600000	3.843530E+0	3.299634E+0
38.666667	3.779014E+0	3.290841E+0
38.733333	3.730152E+0	3.226058E+0
38.800000	3.660948E+0	3.175545E+0
38.866667	3.552648E+0	3.116488E+0
38.933333	3.415186E+0	3.031408E+0
39.000000	3.310671E+0	2.913309E+0
39.066667	3.240729E+0	2.765430E+0
39.133333	3.194967E+0	2.643251E+0
39.200000	3.143595E+0	2.546403E+0
39.266667	3.075872E+0	2.423615E+0
39.333333	3.019147E+0	2.271407E+0
39.400000	2.970448E+0	2.231460E+0
39.466667	2.924090E+0	2.138414E+0
39.533333	2.876366E+0	2.000634E+0
39.600000	2.823324E+0	1.845639E+0
39.666667	2.783823E+0	1.678875E+0
39.733333	2.759587E+0	1.610065E+0
39.800000	2.745119E+0	1.456279E+0
39.866667	2.738415E+0	1.298766E+0
39.933333	2.738556E+0	1.313449E+0
40.000000	2.742531E+0	1.398807E+0
40.066667	2.752008E+0	1.462230E+0
40.133333	2.764098E+0	1.529245E+0
40.200000	2.783296E+0	1.575580E+0
40.266667	2.804885E+0	1.643031E+0
40.333333	2.825705E+0	1.700510E+0
40.400000	2.845204E+0	1.775438E+0
40.466667	2.868349E+0	1.806022E+0
40.533333	2.887928E+0	1.831466E+0
40.600000	2.904695E+0	1.884978E+0
40.666667	2.922649E+0	1.916930E+0
40.733333	2.940274E+0	1.951647E+0
40.800000	2.957745E+0	2.053214E+0
40.866667	2.979134E+0	2.104042E+0
40.933333	2.999750E+0	2.123716E+0
41.000000	3.021547E+0	2.187387E+0
41.066667	3.050261E+0	2.264546E+0
41.133333	3.092999E+0	2.424419E+0
41.200000	3.122744E+0	2.468852E+0
41.266667	3.153556E+0	2.474053E+0
41.333333	3.165234E+0	2.537633E+0
41.400000	3.185117E+0	2.562867E+0
41.466667	3.193788E+0	2.558050E+0
41.533333	3.204065E+0	2.570705E+0
41.600000	3.208799E+0	2.566339E+0
41.666667	3.213433E+0	2.554579E+0
41.733333	3.223443E+0	2.562446E+0
41.800000	3.236243E+0	2.576935E+0
41.866667	3.246586E+0	2.654350E+0
41.933333	3.257504E+0	2.703803E+0
42.000000	3.271482E+0	2.696161E+0
42.066667	3.288566E+0	2.687083E+0
42.133333	3.299436E+0	2.769127E+0
42.200000	3.303306E+0	2.798457E+0
42.266667	3.320204E+0	2.829357E+0
42.333333	3.328161E+0	2.851036E+0
42.400000	3.343070E+0	2.821895E+0
42.466667	3.357239E+0	2.806460E+0
42.533333	3.366812E+0	2.823307E+0
42.600000	3.377228E+0	2.843612E+0
42.666667	3.409031E+0	2.847700E+0
42.733333	3.443007E+0	2.939302E+0
42.800000	3.456866E+0	2.946817E+0
42.866667	3.472475E+0	2.951243E+0
42.933333	3.503786E+0	2.885468E+0
43.000000	3.522220E+0	2.923965E+0
43.066667	3.539734E+0	3.002334E+0
43.133333	3.564799E+0	3.040403E+0
43.200000	3.604898E+0	3.016251E+0
43.266667	3.631488E+0	3.034407E+0
43.333333	3.654899E+0	3.057304E+0
43.400000	3.671787E+0	3.067741E+0
43.466667	3.682418E+0	3.107584E+0
43.533333	3.695669E+0	3.129639E+0
43.600000	3.720174E+0	3.177026E+0
43.666667	3.739548E+0	3.159254E+0
43.733333	3.759212E+0	3.201388E+0
43.800000	3.779833E+0	3.277293E+0
43.866667	3.799536E+0	3.282831E+0
43.933333	3.809013E+0	3.284086E+0
44.000000	3.811829E+0	3.295192E+0
44.066667	3.817382E+0	3.290090E+0
44.133333	3.815180E+0	3.266043E+0
44.200000	3.812448E+0	3.293765E+0
44.266667	3.809394E+0	3.277879E+0
44.333333	3.810465E+0	3.276459E+0
44.400000	3.819009E+0	3.285416E+0
44.466667	3.837734E+0	3.307381E+0
44.533333	3.838231E+0	3.308290E+0
44.600000	3.827838E+0	3.310034E+0
44.666667	3.824282E+0	3.329406E+0
44.733333	3.813747E+0	3.329121E+0
44.800000	3.804100E+0	3.313107E+0
44.866667	3.792792E+0	3.310778E+0
44.933333	3.757702E+0	3.288016E+0
45.000000	3.703263E+0	3.275737E+0
45.066667	3.635614E+0	3.248933E+0
45.133333	3.581587E+0	3.172036E+0
45.200000	3.559176E+0	3.177326E+0
45.266667	3.536462E+0	3.175004E+0
45.333333	3.505713E+0	3.164446E+0
45.400000	3.479144E+0	3.127986E+0
45.466667	3.444079E+0	3.097574E+0
45.533333	3.400681E+0	3.071980E+0
45.600000	3.345646E+0	3.016605E+0
45.666667	3.308309E+0	2.940016E+0
45.733333	3.280795E+0	2.894410E+0
45.800000	3.266610E+0	2.909357E+0
45.866667	3.240098E+0	2.865351E+0
45.933333	3.200457E+0	2.740301E+0
46.000000	3.164505E+0	2.638794E+0
46.066667	3.129153E+0	2.654342E+0
46.133333	3.100437E+0	2.664832E+0
46.200000	3.067800E+0	2.527413E+0
46.266667	3.051896E+0	2.450164E+0
46.333333	3.039665E+0	2.384900E+0
46.400000	3.010276E+0	2.252312E+0
46.466667	2.984974E+0	2.192466E+0
46.533333	2.954319E+0	2.062517E+0
46.600000	2.917963E+0	1.940247E+0
46.666667	2.882194E+0	1.839747E+0
46.733333	2.857308E+0	1.749565E+0
46.800000	2.848308E+0	1.742283E+0
46.866667	2.835617E+0	1.713533E+0
46.933333	2.809404E+0	1.764181E+0
47.000000	2.780317E+0	1.750797E+0
47.066667	2.754095E+0	1.678770E+0
47.133333	2.732450E+0	1.561280E+0
47.200000	2.714229E+0	1.489200E+0
47.266667	2.695152E+0	1.464928E+0
47.333333	2.670553E+0	1.332596E+0
47.400000	2.655363E+0	1.219803E+0
47.466667	2.631046E+0	1.127651E+0
47.533333	2.605941E+0	9.082335E-1
47.600000	2.592972E+0	8.065388E-1
47.666667	2.586346E+0	7.324150E-1
47.733333	2.583976E+0	6.098974E-1
47.800000	2.581306E+0	7.014249E-1
47.866667	2.576232E+0	6.176675E-1
47.933333	2.566888E+0	5.099461E-1
48.000000	2.564689E+0	5.077143E-1
48.066667	2.568198E+0	5.949735E-1
48.133333	2.574634E+0	5.761720E-1
48.200000	2.586829E+0	6.251445E-1
48.266667	2.601363E+0	7.116673E-1
48.333333	2.623731E+0	9.077976E-1
48.400000	2.663187E+0	9.243071E-1
48.466667	2.710155E+0	1.034651E+0
48.533333	2.755555E+0	1.189970E+0
48.600000	2.778553E+0	1.432871E+0
48.666667	2.816774E+0	1.597808E+0
48.733333	2.854933E+0	1.719717E+0
48.800000	2.893420E+0	1.788152E+0
48.866667	2.929308E+0	1.827679E+0
48.933333	2.969469E+0	1.947243E+0
49.000000	3.018168E+0	2.122318E+0
49.066667	3.067586E+0	2.191422E+0
49.133333	3.105908E+0	2.191039E+0
49.200000	3.138307E+0	2.186177E+0
49.266667	3.184513E+0	2.240883E+0
49.333333	3.219334E+0	2.317216E+0
49.400000	3.255769E+0	2.340466E+0
49.466667	3.277473E+0	2.421541E+0
49.533333	3.307168E+0	2.612328E+0
49.600000	3.324968E+0	2.770149E+0
49.666667	3.340264E+0	2.725137E+0
49.733333	3.348941E+0	2.706734E+0
49.800000	3.353409E+0	2.735229E+0
49.866667	3.344017E+0	2.868838E+0
49.933333	3.300153E+0	2.817190E+0
50.000000	3.216666E+0	2.672099E+0
50.066667	3.134468E+0	2.517862E+0
50.133333	3.061746E+0	2.421774E+0
50.200000	3.022932E+0	2.362288E+0
50.266667	3.021774E+0	2.352640E+0
50.333333	3.033844E+0	2.350505E+0
50.400000	3.044570E+0	2.388168E+0
50.466667	3.043350E+0	2.372283E+0
50.533333	3.029828E+0	2.304659E+0
50.600000	3.008581E+0	2.288893E+0
50.666667	2.975208E+0	2.254462E+0
50.733333	2.924342E+0	2.169840E+0
50.800000	2.852588E+0	1.999785E+0
50.866667	2.791344E+0	1.795960E+0
50.933333	2.736584E+0	1.749573E+0
51.000000	2.687035E+0	1.496249E+0
51.066667	2.650004E+0	1.128395E+0
51.133333	2.630228E+0	9.377958E-1
51.200000	2.615548E+0	9.283650E-1
51.266667	2.606264E+0	8.793249E-1
51.333333	2.594738E+0	7.432360E-1
51.400000	2.582995E+0	6.592005E-1
51.466667	2.576178E+0	5.636527E-1
51.533333	2.571820E+0	4.931961E-1
51.600000	2.569487E+0	4.891007E-1
51.666667	2.568804E+0	4.988245E-1
51.733333	2.566517E+0	4.073872E-1
51.800000	2.564905E+0	3.793052E-1
51.866667	2.564614E+0	4.017813E-1
51.933333	2.563939E+0	4.232730E-1
52.000000	2.564414E+0	3.949806E-1
52.066667	2.565041E+0	3.811764E-1
52.133333	2.568390E+0	4.173365E-1
52.200000	2.575101E+0	3.471654E-1
52.266667	2.575263E+0	3.354727E-1
52.333333	2.575182E+0	4.336657E-1
52.400000	2.575240E+0	4.604852E-1
52.466667	2.575157E+0	4.737935E-1
52.533333	2.575182E+0	4.842613E-1
52.600000	2.575467E+0	4.876503E-1
52.666667	2.575792E+0	5.023263E-1
52.733333	2.575538E+0	5.232318E-1
52.800000	2.575190E+0	4.893862E-1
52.866667	2.575186E+0	5.049714E-1
52.933333	2.577080E+0	5.232018E-1
53.000000	2.584240E+0	5.333089E-1
53.066667	2.596002E+0	6.070344E-1
53.133333	2.610967E+0	6.664295E-1
53.200000	2.631960E+0	7.701457E-1
53.266667	2.649754E+0	8.610795E-1
53.333333	2.675411E+0	9.831988E-1
53.400000	2.693317E+0	1.115012E+0
53.466667	2.708876E+0	1.249906E+0
53.533333	2.719971E+0	1.307919E+0
53.600000	2.737632E+0	1.279190E+0
53.666667	2.750618E+0	1.364563E+0
53.733333	2.757764E+0	1.438890E+0
53.800000	2.765059E+0	1.475298E+0
53.866667	2.775808E+0	1.480701E+0
53.933333	2.790167E+0	1.496737E+0
54.000000	2.800967E+0	1.587694E+0
54.066667	2.808378E+0	1.600634E+0
54.133333	2.819652E+0	1.652725E+0
54.200000	2.832689E+0	1.653551E+0
54.266667	2.845067E+0	1.677884E+0
54.333333	2.857248E+0	1.694295E+0
54.400000	2.868032E+0	1.718124E+0
54.466667	2.883702E+0	1.720251E+0
54.533333	2.899948E+0	1.816565E+0
54.600000	2.912691E+0	1.919537E+0
54.666667	2.922387E+0	1.927187E+0
54.733333	2.932965E+0	1.932071E+0
54.800000	2.948376E+0	1.925038E+0
54.866667	2.964497E+0	1.968044E+0
54.933333	2.983424E+0	2.018414E+0
55.000000	3.002991E+0	2.008179E+0
55.066667	3.031032E+0	2.053439E+0
55.133333	3.045033E+0	2.039402E+0
55.200000	3.060446E+0	2.071279E+0
55.266667	3.077378E+0	2.134123E+0
55.333333	3.099377E+0	2.232309E+0
55.400000	3.118693E+0	2.305410E+0
55.466667	3.134577E+0	2.335296E+0
55.533333	3.156603E+0	2.368037E+0
55.600000	3.173197E+0	2.369570E+0
55.666667	3.183136E+0	2.430062E+0
55.733333	3.188454E+0	2.423427E+0
55.800000	3.196110E+0	2.419647E+0
55.866667	3.200890E+0	2.426185E+0
55.933333	3.195708E+0	2.428056E+0
56.000000	3.192615E+0	2.435104E+0
56.066667	3.184486E+0	2.460271E+0
56.133333	3.179683E+0	2.458610E+0
56.200000	3.172976E+0	2.465546E+0
56.266667	3.166842E+0	2.470611E+0
56.333333	3.160339E+0	2.478644E+0
56.400000	3.154730E+0	2.484641E+0
56.466667	3.151818E+0	2.500271E+0
56.533333	3.148032E+0	2.515285E+0
56.600000	3.144658E+0	2.508913E+0
56.666667	3.140040E+0	2.515338E+0
56.733333	3.132140E+0	2.495251E+0
56.800000	3.124458E+0	2.495161E+0
56.866667	3.111915E+0	2.477186E+0
56.933333	3.097429E+0	2.429266E+0
57.000000	3.077128E+0	2.374672E+0
57.066667	3.049369E+0	2.312497E+0
57.133333	3.037730E+0	2.251606E+0
57.200000	3.022084E+0	2.253477E+0
57.266667	3.009793E+0	2.251907E+0
57.333333	2.996671E+0	2.251989E+0
57.400000	2.985732E+0	2.205820E+0
57.466667	2.976951E+0	2.186402E+0
57.533333	2.967266E+0	2.182870E+0
57.600000	2.960507E+0	2.170659E+0
57.666667	2.950672E+0	2.177047E+0
57.733333	2.939228E+0	2.149213E+0
57.800000	2.928085E+0	2.145658E+0
57.866667	2.917610E+0	2.159958E+0
57.933333	2.911966E+0	2.149949E+0
58.000000	2.902714E+0	2.127646E+0
58.066667	2.891390E+0	2.081747E+0
58.133333	2.875912E+0	2.041995E+0
58.200000	2.857814E+0	1.975070E+0
58.266667	2.837317E+0	1.882077E+0
58.333333	2.820662E+0	1.843121E+0
58.400000	2.803997E+0	1.794758E+0
58.466667	2.785379E+0	1.770936E+0
58.533333	2.772349E+0	1.764767E+0
58.600000	2.765977E+0	1.697632E+0
58.666667	2.761020E+0	1.659247E+0
58.733333	2.753399E+0	1.640544E+0
58.800000	2.744870E+0	1.594126E+0
58.866667	2.738517E+0	1.582103E+0
58.933333	2.732191E+0	1.564053E+0
59.000000	2.724974E+0	1.538293E+0
59.066667	2.716826E+0	1.496121E+0
59.133333	2.714472E+0	1.481686E+0
59.200000	2.708817E+0	1.435193E+0
59.266667	2.704127E+0	1.382711E+0
59.333333	2.698739E+0	1.312788E+0
59.400000	2.698785E+0	1.327336E+0
59.466667	2.700897E+0	1.347558E+0
59.533333	2.707612E+0	1.355689E+0
59.600000	2.710034E+0	1.401265E+0
59.666667	2.704191E+0	1.434276E+0
59.733333	2.695115E+0	1.485420E+0
59.800000	2.689732E+0	1.477718E+0
59.866667	2.696075E+0	1.471661E+0
59.933333	2.710015E+0	1.537233E+0
60.000000	2.726513E+0	1.586491E+0
60.066667	2.751716E+0	1.617850E+0
60.133333	2.781369E+0	1.702757E+0
60.200000	2.815959E+0	1.824170E+0
60.266667	2.845125E+0	1.968976E+0
60.333333	2.873117E+0	2.046624E+0
60.400000	2.905140E+0	2.086797E+0
60.466667	2.935948E+0	2.136618E+0
60.533333	2.958828E+0	2.224268E+0
60.600000	2.981602E+0	2.285963E+0
60.666667	2.994603E+0	2.311415E+0
60.733333	3.010437E+0	2.339647E+0
60.800000	3.029159E+0	2.373861E+0
60.866667	3.043785E+0	2.379654E+0
60.933333	3.057767E+0	2.401349E+0
61.000000	3.071968E+0	2.435841E+0
61.066667	3.080704E+0	2.467740E+0
61.133333	3.090000E+0	2.462833E+0
61.200000	3.102951E+0	2.459790E+0
61.266667	3.122808E+0	2.472287E+0
61.333333	3.140759E+0	2.451050E+0
61.400000	3.167608E+0	2.508469E+0
61.466667	3.188537E+0	2.567361E+0
61.533333	3.215212E+0	2.571021E+0
61.600000	3.244745E+0	2.627883E+0
61.666667	3.258929E+0	2.688518E+0
61.733333	3.270305E+0	2.745794E+0
61.800000	3.273592E+0	2.787808E+0
61.866667	3.275788E+0	2.786313E+0
61.933333	3.279249E+0	2.792505E+0
62.000000	3.287449E+0	2.793662E+0
62.066667	3.293642E+0	2.794677E+0
62.133333	3.294685E+0	2.821774E+0
62.200000	3.292923E+0	2.827065E+0
62.266667	3.291894E+0	2.823871E+0
62.333333	3.286572E+0	2.822751E+0
62.400000	3.282488E+0	2.812764E+0
62.466667	3.260664E+0	2.783217E+0
62.533333	3.241700E+0	2.759651E+0
62.600000	3.208289E+0	2.726963E+0
62.666667	3.177687E+0	2.699369E+0
62.733333	3.147782E+0	2.654132E+0
62.800000	3.104402E+0	2.584892E+0
62.866667	3.056557E+0	2.516893E+0
62.933333	2.997948E+0	2.393121E+0
63.000000	2.952484E+0	2.310753E+0
63.066667	2.909494E+0	2.162408E+0
63.133333	2.862867E+0	2.013206E+0
63.200000	2.807113E+0	1.799935E+0
63.266667	2.774877E+0	1.827724E+0
63.333333	2.746407E+0	1.830993E+0
63.400000	2.718263E+0	1.660187E+0
63.466667	2.694235E+0	1.401753E+0
63.533333	2.672940E+0	1.253964E+0
63.600000	2.658394E+0	1.009229E+0
63.666667	2.647744E+0	9.005235E-1
63.733333	2.640863E+0	8.129487E-1
63.800000	2.630188E+0	8.181939E-1
63.866667	2.617128E+0	8.229130E-1
63.933333	2.599078E+0	8.184118E-1
64.000000	2.592672E+0	7.227287E-1
64.066667	2.585917E+0	6.814286E-1
64.133333	2.579129E+0	6.708782E-1
64.200000	2.574482E+0	5.980845E-1
64.266667	2.568334E+0	5.543121E-1
64.333333	2.569392E+0	5.285371E-1
64.400000	2.570866E+0	5.080900E-1
64.466667	2.571537E+0	4.861850E-1
64.533333	2.569442E+0	5.005003E-1
64.600000	2.571549E+0	5.279961E-1
64.666667	2.579696E+0	5.687702E-1
64.733333	2.591324E+0	6.125576E-1
64.800000	2.602515E+0	6.575173E-1
64.866667	2.614916E+0	6.805795E-1
64.933333	2.630028E+0	7.082031E-1
65.000000	2.649034E+0	8.014288E-1
65.066667	2.667958E+0	8.828643E-1
65.133333	2.684961E+0	1.021350E+0
65.200000	2.708097E+0	1.062057E+0
65.266667	2.731425E+0	1.146295E+0
65.333333	2.763322E+0	1.337864E+0
65.400000	2.790628E+0	1.568111E+0
65.466667	2.829556E+0	1.679409E+0
65.533333	2.873110E+0	1.749610E+0
65.600000	2.911699E+0	1.811185E+0
65.666667	2.953940E+0	1.908626E+0
65.733333	2.980084E+0	1.963866E+0
65.800000	2.986874E+0	2.009802E+0
65.866667	3.003272E+0	2.019804E+0
65.933333	3.014986E+0	2.048585E+0
66.000000	3.020460E+0	2.061450E+0
66.066667	3.021072E+0	2.133259E+0
66.133333	3.006861E+0	2.130712E+0
66.200000	2.990262E+0	2.085023E+0
66.266667	2.984291E+0	2.066312E+0
66.333333	2.991523E+0	2.108521E+0
66.400000	2.999739E+0	2.157922E+0
66.466667	2.999131E+0	2.173417E+0
66.533333	2.986374E+0	2.138534E+0
66.600000	2.941165E+0	2.086571E+0
66.666667	2.860372E+0	1.958853E+0
66.733333	2.772007E+0	1.752834E+0
66.800000	2.718190E+0	1.510737E+0
66.866667	2.688722E+0	1.380615E+0
66.933333	2.667671E+0	1.351323E+0
67.000000	2.640454E+0	1.188459E+0
67.066667	2.619568E+0	1.124428E+0
67.133333	2.601897E+0	8.877412E-1
67.200000	2.588723E+0	7.230669E-1
67.266667	2.580462E+0	6.117084E-1
67.333333	2.575801E+0	5.454825E-1
67.400000	2.573597E+0	5.697997E-1
67.466667	2.569063E+0	4.987945E-1
67.533333	2.562760E+0	3.812816E-1
67.600000	2.565709E+0	3.899384E-1
67.666667	2.567890E+0	4.059594E-1
67.733333	2.572830E+0	4.732750E-1
67.800000	2.576705E+0	5.618417E-1
67.866667	2.586583E+0	5.679586E-1
67.933333	2.610595E+0	6.040661E-1
68.000000	2.636636E+0	8.387387E-1
68.066667	2.673603E+0	1.074178E+0
68.133333	2.717934E+0	1.245262E+0
68.200000	2.784481E+0	1.497646E+0
68.266667	2.860316E+0	1.771252E+0
68.333333	2.948759E+0	1.919718E+0
68.400000	3.023850E+0	2.304043E+0
68.466667	3.103613E+0	2.445685E+0
68.533333	3.171753E+0	2.498001E+0
68.600000	3.246240E+0	2.571118E+0
68.666667	3.282123E+0	2.664539E+0
68.733333	3.322281E+0	2.692975E+0
68.800000	3.348350E+0	2.735101E+0
68.866667	3.377591E+0	2.718096E+0
68.933333	3.395918E+0	2.778160E+0
69.000000	3.400490E+0	2.809187E+0
69.066667	3.401260E+0	2.831581E+0
69.133333	3.408969E+0	2.875864E+0
69.200000	3.419183E+0	2.877600E+0
69.266667	3.419945E+0	2.906742E+0
69.333333	3.408681E+0	2.901542E+0
69.400000	3.380609E+0	2.877029E+0
69.466667	3.321279E+0	2.775207E+0
69.533333	3.281630E+0	2.706155E+0
69.600000	3.226866E+0	2.643251E+0
69.666667	3.133958E+0	2.542420E+0
69.733333	3.004018E+0	2.350934E+0
69.800000	2.958822E+0	2.166443E+0
69.866667	2.926309E+0	2.071174E+0
69.933333	2.889200E+0	1.922573E+0
70.000000	2.817553E+0	1.776813E+0
70.066667	2.745778E+0	1.660420E+0
70.133333	2.714697E+0	1.661404E+0
70.200000	2.699261E+0	1.544109E+0
70.266667	2.688074E+0	1.487306E+0
70.333333	2.692082E+0	1.431578E+0
70.400000	2.708595E+0	1.560589E+0
70.466667	2.743022E+0	1.664192E+0
70.533333	2.794525E+0	1.794758E+0
70.600000	2.847741E+0	1.893559E+0
70.666667	2.909300E+0	1.979481E+0
70.733333	2.973073E+0	2.122062E+0
70.800000	3.039742E+0	2.249156E+0
70.866667	3.091928E+0	2.327932E+0
70.933333	3.164143E+0	2.441349E+0
71.000000	3.222377E+0	2.562461E+0
71.066667	3.280965E+0	2.693516E+0
71.133333	3.346146E+0	2.760493E+0
71.200000	3.387897E+0	2.841958E+0
71.266667	3.447070E+0	2.829311E+0
71.333333	3.490758E+0	2.921500E+0
71.400000	3.527922E+0	2.998044E+0
71.466667	3.554977E+0	2.943323E+0
71.533333	3.584216E+0	2.969458E+0
71.600000	3.606896E+0	2.957818E+0
71.666667	3.624348E+0	2.970240E+0
71.733333	3.633360E+0	2.938949E+0
71.800000	3.621786E+0	2.884175E+0
71.866667	3.593032E+0	2.864157E+0
71.933333	3.555778E+0	2.879389E+0
72.000000	3.496719E+0	2.869973E+0
72.066667	3.422712E+0	2.841342E+0
72.133333	3.332556E+0	2.765821E+0
72.200000	3.177996E+0	2.579993E+0
72.266667	3.016675E+0	2.327639E+0
72.333333	2.942365E+0	2.204415E+0
72.400000	2.879159E+0	2.063757E+0
72.466667	2.837898E+0	1.924407E+0
72.533333	2.787170E+0	1.827100E+0
72.600000	2.741604E+0	1.533168E+0
72.666667	2.717113E+0	1.415610E+0
72.733333	2.711046E+0	1.350774E+0
72.800000	2.720658E+0	1.367231E+0
72.866667	2.732641E+0	1.470211E+0
72.933333	2.753872E+0	1.603985E+0
73.000000	2.771166E+0	1.621998E+0
73.066667	2.793742E+0	1.792954E+0
73.133333	2.822324E+0	1.858654E+0
73.200000	2.868787E+0	1.985523E+0
73.266667	2.928685E+0	2.116366E+0
73.333333	2.995578E+0	2.237486E+0
73.400000	3.043011E+0	2.281386E+0
73.466667	3.110164E+0	2.388740E+0
73.533333	3.201297E+0	2.552971E+0
73.600000	3.273238E+0	2.619354E+0
73.666667	3.331335E+0	2.645287E+0
73.733333	3.386847E+0	2.688533E+0
73.800000	3.440847E+0	2.688616E+0
73.866667	3.496848E+0	2.686076E+0
73.933333	3.559621E+0	2.743127E+0
74.000000	3.606312E+0	2.813313E+0
74.066667	3.621065E+0	2.788620E+0
74.133333	3.644368E+0	2.842627E+0
74.200000	3.694455E+0	2.867485E+0
74.266667	3.723798E+0	2.916676E+0
74.333333	3.746574E+0	2.928759E+0
74.400000	3.766652E+0	2.957811E+0
74.466667	3.793477E+0	2.989409E+0
74.533333	3.827321E+0	3.023308E+0
74.600000	3.841780E+0	3.037570E+0
74.666667	3.857169E+0	3.076977E+0
74.733333	3.870276E+0	3.127129E+0
74.800000	3.868774E+0	3.149282E+0
74.866667	3.858691E+0	3.191386E+0
74.933333	3.844842E+0	3.218672E+0
75.000000	3.837977E+0	3.261091E+0
75.066667	3.829881E+0	3.225435E+0
75.133333	3.793119E+0	3.155451E+0
75.200000	3.738384E+0	3.117315E+0
75.266667	3.692919E+0	3.112566E+0
75.333333	3.640546E+0	3.106629E+0
75.400000	3.535950E+0	3.089932E+0
75.466667	3.355277E+0	2.856108E+0
75.533333	3.155272E+0	2.575424E+0
75.600000	3.025038E+0	2.281762E+0
75.666667	2.943502E+0	2.174386E+0
75.733333	2.879728E+0	2.117711E+0
75.800000	2.821256E+0	2.020909E+0
75.866667	2.780653E+0	1.755411E+0
75.933333	2.736792E+0	1.481535E+0
76.000000	2.723360E+0	1.358146E+0
76.066667	2.743776E+0	1.476809E+0
76.133333	2.776723E+0	1.569553E+0
76.200000	2.834086E+0	1.698984E+0
76.266667	2.918000E+0	1.867326E+0
76.333333	3.001391E+0	2.003430E+0
76.400000	3.077105E+0	2.196224E+0
76.466667	3.166825E+0	2.464975E+0
76.533333	3.246853E+0	2.584780E+0
76.600000	3.316709E+0	2.635999E+0
76.666667	3.377545E+0	2.710100E+0
76.733333	3.426775E+0	2.756443E+0
76.800000	3.478694E+0	2.846986E+0
76.866667	3.515330E+0	2.870942E+0
76.933333	3.556241E+0	2.895056E+0
77.000000	3.623786E+0	2.914955E+0
77.066667	3.692449E+0	2.947681E+0
77.133333	3.729740E+0	2.982984E+0
77.200000	3.739944E+0	2.963980E+0
77.266667	3.747971E+0	2.982954E+0
77.333333	3.779087E+0	3.002876E+0
77.400000	3.802483E+0	3.026614E+0
77.466667	3.824964E+0	3.071311E+0
77.533333	3.848993E+0	3.090450E+0
77.600000	3.856733E+0	3.084033E+0
77.666667	3.867500E+0	3.125686E+0
77.733333	3.884816E+0	3.151131E+0
77.800000	3.897699E+0	3.142173E+0
77.866667	3.908088E+0	3.145457E+0
77.933333	3.918286E+0	3.210684E+0
78.000000	3.919731E+0	3.164627E+0
78.066667	3.910735E+0	3.185540E+0
78.133333	3.900740E+0	3.184413E+0
78.200000	3.865721E+0	3.176297E+0
78.266667	3.751374E+0	3.129819E+0
78.333333	3.546079E+0	3.032633E+0
78.400000	3.385774E+0	2.907102E+0
78.466667	3.258977E+0	2.756067E+0
78.533333	3.105138E+0	2.674940E+0
78.600000	3.002449E+0	2.423570E+0
78.666667	2.923188E+0	2.235360E+0
78.733333	2.858741E+0	2.030881E+0
78.800000	2.803371E+0	1.848059E+0
78.866667	2.760849E+0	1.719822E+0
78.933333	2.738911E+0	1.567224E+0
79.000000	2.719292E+0	1.392751E+0
79.066667	2.711836E+0	1.365593E+0
79.133333	2.726291E+0	1.455843E+0
79.200000	2.765952E+0	1.566472E+0
79.266667	2.843749E+0	1.749640E+0
79.333333	2.957972E+0	1.989535E+0
79.400000	3.053173E+0	2.214725E+0
79.466667	3.142069E+0	2.151332E+0
79.533333	3.226564E+0	2.239057E+0
79.600000	3.299528E+0	2.369142E+0
79.666667	3.377226E+0	2.541443E+0
79.733333	3.448201E+0	2.612215E+0
79.800000	3.504324E+0	2.695522E+0
79.866667	3.558124E+0	2.754436E+0
79.933333	3.616402E+0	2.818686E+0
80.000000	3.675259E+0	2.902466E+0
80.066667	3.732156E+0	2.964852E+0
80.133333	3.776450E+0	2.954204E+0
80.200000	3.801155E+0	2.954226E+0
80.266667	3.812692E+0	2.995699E+0
80.333333	3.835613E+0	3.058528E+0
80.400000	3.864631E+0	3.115053E+0
80.466667	3.888465E+0	3.179513E+0
80.533333	3.886310E+0	3.137018E+0
80.600000	3.878235E+0	3.124845E+0
80.666667	3.888855E+0	3.172292E+0
80.733333	3.913433E+0	3.208497E+0
80.800000	3.913651E+0	3.201463E+0
80.866667	3.899438E+0	3.185224E+0
80.933333	3.882808E+0	3.183999E+0
81.000000	3.871467E+0	3.151882E+0
81.066667	3.835676E+0	3.140460E+0
81.133333	3.750362E+0	3.108440E+0
81.200000	3.604902E+0	3.005979E+0
81.266667	3.513292E+0	2.923274E+0
81.333333	3.406278E+0	2.827711E+0
81.400000	3.260427E+0	2.729180E+0
81.466667	3.159081E+0	2.610450E+0
81.533333	3.083022E+0	2.544847E+0
81.600000	3.018175E+0	2.430521E+0
81.666667	2.919837E+0	2.309671E+0
81.733333	2.830885E+0	2.010381E+0
81.800000	2.792700E+0	1.916900E+0
81.866667	2.801394E+0	1.980586E+0
81.933333	2.830970E+0	2.027672E+0
82.000000	2.890567E+0	2.032947E+0
82.066667	2.969296E+0	2.063283E+0
82.133333	3.065197E+0	2.230520E+0
82.200000	3.165055E+0	2.439207E+0
82.266667	3.256015E+0	2.646790E+0
82.333333	3.327632E+0	2.740685E+0
82.400000	3.410537E+0	2.801966E+0
82.466667	3.492749E+0	2.900399E+0
82.533333	3.578390E+0	2.942526E+0
82.600000	3.617787E+0	2.935650E+0
82.666667	3.660798E+0	2.973200E+0
82.733333	3.698168E+0	3.042943E+0
82.800000	3.736553E+0	3.135868E+0
82.866667	3.779984E+0	3.166250E+0
82.933333	3.809959E+0	3.174245E+0
83.000000	3.828207E+0	3.182797E+0
83.066667	3.855988E+0	3.124739E+0
83.133333	3.890477E+0	3.162297E+0
83.200000	3.916330E+0	3.202974E+0
83.266667	3.931770E+0	3.197345E+0
83.333333	3.936513E+0	3.208752E+0
83.400000	3.949880E+0	3.194895E+0
83.466667	3.962371E+0	3.197338E+0
83.533333	3.974768E+0	3.196924E+0
83.600000	3.982933E+0	3.195256E+0
83.666667	3.991504E+0	3.169624E+0
83.733333	4.004680E+0	3.191890E+0
83.800000	4.007959E+0	3.201989E+0
83.866667	4.005921E+0	3.254058E+0
83.933333	3.999562E+0	3.275467E+0
84.000000	3.998330E+0	3.283267E+0
84.066667	4.000362E+0	3.292780E+0
84.133333	4.005647E+0	3.327708E+0
84.200000	4.006894E+0	3.343601E+0
84.266667	4.004413E+0	3.337454E+0
84.333333	4.013432E+0	3.341858E+0
84.400000	4.018704E+0	3.355016E+0
84.466667	4.022078E+0	3.355572E+0
84.533333	4.024207E+0	3.356684E+0
84.600000	4.024240E+0	3.357676E+0
84.666667	4.019043E+0	3.356632E+0
84.733333	4.017427E+0	3.306434E+0
84.800000	4.017396E+0	3.328444E+0
84.866667	4.016783E+0	3.346637E+0
84.933333	4.018464E+0	3.356925E+0
85.000000	4.014898E+0	3.363432E+0
85.066667	4.012334E+0	3.367836E+0
85.133333	4.014330E+0	3.368527E+0
85.200000	4.015578E+0	3.365920E+0
85.266667	4.016821E+0	3.363312E+0
85.333333	4.012030E+0	3.362298E+0
85.400000	4.010847E+0	3.367159E+0
85.466667	4.004443E+0	3.356947E+0
85.533333	3.994253E+0	3.352574E+0
85.600000	3.977701E+0	3.346149E+0
85.666667	3.966464E+0	3.335711E+0
85.733333	3.958124E+0	3.322515E+0
85.800000	3.945077E+0	3.322944E+0
85.866667	3.931807E+0	3.328685E+0
85.933333	3.923741E+0	3.325499E+0
86.000000	3.917386E+0	3.329106E+0
86.066667	3.910839E+0	3.328377E+0
86.133333	3.901773E+0	3.329061E+0
86.200000	3.895918E+0	3.329677E+0
86.266667	3.893860E+0	3.331405E+0
86.333333	3.895170E+0	3.328895E+0
86.400000	3.886841E+0	3.325672E+0
86.466667	3.877858E+0	3.323154E+0
86.533333	3.881723E+0	3.326633E+0
86.600000	3.880882E+0	3.327490E+0
86.666667	3.874764E+0	3.319750E+0
86.733333	3.875464E+0	3.315775E+0
86.800000	3.875435E+0	3.313265E+0
86.866667	3.874621E+0	3.307576E+0
86.933333	3.875841E+0	3.308508E+0
87.000000	3.874981E+0	3.311041E+0
87.066667	3.878395E+0	3.313535E+0
87.133333	3.873996E+0	3.316000E+0
87.200000	3.869378E+0	3.304736E+0
87.266667	3.868568E+0	3.297251E+0
87.333333	3.867889E+0	3.303248E+0
87.400000	3.862015E+0	3.295546E+0
87.466667	3.863024E+0	3.298574E+0
87.533333	3.860670E+0	3.294246E+0
87.600000	3.853869E+0	3.286949E+0
87.666667	3.849766E+0	3.278292E+0
87.733333	3.846042E+0	3.265638E+0
87.800000	3.833139E+0	3.242801E+0
87.866667	3.825191E+0	3.230116E+0
87.933333	3.828696E+0	3.228568E+0
88.000000	3.833941E+0	3.231476E+0
88.066667	3.827790E+0	3.230732E+0
88.133333	3.816136E+0	3.223962E+0
88.200000	3.806928E+0	3.225502E+0
88.266667	3.796676E+0	3.216650E+0
88.333333	3.775525E+0	3.204311E+0
88.400000	3.759952E+0	3.201418E+0
88.466667	3.740896E+0	3.199013E+0
88.533333	3.718078E+0	3.182151E+0
88.600000	3.714787E+0	3.172855E+0
88.666667	3.725341E+0	3.176658E+0
88.733333	3.712984E+0	3.182278E+0
88.800000	3.694950E+0	3.171240E+0
88.866667	3.699911E+0	3.164446E+0
88.933333	3.701542E+0	3.173764E+0
89.000000	3.692946E+0	3.157743E+0
89.066667	3.690934E+0	3.131465E+0
89.133333	3.685944E+0	3.110462E+0
89.200000	3.680801E+0	3.105307E+0
89.266667	3.676842E+0	3.115188E+0
89.333333	3.677748E+0	3.111183E+0
89.400000	3.679131E+0	3.113558E+0
89.466667	3.678619E+0	3.098491E+0
89.533333	3.678271E+0	3.086062E+0
89.600000	3.666046E+0	3.097867E+0
89.666667	3.656830E+0	3.139941E+0
89.733333	3.667113E+0	3.146532E+0
89.800000	3.681468E+0	3.160990E+0
89.866667	3.681799E+0	3.165559E+0
89.933333	3.679252E+0	3.169864E+0
90.000000	3.674249E+0	3.180062E+0
90.066667	3.666542E+0	3.182819E+0
90.133333	3.666255E+0	3.175305E+0
90.200000	3.660233E+0	3.172036E+0
90.266667	3.647130E+0	3.166844E+0
90.333333	3.646545E+0	3.162575E+0
90.400000	3.644245E+0	3.162515E+0
90.466667	3.644412E+0	3.155497E+0
90.533333	3.637470E+0	3.139971E+0
90.600000	3.621482E+0	3.082853E+0
90.666667	3.618620E+0	3.082748E+0
90.733333	3.602018E+0	3.056206E+0
90.800000	3.592409E+0	3.089353E+0
90.866667	3.580585E+0	3.095673E+0
90.933333	3.560529E+0	3.084544E+0
91.000000	3.541457E+0	3.068906E+0
91.066667	3.514848E+0	3.008624E+0
91.133333	3.499367E+0	2.956375E+0
91.200000	3.483339E+0	2.937611E+0
91.266667	3.464279E+0	2.935575E+0
91.333333	3.450584E+0	2.918818E+0
91.400000	3.442574E+0	2.917217E+0
91.466667	3.433546E+0	2.917968E+0
91.533333	3.429102E+0	2.917082E+0
91.600000	3.421708E+0	2.908703E+0
91.666667	3.419100E+0	2.893719E+0
91.733333	3.408952E+0	2.883987E+0
91.800000	3.400367E+0	2.878201E+0
91.866667	3.392250E+0	2.867170E+0
91.933333	3.383752E+0	2.846865E+0
92.000000	3.370303E+0	2.836916E+0
92.066667	3.351212E+0	2.837750E+0
92.133333	3.328317E+0	2.825494E+0
92.200000	3.309528E+0	2.800764E+0
92.266667	3.294519E+0	2.787049E+0
92.333333	3.288220E+0	2.769804E+0
92.400000	3.279166E+0	2.741053E+0
92.466667	3.272753E+0	2.712738E+0
92.533333	3.269045E+0	2.713181E+0
92.600000	3.261322E+0	2.712069E+0
92.666667	3.248465E+0	2.679230E+0
92.733333	3.238152E+0	2.670243E+0
92.800000	3.227036E+0	2.667831E+0
92.866667	3.216143E+0	2.657295E+0
92.933333	3.203573E+0	2.638051E+0
93.000000	3.194361E+0	2.648060E+0
93.066667	3.190607E+0	2.638607E+0
93.133333	3.181453E+0	2.631994E+0
93.200000	3.178321E+0	2.619505E+0
93.266667	3.177446E+0	2.616581E+0
93.333333	3.176032E+0	2.611787E+0
93.400000	3.177952E+0	2.602251E+0
93.466667	3.182518E+0	2.591490E+0
93.533333	3.187643E+0	2.566482E+0
93.600000	3.189597E+0	2.557149E+0
93.666667	3.195471E+0	2.560094E+0
93.733333	3.196818E+0	2.543660E+0
93.800000	3.198210E+0	2.564265E+0
93.866667	3.198660E+0	2.570705E+0
93.933333	3.198353E+0	2.587831E+0
94.000000	3.202913E+0	2.602484E+0
94.066667	3.207362E+0	2.627162E+0
94.133333	3.223587E+0	2.634083E+0
94.200000	3.245147E+0	2.640808E+0
94.266667	3.274521E+0	2.646354E+0
94.333333	3.300413E+0	2.687376E+0
94.400000	3.320398E+0	2.728488E+0
94.466667	3.342159E+0	2.755210E+0
94.533333	3.362853E+0	2.771502E+0
94.600000	3.374273E+0	2.789597E+0
94.666667	3.392281E+0	2.805505E+0
94.733333	3.414420E+0	2.805866E+0
94.800000	3.433611E+0	2.812404E+0
94.866667	3.433651E+0	2.818212E+0
94.933333	3.438214E+0	2.818581E+0
95.000000	3.439368E+0	2.823428E+0
95.066667	3.436408E+0	2.819032E+0
95.133333	3.433192E+0	2.832392E+0
95.200000	3.429918E+0	2.843281E+0
95.266667	3.426888E+0	2.847129E+0
95.333333	3.423205E+0	2.848789E+0
95.400000	3.422024E+0	2.850149E+0
95.466667	3.420645E+0	2.840230E+0
95.533333	3.411714E+0	2.841545E+0
95.600000	3.407338E+0	2.851998E+0
95.666667	3.410002E+0	2.859655E+0
95.733333	3.410316E+0	2.862113E+0
95.800000	3.408534E+0	2.859588E+0
95.866667	3.404789E+0	2.853711E+0
95.933333	3.405832E+0	2.847624E+0
96.000000	3.407299E+0	2.855793E+0
96.066667	3.404037E+0	2.852028E+0
96.133333	3.405380E+0	2.850119E+0
96.200000	3.408690E+0	2.850352E+0
96.266667	3.406265E+0	2.860151E+0
96.333333	3.403004E+0	2.860504E+0
96.400000	3.401327E+0	2.854358E+0
96.466667	3.401271E+0	2.857709E+0
96.533333	3.406674E+0	2.859730E+0
96.600000	3.413006E+0	2.862128E+0
96.666667	3.415188E+0	2.866944E+0
96.733333	3.413405E+0	2.866276E+0
96.800000	3.414139E+0	2.867606E+0
96.866667	3.419802E+0	2.881342E+0
96.933333	3.422280E+0	2.885783E+0
97.000000	3.422886E+0	2.885212E+0
97.066667	3.423743E+0	2.881989E+0
97.133333	3.432640E+0	2.880997E+0
97.200000	3.442101E+0	2.890360E+0
97.266667	3.450692E+0	2.882319E+0
97.333333	3.457360E+0	2.878780E+0
97.400000	3.462773E+0	2.881395E+0
97.466667	3.464989E+0	2.880350E+0
97.533333	3.463235E+0	2.904029E+0
97.600000	3.457283E+0	2.906103E+0
97.666667	3.451653E+0	2.901226E+0
97.733333	3.450747E+0	2.901542E+0
97.800000	3.452503E+0	2.891179E+0
97.866667	3.456537E+0	2.902263E+0
97.933333	3.457272E+0	2.883063E+0
98.000000	3.458510E+0	2.888647E+0
98.066667	3.466699E+0	2.900489E+0
98.133333	3.483177E+0	2.886407E+0
98.200000	3.488981E+0	2.878750E+0
98.266667	3.484820E+0	2.881635E+0
98.333333	3.475166E+0	2.897491E+0
98.400000	3.468095E+0	2.917217E+0
98.466667	3.462954E+0	2.922507E+0
98.533333	3.461009E+0	2.933381E+0
98.600000	3.465660E+0	2.930443E+0
98.666667	3.468820E+0	2.919389E+0
98.733333	3.473075E+0	2.934726E+0
98.800000	3.484041E+0	2.937814E+0
98.866667	3.498308E+0	2.949545E+0
98.933333	3.511308E+0	2.952265E+0
99.000000	3.520845E+0	2.957788E+0
99.066667	3.526748E+0	2.966993E+0
99.133333	3.525481E+0	2.971885E+0
99.200000	3.516721E+0	2.976116E+0
99.266667	3.496397E+0	2.984803E+0
99.333333	3.457603E+0	2.964363E+0
99.400000	3.408352E+0	2.926978E+0
99.466667	3.324107E+0	2.872205E+0
99.533333	3.218899E+0	2.768466E+0
99.600000	3.156240E+0	2.751806E+0
99.666667	3.121174E+0	2.754474E+0
99.733333	3.110368E+0	2.639922E+0
99.800000	3.099793E+0	2.625103E+0
99.866667	3.078921E+0	2.604746E+0
99.933333	3.056816E+0	2.581195E+0
100.000000	3.035325E+0	2.568308E+0
100.066667	3.007525E+0	2.490359E+0
100.133333	2.975353E+0	2.363731E+0
100.200000	2.957508E+0	2.304862E+0
100.266667	2.927192E+0	2.236584E+0
100.333333	2.898296E+0	2.125594E+0
100.400000	2.875145E+0	2.046308E+0
100.466667	2.836590E+0	1.993458E+0
100.533333	2.788245E+0	1.862261E+0
100.600000	2.759683E+0	1.773544E+0
100.666667	2.742751E+0	1.709497E+0
100.733333	2.730860E+0	1.727480E+0
100.800000	2.725464E+0	1.699789E+0
100.866667	2.715012E+0	1.645067E+0
100.933333	2.708009E+0	1.402129E+0
101.000000	2.702967E+0	1.359363E+0
101.066667	2.711488E+0	1.336331E+0
101.133333	2.733920E+0	1.542223E+0
101.200000	2.775396E+0	1.789002E+0
101.266667	2.817967E+0	1.942968E+0
101.333333	2.892775E+0	1.998666E+0
101.400000	3.005234E+0	2.192880E+0
101.466667	3.082320E+0	2.346297E+0
101.533333	3.149432E+0	2.507057E+0
101.600000	3.187791E+0	2.673963E+0
101.666667	3.224206E+0	2.698528E+0
101.733333	3.247382E+0	2.716337E+0
101.800000	3.268997E+0	2.731359E+0
101.866667	3.290555E+0	2.753715E+0
101.933333	3.310644E+0	2.821429E+0
102.000000	3.337946E+0	2.815071E+0
102.066667	3.365173E+0	2.839667E+0
102.133333	3.391987E+0	2.894914E+0
102.200000	3.450543E+0	2.931412E+0
102.266667	3.473121E+0	2.940414E+0
102.333333	3.490040E+0	2.968797E+0
102.400000	3.512399E+0	2.996789E+0
102.466667	3.526893E+0	3.004401E+0
102.533333	3.557943E+0	3.016567E+0
102.600000	3.572196E+0	3.019513E+0
102.666667	3.575103E+0	3.000546E+0
102.733333	3.580841E+0	2.992393E+0
102.800000	3.588131E+0	3.003477E+0
102.866667	3.599125E+0	3.000952E+0
102.933333	3.606377E+0	3.022812E+0
103.000000	3.613825E+0	3.053960E+0
103.066667	3.618212E+0	3.082801E+0
103.133333	3.620834E+0	3.055500E+0
103.200000	3.620228E+0	3.045731E+0
103.266667	3.618328E+0	3.051487E+0
103.333333	3.614429E+0	3.050766E+0
103.400000	3.605634E+0	3.055530E+0
103.466667	3.594613E+0	3.053336E+0
103.533333	3.574195E+0	3.031258E+0
103.600000	3.552927E+0	3.013418E+0
103.666667	3.529784E+0	2.997022E+0
103.733333	3.502439E+0	2.978032E+0
103.800000	3.446610E+0	2.932982E+0
103.866667	3.314628E+0	2.820339E+0
103.933333	3.230148E+0	2.770856E+0
104.000000	3.172489E+0	2.704096E+0
104.066667	3.135039E+0	2.634241E+0
104.133333	3.102753E+0	2.595961E+0
104.200000	3.081878E+0	2.580887E+0
104.266667	3.068625E+0	2.547312E+0
104.333333	3.053108E+0	2.497911E+0
104.400000	3.042275E+0	2.460511E+0
104.466667	3.041752E+0	2.442040E+0
104.533333	3.030836E+0	2.425095E+0
104.600000	3.019945E+0	2.317449E+0
104.666667	3.013830E+0	2.286669E+0
104.733333	3.011243E+0	2.330464E+0
104.800000	3.012507E+0	2.334274E+0
104.866667	3.010772E+0	2.341563E+0
104.933333	3.010208E+0	2.362807E+0
105.000000	3.011072E+0	2.377633E+0
105.066667	3.011126E+0	2.395706E+0
105.133333	3.011624E+0	2.380060E+0
105.200000	3.012413E+0	2.337505E+0
105.266667	3.014742E+0	2.363055E+0
105.333333	3.014017E+0	2.340789E+0
105.400000	3.005140E+0	2.337084E+0
105.466667	3.001620E+0	2.357344E+0
105.533333	2.996667E+0	2.380834E+0
105.600000	3.003988E+0	2.417197E+0
105.666667	3.017716E+0	2.436119E+0
105.733333	3.022655E+0	2.438163E+0
105.800000	3.034587E+0	2.444663E+0
105.866667	3.044325E+0	2.464667E+0
105.933333	3.042933E+0	2.473369E+0
106.000000	3.033738E+0	2.452591E+0
106.066667	3.009958E+0	2.434984E+0
106.133333	2.964960E+0	2.364731E+0
106.200000	2.904197E+0	2.270580E+0
106.266667	2.858978E+0	2.147980E+0
106.333333	2.818923E+0	1.996960E+0
106.400000	2.783061E+0	1.800303E+0
106.466667	2.760274E+0	1.723768E+0
106.533333	2.744665E+0	1.646848E+0
106.600000	2.727773E+0	1.650613E+0
106.666667	2.714774E+0	1.613378E+0
106.733333	2.706141E+0	1.562339E+0
106.800000	2.691586E+0	1.536362E+0
106.866667	2.672203E+0	1.468009E+0
106.933333	2.659289E+0	1.321069E+0
107.000000	2.647188E+0	1.125991E+0
107.066667	2.643864E+0	1.064401E+0
107.133333	2.646253E+0	1.041610E+0
107.200000	2.653572E+0	1.140982E+0
107.266667	2.661947E+0	1.236575E+0
107.333333	2.675627E+0	1.317169E+0
107.400000	2.694033E+0	1.398356E+0
107.466667	2.715210E+0	1.500720E+0
107.533333	2.744480E+0	1.545514E+0
107.600000	2.785773E+0	1.743388E+0
107.666667	2.815366E+0	1.895949E+0
107.733333	2.850710E+0	1.979503E+0
107.800000	2.886764E+0	2.060939E+0
107.866667	2.933978E+0	2.224298E+0
107.933333	2.980492E+0	2.299579E+0
108.000000	3.028828E+0	2.325039E+0
108.066667	3.069034E+0	2.379234E+0
108.133333	3.102849E+0	2.446467E+0
108.200000	3.132317E+0	2.512046E+0
108.266667	3.161304E+0	2.544261E+0
108.333333	3.192197E+0	2.577363E+0
108.400000	3.209403E+0	2.614169E+0
108.466667	3.224410E+0	2.681132E+0
108.533333	3.247836E+0	2.736597E+0
108.600000	3.272849E+0	2.773674E+0
108.666667	3.313522E+0	2.863518E+0
108.733333	3.370792E+0	2.879095E+0
108.800000	3.386672E+0	2.875631E+0
108.866667	3.383183E+0	2.831077E+0
108.933333	3.390317E+0	2.825554E+0
109.000000	3.398201E+0	2.854215E+0
109.066667	3.398628E+0	2.889293E+0
109.133333	3.396993E+0	2.936116E+0
109.200000	3.397205E+0	2.972539E+0
109.266667	3.396928E+0	3.001538E+0
109.333333	3.406086E+0	2.997871E+0
109.400000	3.414784E+0	2.977724E+0
109.466667	3.430930E+0	2.966024E+0
109.533333	3.456531E+0	3.001019E+0
109.600000	3.472340E+0	3.019994E+0
109.666667	3.469519E+0	3.037668E+0
109.733333	3.467957E+0	3.035692E+0
109.800000	3.468807E+0	3.034880E+0
109.866667	3.462971E+0	3.042207E+0
109.933333	3.452744E+0	3.014358E+0
110.000000	3.447233E+0	2.984014E+0
110.066667	3.444867E+0	2.999892E+0
110.133333	3.445554E+0	2.994647E+0
110.200000	3.435427E+0	3.027629E+0
110.266667	3.424680E+0	3.016447E+0
110.333333	3.429325E+0	3.025742E+0
110.400000	3.450997E+0	2.983383E+0
110.466667	3.459809E+0	2.967895E+0
110.533333	3.458643E+0	3.028215E+0
110.600000	3.460657E+0	3.062248E+0
110.666667	3.466782E+0	3.056725E+0
110.733333	3.468147E+0	3.022308E+0
110.800000	3.474729E+0	2.986381E+0
110.866667	3.478978E+0	3.003311E+0
110.933333	3.473833E+0	3.002530E+0
111.000000	3.445577E+0	2.981331E+0
111.066667	3.415238E+0	2.955677E+0
111.133333	3.403820E+0	2.916661E+0
111.200000	3.399398E+0	2.909379E+0
111.266667	3.376435E+0	2.912363E+0
111.333333	3.351160E+0	2.907117E+0
111.400000	3.352684E+0	2.846332E+0
111.466667	3.353724E+0	2.817236E+0
111.533333	3.350230E+0	2.847046E+0
111.600000	3.314474E+0	2.825284E+0
111.666667	3.230188E+0	2.744292E+0
111.733333	3.099343E+0	2.560215E+0
111.800000	2.996561E+0	2.284873E+0
111.866667	2.925827E+0	2.256957E+0
111.933333	2.874066E+0	2.129299E+0
112.000000	2.824366E+0	2.006188E+0
112.066667	2.780365E+0	1.773860E+0
112.133333	2.734049E+0	1.421614E+0
112.200000	2.714141E+0	1.294911E+0
112.266667	2.714356E+0	1.352142E+0
112.333333	2.720725E+0	1.343478E+0
112.400000	2.731745E+0	1.417729E+0
112.466667	2.750268E+0	1.486427E+0
112.533333	2.792440E+0	1.540051E+0
112.600000	2.867420E+0	1.734153E+0
112.666667	2.977161E+0	2.032631E+0
112.733333	3.036202E+0	2.201296E+0
112.800000	3.097527E+0	2.388725E+0
112.866667	3.142596E+0	2.392782E+0
112.933333	3.166438E+0	2.356727E+0
113.000000	3.197470E+0	2.363355E+0
113.066667	3.236994E+0	2.457257E+0
113.133333	3.287418E+0	2.556435E+0
113.200000	3.337584E+0	2.653696E+0
113.266667	3.396772E+0	2.712535E+0
113.333333	3.438368E+0	2.739933E+0
113.400000	3.500673E+0	2.817416E+0
113.466667	3.578663E+0	2.846708E+0
113.533333	3.643398E+0	2.906193E+0
113.600000	3.680020E+0	2.970142E+0
113.666667	3.720919E+0	3.036030E+0
113.733333	3.747019E+0	3.048895E+0
113.800000	3.775825E+0	3.060580E+0
113.866667	3.797441E+0	3.065735E+0
113.933333	3.803333E+0	3.063511E+0
114.000000	3.803773E+0	3.089797E+0
114.066667	3.775269E+0	3.091021E+0
114.133333	3.757531E+0	3.074106E+0
114.200000	3.762784E+0	3.082522E+0
114.266667	3.769724E+0	3.117210E+0
114.333333	3.774559E+0	3.133915E+0
114.400000	3.784383E+0	3.139047E+0
114.466667	3.795552E+0	3.102459E+0
114.533333	3.806545E+0	3.122500E+0
114.600000	3.811771E+0	3.138025E+0
114.666667	3.813797E+0	3.207294E+0
114.733333	3.822283E+0	3.210563E+0
114.800000	3.841135E+0	3.156150E+0
114.866667	3.865208E+0	3.137950E+0
114.933333	3.863807E+0	3.162575E+0
115.000000	3.858577E+0	3.188576E+0
115.066667	3.846909E+0	3.158698E+0
115.133333	3.828942E+0	3.207813E+0
115.200000	3.816151E+0	3.272679E+0
115.266667	3.816186E+0	3.232731E+0
115.333333	3.809417E+0	3.228050E+0
115.400000	3.795350E+0	3.184413E+0
115.466667	3.779858E+0	3.141114E+0
115.533333	3.745655E+0	3.148283E+0
115.600000	3.665368E+0	3.111626E+0
115.666667	3.530770E+0	3.017882E+0
115.733333	3.399144E+0	2.922304E+0
115.800000	3.328552E+0	2.830341E+0
115.866667	3.278260E+0	2.756428E+0
115.933333	3.245765E+0	2.722161E+0
116.000000	3.202542E+0	2.683799E+0
116.066667	3.176688E+0	2.644513E+0
116.133333	3.158398E+0	2.646459E+0
116.200000	3.150069E+0	2.636593E+0
116.266667	3.149525E+0	2.627222E+0
116.333333	3.151610E+0	2.634879E+0
116.400000	3.158448E+0	2.645933E+0
116.466667	3.161212E+0	2.628237E+0
116.533333	3.162162E+0	2.624141E+0
116.600000	3.171466E+0	2.614372E+0
116.666667	3.230052E+0	2.660196E+0
116.733333	3.296379E+0	2.717187E+0
116.800000	3.329086E+0	2.744705E+0
116.866667	3.347802E+0	2.779001E+0
116.933333	3.346042E+0	2.816289E+0
117.000000	3.339787E+0	2.837848E+0
117.066667	3.340281E+0	2.867891E+0
117.133333	3.353315E+0	2.875616E+0
117.200000	3.367810E+0	2.890465E+0
117.266667	3.385639E+0	2.904359E+0
117.333333	3.410217E+0	2.922793E+0
117.400000	3.438096E+0	2.931156E+0
117.466667	3.453402E+0	2.954797E+0
117.533333	3.454413E+0	2.990830E+0
117.600000	3.446854E+0	2.996158E+0
117.666667	3.435036E+0	2.988823E+0
117.733333	3.425417E+0	2.982098E+0
117.800000	3.414368E+0	2.978649E+0
117.866667	3.406318E+0	2.972937E+0
117.933333	3.389788E+0	2.961132E+0
118.000000	3.372138E+0	2.948846E+0
118.066667	3.358072E+0	2.948139E+0
118.133333	3.351720E+0	2.946328E+0
118.200000	3.354900E+0	2.949905E+0
118.266667	3.350820E+0	2.948695E+0
118.333333	3.347594E+0	2.937589E+0
118.400000	3.344621E+0	2.930112E+0
118.466667	3.346023E+0	2.933967E+0
118.533333	3.342332E+0	2.934733E+0
118.600000	3.343168E+0	2.932757E+0
118.666667	3.339785E+0	2.929443E+0
118.733333	3.337440E+0	2.927519E+0
118.800000	3.334068E+0	2.928248E+0
118.866667	3.329267E+0	2.924190E+0
118.933333	3.323808E+0	2.915226E+0
119.000000	3.320779E+0	2.911235E+0
119.066667	3.314368E+0	2.901106E+0
119.133333	3.311789E+0	2.899009E+0
119.200000	3.310481E+0	2.897033E+0
119.266667	3.307422E+0	2.901474E+0
119.333333	3.305051E+0	2.898205E+0
119.400000	3.301440E+0	2.893125E+0
119.466667	3.301777E+0	2.899220E+0
119.533333	3.298734E+0	2.894403E+0
119.600000	3.297080E+0	2.879156E+0
119.666667	3.300003E+0	2.881185E+0
119.733333	3.294948E+0	2.881515E+0
119.800000	3.294281E+0	2.887610E+0
119.866667	3.291767E+0	2.887422E+0
119.933333	3.285712E+0	2.881042E+0
120.000000	3.281507E+0	2.878449E+0
120.066667	3.278226E+0	2.872355E+0
120.133333	3.276469E+0	2.867538E+0
120.200000	3.278374E+0	2.861677E+0
120.266667	3.275685E+0	2.854095E+0
120.333333	3.270557E+0	2.848699E+0
120.400000	3.266446E+0	2.846520E+0
120.466667	3.267594E+0	2.837863E+0
120.533333	3.271661E+0	2.837209E+0
120.600000	3.271638E+0	2.828440E+0
120.666667	3.266773E+0	2.847181E+0
120.733333	3.262055E+0	2.836045E+0
120.800000	3.257292E+0	2.831198E+0
120.866667	3.253638E+0	2.835518E+0
120.933333	3.251906E+0	2.835992E+0
121.000000	3.247109E+0	2.830574E+0
121.066667	3.239223E+0	2.827553E+0
121.133333	3.229227E+0	2.819062E+0
121.200000	3.218580E+0	2.805505E+0
121.266667	3.208764E+0	2.800906E+0
121.333333	3.198947E+0	2.755947E+0
121.400000	3.189720E+0	2.740872E+0
121.466667	3.184734E+0	2.730998E+0
121.533333	3.182643E+0	2.731464E+0
121.600000	3.181626E+0	2.732697E+0
121.666667	3.176338E+0	2.723206E+0
121.733333	3.175780E+0	2.720929E+0
121.800000	3.173959E+0	2.729653E+0
121.866667	3.175038E+0	2.732171E+0
121.933333	3.178019E+0	2.736619E+0
122.000000	3.175628E+0	2.731141E+0
122.066667	3.169631E+0	2.726715E+0
122.133333	3.165771E+0	2.728969E+0
122.200000	3.168860E+0	2.730435E+0
122.266667	3.168181E+0	2.726888E+0
122.333333	3.165486E+0	2.728894E+0
122.400000	3.161641E+0	2.723221E+0
122.466667	3.158100E+0	2.710671E+0
122.533333	3.154030E+0	2.701474E+0
122.600000	3.154645E+0	2.699850E+0
122.666667	3.152000E+0	2.691058E+0
122.733333	3.145420E+0	2.694177E+0
122.800000	3.141025E+0	2.660955E+0
122.866667	3.136714E+0	2.646324E+0
122.933333	3.139426E+0	2.675668E+0
123.000000	3.135637E+0	2.695687E+0
123.066667	3.130492E+0	2.681154E+0
123.133333	3.126843E+0	2.677510E+0
123.200000	3.123096E+0	2.677630E+0
123.266667	3.126268E+0	2.677712E+0
123.333333	3.128805E+0	2.666726E+0
123.400000	3.122011E+0	2.663074E+0
123.466667	3.113015E+0	2.645204E+0
123.533333	3.108024E+0	2.646084E+0
123.600000	3.105533E+0	2.644010E+0
123.666667	3.099820E+0	2.616206E+0
123.733333	3.098552E+0	2.599644E+0
123.800000	3.095665E+0	2.608578E+0
123.866667	3.090049E+0	2.601470E+0
123.933333	3.086604E+0	2.599133E+0
124.000000	3.084495E+0	2.601635E+0
124.066667	3.079490E+0	2.620203E+0
124.133333	3.076109E+0	2.599922E+0
124.200000	3.068617E+0	2.577340E+0
124.266667	3.059636E+0	2.576191E+0
124.333333	3.048667E+0	2.548770E+0
124.400000	3.036087E+0	2.522356E+0
124.466667	3.039201E+0	2.579617E+0
124.533333	3.033958E+0	2.580835E+0
124.600000	3.030676E+0	2.587199E+0
124.666667	3.024242E+0	2.576589E+0
124.733333	3.024904E+0	2.572351E+0
124.800000	3.023305E+0	2.543427E+0
124.866667	3.024080E+0	2.538565E+0
124.933333	3.020828E+0	2.500759E+0
125.000000	3.016186E+0	2.503307E+0
125.066667	3.011603E+0	2.492193E+0
125.133333	3.007183E+0	2.479854E+0
125.200000	3.001022E+0	2.466230E+0
125.266667	2.990779E+0	2.461060E+0
125.333333	2.981983E+0	2.457212E+0
125.400000	2.971846E+0	2.451441E+0
125.466667	2.965085E+0	2.402010E+0
125.533333	2.955708E+0	2.377776E+0
125.600000	2.943700E+0	2.329773E+0
125.666667	2.942701E+0	2.283092E+0
125.733333	2.938870E+0	2.287751E+0
125.800000	2.932511E+0	2.291704E+0
125.866667	2.927085E+0	2.292530E+0
125.933333	2.919310E+0	2.300098E+0
126.000000	2.903260E+0	2.251989E+0
126.066667	2.890427E+0	2.225613E+0
126.133333	2.887899E+0	2.226883E+0
126.200000	2.884081E+0	2.227477E+0
126.266667	2.878224E+0	2.164775E+0
126.333333	2.869086E+0	2.184441E+0
126.400000	2.862744E+0	2.174785E+0
126.466667	2.858335E+0	2.189874E+0
126.533333	2.855006E+0	2.175183E+0
126.600000	2.845438E+0	2.153135E+0
126.666667	2.841959E+0	2.083731E+0
126.733333	2.841145E+0	1.948942E+0
126.800000	2.838321E+0	1.903621E+0
126.866667	2.835925E+0	1.906101E+0
126.933333	2.833859E+0	1.913067E+0
127.000000	2.835255E+0	1.938301E+0
127.066667	2.836806E+0	1.945838E+0
127.133333	2.838150E+0	1.921964E+0
127.200000	2.839714E+0	1.917523E+0
127.266667	2.841599E+0	1.930937E+0
127.333333	2.841168E+0	1.934852E+0
127.400000	2.843428E+0	1.940120E+0
127.466667	2.845115E+0	1.952226E+0
127.533333	2.846594E+0	1.959222E+0
127.600000	2.846565E+0	1.959244E+0
127.666667	2.843805E+0	1.960416E+0
127.733333	2.840266E+0	1.957959E+0
127.800000	2.838408E+0	1.970283E+0
127.866667	2.837277E+0	1.968269E+0
127.933333	2.835400E+0	1.973169E+0
128.000000	2.835457E+0	1.977677E+0
128.066667	2.832174E+0	1.974529E+0
128.133333	2.830395E+0	1.971546E+0
128.200000	2.830464E+0	1.969952E+0
128.266667	2.827421E+0	1.956817E+0
128.333333	2.823774E+0	1.951639E+0
128.400000	2.819265E+0	2.090757E+0
128.466667	2.819712E+0	2.130862E+0
128.533333	2.819712E+0	2.139564E+0
128.600000	2.819077E+0	2.132688E+0
128.666667	2.812498E+0	2.111730E+0
128.733333	2.804818E+0	1.920672E+0
128.800000	2.800044E+0	1.865192E+0
128.866667	2.802523E+0	1.889562E+0
128.933333	2.801384E+0	1.988867E+0
129.000000	2.799563E+0	1.977475E+0
129.066667	2.792917E+0	1.875397E+0
129.133333	2.787985E+0	1.875825E+0
129.200000	2.786020E+0	1.862299E+0
129.266667	2.781207E+0	1.803332E+0
129.333333	2.778376E+0	1.792518E+0
129.400000	2.773363E+0	1.806270E+0
129.466667	2.764871E+0	1.858090E+0
129.533333	2.758760E+0	1.835389E+0
129.600000	2.754848E+0	1.676193E+0
129.666667	2.750787E+0	1.646645E+0
129.733333	2.745680E+0	1.655858E+0
129.800000	2.741687E+0	1.578330E+0
129.866667	2.739473E+0	1.524248E+0
129.933333	2.738538E+0	1.585056E+0
130.000000	2.738517E+0	1.660833E+0
130.066667	2.738871E+0	1.685451E+0
130.133333	2.735597E+0	1.707807E+0
130.200000	2.733399E+0	1.756155E+0
130.266667	2.730679E+0	1.749941E+0
130.333333	2.729871E+0	1.668911E+0
130.400000	2.728980E+0	1.714855E+0
130.466667	2.726699E+0	1.631864E+0
130.533333	2.722641E+0	1.526871E+0
130.600000	2.718453E+0	1.414227E+0
130.666667	2.713410E+0	1.274742E+0
130.733333	2.707189E+0	1.245638E+0
130.800000	2.701284E+0	1.207111E+0
130.866667	2.691982E+0	1.183725E+0
130.933333	2.682213E+0	1.124803E+0
131.000000	2.679135E+0	1.040881E+0
131.066667	2.672859E+0	9.769091E-1
131.133333	2.666934E+0	9.565447E-1
131.200000	2.666625E+0	9.731368E-1
131.266667	2.671010E+0	1.045089E+0
131.333333	2.669918E+0	1.120362E+0
131.400000	2.663728E+0	1.170454E+0
131.466667	2.660712E+0	1.134986E+0
131.533333	2.650458E+0	9.909614E-1
131.600000	2.642308E+0	9.271927E-1
131.666667	2.640569E+0	7.165668E-1
131.733333	2.635845E+0	7.020035E-1
131.800000	2.639898E+0	7.123060E-1
131.866667	2.631671E+0	8.197644E-1
131.933333	2.630269E+0	9.367212E-1
132.000000	2.629524E+0	7.245623E-1
132.066667	2.627361E+0	6.948346E-1
132.133333	2.621715E+0	6.293076E-1
132.200000	2.623371E+0	6.162923E-1
132.266667	2.622867E+0	6.580733E-1
132.333333	2.624339E+0	6.683458E-1
132.400000	2.622177E+0	6.537299E-1
132.466667	2.619949E+0	6.808275E-1
132.533333	2.618868E+0	6.719002E-1
132.600000	2.619953E+0	6.447951E-1
132.666667	2.621471E+0	6.645284E-1
132.733333	2.618085E+0	6.877258E-1
132.800000	2.621098E+0	7.118702E-1
132.866667	2.624610E+0	8.240402E-1
132.933333	2.625726E+0	8.659790E-1
133.000000	2.630436E+0	8.324565E-1
133.066667	2.631694E+0	7.767284E-1
133.133333	2.630582E+0	7.786973E-1
133.200000	2.633381E+0	7.905553E-1
133.266667	2.629332E+0	7.955825E-1
133.333333	2.625210E+0	7.498037E-1
133.400000	2.621490E+0	7.170778E-1
133.466667	2.615050E+0	6.984116E-1
133.533333	2.609205E+0	6.814211E-1
133.600000	2.598829E+0	6.507466E-1
133.666667	2.590945E+0	5.926590E-1
133.733333	2.587889E+0	6.121518E-1
133.800000	2.582989E+0	6.046297E-1
133.866667	2.579423E+0	5.211954E-1
133.933333	2.575222E+0	3.773514E-1
134.000000	2.572589E+0	4.640020E-1
134.066667	2.573257E+0	5.051443E-1
134.133333	2.577577E+0	5.647950E-1
134.200000	2.577906E+0	5.981597E-1
134.266667	2.575722E+0	5.757211E-1
134.333333	2.573699E+0	5.872184E-1
134.400000	2.573539E+0	5.904347E-1
134.466667	2.569925E+0	6.088078E-1
134.533333	2.566313E+0	6.087702E-1
134.600000	2.562202E+0	5.243139E-1
134.666667	2.559696E+0	4.965100E-1
134.733333	2.559288E+0	4.797901E-1
134.800000	2.560892E+0	4.835098E-1
134.866667	2.562720E+0	4.786404E-1
134.933333	2.563166E+0	4.453508E-1
135.000000	2.563443E+0	4.044490E-1
135.066667	2.563049E+0	3.428821E-1
135.133333	2.563958E+0	3.721063E-1
135.200000	2.569392E+0	4.492960E-1
135.266667	2.568306E+0	3.858805E-1
135.333333	2.567098E+0	3.709565E-1
135.400000	2.566538E+0	3.697467E-1
135.466667	2.569765E+0	4.745900E-1
135.533333	2.574595E+0	5.894653E-1
135.600000	2.582389E+0	4.909042E-1
135.666667	2.588441E+0	4.788583E-1
135.733333	2.596338E+0	5.068200E-1
135.800000	2.608218E+0	5.522907E-1
135.866667	2.620686E+0	6.302394E-1
135.933333	2.635707E+0	7.900443E-1
136.000000	2.654428E+0	8.648819E-1
136.066667	2.667486E+0	8.863661E-1
136.133333	2.685246E+0	1.010928E+0
136.200000	2.704652E+0	1.081955E+0
136.266667	2.724937E+0	1.085638E+0
136.333333	2.741924E+0	1.184589E+0
136.400000	2.755942E+0	1.215301E+0
136.466667	2.771613E+0	1.249455E+0
136.533333	2.780109E+0	1.333746E+0
136.600000	2.785454E+0	1.373318E+0
136.666667	2.782511E+0	1.426874E+0
136.733333	2.776318E+0	1.442159E+0
136.800000	2.770530E+0	1.447599E+0
136.866667	2.764775E+0	1.470925E+0
136.933333	2.763713E+0	1.480017E+0
137.000000	2.764007E+0	1.522655E+0
137.066667	2.766125E+0	1.543305E+0
137.133333	2.768908E+0	1.546258E+0
137.200000	2.770968E+0	1.526675E+0
137.266667	2.781013E+0	1.570395E+0
137.333333	2.792983E+0	1.588535E+0
137.400000	2.815489E+0	1.627017E+0
137.466667	2.840633E+0	1.739285E+0
137.533333	2.855823E+0	1.886683E+0
137.600000	2.866045E+0	1.897256E+0
137.666667	2.873517E+0	1.945755E+0
137.733333	2.884187E+0	1.980037E+0
137.800000	2.884897E+0	2.032361E+0
137.866667	2.889011E+0	2.105072E+0
137.933333	2.893220E+0	2.154307E+0
138.000000	2.898892E+0	2.164144E+0
138.066667	2.897811E+0	2.165046E+0
138.133333	2.899486E+0	2.182374E+0
138.200000	2.899633E+0	2.172072E+0
138.266667	2.899634E+0	2.199365E+0
138.333333	2.902783E+0	2.223148E+0
138.400000	2.904901E+0	2.235886E+0
138.466667	2.904918E+0	2.240454E+0
138.533333	2.905682E+0	2.232917E+0
138.600000	2.904370E+0	2.172320E+0
138.666667	2.906751E+0	2.092989E+0
138.733333	2.916615E+0	2.041672E+0
138.800000	2.934371E+0	2.012853E+0
138.866667	2.959078E+0	2.079688E+0
138.933333	2.976220E+0	2.108070E+0
139.000000	2.997519E+0	2.146643E+0
139.066667	3.016396E+0	2.214499E+0
139.133333	3.037953E+0	2.271377E+0
139.200000	3.057901E+0	2.281484E+0
139.266667	3.076153E+0	2.336092E+0
139.333333	3.097529E+0	2.463329E+0
139.400000	3.124208E+0	2.528345E+0
139.466667	3.147015E+0	2.564303E+0
139.533333	3.160454E+0	2.521101E+0
139.600000	3.182872E+0	2.521372E+0
139.666667	3.201451E+0	2.562026E+0
139.733333	3.206487E+0	2.574515E+0
139.800000	3.219936E+0	2.596217E+0
139.866667	3.254086E+0	2.672820E+0
139.933333	3.305518E+0	2.755894E+0
140.000000	3.345832E+0	2.819467E+0
140.066667	3.392217E+0	2.893058E+0
140.133333	3.423876E+0	2.942954E+0
140.200000	3.462467E+0	3.009977E+0
140.266667	3.510124E+0	3.037503E+0
140.333333	3.546183E+0	3.077548E+0
140.400000	3.566755E+0	3.074174E+0
140.466667	3.587790E+0	3.081478E+0
140.533333	3.600803E+0	3.121215E+0
140.600000	3.614923E+0	3.152483E+0
140.666667	3.639113E+0	3.137544E+0
140.733333	3.661252E+0	3.194227E+0
140.800000	3.687006E+0	3.248610E+0
140.866667	3.709707E+0	3.239119E+0
140.933333	3.742493E+0	3.234264E+0
141.000000	3.760514E+0	3.234309E+0
141.066667	3.778549E+0	3.242929E+0
141.133333	3.790328E+0	3.268313E+0
141.200000	3.794777E+0	3.294163E+0
141.266667	3.793979E+0	3.296530E+0
141.333333	3.795287E+0	3.303436E+0
141.400000	3.804531E+0	3.321185E+0
141.466667	3.826667E+0	3.353190E+0
141.533333	3.843980E+0	3.362906E+0
141.600000	3.867050E+0	3.390958E+0
141.666667	3.898170E+0	3.410661E+0
141.733333	3.910421E+0	3.429891E+0
141.800000	3.919090E+0	3.462512E+0
141.866667	3.926977E+0	3.453983E+0
141.933333	3.945481E+0	3.457124E+0
142.000000	3.949689E+0	3.462347E+0
142.066667	3.953765E+0	3.469042E+0
142.133333	3.992452E+0	3.470583E+0
142.200000	4.011114E+0	3.467359E+0
142.266667	4.025559E+0	3.449286E+0
142.333333	4.039316E+0	3.439630E+0
142.400000	4.035396E+0	3.439923E+0
142.466667	4.026594E+0	3.440306E+0
142.533333	4.015955E+0	3.432747E+0
142.600000	4.015173E+0	3.423955E+0
142.666667	4.017475E+0	3.418807E+0
142.733333	4.014701E+0	3.416267E+0
142.800000	4.017079E+0	3.429831E+0
142.866667	4.013384E+0	3.421775E+0
142.933333	4.011783E+0	3.423962E+0
143.000000	4.018269E+0	3.426449E+0
143.066667	4.023832E+0	3.401614E+0
143.133333	4.028881E+0	3.385322E+0
143.200000	4.032115E+0	3.395662E+0
143.266667	4.037395E+0	3.379431E+0
143.333333	4.049016E+0	3.351462E+0
143.400000	4.076582E+0	3.363214E+0
143.466667	4.107698E+0	3.365589E+0
143.533333	4.133964E+0	3.391033E+0
143.600000	4.168986E+0	3.408565E+0
143.666667	4.193973E+0	3.408700E+0
143.733333	4.222817E+0	3.442147E+0
143.800000	4.244985E+0	3.451465E+0
143.866667	4.269543E+0	3.458289E+0
143.933333	4.286225E+0	3.482989E+0
144.000000	4.318047E+0	3.503038E+0
144.066667	4.322264E+0	3.509523E+0
144.133333	4.342181E+0	3.513506E+0
144.200000	4.359268E+0	3.506900E+0
144.266667	4.383233E+0	3.506908E+0
144.333333	4.396314E+0	3.508065E+0
144.400000	4.409209E+0	3.498093E+0
144.466667	4.412870E+0	3.505773E+0
144.533333	4.415968E+0	3.505661E+0
144.600000	4.415913E+0	3.502091E+0
144.666667	4.412195E+0	3.511221E+0
144.733333	4.401329E+0	3.508170E+0
144.800000	4.382513E+0	3.476519E+0
144.866667	4.353126E+0	3.456981E+0
144.933333	4.327753E+0	3.461137E+0
145.000000	4.301367E+0	3.464240E+0
145.066667	4.257929E+0	3.448467E+0
145.133333	4.195633E+0	3.441479E+0
145.200000	4.172814E+0	3.489159E+0
145.266667	4.169323E+0	3.482884E+0
145.333333	4.143083E+0	3.443718E+0
145.400000	4.099368E+0	3.424518E+0
145.466667	4.052090E+0	3.398803E+0
145.533333	3.998211E+0	3.375380E+0
145.600000	3.956735E+0	3.329572E+0
145.666667	3.926090E+0	3.273904E+0
145.733333	3.895608E+0	3.255418E+0
145.800000	3.878970E+0	3.252780E+0
145.866667	3.863034E+0	3.271221E+0
145.933333	3.851064E+0	3.265059E+0
146.000000	3.845096E+0	3.287911E+0
146.066667	3.847335E+0	3.289579E+0
146.133333	3.852459E+0	3.295117E+0
146.200000	3.862305E+0	3.308591E+0
146.266667	3.871361E+0	3.325446E+0
146.333333	3.876499E+0	3.332946E+0
146.400000	3.880067E+0	3.347862E+0
146.466667	3.886129E+0	3.364251E+0
146.533333	3.894506E+0	3.373645E+0
146.600000	3.911462E+0	3.378852E+0
146.666667	3.931385E+0	3.380062E+0
146.733333	3.944492E+0	3.384946E+0
146.800000	3.962521E+0	3.395347E+0
146.866667	3.970775E+0	3.402185E+0
146.933333	3.975406E+0	3.406761E+0
147.000000	3.978345E+0	3.410368E+0
147.066667	3.981494E+0	3.417222E+0
147.133333	3.985462E+0	3.422452E+0
147.200000	4.002747E+0	3.430560E+0
147.266667	4.011620E+0	3.436316E+0
147.333333	4.018244E+0	3.445627E+0
147.400000	4.031717E+0	3.457094E+0
147.466667	4.047443E+0	3.475895E+0
147.533333	4.058061E+0	3.484469E+0
147.600000	4.070259E+0	3.490624E+0
147.666667	4.083426E+0	3.494787E+0
147.733333	4.088238E+0	3.496215E+0
147.800000	4.101080E+0	3.499439E+0
147.866667	4.114596E+0	3.505059E+0
147.933333	4.122124E+0	3.519878E+0
148.000000	4.130313E+0	3.525815E+0
148.066667	4.133619E+0	3.529384E+0
148.133333	4.130667E+0	3.539070E+0
148.200000	4.130222E+0	3.536267E+0
148.266667	4.132692E+0	3.549027E+0
148.333333	4.134862E+0	3.555678E+0
148.400000	4.138892E+0	3.560983E+0
148.466667	4.147695E+0	3.550222E+0
148.533333	4.161252E+0	3.534456E+0
148.600000	4.162470E+0	3.559435E+0
148.666667	4.163381E+0	3.581573E+0
148.733333	4.165051E+0	3.595482E+0
148.800000	4.157913E+0	3.590290E+0
148.866667	4.157955E+0	3.587156E+0
148.933333	4.160629E+0	3.583211E+0
149.000000	4.164859E+0	3.583985E+0
149.066667	4.163841E+0	3.577019E+0
149.133333	4.165968E+0	3.579499E+0
149.200000	4.170381E+0	3.580122E+0
149.266667	4.172743E+0	3.582046E+0
149.333333	4.174724E+0	3.588298E+0
149.400000	4.179933E+0	3.588516E+0
149.466667	4.190593E+0	3.578702E+0
149.533333	4.202628E+0	3.579093E+0
149.600000	4.210272E+0	3.585060E+0
149.666667	4.213494E+0	3.587367E+0
149.733333	4.215023E+0	3.586021E+0
149.800000	4.215437E+0	3.586585E+0
149.866667	4.217924E+0	3.596519E+0
149.933333	4.214689E+0	3.600525E+0
150.000000	4.211894E+0	3.600149E+0
150.066667	4.209661E+0	3.600427E+0
150.133333	4.205719E+0	3.596264E+0
150.200000	4.195608E+0	3.573615E+0
150.266667	4.185121E+0	3.569234E+0
150.333333	4.180414E+0	3.570692E+0
150.400000	4.171637E+0	3.572555E+0
150.466667	4.161402E+0	3.566837E+0
150.533333	4.157428E+0	3.564763E+0
150.600000	4.156441E+0	3.557774E+0
150.666667	4.162485E+0	3.566251E+0
150.733333	4.164103E+0	3.553130E+0
150.800000	4.163045E+0	3.560975E+0
150.866667	4.157401E+0	3.555557E+0
150.933333	4.149971E+0	3.540889E+0
151.000000	4.149705E+0	3.529392E+0
151.066667	4.149482E+0	3.530992E+0
151.133333	4.145233E+0	3.540085E+0
151.200000	4.148267E+0	3.533329E+0
151.266667	4.150388E+0	3.536989E+0
151.333333	4.153416E+0	3.542565E+0
151.400000	4.162495E+0	3.549185E+0
151.466667	4.173539E+0	3.554175E+0
151.533333	4.182845E+0	3.563177E+0
151.600000	4.188237E+0	3.564327E+0
151.666667	4.195694E+0	3.577034E+0
151.733333	4.198385E+0	3.586833E+0
151.800000	4.203151E+0	3.587953E+0
151.866667	4.204752E+0	3.594415E+0
151.933333	4.205916E+0	3.600660E+0
152.000000	4.212436E+0	3.607265E+0
152.066667	4.219703E+0	3.604853E+0
152.133333	4.245407E+0	3.615479E+0
152.200000	4.258956E+0	3.617748E+0
152.266667	4.260675E+0	3.624684E+0
152.333333	4.260593E+0	3.624556E+0
152.400000	4.264026E+0	3.632183E+0
152.466667	4.261337E+0	3.637481E+0
152.533333	4.260593E+0	3.633228E+0
152.600000	4.269354E+0	3.609422E+0
152.666667	4.285546E+0	3.591109E+0
152.733333	4.289220E+0	3.588208E+0
152.800000	4.294781E+0	3.602914E+0
152.866667	4.294675E+0	3.624977E+0
152.933333	4.291847E+0	3.631169E+0
153.000000	4.282944E+0	3.620701E+0
153.066667	4.281605E+0	3.604770E+0
153.133333	4.277104E+0	3.600081E+0
153.200000	4.273847E+0	3.603606E+0
153.266667	4.272343E+0	3.600795E+0
153.333333	4.262483E+0	3.597797E+0
153.400000	4.252770E+0	3.599420E+0
153.466667	4.239325E+0	3.585172E+0
153.533333	4.231485E+0	3.575959E+0
153.600000	4.222721E+0	3.588712E+0
153.666667	4.198187E+0	3.591642E+0
153.733333	4.169285E+0	3.575313E+0
153.800000	4.158615E+0	3.569211E+0
153.866667	4.150934E+0	3.563448E+0
153.933333	4.125762E+0	3.552897E+0
154.000000	4.085647E+0	3.533577E+0
154.066667	4.052496E+0	3.506946E+0
154.133333	4.031124E+0	3.457673E+0
154.200000	4.025763E+0	3.470913E+0
154.266667	4.025779E+0	3.477511E+0
154.333333	4.020022E+0	3.477654E+0
154.400000	4.005861E+0	3.473416E+0
154.466667	3.980725E+0	3.454456E+0
154.533333	3.958287E+0	3.429515E+0
154.600000	3.941551E+0	3.412653E+0
154.666667	3.920393E+0	3.406355E+0
154.733333	3.901315E+0	3.405642E+0
154.800000	3.897415E+0	3.400674E+0
154.866667	3.892494E+0	3.407648E+0
154.933333	3.875316E+0	3.405897E+0
155.000000	3.843697E+0	3.395955E+0
155.066667	3.810077E+0	3.362696E+0
155.133333	3.780345E+0	3.347088E+0
155.200000	3.764415E+0	3.341279E+0
155.266667	3.746721E+0	3.319758E+0
155.333333	3.732560E+0	3.321786E+0
155.400000	3.689112E+0	3.312055E+0
155.466667	3.626304E+0	3.295816E+0
155.533333	3.593415E+0	3.249083E+0
155.600000	3.570250E+0	3.220821E+0
155.666667	3.551207E+0	3.176582E+0
155.733333	3.541303E+0	3.159134E+0
155.800000	3.532409E+0	3.157736E+0
155.866667	3.518768E+0	3.129023E+0
155.933333	3.513619E+0	3.120065E+0
156.000000	3.516706E+0	3.141767E+0
156.066667	3.521832E+0	3.178717E+0
156.133333	3.532067E+0	3.194835E+0
156.200000	3.541800E+0	3.216650E+0
156.266667	3.546391E+0	3.222947E+0
156.333333	3.554287E+0	3.236120E+0
156.400000	3.571348E+0	3.267952E+0
156.466667	3.612170E+0	3.305037E+0
156.533333	3.666455E+0	3.343737E+0
156.600000	3.705783E+0	3.362132E+0
156.666667	3.736499E+0	3.388681E+0
156.733333	3.777916E+0	3.417785E+0
156.800000	3.836488E+0	3.426299E+0
156.866667	3.877064E+0	3.449527E+0
156.933333	3.897345E+0	3.472273E+0
157.000000	3.906020E+0	3.492074E+0
157.066667	3.925853E+0	3.504857E+0
157.133333	3.948789E+0	3.496057E+0
157.200000	3.964140E+0	3.509779E+0
157.266667	3.988475E+0	3.504098E+0
157.333333	4.010664E+0	3.508388E+0
157.400000	4.018044E+0	3.520577E+0
157.466667	4.020183E+0	3.537748E+0
157.533333	4.025367E+0	3.549824E+0
157.600000	4.030941E+0	3.546743E+0
157.666667	4.040466E+0	3.550109E+0
157.733333	4.058557E+0	3.538815E+0
157.800000	4.059765E+0	3.527633E+0
157.866667	4.063125E+0	3.541700E+0
157.933333	4.078086E+0	3.551221E+0
158.000000	4.102203E+0	3.553416E+0
158.066667	4.108495E+0	3.554242E+0
158.133333	4.112976E+0	3.580994E+0
158.200000	4.110051E+0	3.564259E+0
158.266667	4.112803E+0	3.572277E+0
158.333333	4.115458E+0	3.581565E+0
158.400000	4.114779E+0	3.590410E+0
158.466667	4.112203E+0	3.576778E+0
158.533333	4.114448E+0	3.578845E+0
158.600000	4.111676E+0	3.580694E+0
158.666667	4.109589E+0	3.593904E+0
158.733333	4.112892E+0	3.603523E+0
158.800000	4.115700E+0	3.605078E+0
158.866667	4.118460E+0	3.605634E+0
158.933333	4.113753E+0	3.602974E+0
159.000000	4.114936E+0	3.595805E+0
159.066667	4.116419E+0	3.585247E+0
159.133333	4.114413E+0	3.576463E+0
159.200000	4.119214E+0	3.547066E+0
159.266667	4.118966E+0	3.516527E+0
159.333333	4.122011E+0	3.516436E+0
159.400000	4.124702E+0	3.525221E+0
159.466667	4.144160E+0	3.536621E+0
159.533333	4.171302E+0	3.563372E+0
159.600000	4.183759E+0	3.592326E+0
159.666667	4.213052E+0	3.597940E+0
159.733333	4.221956E+0	3.614892E+0
159.800000	4.221748E+0	3.625736E+0
159.866667	4.224166E+0	3.647874E+0
159.933333	4.233312E+0	3.645184E+0
160.000000	4.232358E+0	3.645206E+0
160.066667	4.236280E+0	3.638548E+0
160.133333	4.255986E+0	3.644688E+0
160.200000	4.261283E+0	3.667998E+0
160.266667	4.267444E+0	3.668787E+0
160.333333	4.277510E+0	3.674851E+0
160.400000	4.282619E+0	3.678984E+0
160.466667	4.287285E+0	3.681960E+0
160.533333	4.282269E+0	3.659101E+0
160.600000	4.283257E+0	3.636362E+0
160.666667	4.309599E+0	3.598879E+0
160.733333	4.315614E+0	3.617906E+0
160.800000	4.318798E+0	3.645477E+0
160.866667	4.326057E+0	3.648580E+0
160.933333	4.340562E+0	3.664549E+0
161.000000	4.348752E+0	3.683636E+0
161.066667	4.353513E+0	3.690001E+0
161.133333	4.346059E+0	3.685214E+0
161.200000	4.342364E+0	3.680495E+0
161.266667	4.338073E+0	3.682328E+0
161.333333	4.345751E+0	3.691361E+0
161.400000	4.344917E+0	3.698672E+0
161.466667	4.345798E+0	3.687423E+0
161.533333	4.342628E+0	3.674115E+0
161.600000	4.347563E+0	3.662174E+0
161.666667	4.346805E+0	3.661032E+0
161.733333	4.339467E+0	3.655118E+0
161.800000	4.322114E+0	3.623955E+0
161.866667	4.306181E+0	3.624233E+0
161.933333	4.309086E+0	3.649302E+0
162.000000	4.304544E+0	3.652157E+0
162.066667	4.305458E+0	3.661881E+0
162.133333	4.294688E+0	3.653021E+0
162.200000	4.284096E+0	3.649903E+0
162.266667	4.270164E+0	3.648370E+0
162.333333	4.250085E+0	3.632552E+0
162.400000	4.229919E+0	3.619634E+0
162.466667	4.191599E+0	3.606904E+0
162.533333	4.174259E+0	3.600690E+0
162.600000	4.172857E+0	3.597286E+0
162.666667	4.172499E+0	3.598894E+0
162.733333	4.161683E+0	3.591515E+0
162.800000	4.122390E+0	3.591161E+0
162.866667	4.104430E+0	3.585683E+0
162.933333	4.092064E+0	3.574261E+0
163.000000	4.056774E+0	3.559615E+0
163.066667	4.043963E+0	3.554009E+0
163.133333	4.033734E+0	3.551732E+0
163.200000	4.013066E+0	3.546532E+0
163.266667	4.007382E+0	3.547111E+0
163.333333	4.008083E+0	3.528963E+0
163.400000	4.005786E+0	3.527355E+0
163.466667	3.994657E+0	3.516519E+0
163.533333	3.956410E+0	3.493810E+0
163.600000	3.924897E+0	3.474836E+0
163.666667	3.895631E+0	3.459762E+0
163.733333	3.875200E+0	3.456891E+0
163.800000	3.849048E+0	3.445236E+0
163.866667	3.824922E+0	3.432702E+0
163.933333	3.795104E+0	3.408422E+0
164.000000	3.774126E+0	3.389936E+0
164.066667	3.754016E+0	3.375944E+0
164.133333	3.748263E+0	3.373412E+0
164.200000	3.748488E+0	3.377462E+0
164.266667	3.753074E+0	3.387531E+0
164.333333	3.759231E+0	3.393280E+0
164.400000	3.761520E+0	3.391890E+0
164.466667	3.762559E+0	3.396511E+0
164.533333	3.759373E+0	3.396083E+0
164.600000	3.752933E+0	3.381497E+0
164.666667	3.749404E+0	3.370999E+0
164.733333	3.746209E+0	3.375343E+0
164.800000	3.745413E+0	3.375486E+0
164.866667	3.746213E+0	3.378582E+0
164.933333	3.752693E+0	3.390094E+0
165.000000	3.754901E+0	3.392491E+0
165.066667	3.755686E+0	3.395159E+0
165.133333	3.756171E+0	3.398089E+0
165.200000	3.753022E+0	3.392175E+0
165.266667	3.747596E+0	3.389425E+0
165.333333	3.725731E+0	3.379063E+0
165.400000	3.709289E+0	3.372209E+0
165.466667	3.706429E+0	3.372645E+0
165.533333	3.696846E+0	3.361599E+0
165.600000	3.671333E+0	3.363853E+0
165.666667	3.642785E+0	3.315114E+0
165.733333	3.609955E+0	3.302008E+0
165.800000	3.575120E+0	3.250826E+0
165.866667	3.560003E+0	3.213231E+0
165.933333	3.554268E+0	3.205972E+0
166.000000	3.552396E+0	3.202530E+0
166.066667	3.552027E+0	3.202222E+0
166.133333	3.549476E+0	3.192596E+0
166.200000	3.545121E+0	3.177807E+0
166.266667	3.542782E+0	3.175658E+0
166.333333	3.537735E+0	3.171645E+0
166.400000	3.528618E+0	3.167881E+0
166.466667	3.521807E+0	3.168113E+0
166.533333	3.512934E+0	3.147005E+0
166.600000	3.502801E+0	3.138814E+0
166.666667	3.488252E+0	3.119141E+0
166.733333	3.479011E+0	3.112213E+0
166.800000	3.475455E+0	3.096282E+0
166.866667	3.473775E+0	3.104908E+0
166.933333	3.475724E+0	3.109470E+0
167.000000	3.475689E+0	3.113422E+0
167.066667	3.474193E+0	3.123086E+0
167.133333	3.471254E+0	3.117570E+0
167.200000	3.461761E+0	3.108771E+0
167.266667	3.441905E+0	3.090300E+0
167.333333	3.435127E+0	3.069395E+0
167.400000	3.421472E+0	3.044792E+0
167.466667	3.406821E+0	3.029139E+0
167.533333	3.404264E+0	3.014824E+0
167.600000	3.397303E+0	3.008572E+0
167.666667	3.392762E+0	2.995692E+0
167.733333	3.382679E+0	2.997397E+0
167.800000	3.379851E+0	2.991266E+0
167.866667	3.380613E+0	2.989800E+0
167.933333	3.378866E+0	2.997473E+0
168.000000	3.377645E+0	3.000937E+0
168.066667	3.376543E+0	2.985682E+0
168.133333	3.374735E+0	2.980595E+0
168.200000	3.356277E+0	2.960433E+0
168.266667	3.342180E+0	2.953415E+0
168.333333	3.329200E+0	2.965137E+0
168.400000	3.328256E+0	2.960862E+0
168.466667	3.326853E+0	2.954790E+0
168.533333	3.312235E+0	2.936018E+0
168.600000	3.305443E+0	2.929000E+0
168.666667	3.295316E+0	2.907313E+0
168.733333	3.267073E+0	2.872866E+0
168.800000	3.244809E+0	2.809157E+0
168.866667	3.232752E+0	2.780181E+0
168.933333	3.227576E+0	2.765468E+0
169.000000	3.221927E+0	2.757705E+0
169.066667	3.215260E+0	2.731141E+0
169.133333	3.210611E+0	2.731119E+0
169.200000	3.206810E+0	2.721094E+0
169.266667	3.203263E+0	2.722567E+0
169.333333	3.200461E+0	2.708357E+0
169.400000	3.199216E+0	2.686790E+0
169.466667	3.197493E+0	2.693696E+0
169.533333	3.196362E+0	2.707004E+0
169.600000	3.192884E+0	2.699069E+0
169.666667	3.190378E+0	2.697506E+0
169.733333	3.179918E+0	2.669086E+0
169.800000	3.174613E+0	2.650652E+0
169.866667	3.172614E+0	2.619986E+0
169.933333	3.173076E+0	2.628845E+0
170.000000	3.173086E+0	2.623983E+0
170.066667	3.170370E+0	2.635368E+0
170.133333	3.163655E+0	2.625667E+0
170.200000	3.156376E+0	2.602927E+0
170.266667	3.149319E+0	2.608436E+0
170.333333	3.134470E+0	2.611441E+0
170.400000	3.131571E+0	2.599305E+0
170.466667	3.129815E+0	2.606850E+0
170.533333	3.127018E+0	2.599080E+0
170.600000	3.123140E+0	2.596758E+0
170.666667	3.120047E+0	2.610976E+0
170.733333	3.113171E+0	2.590325E+0
170.800000	3.110840E+0	2.575206E+0
170.866667	3.105184E+0	2.558358E+0
170.933333	3.098089E+0	2.570870E+0
171.000000	3.092289E+0	2.570818E+0
171.066667	3.088552E+0	2.548026E+0
171.133333	3.086200E+0	2.545388E+0
171.200000	3.080622E+0	2.530051E+0
171.266667	3.076132E+0	2.538054E+0
171.333333	3.072339E+0	2.545614E+0
171.400000	3.066088E+0	2.534387E+0
171.466667	3.061889E+0	2.542533E+0
171.533333	3.054687E+0	2.520598E+0
171.600000	3.045812E+0	2.492478E+0
171.666667	3.032351E+0	2.434571E+0
171.733333	3.026298E+0	2.418512E+0
171.800000	3.021493E+0	2.420714E+0
171.866667	3.019110E+0	2.429671E+0
171.933333	3.016313E+0	2.441883E+0
172.000000	3.015013E+0	2.452020E+0
172.066667	3.012676E+0	2.436420E+0
172.133333	3.011157E+0	2.424208E+0
172.200000	3.010814E+0	2.419376E+0
172.266667	3.009704E+0	2.411599E+0
172.333333	3.010503E+0	2.399365E+0
172.400000	3.008568E+0	2.380737E+0
172.466667	3.011655E+0	2.398772E+0
172.533333	3.012324E+0	2.397021E+0
172.600000	3.012699E+0	2.409788E+0
172.666667	3.013417E+0	2.409555E+0
172.733333	3.011989E+0	2.390242E+0
172.800000	3.009835E+0	2.384471E+0
172.866667	3.007223E+0	2.394173E+0
172.933333	3.002068E+0	2.378422E+0
173.000000	3.001776E+0	2.382277E+0
173.066667	3.004024E+0	2.379963E+0
173.133333	3.003043E+0	2.379602E+0
173.200000	3.001310E+0	2.372087E+0
173.266667	2.996788E+0	2.372884E+0
173.333333	2.990431E+0	2.377475E+0
173.400000	2.978651E+0	2.330299E+0
173.466667	2.966595E+0	2.289885E+0
173.533333	2.963779E+0	2.309438E+0
173.600000	2.952692E+0	2.309874E+0
173.666667	2.945864E+0	2.282506E+0
173.733333	2.942686E+0	2.287819E+0
173.800000	2.936808E+0	2.293958E+0
173.866667	2.927662E+0	2.291967E+0
173.933333	2.922911E+0	2.301247E+0
174.000000	2.917267E+0	2.289562E+0
174.066667	2.916136E+0	2.266327E+0
174.133333	2.916209E+0	2.275082E+0
174.200000	2.915209E+0	2.282401E+0
174.266667	2.905784E+0	2.255844E+0
174.333333	2.902383E+0	2.231279E+0
174.400000	2.895461E+0	2.170862E+0
174.466667	2.895210E+0	2.164715E+0
174.533333	2.892460E+0	2.146417E+0
174.600000	2.889438E+0	2.129652E+0
174.666667	2.887053E+0	2.123648E+0
174.733333	2.886616E+0	2.126594E+0
174.800000	2.887920E+0	2.149536E+0
174.866667	2.887203E+0	2.153473E+0
174.933333	2.885312E+0	2.151768E+0
175.000000	2.883800E+0	2.150144E+0
175.066667	2.879998E+0	2.123678E+0
175.133333	2.877980E+0	2.112015E+0
175.200000	2.876018E+0	2.112324E+0
175.266667	2.877932E+0	2.091561E+0
175.333333	2.877597E+0	2.085091E+0
175.400000	2.878986E+0	2.102622E+0
175.466667	2.879901E+0	2.091734E+0
175.533333	2.879524E+0	2.105004E+0
175.600000	2.882640E+0	2.154864E+0
175.666667	2.887468E+0	2.182066E+0
175.733333	2.899029E+0	2.220458E+0
175.800000	2.906405E+0	2.238125E+0
175.866667	2.911883E+0	2.252237E+0
175.933333	2.915651E+0	2.287548E+0
176.000000	2.919248E+0	2.297956E+0
176.066667	2.923165E+0	2.318088E+0
176.133333	2.924592E+0	2.319433E+0
176.200000	2.924457E+0	2.324603E+0
176.266667	2.925725E+0	2.337122E+0
176.333333	2.928089E+0	2.348739E+0
176.400000	2.933251E+0	2.352031E+0
176.466667	2.938531E+0	2.358584E+0
176.533333	2.943425E+0	2.387823E+0
176.600000	2.955366E+0	2.353940E+0
176.666667	2.967566E+0	2.336017E+0
176.733333	2.979681E+0	2.363047E+0
176.800000	2.991816E+0	2.380834E+0
176.866667	3.003709E+0	2.401146E+0
176.933333	3.009393E+0	2.417017E+0
177.000000	3.013609E+0	2.442905E+0
177.066667	3.015436E+0	2.465358E+0
177.133333	3.016812E+0	2.464471E+0
177.200000	3.019745E+0	2.470453E+0
177.266667	3.020645E+0	2.473669E+0
177.333333	3.022930E+0	2.476833E+0
177.400000	3.023965E+0	2.488804E+0
177.466667	3.024811E+0	2.516051E+0
177.533333	3.025783E+0	2.518982E+0
177.600000	3.023977E+0	2.521327E+0
177.666667	3.022247E+0	2.525948E+0
177.733333	3.021934E+0	2.528631E+0
177.800000	3.020907E+0	2.532321E+0
177.866667	3.016981E+0	2.515022E+0
177.933333	3.012626E+0	2.507184E+0
178.000000	3.010333E+0	2.500256E+0
178.066667	3.003074E+0	2.485076E+0
178.133333	2.991618E+0	2.462044E+0
178.200000	2.982064E+0	2.436976E+0
178.266667	2.974797E+0	2.428138E+0
178.333333	2.968984E+0	2.423667E+0
178.400000	2.966214E+0	2.429130E+0
178.466667	2.963423E+0	2.429108E+0
178.533333	2.962465E+0	2.404836E+0
178.600000	2.955448E+0	2.402108E+0
178.666667	2.949087E+0	2.397524E+0
178.733333	2.942182E+0	2.367939E+0
178.800000	2.929662E+0	2.376776E+0
178.866667	2.925588E+0	2.353917E+0
178.933333	2.918864E+0	2.284407E+0
179.000000	2.914603E+0	2.245857E+0
179.066667	2.910323E+0	2.269423E+0
179.133333	2.902514E+0	2.258550E+0
179.200000	2.898023E+0	2.193391E+0
179.266667	2.889934E+0	2.217821E+0
179.333333	2.887174E+0	2.225801E+0
179.400000	2.882914E+0	2.163986E+0
179.466667	2.878736E+0	2.176085E+0
179.533333	2.876149E+0	2.176460E+0
179.600000	2.871115E+0	2.155615E+0
179.666667	2.871465E+0	2.146417E+0
179.733333	2.869480E+0	2.113488E+0
179.800000	2.863384E+0	2.081634E+0
179.866667	2.856554E+0	2.075352E+0
179.933333	2.844453E+0	2.087991E+0
180.000000	2.841972E+0	2.024779E+0

