0.000000	2.578773E+0	1.393800E-1
0.066667	2.578925E+0	1.339319E-1
0.133333	2.578871E+0	1.341198E-1
0.200000	2.578977E+0	1.392297E-1
0.266667	2.578864E+0	1.391695E-1
0.333333	2.578802E+0	1.390869E-1
0.400000	2.578740E+0	1.369452E-1
0.466667	2.578794E+0	1.338342E-1
0.533333	2.578927E+0	1.319931E-1
0.600000	2.578835E+0	1.368250E-1
0.666667	2.578896E+0	1.363741E-1
0.733333	2.578990E+0	1.341273E-1
0.800000	2.578879E+0	1.332255E-1
0.866667	2.578958E+0	1.347735E-1
0.933333	2.579023E+0	1.352094E-1
1.000000	2.578942E+0	1.347360E-1
1.066667	2.578867E+0	1.321960E-1
1.133333	2.578881E+0	1.367499E-1
1.200000	2.578867E+0	1.336013E-1
1.266667	2.578765E+0	1.325492E-1
1.333333	2.578719E+0	1.326319E-1
1.400000	2.578762E+0	1.317076E-1
1.466667	2.578804E+0	1.362539E-1
1.533333	2.578819E+0	1.393724E-1
1.600000	2.578848E+0	1.381175E-1
1.666667	2.579269E+0	1.384181E-1
1.733333	2.578839E+0	1.392597E-1
1.800000	2.578848E+0	1.385308E-1
1.866667	2.578867E+0	1.411008E-1
1.933333	2.578719E+0	1.436031E-1
2.000000	2.578917E+0	1.413488E-1
2.066667	2.579021E+0	1.399360E-1
2.133333	2.579798E+0	1.292954E-1
2.200000	2.580048E+0	1.293856E-1
2.266667	2.580922E+0	1.272815E-1
2.333333	2.581793E+0	1.271011E-1
2.400000	2.583186E+0	1.296185E-1
2.466667	2.589806E+0	1.448506E-1
2.533333	2.599728E+0	1.830021E-1
2.600000	2.610391E+0	1.963104E-1
2.666667	2.623612E+0	1.934999E-1
2.733333	2.638059E+0	2.088372E-1
2.800000	2.651954E+0	1.891339E-1
2.866667	2.660810E+0	1.840992E-1
2.933333	2.673640E+0	2.197934E-1
3.000000	2.685317E+0	2.514147E-1
3.066667	2.698916E+0	2.685630E-1
3.133333	2.717261E+0	3.212627E-1
3.200000	2.731112E+0	3.591662E-1
3.266667	2.737423E+0	3.568141E-1
3.333333	2.749129E+0	3.110804E-1
3.400000	2.751137E+0	3.318657E-1
3.466667	2.751470E+0	3.341652E-1
3.533333	2.756888E+0	3.502539E-1
3.600000	2.760324E+0	3.695814E-1
3.666667	2.763624E+0	3.834608E-1
3.733333	2.766819E+0	3.932823E-1
3.800000	2.773821E+0	3.859256E-1
3.866667	2.775231E+0	3.779376E-1
3.933333	2.774627E+0	3.728202E-1
4.000000	2.777022E+0	3.845128E-1
4.066667	2.780066E+0	3.689802E-1
4.133333	2.784950E+0	3.719410E-1
4.200000	2.788772E+0	3.882626E-1
4.266667	2.790282E+0	3.796659E-1
4.333333	2.793587E+0	3.837013E-1
4.400000	2.796193E+0	4.173440E-1
4.466667	2.800848E+0	4.398051E-1
4.533333	2.808628E+0	4.580730E-1
4.600000	2.823212E+0	4.317645E-1
4.666667	2.836236E+0	4.231077E-1
4.733333	2.840095E+0	4.164498E-1
4.800000	2.843497E+0	4.112121E-1
4.866667	2.839516E+0	4.005940E-1
4.933333	2.837731E+0	4.029085E-1
5.000000	2.838941E+0	4.013530E-1
5.066667	2.840897E+0	4.146613E-1
5.133333	2.841549E+0	4.166602E-1
5.200000	2.845307E+0	4.438178E-1
5.266667	2.849805E+0	5.465345E-1
5.333333	2.842788E+0	6.317348E-1
5.400000	2.828733E+0	6.432245E-1
5.466667	2.809046E+0	6.095893E-1
5.533333	2.792029E+0	6.098148E-1
5.600000	2.771257E+0	6.130084E-1
5.666667	2.746888E+0	5.192717E-1
5.733333	2.716591E+0	3.624050E-1
5.800000	2.690657E+0	3.333987E-1
5.866667	2.665467E+0	3.369606E-1
5.933333	2.640635E+0	2.958559E-1
6.000000	2.617014E+0	2.898969E-1
6.066667	2.601597E+0	2.458990E-1
6.133333	2.592282E+0	2.226940E-1
6.200000	2.586577E+0	2.152771E-1
6.266667	2.583005E+0	2.214842E-1
6.333333	2.578710E+0	2.184032E-1
6.400000	2.579067E+0	2.161037E-1
6.466667	2.579062E+0	2.158257E-1
6.533333	2.579058E+0	2.165922E-1
6.600000	2.579137E+0	2.171332E-1
6.666667	2.579279E+0	2.176292E-1
6.733333	2.579127E+0	2.188165E-1
6.800000	2.579135E+0	2.190870E-1
6.866667	2.580373E+0	2.198911E-1
6.933333	2.583159E+0	2.220102E-1
7.000000	2.586292E+0	2.208605E-1
7.066667	2.593115E+0	2.243247E-1
7.133333	2.599880E+0	2.282248E-1
7.200000	2.609212E+0	2.348827E-1
7.266667	2.626187E+0	2.367613E-1
7.333333	2.644797E+0	2.524367E-1
7.400000	2.666505E+0	2.831112E-1
7.466667	2.683294E+0	3.281535E-1
7.533333	2.696824E+0	3.433179E-1
7.600000	2.707768E+0	3.193089E-1
7.666667	2.714166E+0	3.452642E-1
7.733333	2.713785E+0	3.389595E-1
7.800000	2.713179E+0	3.619992E-1
7.866667	2.716491E+0	3.755705E-1
7.933333	2.717666E+0	3.748115E-1
8.000000	2.719501E+0	3.734288E-1
8.066667	2.722287E+0	3.701450E-1
8.133333	2.722169E+0	3.679733E-1
8.200000	2.722125E+0	3.838140E-1
8.266667	2.725970E+0	3.645992E-1
8.333333	2.729188E+0	3.700097E-1
8.400000	2.728405E+0	3.680785E-1
8.466667	2.728021E+0	4.026981E-1
8.533333	2.729104E+0	3.987830E-1
8.600000	2.731191E+0	3.889615E-1
8.666667	2.730771E+0	3.950708E-1
8.733333	2.729142E+0	3.968969E-1
8.800000	2.727311E+0	3.939511E-1
8.866667	2.725753E+0	3.844903E-1
8.933333	2.722450E+0	3.791700E-1
9.000000	2.719042E+0	3.861660E-1
9.066667	2.718628E+0	3.904569E-1
9.133333	2.716595E+0	3.807405E-1
9.200000	2.714820E+0	3.618188E-1
9.266667	2.713794E+0	3.608269E-1
9.333333	2.709626E+0	3.526285E-1
9.400000	2.705322E+0	3.632391E-1
9.466667	2.698062E+0	3.584673E-1
9.533333	2.690470E+0	3.458804E-1
9.600000	2.680501E+0	3.297992E-1
9.666667	2.679212E+0	3.376369E-1
9.733333	2.671703E+0	3.351346E-1
9.800000	2.662910E+0	3.376069E-1
9.866667	2.655809E+0	3.417850E-1
9.933333	2.652679E+0	3.439717E-1
10.000000	2.652597E+0	3.462561E-1
10.066667	2.649296E+0	3.470452E-1
10.133333	2.644122E+0	3.463839E-1
10.200000	2.636820E+0	3.396659E-1
10.266667	2.627861E+0	3.461660E-1
10.333333	2.617601E+0	3.447457E-1
10.400000	2.610851E+0	2.541200E-1
10.466667	2.608576E+0	2.470187E-1
10.533333	2.606337E+0	2.323503E-1
10.600000	2.603427E+0	2.017810E-1
10.666667	2.601872E+0	1.825812E-1
10.733333	2.602303E+0	1.788014E-1
10.800000	2.604029E+0	1.807853E-1
10.866667	2.603380E+0	1.963554E-1
10.933333	2.602538E+0	1.840015E-1
11.000000	2.601022E+0	1.755777E-1
11.066667	2.601432E+0	1.754499E-1
11.133333	2.602488E+0	1.753372E-1
11.200000	2.602857E+0	1.761187E-1
11.266667	2.601622E+0	1.752170E-1
11.333333	2.600534E+0	1.747811E-1
11.400000	2.599918E+0	1.745932E-1
11.466667	2.600028E+0	1.773812E-1
11.533333	2.598549E+0	1.745632E-1
11.600000	2.596808E+0	1.742626E-1
11.666667	2.594829E+0	1.755626E-1
11.733333	2.592595E+0	1.752019E-1
11.800000	2.589791E+0	1.725869E-1
11.866667	2.587744E+0	1.727371E-1
11.933333	2.587467E+0	1.734736E-1
12.000000	2.585709E+0	1.720759E-1
12.066667	2.585150E+0	1.726620E-1
12.133333	2.583549E+0	1.726395E-1
12.200000	2.580624E+0	1.672290E-1
12.266667	2.578940E+0	1.563253E-1
12.333333	2.578929E+0	1.549276E-1
12.400000	2.578958E+0	1.557542E-1
12.466667	2.578812E+0	1.548149E-1
12.533333	2.578967E+0	1.553409E-1
12.600000	2.579012E+0	1.550704E-1
12.666667	2.578896E+0	1.535975E-1
12.733333	2.579037E+0	1.541010E-1
12.800000	2.579139E+0	1.569641E-1
12.866667	2.579116E+0	1.664474E-1
12.933333	2.579027E+0	1.712117E-1
13.000000	2.579067E+0	1.750591E-1
13.066667	2.579008E+0	1.766598E-1
13.133333	2.579017E+0	1.773511E-1
13.200000	2.578902E+0	1.802592E-1
13.266667	2.579054E+0	1.811009E-1
13.333333	2.579239E+0	1.824309E-1
13.400000	2.579112E+0	1.826489E-1
13.466667	2.579089E+0	1.834755E-1
13.533333	2.579100E+0	1.830697E-1
13.600000	2.578933E+0	1.838963E-1
13.666667	2.579062E+0	1.841217E-1
13.733333	2.579027E+0	1.852264E-1
13.800000	2.579173E+0	1.852038E-1
13.866667	2.578965E+0	1.864512E-1
13.933333	2.578908E+0	1.894270E-1
14.000000	2.578940E+0	1.918392E-1
14.066667	2.578690E+0	1.974000E-1
14.133333	2.578842E+0	2.004584E-1
14.200000	2.579002E+0	2.018486E-1
14.266667	2.578973E+0	2.038475E-1
14.333333	2.578885E+0	2.048544E-1
14.400000	2.578840E+0	2.063799E-1
14.466667	2.578879E+0	2.058614E-1
14.533333	2.578894E+0	2.066354E-1
14.600000	2.578854E+0	2.062972E-1
14.666667	2.578802E+0	2.061620E-1
14.733333	2.578883E+0	2.061695E-1
14.800000	2.578939E+0	2.069660E-1
14.866667	2.579025E+0	2.082585E-1
14.933333	2.578769E+0	2.085516E-1
15.000000	2.578810E+0	2.088071E-1
15.066667	2.578806E+0	2.097990E-1
15.133333	2.578919E+0	2.097013E-1
15.200000	2.578923E+0	2.097088E-1
15.266667	2.578914E+0	2.101747E-1
15.333333	2.578950E+0	2.092580E-1
15.400000	2.578964E+0	2.096487E-1
15.466667	2.579048E+0	2.095811E-1
15.533333	2.579006E+0	2.100320E-1
15.600000	2.578879E+0	2.104979E-1
15.666667	2.578825E+0	2.109412E-1
15.733333	2.578915E+0	2.107759E-1
15.800000	2.578894E+0	2.100921E-1
15.866667	2.578827E+0	2.101672E-1
15.933333	2.578894E+0	2.107985E-1
16.000000	2.578835E+0	2.159309E-1
16.066667	2.578835E+0	2.160587E-1
16.133333	2.579019E+0	2.146159E-1
16.200000	2.579042E+0	2.136390E-1
16.266667	2.578912E+0	2.142401E-1
16.333333	2.578960E+0	2.149315E-1
16.400000	2.579062E+0	2.158933E-1
16.466667	2.578956E+0	2.154951E-1
16.533333	2.578981E+0	2.149465E-1
16.600000	2.578904E+0	2.153748E-1
16.666667	2.578952E+0	2.153072E-1
16.733333	2.578933E+0	2.128124E-1
16.800000	2.579079E+0	2.119557E-1
16.866667	2.579083E+0	2.124817E-1
16.933333	2.579112E+0	2.131054E-1
17.000000	2.578971E+0	2.134511E-1
17.066667	2.578915E+0	2.132858E-1
17.133333	2.579062E+0	2.134060E-1
17.200000	2.579077E+0	2.133985E-1
17.266667	2.579081E+0	2.130829E-1
17.333333	2.579089E+0	2.122037E-1
17.400000	2.578965E+0	2.155026E-1
17.466667	2.579137E+0	2.147887E-1
17.533333	2.579267E+0	2.161563E-1
17.600000	2.579067E+0	2.185159E-1
17.666667	2.579179E+0	2.179072E-1
17.733333	2.579069E+0	2.169679E-1
17.800000	2.578921E+0	2.169604E-1
17.866667	2.579085E+0	2.169529E-1
17.933333	2.578925E+0	2.167049E-1
18.000000	2.579017E+0	2.155627E-1
18.066667	2.578887E+0	2.152847E-1
18.133333	2.578952E+0	2.149465E-1
18.200000	2.579037E+0	2.147962E-1
18.266667	2.578994E+0	2.162841E-1
18.333333	2.579052E+0	2.174188E-1
18.400000	2.579083E+0	2.181177E-1
18.466667	2.579042E+0	2.171934E-1
18.533333	2.579160E+0	2.164870E-1
18.600000	2.582734E+0	2.212061E-1
18.666667	2.586734E+0	2.258126E-1
18.733333	2.589468E+0	2.244750E-1
18.800000	2.596110E+0	2.231374E-1
18.866667	2.608858E+0	2.213414E-1
18.933333	2.625241E+0	2.293068E-1
19.000000	2.638913E+0	2.444487E-1
19.066667	2.649602E+0	2.789556E-1
19.133333	2.664626E+0	2.907009E-1
19.200000	2.678293E+0	3.040693E-1
19.266667	2.695593E+0	3.299345E-1
19.333333	2.715512E+0	3.536279E-1
19.400000	2.732733E+0	3.810937E-1
19.466667	2.747925E+0	3.867296E-1
19.533333	2.761399E+0	4.471468E-1
19.600000	2.779145E+0	4.993054E-1
19.666667	2.794304E+0	5.225029E-1
19.733333	2.811381E+0	5.232619E-1
19.800000	2.826698E+0	5.792830E-1
19.866667	2.829771E+0	6.643330E-1
19.933333	2.848987E+0	6.990578E-1
20.000000	2.874745E+0	8.326895E-1
20.066667	2.888313E+0	8.253102E-1
20.133333	2.902097E+0	7.963340E-1
20.200000	2.908257E+0	9.363380E-1
20.266667	2.911187E+0	1.004119E+0
20.333333	2.915309E+0	1.001023E+0
20.400000	2.921201E+0	1.013843E+0
20.466667	2.931457E+0	1.056376E+0
20.533333	2.946056E+0	1.110195E+0
20.600000	2.957305E+0	1.106182E+0
20.666667	2.966714E+0	1.117409E+0
20.733333	2.983414E+0	1.159897E+0
20.800000	3.004299E+0	1.148640E+0
20.866667	3.008171E+0	1.170349E+0
20.933333	2.999546E+0	1.168651E+0
21.000000	3.001401E+0	1.190496E+0
21.066667	3.000220E+0	1.247479E+0
21.133333	2.978257E+0	1.299202E+0
21.200000	2.966143E+0	1.221711E+0
21.266667	2.949634E+0	1.187603E+0
21.333333	2.936910E+0	1.052153E+0
21.400000	2.925963E+0	1.028812E+0
21.466667	2.926960E+0	1.061418E+0
21.533333	2.911562E+0	1.062733E+0
21.600000	2.884041E+0	1.007922E+0
21.666667	2.855894E+0	9.359698E-1
21.733333	2.829741E+0	8.789341E-1
21.800000	2.806495E+0	8.510626E-1
21.866667	2.771799E+0	7.991670E-1
21.933333	2.729700E+0	6.601925E-1
22.000000	2.684425E+0	5.906225E-1
22.066667	2.638078E+0	4.482064E-1
22.133333	2.609053E+0	3.645015E-1
22.200000	2.589039E+0	2.539246E-1
22.266667	2.578885E+0	1.499605E-1
22.333333	2.577938E+0	2.715012E-1
22.400000	2.579079E+0	2.845916E-1
22.466667	2.579164E+0	2.708624E-1
22.533333	2.579081E+0	2.741839E-1
22.600000	2.579217E+0	2.792262E-1
22.666667	2.579098E+0	2.845390E-1
22.733333	2.579094E+0	2.824123E-1
22.800000	2.579221E+0	2.775805E-1
22.866667	2.579281E+0	2.693144E-1
22.933333	2.579273E+0	2.767764E-1
23.000000	2.580795E+0	2.799626E-1
23.066667	2.581845E+0	3.046179E-1
23.133333	2.579694E+0	3.165135E-1
23.200000	2.580141E+0	3.198199E-1
23.266667	2.585667E+0	3.181892E-1
23.333333	2.587161E+0	3.204661E-1
23.400000	2.597989E+0	3.238251E-1
23.466667	2.621800E+0	3.245465E-1
23.533333	2.666279E+0	3.232540E-1
23.600000	2.730940E+0	3.937182E-1
23.666667	2.824363E+0	4.975621E-1
23.733333	2.910675E+0	7.324902E-1
23.800000	3.000127E+0	8.628530E-1
23.866667	3.080975E+0	9.693345E-1
23.933333	3.123477E+0	1.115786E+0
24.000000	3.174270E+0	1.237432E+0
24.066667	3.208591E+0	1.337797E+0
24.133333	3.242881E+0	1.382764E+0
24.200000	3.269304E+0	1.546063E+0
24.266667	3.291315E+0	1.557710E+0
24.333333	3.315045E+0	1.599439E+0
24.400000	3.330010E+0	1.620202E+0
24.466667	3.350485E+0	1.555441E+0
24.533333	3.363698E+0	1.663260E+0
24.600000	3.384548E+0	1.680281E+0
24.666667	3.388086E+0	1.673307E+0
24.733333	3.386872E+0	1.692184E+0
24.800000	3.384652E+0	1.711391E+0
24.866667	3.374556E+0	1.654168E+0
24.933333	3.371180E+0	1.666123E+0
25.000000	3.368143E+0	1.671684E+0
25.066667	3.357770E+0	1.699300E+0
25.133333	3.339152E+0	1.668836E+0
25.200000	3.274609E+0	1.700953E+0
25.266667	3.137530E+0	1.466874E+0
25.333333	2.949970E+0	1.167546E+0
25.400000	2.843907E+0	9.289962E-1
25.466667	2.751095E+0	7.407562E-1
25.533333	2.675390E+0	5.355031E-1
25.600000	2.629161E+0	4.209510E-1
25.666667	2.602501E+0	3.134175E-1
25.733333	2.585615E+0	2.527223E-1
25.800000	2.582822E+0	1.775615E-1
25.866667	2.579683E+0	1.346307E-1
25.933333	2.579393E+0	2.774602E-1
26.000000	2.579150E+0	2.959987E-1
26.066667	2.579262E+0	2.969981E-1
26.133333	2.579383E+0	3.009358E-1
26.200000	2.579219E+0	2.941351E-1
26.266667	2.579212E+0	2.913847E-1
26.333333	2.579181E+0	2.963894E-1
26.400000	2.579287E+0	3.006727E-1
26.466667	2.579306E+0	3.026115E-1
26.533333	2.579393E+0	3.073457E-1
26.600000	2.579181E+0	3.085781E-1
26.666667	2.578987E+0	3.061358E-1
26.733333	2.579056E+0	3.068122E-1
26.800000	2.579139E+0	3.116891E-1
26.866667	2.579112E+0	3.104718E-1
26.933333	2.579137E+0	3.102012E-1
27.000000	2.579017E+0	3.107949E-1
27.066667	2.579035E+0	3.107723E-1
27.133333	2.579046E+0	3.077139E-1
27.200000	2.579058E+0	3.129140E-1
27.266667	2.580239E+0	3.088261E-1
27.333333	2.592709E+0	2.607027E-1
27.400000	2.610994E+0	2.176818E-1
27.466667	2.665311E+0	2.457713E-1
27.533333	2.767458E+0	3.850013E-1
27.600000	2.893683E+0	5.872485E-1
27.666667	3.028872E+0	7.799898E-1
27.733333	3.143897E+0	9.520885E-1
27.800000	3.226816E+0	1.183425E+0
27.866667	3.301731E+0	1.327652E+0
27.933333	3.342795E+0	1.543358E+0
28.000000	3.366546E+0	1.712240E+0
28.066667	3.384025E+0	1.639416E+0
28.133333	3.405826E+0	1.664568E+0
28.200000	3.430778E+0	1.650380E+0
28.266667	3.438749E+0	1.652206E+0
28.333333	3.419117E+0	1.680040E+0
28.400000	3.326459E+0	1.570853E+0
28.466667	3.137732E+0	1.399236E+0
28.533333	2.913888E+0	1.096045E+0
28.600000	2.750962E+0	6.702019E-1
28.666667	2.655851E+0	5.374945E-1
28.733333	2.605540E+0	4.442161E-1
28.800000	2.580620E+0	3.744583E-1
28.866667	2.578440E+0	2.785724E-1
28.933333	2.578694E+0	1.606387E-1
29.000000	2.578748E+0	1.659966E-1
29.066667	2.578715E+0	1.663948E-1
29.133333	2.578700E+0	1.639827E-1
29.200000	2.578798E+0	1.562126E-1
29.266667	2.578864E+0	1.569415E-1
29.333333	2.578883E+0	1.558444E-1
29.400000	2.578802E+0	1.534998E-1
29.466667	2.578929E+0	1.540484E-1
29.533333	2.578887E+0	1.537027E-1
29.600000	2.579035E+0	1.532068E-1
29.666667	2.578779E+0	1.531767E-1
29.733333	2.578775E+0	1.505541E-1
29.800000	2.578877E+0	1.494795E-1
29.866667	2.578775E+0	1.485628E-1
29.933333	2.578958E+0	1.465188E-1
30.000000	2.579108E+0	1.464963E-1
30.066667	2.579150E+0	1.467593E-1
30.133333	2.578933E+0	1.458124E-1
30.200000	2.578981E+0	1.461581E-1
30.266667	2.578990E+0	1.452188E-1
30.333333	2.578887E+0	1.452338E-1
30.400000	2.578979E+0	1.455419E-1
30.466667	2.579141E+0	1.424158E-1
30.533333	2.579167E+0	1.365394E-1
30.600000	2.579108E+0	1.357955E-1
30.666667	2.579137E+0	1.400488E-1
30.733333	2.579167E+0	1.492316E-1
30.800000	2.578854E+0	1.432274E-1
30.866667	2.578898E+0	1.407551E-1
30.933333	2.579160E+0	1.408979E-1
31.000000	2.580098E+0	1.489310E-1
31.066667	2.579358E+0	1.535224E-1
31.133333	2.578900E+0	1.388239E-1
31.200000	2.578875E+0	1.345105E-1
31.266667	2.579060E+0	1.309787E-1
31.333333	2.578900E+0	1.291226E-1
31.400000	2.579352E+0	1.296786E-1
31.466667	2.582695E+0	1.298590E-1
31.533333	2.599595E+0	1.335562E-1
31.600000	2.615083E+0	1.444072E-1
31.666667	2.640642E+0	1.989480E-1
31.733333	2.682022E+0	4.023750E-1
31.800000	2.736698E+0	5.505623E-1
31.866667	2.826021E+0	5.407934E-1
31.933333	2.951213E+0	6.468165E-1
32.000000	3.082051E+0	8.480643E-1
32.066667	3.208624E+0	1.026370E+0
32.133333	3.327632E+0	1.123842E+0
32.200000	3.414795E+0	1.300299E+0
32.266667	3.453565E+0	1.558935E+0
32.333333	3.477180E+0	1.689516E+0
32.400000	3.470884E+0	1.617211E+0
32.466667	3.428987E+0	1.559258E+0
32.533333	3.281980E+0	1.539412E+0
32.600000	3.011949E+0	1.226506E+0
32.666667	2.769916E+0	8.001664E-1
32.733333	2.636568E+0	4.908741E-1
32.800000	2.583647E+0	2.866430E-1
32.866667	2.579229E+0	1.970768E-1
32.933333	2.579227E+0	1.936878E-1
33.000000	2.579337E+0	1.895097E-1
33.066667	2.579266E+0	1.902010E-1
33.133333	2.579468E+0	1.857524E-1
33.200000	2.579221E+0	1.740672E-1
33.266667	2.579217E+0	1.673041E-1
33.333333	2.579383E+0	1.686417E-1
33.400000	2.579337E+0	1.658388E-1
33.466667	2.579267E+0	1.678677E-1
33.533333	2.579125E+0	1.664024E-1
33.600000	2.579048E+0	1.634942E-1
33.666667	2.579083E+0	1.622844E-1
33.733333	2.579135E+0	1.625699E-1
33.800000	2.579125E+0	1.591508E-1
33.866667	2.579050E+0	1.563854E-1
33.933333	2.578908E+0	1.570768E-1
34.000000	2.578996E+0	1.594514E-1
34.066667	2.579075E+0	1.618335E-1
34.133333	2.579096E+0	1.600300E-1
34.200000	2.579246E+0	1.634867E-1
34.266667	2.579225E+0	1.624798E-1
34.333333	2.579191E+0	1.653729E-1
34.400000	2.579129E+0	1.633815E-1
34.466667	2.579275E+0	1.632012E-1
34.533333	2.579300E+0	1.635318E-1
34.600000	2.579166E+0	1.622618E-1
34.666667	2.579100E+0	1.621942E-1
34.733333	2.579269E+0	1.612624E-1
34.800000	2.579208E+0	1.628630E-1
34.866667	2.579231E+0	1.634491E-1
34.933333	2.579056E+0	1.647942E-1
35.000000	2.579200E+0	1.644636E-1
35.066667	2.579064E+0	1.650272E-1
35.133333	2.579129E+0	1.660642E-1
35.200000	2.579015E+0	1.664550E-1
35.266667	2.579096E+0	1.662220E-1
35.333333	2.579089E+0	1.656284E-1
35.400000	2.579089E+0	1.649821E-1
35.466667	2.579075E+0	1.641104E-1
35.533333	2.579148E+0	1.629231E-1
35.600000	2.579219E+0	1.622844E-1
35.666667	2.579085E+0	1.619011E-1
35.733333	2.580714E+0	1.622092E-1
35.800000	2.601041E+0	1.709261E-1
35.866667	2.661276E+0	2.136765E-1
35.933333	2.810521E+0	4.898521E-1
36.000000	3.069273E+0	8.839915E-1
36.066667	3.310365E+0	1.334370E+0
36.133333	3.480256E+0	1.502381E+0
36.200000	3.593201E+0	1.626920E+0
36.266667	3.696966E+0	1.862291E+0
36.333333	3.742252E+0	1.911925E+0
36.400000	3.767683E+0	1.939338E+0
36.466667	3.779405E+0	2.078222E+0
36.533333	3.699176E+0	2.093184E+0
36.600000	3.441597E+0	1.946199E+0
36.666667	3.083270E+0	1.426356E+0
36.733333	2.734503E+0	6.149547E-1
36.800000	2.581883E+0	2.913697E-1
36.866667	2.579296E+0	2.363555E-1
36.933333	2.579008E+0	1.965734E-1
37.000000	2.579173E+0	1.909976E-1
37.066667	2.579066E+0	1.865715E-1
37.133333	2.579183E+0	1.869322E-1
37.200000	2.579048E+0	1.832651E-1
37.266667	2.579173E+0	1.836859E-1
37.333333	2.579219E+0	1.831599E-1
37.400000	2.579171E+0	1.843396E-1
37.466667	2.579075E+0	1.826714E-1
37.533333	2.579319E+0	1.815893E-1
37.600000	2.579277E+0	1.799361E-1
37.666667	2.579312E+0	1.792448E-1
37.733333	2.579212E+0	1.796205E-1
37.800000	2.579416E+0	1.814916E-1
37.866667	2.579294E+0	1.825437E-1
37.933333	2.579635E+0	1.832801E-1
38.000000	2.581249E+0	1.838061E-1
38.066667	2.583093E+0	1.807176E-1
38.133333	2.591593E+0	1.789216E-1
38.200000	2.603169E+0	2.000301E-1
38.266667	2.620151E+0	2.117303E-1
38.333333	2.635970E+0	2.363104E-1
38.400000	2.656448E+0	2.503852E-1
38.466667	2.675330E+0	2.311554E-1
38.533333	2.698153E+0	2.803383E-1
38.600000	2.711517E+0	3.144470E-1
38.666667	2.721492E+0	3.287622E-1
38.733333	2.727140E+0	3.298969E-1
38.800000	2.719032E+0	3.184597E-1
38.866667	2.708068E+0	3.199627E-1
38.933333	2.690813E+0	3.210898E-1
39.000000	2.670593E+0	3.043774E-1
39.066667	2.652658E+0	2.699457E-1
39.133333	2.641535E+0	2.550593E-1
39.200000	2.641808E+0	2.448244E-1
39.266667	2.643816E+0	2.349127E-1
39.333333	2.640642E+0	2.372122E-1
39.400000	2.617760E+0	2.330190E-1
39.466667	2.591857E+0	2.331468E-1
39.533333	2.579383E+0	1.999850E-1
39.600000	2.579364E+0	1.846252E-1
39.666667	2.579367E+0	1.822656E-1
39.733333	2.579479E+0	1.762239E-1
39.800000	2.579444E+0	1.772158E-1
39.866667	2.579379E+0	1.768025E-1
39.933333	2.579279E+0	1.780650E-1
40.000000	2.593207E+0	1.879842E-1
40.066667	2.625162E+0	2.303063E-1
40.133333	2.684375E+0	2.690063E-1
40.200000	2.742685E+0	3.411688E-1
40.266667	2.788084E+0	3.526285E-1
40.333333	2.821318E+0	3.848660E-1
40.400000	2.842565E+0	4.458693E-1
40.466667	2.857827E+0	4.714640E-1
40.533333	2.868534E+0	4.850503E-1
40.600000	2.869416E+0	4.955632E-1
40.666667	2.885987E+0	5.245619E-1
40.733333	2.884458E+0	5.841600E-1
40.800000	2.865483E+0	5.917121E-1
40.866667	2.840953E+0	5.843328E-1
40.933333	2.831241E+0	5.707390E-1
41.000000	2.839772E+0	5.742107E-1
41.066667	2.842307E+0	5.680563E-1
41.133333	2.838569E+0	5.678609E-1
41.200000	2.834334E+0	5.713927E-1
41.266667	2.836934E+0	5.743760E-1
41.333333	2.830743E+0	5.839346E-1
41.400000	2.808825E+0	5.831155E-1
41.466667	2.779174E+0	5.631568E-1
41.533333	2.754805E+0	5.323696E-1
41.600000	2.734972E+0	5.002147E-1
41.666667	2.703388E+0	4.609511E-1
41.733333	2.663691E+0	4.198388E-1
41.800000	2.630884E+0	3.268761E-1
41.866667	2.606289E+0	2.805262E-1
41.933333	2.589404E+0	3.117868E-1
42.000000	2.579519E+0	3.245766E-1
42.066667	2.579491E+0	2.275184E-1
42.133333	2.579383E+0	2.197032E-1
42.200000	2.579469E+0	2.409995E-1
42.266667	2.579281E+0	2.162315E-1
42.333333	2.579294E+0	2.116927E-1
42.400000	2.579410E+0	1.940109E-1
42.466667	2.582099E+0	1.935375E-1
42.533333	2.590610E+0	1.654180E-1
42.600000	2.599522E+0	1.626075E-1
42.666667	2.619861E+0	2.203194E-1
42.733333	2.651697E+0	2.611762E-1
42.800000	2.686571E+0	2.790684E-1
42.866667	2.714381E+0	3.266506E-1
42.933333	2.733903E+0	3.302952E-1
43.000000	2.746346E+0	3.515539E-1
43.066667	2.757460E+0	3.628333E-1
43.133333	2.766333E+0	3.673345E-1
43.200000	2.781978E+0	4.161943E-1
43.266667	2.797428E+0	4.352512E-1
43.333333	2.814703E+0	4.660084E-1
43.400000	2.830306E+0	4.460948E-1
43.466667	2.849662E+0	4.884845E-1
43.533333	2.866949E+0	5.619018E-1
43.600000	2.878168E+0	6.099200E-1
43.666667	2.892716E+0	5.969874E-1
43.733333	2.905395E+0	5.941168E-1
43.800000	2.921670E+0	5.999331E-1
43.866667	2.921308E+0	6.445095E-1
43.933333	2.928191E+0	6.684059E-1
44.000000	2.932397E+0	6.785055E-1
44.066667	2.937531E+0	6.643405E-1
44.133333	2.940012E+0	6.529183E-1
44.200000	2.941559E+0	6.691874E-1
44.266667	2.942247E+0	6.799182E-1
44.333333	2.943571E+0	6.876282E-1
44.400000	2.942644E+0	6.873727E-1
44.466667	2.940478E+0	6.725765E-1
44.533333	2.942640E+0	6.728620E-1
44.600000	2.941555E+0	6.681278E-1
44.666667	2.940518E+0	6.598768E-1
44.733333	2.937735E+0	6.696834E-1
44.800000	2.936452E+0	6.736511E-1
44.866667	2.935977E+0	6.655128E-1
44.933333	2.936746E+0	6.563074E-1
45.000000	2.935323E+0	6.463581E-1
45.066667	2.935331E+0	6.271509E-1
45.133333	2.935013E+0	6.303821E-1
45.200000	2.933292E+0	6.409101E-1
45.266667	2.930566E+0	6.485524E-1
45.333333	2.928950E+0	6.538351E-1
45.400000	2.929512E+0	6.468917E-1
45.466667	2.929924E+0	6.610717E-1
45.533333	2.930647E+0	6.831946E-1
45.600000	2.932005E+0	6.800986E-1
45.666667	2.933246E+0	7.085938E-1
45.733333	2.932990E+0	8.020450E-1
45.800000	2.934648E+0	7.793360E-1
45.866667	2.937583E+0	7.660953E-1
45.933333	2.939991E+0	7.603241E-1
46.000000	2.944388E+0	7.778631E-1
46.066667	2.951948E+0	7.690110E-1
46.133333	2.965187E+0	7.923963E-1
46.200000	2.973981E+0	8.486880E-1
46.266667	2.978078E+0	8.772584E-1
46.333333	2.985232E+0	8.906794E-1
46.400000	2.991379E+0	9.103902E-1
46.466667	2.997794E+0	9.073092E-1
46.533333	3.003039E+0	9.116526E-1
46.600000	3.007102E+0	9.281771E-1
46.666667	3.011666E+0	9.021542E-1
46.733333	3.012574E+0	9.026727E-1
46.800000	3.007731E+0	8.914459E-1
46.866667	2.998033E+0	8.704126E-1
46.933333	2.989694E+0	8.539257E-1
47.000000	2.985480E+0	8.472001E-1
47.066667	2.986501E+0	8.257911E-1
47.133333	2.985432E+0	8.383555E-1
47.200000	2.980458E+0	8.881545E-1
47.266667	2.972150E+0	8.528285E-1
47.333333	2.967222E+0	8.269558E-1
47.400000	2.963256E+0	8.290750E-1
47.466667	2.962140E+0	8.325768E-1
47.533333	2.957407E+0	8.247616E-1
47.600000	2.961419E+0	8.179459E-1
47.666667	2.976232E+0	8.167210E-1
47.733333	3.016687E+0	8.443446E-1
47.800000	3.110866E+0	9.119908E-1
47.866667	3.194286E+0	1.061741E+0
47.933333	3.255417E+0	1.237702E+0
48.000000	3.270678E+0	1.319979E+0
48.066667	3.275148E+0	1.259728E+0
48.133333	3.284352E+0	1.177608E+0
48.200000	3.281888E+0	1.201114E+0
48.266667	3.263224E+0	1.248816E+0
48.333333	3.228401E+0	1.265228E+0
48.400000	3.151302E+0	1.216301E+0
48.466667	3.029145E+0	1.017315E+0
48.533333	2.963044E+0	9.094583E-1
48.600000	2.938102E+0	8.456897E-1
48.666667	2.909290E+0	7.761949E-1
48.733333	2.892087E+0	7.404180E-1
48.800000	2.879684E+0	7.239912E-1
48.866667	2.872617E+0	7.051897E-1
48.933333	2.870319E+0	7.037469E-1
49.000000	2.875131E+0	7.001399E-1
49.066667	2.876039E+0	6.837732E-1
49.133333	2.875447E+0	6.749135E-1
49.200000	2.876289E+0	6.773557E-1
49.266667	2.881067E+0	6.711186E-1
49.333333	2.884951E+0	6.738089E-1
49.400000	2.885420E+0	6.840437E-1
49.466667	2.880173E+0	7.001549E-1
49.533333	2.873567E+0	6.989451E-1
49.600000	2.872375E+0	6.917461E-1
49.666667	2.870571E+0	6.951277E-1
49.733333	2.873381E+0	7.204518E-1
49.800000	2.877547E+0	7.213010E-1
49.866667	2.880753E+0	7.285300E-1
49.933333	2.888842E+0	7.180997E-1
50.000000	2.920620E+0	7.315283E-1
50.066667	2.998823E+0	8.594939E-1
50.133333	3.103238E+0	1.020261E+0
50.200000	3.175344E+0	1.103898E+0
50.266667	3.219863E+0	1.157529E+0
50.333333	3.254932E+0	1.315027E+0
50.400000	3.263118E+0	1.394321E+0
50.466667	3.257973E+0	1.346491E+0
50.533333	3.255405E+0	1.331890E+0
50.600000	3.251297E+0	1.319055E+0
50.666667	3.255171E+0	1.323827E+0
50.733333	3.264621E+0	1.339097E+0
50.800000	3.229513E+0	1.361032E+0
50.866667	3.153458E+0	1.324075E+0
50.933333	3.030934E+0	1.209049E+0
51.000000	2.952650E+0	1.137744E+0
51.066667	2.915640E+0	1.082091E+0
51.133333	2.883198E+0	1.018555E+0
51.200000	2.856154E+0	1.007080E+0
51.266667	2.829327E+0	9.445439E-1
51.333333	2.825682E+0	8.920095E-1
51.400000	2.823793E+0	8.564881E-1
51.466667	2.809257E+0	9.002906E-1
51.533333	2.791082E+0	8.586974E-1
51.600000	2.786308E+0	7.967022E-1
51.666667	2.790580E+0	7.910663E-1
51.733333	2.783594E+0	7.701532E-1
51.800000	2.774733E+0	7.500066E-1
51.866667	2.764073E+0	7.130875E-1
51.933333	2.766237E+0	7.159055E-1
52.000000	2.771417E+0	7.170627E-1
52.066667	2.777047E+0	7.490448E-1
52.133333	2.775417E+0	7.504951E-1
52.200000	2.772011E+0	7.846939E-1
52.266667	2.771838E+0	8.133545E-1
52.333333	2.772405E+0	7.951692E-1
52.400000	2.769156E+0	7.643519E-1
52.466667	2.764438E+0	7.024319E-1
52.533333	2.763384E+0	7.068129E-1
52.600000	2.765665E+0	7.065198E-1
52.666667	2.769618E+0	7.139592E-1
52.733333	2.766552E+0	7.201212E-1
52.800000	2.757367E+0	6.906791E-1
52.866667	2.743963E+0	6.944213E-1
52.933333	2.732647E+0	6.791743E-1
53.000000	2.722058E+0	6.434124E-1
53.066667	2.715868E+0	5.935232E-1
53.133333	2.711327E+0	6.106864E-1
53.200000	2.705735E+0	6.104986E-1
53.266667	2.693611E+0	6.073049E-1
53.333333	2.681020E+0	6.000533E-1
53.400000	2.672137E+0	5.647123E-1
53.466667	2.659135E+0	5.190613E-1
53.533333	2.638244E+0	4.272106E-1
53.600000	2.618951E+0	3.343305E-1
53.666667	2.603140E+0	2.613340E-1
53.733333	2.592903E+0	2.478904E-1
53.800000	2.591787E+0	2.447493E-1
53.866667	2.591209E+0	2.471765E-1
53.933333	2.591451E+0	2.494534E-1
54.000000	2.591083E+0	2.472366E-1
54.066667	2.590862E+0	2.439227E-1
54.133333	2.589977E+0	2.451551E-1
54.200000	2.589364E+0	2.419764E-1
54.266667	2.588341E+0	2.358821E-1
54.333333	2.588695E+0	2.197859E-1
54.400000	2.588094E+0	1.911704E-1
54.466667	2.587881E+0	2.133835E-1
54.533333	2.586531E+0	2.107985E-1
54.600000	2.585661E+0	2.304866E-1
54.666667	2.582060E+0	2.228218E-1
54.733333	2.578717E+0	1.984821E-1
54.800000	2.578186E+0	1.888935E-1
54.866667	2.579123E+0	2.014278E-1
54.933333	2.579302E+0	2.193500E-1
55.000000	2.579304E+0	2.268721E-1
55.066667	2.579319E+0	2.287883E-1
55.133333	2.579354E+0	2.299230E-1
55.200000	2.579304E+0	2.340185E-1
55.266667	2.579108E+0	2.315312E-1
55.333333	2.579191E+0	2.333647E-1
55.400000	2.579092E+0	2.339734E-1
55.466667	2.579296E+0	2.329214E-1
55.533333	2.579381E+0	2.341537E-1
55.600000	2.579273E+0	2.367763E-1
55.666667	2.579219E+0	2.371445E-1
55.733333	2.613467E+0	2.513245E-1
55.800000	2.756077E+0	3.562205E-1
55.866667	2.842588E+0	4.631679E-1
55.933333	2.884593E+0	5.109530E-1
56.000000	2.921214E+0	5.410564E-1
56.066667	2.949055E+0	5.985955E-1
56.133333	2.976978E+0	6.391141E-1
56.200000	2.994434E+0	6.944288E-1
56.266667	3.012214E+0	7.483384E-1
56.333333	3.035319E+0	7.636080E-1
56.400000	3.062841E+0	8.278576E-1
56.466667	3.084603E+0	8.379722E-1
56.533333	3.088816E+0	8.712092E-1
56.600000	3.086327E+0	9.389380E-1
56.666667	3.084590E+0	1.001144E+0
56.733333	3.089814E+0	1.039130E+0
56.800000	3.097013E+0	1.025679E+0
56.866667	3.099527E+0	1.033809E+0
56.933333	3.101384E+0	1.046081E+0
57.000000	3.101851E+0	1.029714E+0
57.066667	3.102401E+0	1.030007E+0
57.133333	3.099302E+0	1.028594E+0
57.200000	3.097742E+0	1.030571E+0
57.266667	3.095221E+0	1.042834E+0
57.333333	3.084055E+0	1.062876E+0
57.400000	3.046235E+0	1.052596E+0
57.466667	2.950140E+0	9.914423E-1
57.533333	2.820404E+0	7.574310E-1
57.600000	2.722364E+0	5.401246E-1
57.666667	2.647567E+0	4.288563E-1
57.733333	2.592772E+0	3.200603E-1
57.800000	2.578119E+0	2.415180E-1
57.866667	2.579281E+0	2.450273E-1
57.933333	2.579212E+0	2.507910E-1
58.000000	2.579121E+0	2.528199E-1
58.066667	2.579067E+0	2.530379E-1
58.133333	2.579127E+0	2.520985E-1
58.200000	2.579181E+0	2.465303E-1
58.266667	2.579173E+0	2.433816E-1
58.333333	2.579089E+0	2.410972E-1
58.400000	2.579037E+0	2.395567E-1
58.466667	2.579100E+0	2.338156E-1
58.533333	2.579194E+0	2.304190E-1
58.600000	2.587490E+0	2.300358E-1
58.666667	2.627786E+0	2.565171E-1
58.733333	2.695789E+0	2.574715E-1
58.800000	2.784188E+0	3.542517E-1
58.866667	2.840252E+0	4.969534E-1
58.933333	2.879005E+0	5.768558E-1
59.000000	2.905997E+0	6.282029E-1
59.066667	2.922122E+0	6.889733E-1
59.133333	2.926763E+0	7.469257E-1
59.200000	2.917215E+0	7.636756E-1
59.266667	2.907338E+0	7.717463E-1
59.333333	2.893016E+0	7.727758E-1
59.400000	2.854446E+0	7.575813E-1
59.466667	2.783136E+0	6.862455E-1
59.533333	2.704310E+0	5.398616E-1
59.600000	2.633758E+0	3.522828E-1
59.666667	2.587375E+0	2.930605E-1
59.733333	2.577873E+0	3.007629E-1
59.800000	2.579348E+0	2.425926E-1
59.866667	2.579208E+0	2.234455E-1
59.933333	2.579133E+0	2.252114E-1
60.000000	2.579260E+0	2.266767E-1
60.066667	2.579214E+0	2.317942E-1
60.133333	2.579416E+0	2.321624E-1
60.200000	2.579302E+0	2.347549E-1
60.266667	2.579306E+0	2.339433E-1
60.333333	2.579271E+0	2.329740E-1
60.400000	2.615729E+0	2.481008E-1
60.466667	2.661653E+0	3.343155E-1
60.533333	2.677869E+0	3.073156E-1
60.600000	2.682871E+0	3.063237E-1
60.666667	2.682734E+0	3.665154E-1
60.733333	2.682928E+0	4.000304E-1
60.800000	2.682438E+0	4.340489E-1
60.866667	2.680682E+0	4.478156E-1
60.933333	2.674663E+0	4.514076E-1
61.000000	2.669506E+0	4.169307E-1
61.066667	2.668350E+0	3.646518E-1
61.133333	2.668762E+0	3.501863E-1
61.200000	2.667692E+0	3.416497E-1
61.266667	2.666532E+0	3.495701E-1
61.333333	2.664091E+0	3.235095E-1
61.400000	2.662720E+0	3.217436E-1
61.466667	2.661783E+0	3.276425E-1
61.533333	2.660520E+0	3.235847E-1
61.600000	2.658294E+0	3.242460E-1
61.666667	2.658040E+0	3.309114E-1
61.733333	2.655832E+0	3.277027E-1
61.800000	2.654884E+0	3.248622E-1
61.866667	2.655392E+0	3.247344E-1
61.933333	2.654918E+0	3.284917E-1
62.000000	2.652627E+0	3.271992E-1
62.066667	2.653897E+0	3.267333E-1
62.133333	2.654051E+0	3.280709E-1
62.200000	2.658292E+0	3.325947E-1
62.266667	2.662251E+0	3.325571E-1
62.333333	2.665421E+0	3.310617E-1
62.400000	2.668358E+0	3.345184E-1
62.466667	2.671972E+0	3.379150E-1
62.533333	2.671926E+0	3.343906E-1
62.600000	2.670193E+0	3.336617E-1
62.666667	2.670172E+0	3.357883E-1
62.733333	2.670693E+0	3.342178E-1
62.800000	2.671618E+0	3.330530E-1
62.866667	2.672055E+0	3.349091E-1
62.933333	2.674873E+0	3.353525E-1
63.000000	2.675582E+0	3.381404E-1
63.066667	2.676223E+0	3.441370E-1
63.133333	2.675488E+0	3.433931E-1
63.200000	2.676131E+0	3.461885E-1
63.266667	2.678718E+0	3.830325E-1
63.333333	2.678904E+0	4.295026E-1
63.400000	2.677064E+0	4.153376E-1
63.466667	2.676265E+0	4.177798E-1
63.533333	2.675454E+0	4.293448E-1
63.600000	2.675892E+0	4.322679E-1
63.666667	2.674719E+0	4.168480E-1
63.733333	2.673282E+0	3.605940E-1
63.800000	2.671762E+0	3.358034E-1
63.866667	2.674467E+0	3.318282E-1
63.933333	2.681620E+0	3.221043E-1
64.000000	2.684280E+0	3.339548E-1
64.066667	2.678604E+0	3.459180E-1
64.133333	2.662080E+0	3.106371E-1
64.200000	2.630373E+0	2.849898E-1
64.266667	2.594794E+0	2.690740E-1
64.333333	2.578456E+0	2.078753E-1
64.400000	2.579200E+0	2.359798E-1
64.466667	2.579144E+0	2.380238E-1
64.533333	2.578992E+0	2.505956E-1
64.600000	2.578989E+0	2.497014E-1
64.666667	2.579015E+0	2.453956E-1
64.733333	2.579185E+0	2.459667E-1
64.800000	2.579092E+0	2.491153E-1
64.866667	2.579110E+0	2.508511E-1
64.933333	2.579014E+0	2.490176E-1
65.000000	2.601118E+0	2.512644E-1
65.066667	2.663474E+0	2.638438E-1
65.133333	2.704791E+0	3.425364E-1
65.200000	2.753482E+0	4.627621E-1
65.266667	2.793117E+0	4.813306E-1
65.333333	2.843686E+0	5.303481E-1
65.400000	2.868907E+0	5.647649E-1
65.466667	2.881634E+0	6.302619E-1
65.533333	2.887632E+0	6.646787E-1
65.600000	2.895439E+0	6.832171E-1
65.666667	2.900723E+0	7.111563E-1
65.733333	2.910223E+0	7.243819E-1
65.800000	2.916100E+0	7.232097E-1
65.866667	2.919000E+0	7.054903E-1
65.933333	2.920568E+0	7.013648E-1
66.000000	2.923055E+0	7.096008E-1
66.066667	2.922803E+0	7.274629E-1
66.133333	2.918238E+0	7.501118E-1
66.200000	2.912118E+0	7.571154E-1
66.266667	2.896820E+0	7.386897E-1
66.333333	2.888330E+0	7.177466E-1
66.400000	2.882117E+0	6.774234E-1
66.466667	2.882739E+0	6.769800E-1
66.533333	2.886532E+0	6.945942E-1
66.600000	2.888247E+0	7.010492E-1
66.666667	2.881823E+0	7.203466E-1
66.733333	2.869059E+0	6.952179E-1
66.800000	2.845819E+0	6.680677E-1
66.866667	2.827386E+0	6.435852E-1
66.933333	2.790284E+0	5.947255E-1
67.000000	2.712433E+0	5.034610E-1
67.066667	2.619063E+0	3.070977E-1
67.133333	2.579333E+0	2.171783E-1
67.200000	2.579225E+0	2.167575E-1
67.266667	2.579004E+0	2.217397E-1
67.333333	2.578998E+0	2.237836E-1
67.400000	2.578977E+0	2.256548E-1
67.466667	2.579206E+0	2.251964E-1
67.533333	2.579150E+0	2.089424E-1
67.600000	2.579085E+0	2.078302E-1
67.666667	2.579206E+0	2.080106E-1
67.733333	2.584484E+0	2.118580E-1
67.800000	2.610463E+0	2.335526E-1
67.866667	2.640779E+0	2.925946E-1
67.933333	2.839116E+0	4.800306E-1
68.000000	3.239681E+0	1.081610E+0
68.066667	3.487461E+0	1.502606E+0
68.133333	3.591491E+0	1.785718E+0
68.200000	3.583216E+0	1.821186E+0
68.266667	3.326265E+0	1.708926E+0
68.333333	2.913486E+0	1.242384E+0
68.400000	2.636951E+0	6.463732E-1
68.466667	2.580893E+0	3.544846E-1
68.533333	2.579166E+0	2.433892E-1
68.600000	2.578862E+0	2.140898E-1
68.666667	2.579606E+0	2.388428E-1
68.733333	2.582526E+0	2.541651E-1
68.800000	2.582278E+0	2.582004E-1
68.866667	2.579162E+0	2.497164E-1
68.933333	2.579017E+0	2.492731E-1
69.000000	2.578900E+0	2.541200E-1
69.066667	2.578879E+0	2.552922E-1
69.133333	2.578748E+0	2.549616E-1
69.200000	2.578619E+0	2.536015E-1
69.266667	2.578546E+0	2.512269E-1
69.333333	2.583566E+0	2.523090E-1
69.400000	2.591447E+0	2.573061E-1
69.466667	2.635299E+0	2.643999E-1
69.533333	2.729756E+0	3.831151E-1
69.600000	2.925948E+0	6.442240E-1
69.666667	3.176988E+0	9.303038E-1
69.733333	3.371303E+0	1.226648E+0
69.800000	3.483170E+0	1.546018E+0
69.866667	3.521476E+0	1.700006E+0
69.933333	3.544785E+0	1.766375E+0
70.000000	3.572722E+0	1.775423E+0
70.066667	3.583466E+0	1.820412E+0
70.133333	3.615712E+0	1.901938E+0
70.200000	3.610355E+0	2.006766E+0
70.266667	3.559711E+0	2.093342E+0
70.333333	3.371409E+0	1.849261E+0
70.400000	3.073395E+0	1.543756E+0
70.466667	2.817842E+0	1.017022E+0
70.533333	2.674323E+0	6.252347E-1
70.600000	2.612779E+0	5.039570E-1
70.666667	2.593415E+0	3.760364E-1
70.733333	2.582930E+0	2.777683E-1
70.800000	2.579325E+0	2.605825E-1
70.866667	2.579531E+0	2.157881E-1
70.933333	2.579312E+0	2.036070E-1
71.000000	2.579379E+0	2.111441E-1
71.066667	2.579356E+0	2.127598E-1
71.133333	2.579394E+0	2.094083E-1
71.200000	2.579360E+0	2.140898E-1
71.266667	2.580316E+0	2.146760E-1
71.333333	2.580091E+0	2.144581E-1
71.400000	2.579431E+0	2.135338E-1
71.466667	2.579306E+0	2.134511E-1
71.533333	2.579242E+0	2.120534E-1
71.600000	2.579381E+0	2.140072E-1
71.666667	2.585244E+0	2.138268E-1
71.733333	2.610363E+0	2.227015E-1
71.800000	2.668306E+0	2.642196E-1
71.866667	2.770991E+0	4.051479E-1
71.933333	2.851280E+0	5.766680E-1
72.000000	2.920104E+0	6.520542E-1
72.066667	2.956587E+0	7.980623E-1
72.133333	2.962944E+0	9.659905E-1
72.200000	2.952636E+0	1.012543E+0
72.266667	2.949514E+0	1.025341E+0
72.333333	2.944971E+0	1.020050E+0
72.400000	2.934636E+0	1.017616E+0
72.466667	2.930632E+0	1.048275E+0
72.533333	2.923549E+0	1.050522E+0
72.600000	2.912530E+0	1.026723E+0
72.666667	2.893841E+0	9.434843E-1
72.733333	2.872186E+0	9.263135E-1
72.800000	2.863129E+0	9.352784E-1
72.866667	2.856512E+0	9.302662E-1
72.933333	2.847933E+0	9.272153E-1
73.000000	2.842632E+0	9.291240E-1
73.066667	2.833076E+0	9.206701E-1
73.133333	2.822172E+0	9.059190E-1
73.200000	2.809359E+0	8.879742E-1
73.266667	2.799755E+0	8.461406E-1
73.333333	2.792485E+0	8.234616E-1
73.400000	2.781811E+0	8.183968E-1
73.466667	2.777974E+0	8.151730E-1
73.533333	2.778374E+0	8.466065E-1
73.600000	2.777897E+0	8.592385E-1
73.666667	2.776071E+0	8.596442E-1
73.733333	2.771274E+0	8.349664E-1
73.800000	2.752153E+0	7.515171E-1
73.866667	2.728886E+0	6.432471E-1
73.933333	2.717141E+0	5.547104E-1
74.000000	2.711379E+0	5.284244E-1
74.066667	2.702282E+0	5.372766E-1
74.133333	2.685875E+0	5.074963E-1
74.200000	2.654509E+0	4.686460E-1
74.266667	2.622050E+0	3.949055E-1
74.333333	2.594380E+0	3.266206E-1
74.400000	2.582832E+0	2.968403E-1
74.466667	2.579354E+0	2.522714E-1
74.533333	2.579366E+0	2.655496E-1
74.600000	2.579194E+0	2.376330E-1
74.666667	2.579291E+0	2.324630E-1
74.733333	2.579200E+0	2.287733E-1
74.800000	2.579248E+0	2.243848E-1
74.866667	2.579102E+0	2.245501E-1
74.933333	2.579121E+0	2.247981E-1
75.000000	2.579189E+0	2.257675E-1
75.066667	2.579273E+0	2.223559E-1
75.133333	2.579248E+0	2.189142E-1
75.200000	2.579208E+0	2.200940E-1
75.266667	2.579052E+0	2.174789E-1
75.333333	2.579189E+0	2.188841E-1
75.400000	2.579142E+0	2.182755E-1
75.466667	2.579258E+0	2.147436E-1
75.533333	2.579019E+0	2.139922E-1
75.600000	2.579133E+0	2.127372E-1
75.666667	2.579194E+0	2.103326E-1
75.733333	2.579346E+0	2.111592E-1
75.800000	2.579335E+0	2.115424E-1
75.866667	2.579271E+0	2.110164E-1
75.933333	2.579246E+0	2.121661E-1
76.000000	2.579473E+0	2.100019E-1
76.066667	2.582339E+0	2.095435E-1
76.133333	2.584132E+0	2.100395E-1
76.200000	2.584951E+0	2.069285E-1
76.266667	2.588429E+0	2.387001E-1
76.333333	2.595242E+0	2.447944E-1
76.400000	2.600318E+0	2.085140E-1
76.466667	2.605300E+0	2.124216E-1
76.533333	2.604813E+0	2.147135E-1
76.600000	2.607306E+0	2.151344E-1
76.666667	2.612223E+0	2.156303E-1
76.733333	2.615437E+0	2.174413E-1
76.800000	2.620580E+0	2.360850E-1
76.866667	2.627349E+0	2.397897E-1
76.933333	2.633798E+0	2.459216E-1
77.000000	2.640588E+0	2.455609E-1
77.066667	2.646984E+0	2.462146E-1
77.133333	2.653364E+0	2.533610E-1
77.200000	2.657956E+0	2.688110E-1
77.266667	2.661843E+0	2.797597E-1
77.333333	2.669445E+0	2.977045E-1
77.400000	2.679558E+0	3.357808E-1
77.466667	2.684292E+0	3.454897E-1
77.533333	2.685615E+0	3.616084E-1
77.600000	2.685381E+0	3.610223E-1
77.666667	2.683534E+0	3.700548E-1
77.733333	2.680660E+0	3.708138E-1
77.800000	2.679958E+0	3.678455E-1
77.866667	2.678791E+0	3.714751E-1
77.933333	2.680051E+0	3.658316E-1
78.000000	2.680433E+0	3.606315E-1
78.066667	2.681161E+0	3.553788E-1
78.133333	2.677727E+0	3.495550E-1
78.200000	2.673399E+0	3.342178E-1
78.266667	2.674140E+0	3.239228E-1
78.333333	2.674757E+0	3.328652E-1
78.400000	2.673655E+0	3.287622E-1
78.466667	2.673828E+0	3.286871E-1
78.533333	2.675357E+0	3.218638E-1
78.600000	2.674567E+0	3.256211E-1
78.666667	2.674055E+0	3.274998E-1
78.733333	2.673817E+0	3.331883E-1
78.800000	2.675232E+0	3.297316E-1
78.866667	2.673634E+0	3.303328E-1
78.933333	2.673955E+0	3.297015E-1
79.000000	2.674476E+0	3.250951E-1
79.066667	2.675611E+0	3.256437E-1
79.133333	2.676277E+0	3.278980E-1
79.200000	2.677646E+0	3.422584E-1
79.266667	2.675309E+0	3.563257E-1
79.333333	2.674790E+0	3.513285E-1
79.400000	2.678416E+0	3.609096E-1
79.466667	2.685044E+0	3.796885E-1
79.533333	2.684771E+0	3.852568E-1
79.600000	2.680970E+0	3.949957E-1
79.666667	2.677158E+0	3.902465E-1
79.733333	2.675407E+0	3.896528E-1
79.800000	2.673263E+0	3.865343E-1
79.866667	2.672262E+0	3.561829E-1
79.933333	2.671180E+0	3.517568E-1
80.000000	2.671524E+0	3.480070E-1
80.066667	2.673053E+0	3.484429E-1
80.133333	2.675036E+0	3.508325E-1
80.200000	2.674494E+0	3.559800E-1
80.266667	2.672334E+0	3.606541E-1
80.333333	2.668893E+0	3.538158E-1
80.400000	2.666634E+0	3.546950E-1
80.466667	2.665950E+0	3.561453E-1
80.533333	2.666082E+0	3.505770E-1
80.600000	2.665196E+0	3.500585E-1
80.666667	2.663788E+0	3.483227E-1
80.733333	2.666380E+0	3.480296E-1
80.800000	2.667598E+0	3.546574E-1
80.866667	2.667048E+0	3.576182E-1
80.933333	2.662089E+0	3.558523E-1
81.000000	2.658656E+0	3.543569E-1
81.066667	2.655726E+0	3.450313E-1
81.133333	2.654178E+0	3.462486E-1
81.200000	2.655445E+0	3.407931E-1
81.266667	2.657615E+0	3.408832E-1
81.333333	2.654403E+0	3.301449E-1
81.400000	2.649796E+0	3.222922E-1
81.466667	2.644859E+0	3.296489E-1
81.533333	2.643804E+0	3.162730E-1
81.600000	2.638511E+0	2.936090E-1
81.666667	2.633212E+0	2.931281E-1
81.733333	2.630965E+0	2.893934E-1
81.800000	2.627739E+0	2.882512E-1
81.866667	2.622136E+0	2.813528E-1
81.933333	2.615477E+0	2.801805E-1
82.000000	2.608370E+0	2.642045E-1
82.066667	2.606979E+0	2.522263E-1
82.133333	2.603194E+0	2.535864E-1
82.200000	2.601315E+0	2.458840E-1
82.266667	2.598585E+0	2.343717E-1
82.333333	2.594528E+0	2.348451E-1
82.400000	2.589956E+0	2.073868E-1
82.466667	2.586569E+0	1.845501E-1
82.533333	2.585003E+0	1.804321E-1
82.600000	2.584147E+0	1.723163E-1
82.666667	2.582826E+0	1.704677E-1
82.733333	2.581072E+0	1.550253E-1
82.800000	2.580227E+0	1.541386E-1
82.866667	2.579325E+0	1.491264E-1
82.933333	2.579912E+0	1.808905E-1
83.000000	2.579212E+0	2.005786E-1
83.066667	2.579427E+0	2.034868E-1
83.133333	2.579348E+0	2.060868E-1
83.200000	2.579229E+0	2.052527E-1
83.266667	2.579296E+0	2.081458E-1
83.333333	2.579325E+0	2.088221E-1
83.400000	2.579337E+0	2.081984E-1
83.466667	2.579350E+0	2.100771E-1
83.533333	2.579298E+0	2.111141E-1
83.600000	2.579256E+0	2.105129E-1
83.666667	2.579258E+0	2.102574E-1
83.733333	2.579346E+0	2.117453E-1
83.800000	2.579225E+0	2.124366E-1
83.866667	2.579235E+0	2.121586E-1
83.933333	2.579487E+0	2.123239E-1
84.000000	2.579210E+0	2.123089E-1
84.066667	2.579223E+0	2.111667E-1
84.133333	2.579087E+0	2.109713E-1
84.200000	2.579285E+0	2.115950E-1
84.266667	2.579873E+0	2.106707E-1
84.333333	2.580974E+0	2.058163E-1
84.400000	2.592699E+0	2.067331E-1
84.466667	2.644751E+0	2.488898E-1
84.533333	2.715912E+0	3.861210E-1
84.600000	2.764750E+0	4.726663E-1
84.666667	2.797420E+0	5.787270E-1
84.733333	2.837002E+0	6.245133E-1
84.800000	2.864990E+0	6.397303E-1
84.866667	2.883804E+0	6.764089E-1
84.933333	2.891181E+0	7.399596E-1
85.000000	2.884764E+0	8.025485E-1
85.066667	2.856364E+0	8.219587E-1
85.133333	2.805482E+0	7.509910E-1
85.200000	2.742478E+0	6.172542E-1
85.266667	2.690397E+0	5.049038E-1
85.333333	2.647432E+0	4.140526E-1
85.400000	2.608864E+0	3.256963E-1
85.466667	2.580804E+0	2.570807E-1
85.533333	2.579198E+0	2.258652E-1
85.600000	2.579206E+0	2.228067E-1
85.666667	2.579171E+0	2.222131E-1
85.733333	2.579200E+0	2.216270E-1
85.800000	2.579181E+0	2.224611E-1
85.866667	2.579035E+0	2.212287E-1
85.933333	2.578964E+0	2.213715E-1
86.000000	2.579004E+0	2.206200E-1
86.066667	2.579166E+0	2.202217E-1
86.133333	2.579041E+0	2.194477E-1
86.200000	2.578940E+0	2.185836E-1
86.266667	2.579493E+0	2.152847E-1
86.333333	2.581166E+0	2.074394E-1
86.400000	2.589814E+0	1.992110E-1
86.466667	2.612342E+0	2.123014E-1
86.533333	2.631167E+0	2.189743E-1
86.600000	2.645007E+0	2.223258E-1
86.666667	2.656932E+0	2.295623E-1
86.733333	2.668396E+0	2.452603E-1
86.800000	2.677852E+0	2.716064E-1
86.866667	2.687793E+0	3.098030E-1
86.933333	2.699376E+0	3.352323E-1
87.000000	2.713879E+0	3.657940E-1
87.066667	2.731494E+0	4.054935E-1
87.133333	2.747213E+0	4.493411E-1
87.200000	2.764009E+0	4.451554E-1
87.266667	2.772688E+0	4.314413E-1
87.333333	2.783852E+0	4.598239E-1
87.400000	2.797884E+0	4.846145E-1
87.466667	2.814843E+0	5.417102E-1
87.533333	2.839816E+0	5.989487E-1
87.600000	2.856214E+0	6.568334E-1
87.666667	2.872073E+0	6.716371E-1
87.733333	2.885785E+0	7.385694E-1
87.800000	2.899254E+0	7.706717E-1
87.866667	2.906926E+0	8.007600E-1
87.933333	2.915663E+0	8.143163E-1
88.000000	2.917156E+0	8.384081E-1
88.066667	2.913080E+0	8.513181E-1
88.133333	2.905718E+0	8.438636E-1
88.200000	2.902427E+0	8.270611E-1
88.266667	2.895972E+0	8.343652E-1
88.333333	2.888701E+0	8.250321E-1
88.400000	2.884952E+0	8.257084E-1
88.466667	2.881269E+0	8.267379E-1
88.533333	2.877380E+0	8.397832E-1
88.600000	2.871655E+0	8.540309E-1
88.666667	2.869468E+0	8.738167E-1
88.733333	2.869030E+0	8.629206E-1
88.800000	2.870480E+0	8.713369E-1
88.866667	2.875383E+0	8.777619E-1
88.933333	2.883423E+0	8.835331E-1
89.000000	2.896118E+0	8.937529E-1
89.066667	2.908656E+0	9.368414E-1
89.133333	2.915726E+0	9.700033E-1
89.200000	2.920235E+0	9.864376E-1
89.266667	2.930060E+0	1.021666E+0
89.333333	2.936760E+0	1.001332E+0
89.400000	2.938289E+0	1.028339E+0
89.466667	2.936885E+0	1.012137E+0
89.533333	2.936704E+0	9.877602E-1
89.600000	2.933338E+0	9.726634E-1
89.666667	2.932561E+0	9.825676E-1
89.733333	2.936085E+0	1.018735E+0
89.800000	2.936000E+0	1.043526E+0
89.866667	2.932971E+0	1.066926E+0
89.933333	2.927869E+0	1.065386E+0
90.000000	2.928750E+0	1.039137E+0
90.066667	2.929218E+0	1.045540E+0
90.133333	2.925932E+0	1.058758E+0
90.200000	2.923338E+0	1.046081E+0
90.266667	2.921472E+0	1.041797E+0
90.333333	2.921524E+0	1.037341E+0
90.400000	2.921468E+0	1.038604E+0
90.466667	2.921984E+0	1.034118E+0
90.533333	2.928531E+0	1.019968E+0
90.600000	2.931647E+0	1.002504E+0
90.666667	2.928641E+0	1.004698E+0
90.733333	2.922980E+0	1.007666E+0
90.800000	2.922307E+0	9.984384E-1
90.866667	2.922522E+0	9.971233E-1
90.933333	2.926785E+0	1.001955E+0
91.000000	2.925584E+0	1.002301E+0
91.066667	2.925365E+0	1.015001E+0
91.133333	2.925790E+0	1.015188E+0
91.200000	2.929699E+0	1.015782E+0
91.266667	2.932601E+0	1.029977E+0
91.333333	2.934961E+0	1.032201E+0
91.400000	2.935044E+0	1.036274E+0
91.466667	2.934261E+0	1.043037E+0
91.533333	2.934806E+0	1.041129E+0
91.600000	2.933247E+0	1.042827E+0
91.666667	2.932105E+0	1.045006E+0
91.733333	2.938012E+0	1.043458E+0
91.800000	2.960905E+0	1.050357E+0
91.866667	3.000231E+0	1.088493E+0
91.933333	3.030255E+0	1.097022E+0
92.000000	3.065353E+0	1.156087E+0
92.066667	3.100258E+0	1.170537E+0
92.133333	3.116606E+0	1.192014E+0
92.200000	3.131152E+0	1.187663E+0
92.266667	3.135737E+0	1.190180E+0
92.333333	3.138907E+0	1.204766E+0
92.400000	3.140988E+0	1.229902E+0
92.466667	3.133148E+0	1.262253E+0
92.533333	3.129632E+0	1.277695E+0
92.600000	3.131519E+0	1.273479E+0
92.666667	3.135168E+0	1.292040E+0
92.733333	3.138486E+0	1.300021E+0
92.800000	3.135283E+0	1.295790E+0
92.866667	3.133989E+0	1.293175E+0
92.933333	3.128076E+0	1.303417E+0
93.000000	3.122086E+0	1.312089E+0
93.066667	3.120232E+0	1.316305E+0
93.133333	3.119992E+0	1.311090E+0
93.200000	3.119745E+0	1.327629E+0
93.266667	3.117162E+0	1.337173E+0
93.333333	3.118616E+0	1.332581E+0
93.400000	3.118645E+0	1.335174E+0
93.466667	3.117793E+0	1.324691E+0
93.533333	3.117235E+0	1.344184E+0
93.600000	3.119926E+0	1.338540E+0
93.666667	3.119788E+0	1.315298E+0
93.733333	3.115991E+0	1.294317E+0
93.800000	3.111517E+0	1.300825E+0
93.866667	3.105504E+0	1.332085E+0
93.933333	3.105011E+0	1.341621E+0
94.000000	3.103015E+0	1.326833E+0
94.066667	3.079739E+0	1.293355E+0
94.133333	3.052610E+0	1.245014E+0
94.200000	3.028564E+0	1.198063E+0
94.266667	3.012522E+0	1.187280E+0
94.333333	3.002674E+0	1.165593E+0
94.400000	2.990292E+0	1.127125E+0
94.466667	2.986951E+0	1.061704E+0
94.533333	2.979902E+0	1.065784E+0
94.600000	2.974556E+0	1.040783E+0
94.666667	2.961915E+0	1.017082E+0
94.733333	2.957478E+0	9.972812E-1
94.800000	2.953588E+0	9.690188E-1
94.866667	2.949499E+0	9.599412E-1
94.933333	2.947878E+0	9.578597E-1
95.000000	2.946177E+0	9.558383E-1
95.066667	2.946206E+0	9.491653E-1
95.133333	2.948743E+0	9.498191E-1
95.200000	2.945994E+0	9.509313E-1
95.266667	2.944344E+0	9.548464E-1
95.333333	2.942011E+0	9.592950E-1
95.400000	2.941436E+0	9.566048E-1
95.466667	2.941772E+0	9.460017E-1
95.533333	2.940303E+0	9.404034E-1
95.600000	2.938431E+0	9.449497E-1
95.666667	2.936717E+0	9.431612E-1
95.733333	2.935808E+0	9.272153E-1
95.800000	2.936969E+0	9.117578E-1
95.866667	2.936948E+0	9.098641E-1
95.933333	2.938195E+0	9.170405E-1
96.000000	2.942442E+0	9.155151E-1
96.066667	2.945637E+0	9.128700E-1
96.133333	2.945285E+0	9.164619E-1
96.200000	2.947904E+0	9.170781E-1
96.266667	2.948705E+0	9.262760E-1
96.333333	2.949805E+0	9.338056E-1
96.400000	2.949324E+0	9.261332E-1
96.466667	2.956885E+0	9.432063E-1
96.533333	2.965235E+0	9.943204E-1
96.600000	2.959380E+0	9.975742E-1
96.666667	2.952121E+0	9.905932E-1
96.733333	2.952032E+0	9.885116E-1
96.800000	2.952309E+0	9.624962E-1
96.866667	2.938801E+0	9.380513E-1
96.933333	2.929818E+0	9.360224E-1
97.000000	2.931797E+0	9.260129E-1
97.066667	2.938943E+0	9.175440E-1
97.133333	2.941744E+0	9.145607E-1
97.200000	2.937945E+0	9.276812E-1
97.266667	2.936031E+0	9.281396E-1
97.333333	2.938077E+0	9.319269E-1
97.400000	2.938937E+0	9.361651E-1
97.466667	2.942328E+0	9.367362E-1
97.533333	2.946752E+0	9.373675E-1
97.600000	2.947458E+0	9.391559E-1
97.666667	2.947102E+0	9.442283E-1
97.733333	2.942850E+0	9.419288E-1
97.800000	2.933821E+0	9.298905E-1
97.866667	2.913857E+0	9.229470E-1
97.933333	2.898386E+0	9.077225E-1
98.000000	2.896313E+0	9.170931E-1
98.066667	2.886878E+0	8.719456E-1
98.133333	2.872069E+0	8.096047E-1
98.200000	2.847694E+0	7.361272E-1
98.266667	2.795337E+0	6.703446E-1
98.333333	2.740483E+0	6.238896E-1
98.400000	2.715643E+0	6.097622E-1
98.466667	2.704837E+0	5.661476E-1
98.533333	2.706693E+0	5.364951E-1
98.600000	2.707936E+0	5.216989E-1
98.666667	2.702925E+0	5.112611E-1
98.733333	2.696066E+0	5.055275E-1
98.800000	2.696210E+0	4.956383E-1
98.866667	2.682651E+0	4.600869E-1
98.933333	2.672580E+0	4.415184E-1
99.000000	2.665851E+0	4.530683E-1
99.066667	2.657807E+0	4.757999E-1
99.133333	2.657365E+0	4.735906E-1
99.200000	2.666309E+0	4.602597E-1
99.266667	2.660231E+0	4.734628E-1
99.333333	2.661797E+0	4.426005E-1
99.400000	2.649685E+0	4.219580E-1
99.466667	2.643537E+0	3.997900E-1
99.533333	2.636772E+0	3.238777E-1
99.600000	2.629567E+0	2.926397E-1
99.666667	2.626822E+0	2.991323E-1
99.733333	2.623956E+0	2.862147E-1
99.800000	2.619138E+0	2.800377E-1
99.866667	2.609661E+0	2.556980E-1
99.933333	2.599462E+0	2.378058E-1
100.000000	2.594840E+0	2.277513E-1

