0.000000	2.580754E+0	9.455433E-1
0.066667	2.580625E+0	9.446341E-1
0.133333	2.580529E+0	9.401253E-1
0.200000	2.580595E+0	9.381640E-1
0.266667	2.580593E+0	9.396218E-1
0.333333	2.580618E+0	9.340535E-1
0.400000	2.580602E+0	9.427028E-1
0.466667	2.580668E+0	9.419288E-1
0.533333	2.580656E+0	9.394866E-1
0.600000	2.580687E+0	9.390507E-1
0.666667	2.580700E+0	9.402982E-1
0.733333	2.580614E+0	9.427404E-1
0.800000	2.580554E+0	9.421467E-1
0.866667	2.580485E+0	9.424473E-1
0.933333	2.580595E+0	9.438676E-1
1.000000	2.580564E+0	9.388028E-1
1.066667	2.580429E+0	9.350830E-1
1.133333	2.580549E+0	9.329790E-1
1.200000	2.580656E+0	9.220678E-1
1.266667	2.580422E+0	9.026952E-1
1.333333	2.580643E+0	9.086468E-1
1.400000	2.580647E+0	9.129601E-1
1.466667	2.580520E+0	9.094659E-1
1.533333	2.580504E+0	8.835105E-1
1.600000	2.580704E+0	8.881620E-1
1.666667	2.580429E+0	8.720283E-1
1.733333	2.580647E+0	8.800989E-1
1.800000	2.580720E+0	8.838787E-1
1.866667	2.580818E+0	8.721485E-1
1.933333	2.580758E+0	8.742300E-1
2.000000	2.580785E+0	8.649721E-1
2.066667	2.580589E+0	8.773035E-1
2.133333	2.580423E+0	8.765520E-1
2.200000	2.580583E+0	8.662045E-1
2.266667	2.583374E+0	8.672866E-1
2.333333	2.585492E+0	8.373485E-1
2.400000	2.585334E+0	8.130764E-1
2.466667	2.586423E+0	7.756839E-1
2.533333	2.591674E+0	7.645999E-1
2.600000	2.602680E+0	8.012786E-1
2.666667	2.619874E+0	8.668432E-1
2.733333	2.650710E+0	9.946060E-1
2.800000	2.685479E+0	1.115493E+0
2.866667	2.712981E+0	1.298833E+0
2.933333	2.740260E+0	1.390301E+0
3.000000	2.756927E+0	1.406502E+0
3.066667	2.779555E+0	1.414190E+0
3.133333	2.800604E+0	1.442001E+0
3.200000	2.820875E+0	1.474817E+0
3.266667	2.858049E+0	1.522242E+0
3.333333	2.879101E+0	1.588438E+0
3.400000	2.905742E+0	1.693942E+0
3.466667	2.932549E+0	1.908123E+0
3.533333	2.961027E+0	2.006646E+0
3.600000	2.981152E+0	2.099015E+0
3.666667	3.005128E+0	2.134597E+0
3.733333	3.020755E+0	2.231174E+0
3.800000	3.048801E+0	2.255596E+0
3.866667	3.077809E+0	2.305313E+0
3.933333	3.092470E+0	2.324392E+0
4.000000	3.105340E+0	2.386372E+0
4.066667	3.109947E+0	2.414965E+0
4.133333	3.125591E+0	2.426200E+0
4.200000	3.129786E+0	2.457881E+0
4.266667	3.132819E+0	2.475007E+0
4.333333	3.136383E+0	2.470092E+0
4.400000	3.141865E+0	2.470678E+0
4.466667	3.148128E+0	2.475623E+0
4.533333	3.155518E+0	2.445445E+0
4.600000	3.161156E+0	2.490261E+0
4.666667	3.157623E+0	2.512482E+0
4.733333	3.152725E+0	2.493681E+0
4.800000	3.152456E+0	2.527083E+0
4.866667	3.155743E+0	2.550551E+0
4.933333	3.162622E+0	2.592632E+0
5.000000	3.178300E+0	2.620775E+0
5.066667	3.198920E+0	2.632309E+0
5.133333	3.213071E+0	2.675421E+0
5.200000	3.226491E+0	2.718141E+0
5.266667	3.243291E+0	2.713715E+0
5.333333	3.249146E+0	2.714902E+0
5.400000	3.255465E+0	2.791949E+0
5.466667	3.256119E+0	2.841079E+0
5.533333	3.255074E+0	2.873745E+0
5.600000	3.257721E+0	2.863856E+0
5.666667	3.263357E+0	2.867140E+0
5.733333	3.267610E+0	2.941752E+0
5.800000	3.276658E+0	3.005761E+0
5.866667	3.287870E+0	2.900948E+0
5.933333	3.295252E+0	2.920846E+0
6.000000	3.297672E+0	2.928188E+0
6.066667	3.297522E+0	2.956150E+0
6.133333	3.298349E+0	2.976582E+0
6.200000	3.300957E+0	2.982669E+0
6.266667	3.301517E+0	2.991243E+0
6.333333	3.304589E+0	2.977521E+0
6.400000	3.305947E+0	2.969841E+0
6.466667	3.319357E+0	2.965280E+0
6.533333	3.331558E+0	2.978025E+0
6.600000	3.334478E+0	3.004348E+0
6.666667	3.336242E+0	2.999584E+0
6.733333	3.339137E+0	2.990431E+0
6.800000	3.340720E+0	2.965956E+0
6.866667	3.340981E+0	2.993174E+0
6.933333	3.339204E+0	3.022639E+0
7.000000	3.338394E+0	3.029515E+0
7.066667	3.338554E+0	3.007685E+0
7.133333	3.343522E+0	2.979415E+0
7.200000	3.346794E+0	2.986854E+0
7.266667	3.345019E+0	3.007114E+0
7.333333	3.338410E+0	3.022353E+0
7.400000	3.332935E+0	3.037044E+0
7.466667	3.327582E+0	3.012081E+0
7.533333	3.325588E+0	2.979528E+0
7.600000	3.312108E+0	2.919223E+0
7.666667	3.308990E+0	2.858581E+0
7.733333	3.305572E+0	2.866779E+0
7.800000	3.301740E+0	2.891322E+0
7.866667	3.296276E+0	2.885295E+0
7.933333	3.289074E+0	2.845250E+0
8.000000	3.263226E+0	2.813756E+0
8.066667	3.264480E+0	2.841147E+0
8.133333	3.268425E+0	2.849924E+0
8.200000	3.274392E+0	2.858453E+0
8.266667	3.279487E+0	2.903954E+0
8.333333	3.289920E+0	2.898626E+0
8.400000	3.298111E+0	2.923747E+0
8.466667	3.312192E+0	2.929759E+0
8.533333	3.322708E+0	2.925708E+0
8.600000	3.345594E+0	2.918923E+0
8.666667	3.358254E+0	2.956954E+0
8.733333	3.373971E+0	2.964671E+0
8.800000	3.388549E+0	2.968865E+0
8.866667	3.403393E+0	2.996676E+0
8.933333	3.407457E+0	2.982556E+0
9.000000	3.414078E+0	3.037202E+0
9.066667	3.415145E+0	3.053847E+0
9.133333	3.419410E+0	3.062947E+0
9.200000	3.430876E+0	3.078803E+0
9.266667	3.442953E+0	3.103135E+0
9.333333	3.455216E+0	3.124033E+0
9.400000	3.458880E+0	3.114910E+0
9.466667	3.464019E+0	3.121831E+0
9.533333	3.476491E+0	3.139956E+0
9.600000	3.485541E+0	3.157105E+0
9.666667	3.495216E+0	3.166806E+0
9.733333	3.497907E+0	3.173426E+0
9.800000	3.507640E+0	3.164296E+0
9.866667	3.518927E+0	3.137371E+0
9.933333	3.527695E+0	3.115602E+0
10.000000	3.531592E+0	3.128752E+0
10.066667	3.534181E+0	3.161861E+0
10.133333	3.536952E+0	3.168331E+0
10.200000	3.552610E+0	3.163019E+0
10.266667	3.554312E+0	3.145149E+0
10.333333	3.557449E+0	3.165063E+0
10.400000	3.558892E+0	3.191379E+0
10.466667	3.569034E+0	3.223368E+0
10.533333	3.572187E+0	3.233295E+0
10.600000	3.581737E+0	3.239179E+0
10.666667	3.582414E+0	3.237375E+0
10.733333	3.582451E+0	3.247888E+0
10.800000	3.583334E+0	3.251300E+0
10.866667	3.588542E+0	3.256455E+0
10.933333	3.602667E+0	3.260655E+0
11.000000	3.603169E+0	3.268448E+0
11.066667	3.601561E+0	3.261302E+0
11.133333	3.601876E+0	3.266276E+0
11.200000	3.600274E+0	3.272994E+0
11.266667	3.601083E+0	3.270537E+0
11.333333	3.604188E+0	3.270890E+0
11.400000	3.605463E+0	3.304984E+0
11.466667	3.606073E+0	3.286160E+0
11.533333	3.605371E+0	3.257702E+0
11.600000	3.605646E+0	3.255801E+0
11.666667	3.602978E+0	3.269650E+0
11.733333	3.598796E+0	3.250353E+0
11.800000	3.595763E+0	3.237811E+0
11.866667	3.594761E+0	3.239652E+0
11.933333	3.595090E+0	3.251210E+0
12.000000	3.595121E+0	3.251044E+0
12.066667	3.595971E+0	3.245747E+0
12.133333	3.592499E+0	3.237368E+0
12.200000	3.585030E+0	3.236549E+0
12.266667	3.568961E+0	3.229733E+0
12.333333	3.554749E+0	3.202493E+0
12.400000	3.548464E+0	3.199802E+0
12.466667	3.526533E+0	3.151581E+0
12.533333	3.516925E+0	3.188884E+0
12.600000	3.518860E+0	3.227088E+0
12.666667	3.532053E+0	3.240584E+0
12.733333	3.554495E+0	3.267276E+0
12.800000	3.588085E+0	3.283643E+0
12.866667	3.605073E+0	3.262737E+0
12.933333	3.614492E+0	3.271612E+0
13.000000	3.617466E+0	3.283289E+0
13.066667	3.630696E+0	3.277901E+0
13.133333	3.647159E+0	3.283470E+0
13.200000	3.660798E+0	3.371353E+0
13.266667	3.655314E+0	3.371300E+0
13.333333	3.652181E+0	3.378754E+0
13.400000	3.650694E+0	3.408610E+0
13.466667	3.654799E+0	3.418724E+0
13.533333	3.659586E+0	3.409767E+0
13.600000	3.675998E+0	3.402613E+0
13.666667	3.696719E+0	3.457620E+0
13.733333	3.720719E+0	3.457319E+0
13.800000	3.741064E+0	3.432581E+0
13.866667	3.750071E+0	3.457642E+0
13.933333	3.754874E+0	3.444116E+0
14.000000	3.762197E+0	3.476504E+0
14.066667	3.764094E+0	3.471582E+0
14.133333	3.778487E+0	3.496440E+0
14.200000	3.784219E+0	3.515452E+0
14.266667	3.787612E+0	3.517879E+0
14.333333	3.794921E+0	3.498281E+0
14.400000	3.798999E+0	3.501670E+0
14.466667	3.797885E+0	3.530677E+0
14.533333	3.796456E+0	3.521103E+0
14.600000	3.800967E+0	3.513671E+0
14.666667	3.808293E+0	3.502234E+0
14.733333	3.808603E+0	3.506119E+0
14.800000	3.811190E+0	3.514250E+0
14.866667	3.817567E+0	3.516219E+0
14.933333	3.823031E+0	3.507877E+0
15.000000	3.832628E+0	3.509177E+0
15.066667	3.842243E+0	3.505014E+0
15.133333	3.850739E+0	3.499837E+0
15.200000	3.855792E+0	3.500273E+0
15.266667	3.859433E+0	3.492720E+0
15.333333	3.860651E+0	3.483072E+0
15.400000	3.876810E+0	3.496921E+0
15.466667	3.891948E+0	3.505788E+0
15.533333	3.902871E+0	3.501505E+0
15.600000	3.914234E+0	3.503015E+0
15.666667	3.919238E+0	3.512288E+0
15.733333	3.928804E+0	3.525266E+0
15.800000	3.936985E+0	3.533299E+0
15.866667	3.934626E+0	3.552101E+0
15.933333	3.943707E+0	3.552439E+0
16.000000	3.952303E+0	3.551424E+0
16.066667	3.953875E+0	3.562103E+0
16.133333	3.962650E+0	3.570308E+0
16.200000	3.967483E+0	3.580769E+0
16.266667	3.965679E+0	3.579942E+0
16.333333	3.968724E+0	3.577763E+0
16.400000	3.982737E+0	3.583542E+0
16.466667	4.004524E+0	3.570602E+0
16.533333	4.012828E+0	3.540152E+0
16.600000	3.996049E+0	3.493908E+0
16.666667	3.998107E+0	3.477744E+0
16.733333	4.011656E+0	3.469275E+0
16.800000	4.022659E+0	3.486153E+0
16.866667	4.017379E+0	3.484049E+0
16.933333	4.013336E+0	3.478217E+0
17.000000	4.022861E+0	3.483290E+0
17.066667	4.026906E+0	3.482230E+0
17.133333	4.028595E+0	3.481779E+0
17.200000	4.031699E+0	3.486934E+0
17.266667	4.052356E+0	3.504669E+0
17.333333	4.055575E+0	3.520352E+0
17.400000	4.057003E+0	3.528377E+0
17.466667	4.055177E+0	3.530376E+0
17.533333	4.061648E+0	3.533825E+0
17.600000	4.064772E+0	3.540205E+0
17.666667	4.063033E+0	3.545172E+0
17.733333	4.061119E+0	3.549764E+0
17.800000	4.068996E+0	3.552206E+0
17.866667	4.081260E+0	3.560975E+0
17.933333	4.084855E+0	3.562335E+0
18.000000	4.088875E+0	3.567107E+0
18.066667	4.079419E+0	3.570060E+0
18.133333	4.089410E+0	3.571556E+0
18.200000	4.104684E+0	3.570632E+0
18.266667	4.111741E+0	3.600382E+0
18.333333	4.105040E+0	3.612856E+0
18.400000	4.103230E+0	3.608039E+0
18.466667	4.108889E+0	3.611586E+0
18.533333	4.126271E+0	3.614644E+0
18.600000	4.154680E+0	3.618312E+0
18.666667	4.133313E+0	3.624691E+0
18.733333	4.127964E+0	3.624624E+0
18.800000	4.135273E+0	3.636888E+0
18.866667	4.157878E+0	3.635648E+0
18.933333	4.162214E+0	3.628306E+0
19.000000	4.148876E+0	3.632965E+0
19.066667	4.164518E+0	3.614592E+0
19.133333	4.168963E+0	3.609850E+0
19.200000	4.173830E+0	3.619649E+0
19.266667	4.165699E+0	3.620348E+0
19.333333	4.177998E+0	3.633228E+0
19.400000	4.187350E+0	3.637151E+0
19.466667	4.185440E+0	3.634205E+0
19.533333	4.182468E+0	3.627096E+0
19.600000	4.183863E+0	3.635099E+0
19.666667	4.197406E+0	3.639653E+0
19.733333	4.213548E+0	3.629456E+0
19.800000	4.197410E+0	3.621295E+0
19.866667	4.212428E+0	3.618740E+0
19.933333	4.226106E+0	3.624977E+0
20.000000	4.230317E+0	3.639555E+0
20.066667	4.238226E+0	3.651270E+0
20.133333	4.239480E+0	3.645867E+0
20.200000	4.245174E+0	3.671432E+0
20.266667	4.240719E+0	3.650932E+0
20.333333	4.245116E+0	3.652931E+0
20.400000	4.263432E+0	3.651180E+0
20.466667	4.272961E+0	3.651406E+0
20.533333	4.280578E+0	3.662430E+0
20.600000	4.284023E+0	3.683869E+0
20.666667	4.287139E+0	3.698642E+0
20.733333	4.279537E+0	3.712281E+0
20.800000	4.276067E+0	3.731421E+0
20.866667	4.277152E+0	3.743023E+0
20.933333	4.282680E+0	3.739942E+0
21.000000	4.293784E+0	3.735907E+0
21.066667	4.298595E+0	3.738424E+0
21.133333	4.289641E+0	3.740844E+0
21.200000	4.303310E+0	3.747284E+0
21.266667	4.302731E+0	3.755843E+0
21.333333	4.314774E+0	3.757722E+0
21.400000	4.335120E+0	3.770602E+0
21.466667	4.339806E+0	3.772984E+0
21.533333	4.351278E+0	3.786473E+0
21.600000	4.365013E+0	3.786871E+0
21.666667	4.395706E+0	3.791004E+0
21.733333	4.409148E+0	3.799383E+0
21.800000	4.420481E+0	3.801599E+0
21.866667	4.409940E+0	3.797158E+0
21.933333	4.404395E+0	3.795475E+0
22.000000	4.407957E+0	3.790170E+0
22.066667	4.408263E+0	3.782933E+0
22.133333	4.399324E+0	3.786706E+0
22.200000	4.400169E+0	3.796617E+0
22.266667	4.400823E+0	3.799864E+0
22.333333	4.428436E+0	3.807491E+0
22.400000	4.435094E+0	3.812661E+0
22.466667	4.414580E+0	3.802629E+0
22.533333	4.406539E+0	3.790763E+0
22.600000	4.419937E+0	3.790313E+0
22.666667	4.421096E+0	3.794491E+0
22.733333	4.421566E+0	3.794821E+0
22.800000	4.402602E+0	3.788757E+0
22.866667	4.383342E+0	3.789621E+0
22.933333	4.379099E+0	3.788231E+0
23.000000	4.356300E+0	3.780897E+0
23.066667	4.336165E+0	3.773285E+0
23.133333	4.299443E+0	3.766965E+0
23.200000	4.281901E+0	3.772796E+0
23.266667	4.262714E+0	3.771571E+0
23.333333	4.228382E+0	3.754167E+0
23.400000	4.187946E+0	3.734096E+0
23.466667	4.149619E+0	3.731909E+0
23.533333	4.122578E+0	3.728798E+0
23.600000	4.096865E+0	3.723418E+0
23.666667	4.089356E+0	3.709260E+0
23.733333	4.071156E+0	3.680450E+0
23.800000	4.037958E+0	3.664977E+0
23.866667	4.001414E+0	3.651316E+0
23.933333	3.983835E+0	3.642418E+0
24.000000	3.960805E+0	3.632942E+0
24.066667	3.935771E+0	3.624120E+0
24.133333	3.889707E+0	3.589846E+0
24.200000	3.853288E+0	3.594167E+0
24.266667	3.842055E+0	3.575043E+0
24.333333	3.829994E+0	3.548922E+0
24.400000	3.821706E+0	3.534592E+0
24.466667	3.799053E+0	3.534757E+0
24.533333	3.757038E+0	3.509576E+0
24.600000	3.684798E+0	3.476016E+0
24.666667	3.652435E+0	3.464616E+0
24.733333	3.636253E+0	3.443154E+0
24.800000	3.620672E+0	3.415899E+0
24.866667	3.606225E+0	3.394332E+0
24.933333	3.599993E+0	3.388937E+0
25.000000	3.610351E+0	3.394122E+0
25.066667	3.622021E+0	3.398097E+0
25.133333	3.630565E+0	3.401403E+0
25.200000	3.638717E+0	3.407731E+0
25.266667	3.658963E+0	3.417327E+0
25.333333	3.681260E+0	3.431003E+0
25.400000	3.703421E+0	3.444582E+0
25.466667	3.739738E+0	3.468591E+0
25.533333	3.782542E+0	3.474918E+0
25.600000	3.803002E+0	3.497725E+0
25.666667	3.821417E+0	3.482298E+0
25.733333	3.848204E+0	3.493825E+0
25.800000	3.882609E+0	3.501219E+0
25.866667	3.904516E+0	3.536748E+0
25.933333	3.920983E+0	3.558233E+0
26.000000	3.950984E+0	3.573442E+0
26.066667	3.985087E+0	3.584255E+0
26.133333	4.005953E+0	3.601028E+0
26.200000	4.041572E+0	3.616914E+0
26.266667	4.071583E+0	3.639946E+0
26.333333	4.094855E+0	3.653187E+0
26.400000	4.118510E+0	3.676564E+0
26.466667	4.141869E+0	3.691699E+0
26.533333	4.153910E+0	3.686807E+0
26.600000	4.166203E+0	3.689903E+0
26.666667	4.194669E+0	3.698748E+0
26.733333	4.207752E+0	3.710132E+0
26.800000	4.216502E+0	3.707908E+0
26.866667	4.232206E+0	3.730256E+0
26.933333	4.241696E+0	3.738334E+0
27.000000	4.258363E+0	3.753867E+0
27.066667	4.266094E+0	3.761712E+0
27.133333	4.255817E+0	3.762358E+0
27.200000	4.240250E+0	3.754941E+0
27.266667	4.239175E+0	3.757429E+0
27.333333	4.233448E+0	3.754122E+0
27.400000	4.219420E+0	3.736869E+0
27.466667	4.203076E+0	3.718240E+0
27.533333	4.202788E+0	3.709854E+0
27.600000	4.189431E+0	3.713529E+0
27.666667	4.173132E+0	3.720389E+0
27.733333	4.151306E+0	3.710215E+0
27.800000	4.127326E+0	3.694239E+0
27.866667	4.092907E+0	3.687122E+0
27.933333	4.059159E+0	3.678368E+0
28.000000	4.018519E+0	3.665676E+0
28.066667	3.963465E+0	3.652120E+0
28.133333	3.895635E+0	3.612743E+0
28.200000	3.825920E+0	3.604312E+0
28.266667	3.769541E+0	3.552033E+0
28.333333	3.741937E+0	3.527964E+0
28.400000	3.718086E+0	3.512258E+0
28.466667	3.696519E+0	3.493968E+0
28.533333	3.666611E+0	3.491315E+0
28.600000	3.635281E+0	3.446769E+0
28.666667	3.604584E+0	3.431920E+0
28.733333	3.583684E+0	3.404777E+0
28.800000	3.573970E+0	3.392852E+0
28.866667	3.554552E+0	3.370308E+0
28.933333	3.532900E+0	3.359239E+0
29.000000	3.491193E+0	3.325581E+0
29.066667	3.448141E+0	3.275752E+0
29.133333	3.426761E+0	3.253201E+0
29.200000	3.400288E+0	3.230890E+0
29.266667	3.354005E+0	3.206994E+0
29.333333	3.309023E+0	3.190995E+0
29.400000	3.272415E+0	3.172577E+0
29.466667	3.243110E+0	3.158014E+0
29.533333	3.213577E+0	3.136214E+0
29.600000	3.158827E+0	3.074542E+0
29.666667	3.100489E+0	3.036661E+0
29.733333	3.042638E+0	2.933276E+0
29.800000	2.971681E+0	2.901947E+0
29.866667	2.892541E+0	2.809075E+0
29.933333	2.844986E+0	2.739760E+0
30.000000	2.811766E+0	2.651554E+0
30.066667	2.788316E+0	2.603446E+0
30.133333	2.774863E+0	2.564423E+0
30.200000	2.745492E+0	2.512986E+0
30.266667	2.744036E+0	2.539565E+0
30.333333	2.754276E+0	2.524753E+0
30.400000	2.783113E+0	2.461699E+0
30.466667	2.831408E+0	2.507259E+0
30.533333	2.904855E+0	2.538107E+0
30.600000	2.997502E+0	2.586087E+0
30.666667	3.116010E+0	2.669251E+0
30.733333	3.193498E+0	2.729713E+0
30.800000	3.269031E+0	2.781075E+0
30.866667	3.325359E+0	2.867478E+0
30.933333	3.395860E+0	2.948380E+0
31.000000	3.454821E+0	3.012066E+0
31.066667	3.522524E+0	3.064585E+0
31.133333	3.577940E+0	3.159299E+0
31.200000	3.639105E+0	3.252014E+0
31.266667	3.686971E+0	3.237007E+0
31.333333	3.726135E+0	3.307171E+0
31.400000	3.772815E+0	3.320689E+0
31.466667	3.822693E+0	3.378018E+0
31.533333	3.863098E+0	3.455704E+0
31.600000	3.888243E+0	3.481824E+0
31.666667	3.912672E+0	3.476917E+0
31.733333	3.946392E+0	3.475738E+0
31.800000	3.969940E+0	3.478781E+0
31.866667	4.002437E+0	3.520156E+0
31.933333	4.025431E+0	3.637707E+0
32.000000	4.045656E+0	3.697215E+0
32.066667	4.066012E+0	3.718353E+0
32.133333	4.068142E+0	3.720450E+0
32.200000	4.068578E+0	3.733525E+0
32.266667	4.090800E+0	3.738988E+0
32.333333	4.118955E+0	3.760788E+0
32.400000	4.114196E+0	3.771504E+0
32.466667	4.115161E+0	3.750117E+0
32.533333	4.130168E+0	3.748569E+0
32.600000	4.149180E+0	3.655697E+0
32.666667	4.154901E+0	3.644177E+0
32.733333	4.157363E+0	3.646281E+0
32.800000	4.165543E+0	3.652165E+0
32.866667	4.180620E+0	3.656643E+0
32.933333	4.206581E+0	3.676001E+0
33.000000	4.200318E+0	3.683260E+0
33.066667	4.197566E+0	3.678503E+0
33.133333	4.207620E+0	3.697425E+0
33.200000	4.227847E+0	3.708441E+0
33.266667	4.235089E+0	3.721840E+0
33.333333	4.229032E+0	3.724560E+0
33.400000	4.226589E+0	3.727739E+0
33.466667	4.247084E+0	3.728069E+0
33.533333	4.278285E+0	3.747991E+0
33.600000	4.296060E+0	3.765710E+0
33.666667	4.285063E+0	3.778898E+0
33.733333	4.280068E+0	3.789388E+0
33.800000	4.302492E+0	3.816268E+0
33.866667	4.305473E+0	3.815306E+0
33.933333	4.315029E+0	3.817358E+0
34.000000	4.300174E+0	3.807807E+0
34.066667	4.285563E+0	3.785135E+0
34.133333	4.267317E+0	3.789028E+0
34.200000	4.229419E+0	3.791620E+0
34.266667	4.183847E+0	3.779236E+0
34.333333	4.133165E+0	3.775321E+0
34.400000	4.086215E+0	3.747555E+0
34.466667	4.019531E+0	3.732518E+0
34.533333	3.910479E+0	3.708381E+0
34.600000	3.794289E+0	3.672552E+0
34.666667	3.718949E+0	3.616170E+0
34.733333	3.677250E+0	3.530331E+0
34.800000	3.653643E+0	3.513145E+0
34.866667	3.600753E+0	3.473536E+0
34.933333	3.530765E+0	3.453013E+0
35.000000	3.450890E+0	3.405281E+0
35.066667	3.411706E+0	3.425345E+0
35.133333	3.359462E+0	3.379258E+0
35.200000	3.300453E+0	3.314542E+0
35.266667	3.248706E+0	3.272731E+0
35.333333	3.226170E+0	3.220663E+0
35.400000	3.199624E+0	3.208790E+0
35.466667	3.170931E+0	3.184104E+0
35.533333	3.130438E+0	3.099844E+0
35.600000	3.104700E+0	3.080291E+0
35.666667	3.090864E+0	3.078946E+0
35.733333	3.097948E+0	3.068140E+0
35.800000	3.077300E+0	2.999066E+0
35.866667	3.055376E+0	2.957104E+0
35.933333	3.021064E+0	2.934643E+0
36.000000	2.980602E+0	2.901444E+0
36.066667	2.930872E+0	2.839141E+0
36.133333	2.876052E+0	2.810578E+0
36.200000	2.822581E+0	2.731915E+0
36.266667	2.777260E+0	2.605482E+0
36.333333	2.750791E+0	2.563288E+0
36.400000	2.739165E+0	2.509454E+0
36.466667	2.738969E+0	2.438629E+0
36.533333	2.756975E+0	2.463389E+0
36.600000	2.783688E+0	2.503262E+0
36.666667	2.807645E+0	2.485971E+0
36.733333	2.835205E+0	2.471152E+0
36.800000	2.852799E+0	2.484671E+0
36.866667	2.885414E+0	2.536829E+0
36.933333	2.934771E+0	2.582833E+0
37.000000	2.975428E+0	2.646985E+0
37.066667	3.019678E+0	2.702774E+0
37.133333	3.054960E+0	2.729165E+0
37.200000	3.086557E+0	2.768098E+0
37.266667	3.118460E+0	2.858934E+0
37.333333	3.156594E+0	2.902924E+0
37.400000	3.186850E+0	2.926062E+0
37.466667	3.232302E+0	2.966550E+0
37.533333	3.279943E+0	2.990942E+0
37.600000	3.322075E+0	3.064728E+0
37.666667	3.341851E+0	3.097559E+0
37.733333	3.369062E+0	3.105607E+0
37.800000	3.392758E+0	3.112220E+0
37.866667	3.404928E+0	3.139077E+0
37.933333	3.409500E+0	3.142489E+0
38.000000	3.419771E+0	3.140790E+0
38.066667	3.430576E+0	3.145337E+0
38.133333	3.433580E+0	3.156023E+0
38.200000	3.445585E+0	3.157014E+0
38.266667	3.452550E+0	3.170090E+0
38.333333	3.461630E+0	3.215591E+0
38.400000	3.466937E+0	3.238653E+0
38.466667	3.477409E+0	3.232769E+0
38.533333	3.489796E+0	3.257011E+0
38.600000	3.503236E+0	3.260926E+0
38.666667	3.513068E+0	3.287257E+0
38.733333	3.529106E+0	3.308283E+0
38.800000	3.553619E+0	3.294336E+0
38.866667	3.585226E+0	3.343661E+0
38.933333	3.609980E+0	3.332645E+0
39.000000	3.624912E+0	3.388786E+0
39.066667	3.630678E+0	3.408693E+0
39.133333	3.634304E+0	3.394234E+0
39.200000	3.627853E+0	3.404544E+0
39.266667	3.629801E+0	3.427486E+0
39.333333	3.630045E+0	3.416139E+0
39.400000	3.636635E+0	3.412367E+0
39.466667	3.649048E+0	3.413472E+0
39.533333	3.651335E+0	3.429996E+0
39.600000	3.640053E+0	3.458604E+0
39.666667	3.625839E+0	3.486679E+0
39.733333	3.629203E+0	3.510786E+0
39.800000	3.639226E+0	3.517917E+0
39.866667	3.636487E+0	3.500701E+0
39.933333	3.631442E+0	3.482403E+0
40.000000	3.609341E+0	3.476481E+0
40.066667	3.612844E+0	3.494772E+0
40.133333	3.614140E+0	3.496951E+0
40.200000	3.612124E+0	3.477045E+0
40.266667	3.599943E+0	3.492007E+0
40.333333	3.598950E+0	3.510462E+0
40.400000	3.596765E+0	3.498852E+0
40.466667	3.602047E+0	3.499919E+0
40.533333	3.607929E+0	3.507780E+0
40.600000	3.602288E+0	3.512709E+0
40.666667	3.607114E+0	3.525116E+0
40.733333	3.611357E+0	3.522253E+0
40.800000	3.629676E+0	3.523981E+0
40.866667	3.651071E+0	3.531781E+0
40.933333	3.668396E+0	3.545894E+0
41.000000	3.666371E+0	3.547509E+0
41.066667	3.661064E+0	3.548403E+0
41.133333	3.662826E+0	3.548877E+0
41.200000	3.666648E+0	3.545721E+0
41.266667	3.647684E+0	3.526303E+0
41.333333	3.609839E+0	3.546134E+0
41.400000	3.574326E+0	3.532826E+0
41.466667	3.584270E+0	3.508276E+0
41.533333	3.600608E+0	3.529925E+0
41.600000	3.593792E+0	3.547397E+0
41.666667	3.582780E+0	3.540686E+0
41.733333	3.589091E+0	3.546818E+0
41.800000	3.590543E+0	3.543609E+0
41.866667	3.565772E+0	3.536050E+0
41.933333	3.497963E+0	3.531653E+0
42.000000	3.388499E+0	3.418108E+0
42.066667	3.276173E+0	3.369421E+0
42.133333	3.219784E+0	3.312401E+0
42.200000	3.207878E+0	3.285258E+0
42.266667	3.226412E+0	3.289143E+0
42.333333	3.294002E+0	3.326626E+0
42.400000	3.357600E+0	3.372367E+0
42.466667	3.429916E+0	3.422264E+0
42.533333	3.473177E+0	3.414712E+0
42.600000	3.497779E+0	3.454058E+0
42.666667	3.526044E+0	3.510906E+0
42.733333	3.543931E+0	3.491721E+0
42.800000	3.545441E+0	3.502888E+0
42.866667	3.560575E+0	3.520043E+0
42.933333	3.599362E+0	3.563718E+0
43.000000	3.622425E+0	3.580874E+0
43.066667	3.635641E+0	3.568715E+0
43.133333	3.625504E+0	3.542647E+0
43.200000	3.618510E+0	3.538176E+0
43.266667	3.622375E+0	3.576884E+0
43.333333	3.627106E+0	3.576110E+0
43.400000	3.638678E+0	3.598834E+0
43.466667	3.652033E+0	3.611383E+0
43.533333	3.671497E+0	3.632544E+0
43.600000	3.686496E+0	3.621182E+0
43.666667	3.700990E+0	3.572277E+0
43.733333	3.698699E+0	3.562568E+0
43.800000	3.703613E+0	3.588298E+0
43.866667	3.709459E+0	3.606160E+0
43.933333	3.713512E+0	3.622745E+0
44.000000	3.703498E+0	3.603515E+0
44.066667	3.727684E+0	3.622595E+0
44.133333	3.732202E+0	3.638593E+0
44.200000	3.747253E+0	3.649595E+0
44.266667	3.779035E+0	3.648603E+0
44.333333	3.790365E+0	3.664353E+0
44.400000	3.809051E+0	3.687183E+0
44.466667	3.820177E+0	3.680848E+0
44.533333	3.837883E+0	3.684770E+0
44.600000	3.849699E+0	3.694472E+0
44.666667	3.863538E+0	3.688528E+0
44.733333	3.878089E+0	3.687160E+0
44.800000	3.894429E+0	3.698387E+0
44.866667	3.905297E+0	3.711162E+0
44.933333	3.903641E+0	3.717015E+0
45.000000	3.901650E+0	3.719721E+0
45.066667	3.899936E+0	3.727017E+0
45.133333	3.895631E+0	3.719833E+0
45.200000	3.886739E+0	3.708907E+0
45.266667	3.879359E+0	3.704466E+0
45.333333	3.869172E+0	3.710515E+0
45.400000	3.861649E+0	3.713393E+0
45.466667	3.850283E+0	3.706705E+0
45.533333	3.830723E+0	3.709448E+0
45.600000	3.816514E+0	3.718781E+0
45.666667	3.807482E+0	3.723260E+0
45.733333	3.798274E+0	3.714295E+0
45.800000	3.782994E+0	3.699153E+0
45.866667	3.755971E+0	3.688265E+0
45.933333	3.743401E+0	3.682148E+0
46.000000	3.737699E+0	3.678368E+0
46.066667	3.737998E+0	3.670853E+0
46.133333	3.735653E+0	3.647596E+0
46.200000	3.733985E+0	3.625826E+0
46.266667	3.734924E+0	3.641299E+0
46.333333	3.734272E+0	3.628163E+0
46.400000	3.732737E+0	3.630380E+0
46.466667	3.725206E+0	3.616373E+0
46.533333	3.725689E+0	3.610917E+0
46.600000	3.724733E+0	3.605529E+0
46.666667	3.717936E+0	3.584098E+0
46.733333	3.703159E+0	3.563801E+0
46.800000	3.696671E+0	3.564808E+0
46.866667	3.693875E+0	3.575869E+0
46.933333	3.689258E+0	3.581257E+0
47.000000	3.688527E+0	3.593852E+0
47.066667	3.695837E+0	3.593874E+0
47.133333	3.706977E+0	3.600307E+0
47.200000	3.714083E+0	3.612315E+0
47.266667	3.722577E+0	3.624654E+0
47.333333	3.738655E+0	3.622775E+0
47.400000	3.755397E+0	3.627863E+0
47.466667	3.775400E+0	3.639908E+0
47.533333	3.759993E+0	3.635167E+0
47.600000	3.705479E+0	3.619529E+0
47.666667	3.659065E+0	3.594137E+0
47.733333	3.640169E+0	3.587660E+0
47.800000	3.627910E+0	3.592296E+0
47.866667	3.591097E+0	3.571496E+0
47.933333	3.582120E+0	3.569715E+0
48.000000	3.609333E+0	3.585976E+0
48.066667	3.612799E+0	3.603200E+0
48.133333	3.612615E+0	3.595678E+0
48.200000	3.596302E+0	3.567904E+0
48.266667	3.567232E+0	3.551597E+0
48.333333	3.518108E+0	3.545465E+0
48.400000	3.434682E+0	3.507705E+0
48.466667	3.353486E+0	3.463271E+0
48.533333	3.323999E+0	3.441298E+0
48.600000	3.297376E+0	3.408805E+0
48.666667	3.267658E+0	3.370571E+0
48.733333	3.249762E+0	3.351935E+0
48.800000	3.224129E+0	3.306028E+0
48.866667	3.216335E+0	3.167249E+0
48.933333	3.205673E+0	3.096507E+0
49.000000	3.194215E+0	3.087332E+0
49.066667	3.174290E+0	3.074196E+0
49.133333	3.162166E+0	3.035774E+0
49.200000	3.135960E+0	3.011164E+0
49.266667	3.122825E+0	2.988402E+0
49.333333	3.093692E+0	2.977266E+0
49.400000	3.072668E+0	2.945081E+0
49.466667	3.045749E+0	2.921252E+0
49.533333	3.015138E+0	2.880305E+0
49.600000	2.979482E+0	2.867718E+0
49.666667	2.961731E+0	2.829702E+0
49.733333	2.947668E+0	2.764874E+0
49.800000	2.918742E+0	2.718689E+0
49.866667	2.906851E+0	2.740715E+0
49.933333	2.885522E+0	2.756631E+0
50.000000	2.863690E+0	2.698791E+0
50.066667	2.843286E+0	2.601612E+0
50.133333	2.831851E+0	2.525167E+0
50.200000	2.827398E+0	2.511295E+0
50.266667	2.828017E+0	2.519125E+0
50.333333	2.831951E+0	2.569112E+0
50.400000	2.832607E+0	2.652433E+0
50.466667	2.835805E+0	2.583187E+0
50.533333	2.833788E+0	2.548898E+0
50.600000	2.846446E+0	2.539925E+0
50.666667	2.846687E+0	2.544457E+0
50.733333	2.840849E+0	2.494740E+0
50.800000	2.833330E+0	2.423833E+0
50.866667	2.815166E+0	2.350551E+0
50.933333	2.800146E+0	2.309701E+0
51.000000	2.787620E+0	2.294852E+0
51.066667	2.775350E+0	2.273864E+0
51.133333	2.778589E+0	2.291756E+0
51.200000	2.771124E+0	2.319095E+0
51.266667	2.774152E+0	2.291719E+0
51.333333	2.769558E+0	2.325016E+0
51.400000	2.773565E+0	2.337280E+0
51.466667	2.773225E+0	2.355916E+0
51.533333	2.776995E+0	2.368728E+0
51.600000	2.776914E+0	2.353451E+0
51.666667	2.778199E+0	2.343254E+0
51.733333	2.781061E+0	2.330381E+0
51.800000	2.777274E+0	2.299203E+0
51.866667	2.764367E+0	2.246872E+0
51.933333	2.742595E+0	2.189942E+0
52.000000	2.723437E+0	2.113699E+0
52.066667	2.699264E+0	2.072301E+0
52.133333	2.687262E+0	2.019609E+0
52.200000	2.669066E+0	1.986101E+0
52.266667	2.666948E+0	1.969652E+0
52.333333	2.658554E+0	1.950339E+0
52.400000	2.652508E+0	1.928562E+0
52.466667	2.645609E+0	1.898925E+0
52.533333	2.648592E+0	1.916937E+0
52.600000	2.652712E+0	1.930095E+0
52.666667	2.639821E+0	1.893184E+0
52.733333	2.642995E+0	1.896678E+0
52.800000	2.641985E+0	1.942179E+0
52.866667	2.640261E+0	1.935821E+0
52.933333	2.640111E+0	1.920890E+0
53.000000	2.648923E+0	1.855799E+0
53.066667	2.654859E+0	1.799492E+0
53.133333	2.676738E+0	1.825898E+0
53.200000	2.718846E+0	1.874412E+0
53.266667	2.755482E+0	1.939714E+0
53.333333	2.793589E+0	1.994796E+0
53.400000	2.830087E+0	2.068476E+0
53.466667	2.873714E+0	2.130043E+0
53.533333	2.908400E+0	2.210276E+0
53.600000	2.943819E+0	2.253665E+0
53.666667	2.967341E+0	2.345253E+0
53.733333	2.998981E+0	2.431122E+0
53.800000	3.019995E+0	2.458257E+0
53.866667	3.039136E+0	2.493079E+0
53.933333	3.055726E+0	2.524130E+0
54.000000	3.076411E+0	2.567323E+0
54.066667	3.091230E+0	2.616363E+0
54.133333	3.113900E+0	2.663082E+0
54.200000	3.134145E+0	2.696957E+0
54.266667	3.148823E+0	2.724243E+0
54.333333	3.155747E+0	2.753497E+0
54.400000	3.170054E+0	2.763950E+0
54.466667	3.175578E+0	2.777175E+0
54.533333	3.183982E+0	2.764468E+0
54.600000	3.191499E+0	2.758359E+0
54.666667	3.192467E+0	2.754917E+0
54.733333	3.185334E+0	2.773350E+0
54.800000	3.178933E+0	2.784457E+0
54.866667	3.163736E+0	2.775244E+0
54.933333	3.142821E+0	2.762049E+0
55.000000	3.115058E+0	2.769946E+0
55.066667	3.095115E+0	2.774312E+0
55.133333	3.073708E+0	2.762988E+0
55.200000	3.060411E+0	2.714985E+0
55.266667	3.055470E+0	2.712505E+0
55.333333	3.051165E+0	2.699152E+0
55.400000	3.044354E+0	2.666298E+0
55.466667	3.038911E+0	2.694087E+0
55.533333	3.035212E+0	2.715781E+0
55.600000	3.028410E+0	2.701609E+0
55.666667	3.016088E+0	2.682326E+0
55.733333	3.014165E+0	2.668094E+0
55.800000	3.019012E+0	2.661887E+0
55.866667	3.021007E+0	2.658964E+0
55.933333	3.015044E+0	2.658257E+0
56.000000	3.000627E+0	2.637630E+0
56.066667	2.984762E+0	2.592490E+0
56.133333	2.955543E+0	2.582180E+0
56.200000	2.932528E+0	2.571254E+0
56.266667	2.916509E+0	2.536596E+0
56.333333	2.893702E+0	2.498520E+0
56.400000	2.847181E+0	2.383427E+0
56.466667	2.799192E+0	2.267477E+0
56.533333	2.746940E+0	2.165805E+0
56.600000	2.720844E+0	2.062149E+0
56.666667	2.686054E+0	1.937843E+0
56.733333	2.655515E+0	1.855543E+0
56.800000	2.637105E+0	1.797425E+0
56.866667	2.626104E+0	1.770861E+0
56.933333	2.612782E+0	1.774250E+0
57.000000	2.605081E+0	1.717658E+0
57.066667	2.597333E+0	1.655159E+0
57.133333	2.597052E+0	1.627536E+0
57.200000	2.592745E+0	1.585319E+0
57.266667	2.588627E+0	1.573288E+0
57.333333	2.587773E+0	1.582035E+0
57.400000	2.585638E+0	1.538391E+0
57.466667	2.584088E+0	1.553322E+0
57.533333	2.590033E+0	1.529831E+0
57.600000	2.599172E+0	1.549730E+0
57.666667	2.615477E+0	1.594457E+0
57.733333	2.624937E+0	1.600513E+0
57.800000	2.645803E+0	1.589850E+0
57.866667	2.681405E+0	1.666687E+0
57.933333	2.715227E+0	1.769892E+0
58.000000	2.760835E+0	1.771139E+0
58.066667	2.811131E+0	1.798770E+0
58.133333	2.869320E+0	1.895220E+0
58.200000	2.910418E+0	2.019699E+0
58.266667	2.966936E+0	2.119981E+0
58.333333	3.012890E+0	2.208179E+0
58.400000	3.061277E+0	2.281431E+0
58.466667	3.100643E+0	2.370975E+0
58.533333	3.134750E+0	2.423231E+0
58.600000	3.158027E+0	2.461871E+0
58.666667	3.210644E+0	2.566752E+0
58.733333	3.253680E+0	2.757885E+0
58.800000	3.294225E+0	2.697821E+0
58.866667	3.323505E+0	2.855725E+0
58.933333	3.347083E+0	2.934335E+0
59.000000	3.359464E+0	3.012351E+0
59.066667	3.361874E+0	3.024427E+0
59.133333	3.359672E+0	3.030484E+0
59.200000	3.339377E+0	2.948072E+0
59.266667	3.309880E+0	2.893005E+0
59.333333	3.278470E+0	2.836082E+0
59.400000	3.286770E+0	2.869469E+0
59.466667	3.317097E+0	2.924303E+0
59.533333	3.329479E+0	2.944698E+0
59.600000	3.313801E+0	2.881515E+0
59.666667	3.303831E+0	2.896492E+0
59.733333	3.287806E+0	2.890848E+0
59.800000	3.258881E+0	2.864690E+0
59.866667	3.224058E+0	2.831438E+0
59.933333	3.206691E+0	2.827395E+0
60.000000	3.188668E+0	2.786899E+0
60.066667	3.168394E+0	2.759366E+0
60.133333	3.144395E+0	2.726467E+0
60.200000	3.115321E+0	2.684250E+0
60.266667	3.085855E+0	2.685295E+0
60.333333	3.059932E+0	2.754076E+0
60.400000	3.036408E+0	2.761688E+0
60.466667	3.005073E+0	2.708650E+0
60.533333	2.965185E+0	2.679298E+0
60.600000	2.927787E+0	2.635886E+0
60.666667	2.897130E+0	2.557750E+0
60.733333	2.861420E+0	2.490224E+0
60.800000	2.831331E+0	2.373981E+0
60.866667	2.793671E+0	2.281995E+0
60.933333	2.758117E+0	2.139429E+0
61.000000	2.727455E+0	1.986530E+0
61.066667	2.701936E+0	1.947273E+0
61.133333	2.681187E+0	1.964038E+0
61.200000	2.665078E+0	1.944636E+0
61.266667	2.652818E+0	1.855017E+0
61.333333	2.643854E+0	1.850809E+0
61.400000	2.633935E+0	1.855956E+0
61.466667	2.626691E+0	1.831053E+0
61.533333	2.621453E+0	1.802926E+0
61.600000	2.616387E+0	1.797095E+0
61.666667	2.610470E+0	1.778609E+0
61.733333	2.606583E+0	1.731650E+0
61.800000	2.600778E+0	1.706461E+0
61.866667	2.600897E+0	1.716005E+0
61.933333	2.600593E+0	1.723061E+0
62.000000	2.599853E+0	1.726037E+0
62.066667	2.593376E+0	1.654258E+0
62.133333	2.593524E+0	1.611845E+0
62.200000	2.590564E+0	1.546401E+0
62.266667	2.587660E+0	1.473788E+0
62.333333	2.587475E+0	1.471781E+0
62.400000	2.591564E+0	1.501081E+0
62.466667	2.601570E+0	1.551639E+0
62.533333	2.620019E+0	1.619052E+0
62.600000	2.635129E+0	1.731545E+0
62.666667	2.650054E+0	1.778759E+0
62.733333	2.667767E+0	1.784959E+0
62.800000	2.682711E+0	1.739503E+0
62.866667	2.702548E+0	1.753488E+0
62.933333	2.713569E+0	1.780382E+0
63.000000	2.718761E+0	1.790008E+0
63.066667	2.726809E+0	1.800183E+0
63.133333	2.728001E+0	1.803888E+0
63.200000	2.737882E+0	1.825169E+0
63.266667	2.747671E+0	1.840146E+0
63.333333	2.753609E+0	1.863238E+0
63.400000	2.769489E+0	1.884046E+0
63.466667	2.788439E+0	1.915449E+0
63.533333	2.803847E+0	1.943155E+0
63.600000	2.812695E+0	1.972665E+0
63.666667	2.816357E+0	1.985117E+0
63.733333	2.824207E+0	1.943584E+0
63.800000	2.836677E+0	1.942103E+0
63.866667	2.839395E+0	1.950369E+0
63.933333	2.844634E+0	2.003212E+0
64.000000	2.850828E+0	2.014559E+0
64.066667	2.860486E+0	2.055874E+0
64.133333	2.869426E+0	2.050704E+0
64.200000	2.879484E+0	2.099263E+0
64.266667	2.889175E+0	2.105876E+0
64.333333	2.897955E+0	2.113383E+0
64.400000	2.908427E+0	2.154428E+0
64.466667	2.916423E+0	2.224373E+0
64.533333	2.916927E+0	2.236382E+0
64.600000	2.915707E+0	2.238373E+0
64.666667	2.908863E+0	2.237824E+0
64.733333	2.899860E+0	2.220721E+0
64.800000	2.895001E+0	2.200597E+0
64.866667	2.898571E+0	2.210329E+0
64.933333	2.899007E+0	2.216633E+0
65.000000	2.901075E+0	2.224080E+0
65.066667	2.896107E+0	2.236562E+0
65.133333	2.883600E+0	2.244001E+0
65.200000	2.860326E+0	2.216641E+0
65.266667	2.800130E+0	2.164873E+0
65.333333	2.731706E+0	2.071497E+0
65.400000	2.687489E+0	1.990144E+0
65.466667	2.651735E+0	1.898098E+0
65.533333	2.626149E+0	1.752826E+0
65.600000	2.609222E+0	1.629708E+0
65.666667	2.595858E+0	1.610929E+0
65.733333	2.585802E+0	1.541208E+0
65.800000	2.579785E+0	1.459285E+0
65.866667	2.576680E+0	1.402159E+0
65.933333	2.580316E+0	1.341667E+0
66.000000	2.580795E+0	1.349023E+0
66.066667	2.580725E+0	1.396839E+0
66.133333	2.580641E+0	1.435418E+0
66.200000	2.580956E+0	1.433472E+0
66.266667	2.582108E+0	1.409681E+0
66.333333	2.582820E+0	1.370312E+0
66.400000	2.584628E+0	1.365082E+0
66.466667	2.584419E+0	1.357545E+0
66.533333	2.583828E+0	1.368494E+0
66.600000	2.584603E+0	1.417985E+0
66.666667	2.587061E+0	1.428445E+0
66.733333	2.589500E+0	1.420479E+0
66.800000	2.590008E+0	1.374002E+0
66.866667	2.593255E+0	1.368343E+0
66.933333	2.597271E+0	1.387761E+0
67.000000	2.606391E+0	1.416579E+0
67.066667	2.615343E+0	1.432014E+0
67.133333	2.622275E+0	1.485270E+0
67.200000	2.628126E+0	1.496189E+0
67.266667	2.636614E+0	1.512262E+0
67.333333	2.645241E+0	1.521851E+0
67.400000	2.651810E+0	1.561175E+0
67.466667	2.657940E+0	1.569193E+0
67.533333	2.665792E+0	1.601964E+0
67.600000	2.675648E+0	1.622734E+0
67.666667	2.684082E+0	1.638425E+0
67.733333	2.691822E+0	1.633480E+0
67.800000	2.699586E+0	1.651207E+0
67.866667	2.707732E+0	1.714900E+0
67.933333	2.711865E+0	1.729306E+0
68.000000	2.715691E+0	1.756013E+0
68.066667	2.720438E+0	1.803971E+0
68.133333	2.729709E+0	1.819105E+0
68.200000	2.734580E+0	1.830452E+0
68.266667	2.736799E+0	1.841927E+0
68.333333	2.736742E+0	1.859631E+0
68.400000	2.742076E+0	1.881025E+0
68.466667	2.747727E+0	1.900150E+0
68.533333	2.748539E+0	1.905988E+0
68.600000	2.749504E+0	1.918019E+0
68.666667	2.750550E+0	1.910182E+0
68.733333	2.752482E+0	1.907927E+0
68.800000	2.752578E+0	1.919462E+0
68.866667	2.753615E+0	1.919943E+0
68.933333	2.750633E+0	1.908280E+0
69.000000	2.747415E+0	1.893364E+0
69.066667	2.743153E+0	1.874946E+0
69.133333	2.732810E+0	1.855122E+0
69.200000	2.720525E+0	1.842205E+0
69.266667	2.700219E+0	1.813942E+0
69.333333	2.684777E+0	1.774085E+0
69.400000	2.678943E+0	1.754156E+0
69.466667	2.672145E+0	1.758402E+0
69.533333	2.664478E+0	1.741667E+0
69.600000	2.658040E+0	1.731763E+0
69.666667	2.649477E+0	1.689200E+0
69.733333	2.638142E+0	1.658977E+0
69.800000	2.629553E+0	1.644421E+0
69.866667	2.616824E+0	1.602324E+0
69.933333	2.606850E+0	1.545251E+0
70.000000	2.599499E+0	1.459472E+0
70.066667	2.592218E+0	1.417301E+0
70.133333	2.589373E+0	1.384928E+0
70.200000	2.586094E+0	1.365863E+0
70.266667	2.584213E+0	1.332544E+0
70.333333	2.580370E+0	1.249838E+0
70.400000	2.581314E+0	1.176361E+0
70.466667	2.582639E+0	1.169493E+0
70.533333	2.581722E+0	1.193276E+0
70.600000	2.580462E+0	1.206291E+0
70.666667	2.580610E+0	1.225987E+0
70.733333	2.580693E+0	1.243631E+0
70.800000	2.580787E+0	1.250515E+0
70.866667	2.580697E+0	1.249455E+0
70.933333	2.580643E+0	1.248208E+0
71.000000	2.580660E+0	1.247479E+0
71.066667	2.580539E+0	1.253641E+0
71.133333	2.580674E+0	1.252919E+0
71.200000	2.580793E+0	1.246780E+0
71.266667	2.580847E+0	1.243939E+0
71.333333	2.581203E+0	1.226002E+0
71.400000	2.581666E+0	1.212266E+0
71.466667	2.583241E+0	1.086036E+0
71.533333	2.583168E+0	1.026663E+0
71.600000	2.585832E+0	1.062192E+0
71.666667	2.585746E+0	9.885567E-1
71.733333	2.584647E+0	9.577094E-1
71.800000	2.582462E+0	9.818838E-1
71.866667	2.585346E+0	1.030992E+0
71.933333	2.592576E+0	9.617147E-1
72.000000	2.585725E+0	8.814816E-1
72.066667	2.581928E+0	8.943015E-1
72.133333	2.580341E+0	9.011923E-1
72.200000	2.580295E+0	9.072866E-1
72.266667	2.580739E+0	9.098716E-1
72.333333	2.580704E+0	1.001166E+0
72.400000	2.580725E+0	1.021711E+0
72.466667	2.581520E+0	1.018818E+0
72.533333	2.584669E+0	1.091694E+0
72.600000	2.586709E+0	1.104319E+0
72.666667	2.598150E+0	1.109526E+0
72.733333	2.607575E+0	1.149940E+0
72.800000	2.620203E+0	1.175106E+0
72.866667	2.639552E+0	1.296534E+0
72.933333	2.654695E+0	1.343350E+0
73.000000	2.676558E+0	1.447126E+0
73.066667	2.701865E+0	1.513863E+0
73.133333	2.730739E+0	1.611357E+0
73.200000	2.754221E+0	1.723504E+0
73.266667	2.771909E+0	1.765098E+0
73.333333	2.781605E+0	1.773965E+0
73.400000	2.797010E+0	1.810944E+0
73.466667	2.812706E+0	1.838162E+0
73.533333	2.826169E+0	1.816332E+0
73.600000	2.839954E+0	1.847074E+0
73.666667	2.850837E+0	1.902780E+0
73.733333	2.864704E+0	1.949287E+0
73.800000	2.880355E+0	2.016655E+0
73.866667	2.896532E+0	2.074585E+0
73.933333	2.901389E+0	2.066462E+0
74.000000	2.916325E+0	2.092590E+0
74.066667	2.925261E+0	2.110866E+0
74.133333	2.930520E+0	2.151925E+0
74.200000	2.938602E+0	2.154721E+0
74.266667	2.948039E+0	2.158508E+0
74.333333	2.953661E+0	2.186147E+0
74.400000	2.961234E+0	2.223547E+0
74.466667	2.969013E+0	2.246594E+0
74.533333	2.974816E+0	2.263118E+0
74.600000	2.978892E+0	2.272294E+0
74.666667	2.983704E+0	2.282904E+0
74.733333	2.989992E+0	2.295025E+0
74.800000	2.994963E+0	2.299519E+0
74.866667	3.001551E+0	2.282619E+0
74.933333	3.010860E+0	2.304869E+0
75.000000	3.022159E+0	2.332448E+0
75.066667	3.030507E+0	2.344637E+0
75.133333	3.036343E+0	2.360117E+0
75.200000	3.039116E+0	2.356848E+0
75.266667	3.044069E+0	2.389446E+0
75.333333	3.049817E+0	2.422720E+0
75.400000	3.054025E+0	2.448090E+0
75.466667	3.059315E+0	2.398531E+0
75.533333	3.064805E+0	2.408300E+0
75.600000	3.071822E+0	2.471062E+0
75.666667	3.081597E+0	2.485129E+0
75.733333	3.092988E+0	2.514496E+0
75.800000	3.099560E+0	2.562033E+0
75.866667	3.102230E+0	2.548289E+0
75.933333	3.105615E+0	2.526707E+0
76.000000	3.109884E+0	2.544269E+0
76.066667	3.110940E+0	2.530487E+0
76.133333	3.113988E+0	2.526910E+0
76.200000	3.118772E+0	2.548281E+0
76.266667	3.119293E+0	2.542721E+0
76.333333	3.118520E+0	2.544171E+0
76.400000	3.118380E+0	2.571569E+0
76.466667	3.118264E+0	2.567316E+0
76.533333	3.122525E+0	2.582420E+0
76.600000	3.123819E+0	2.607188E+0
76.666667	3.128766E+0	2.620166E+0
76.733333	3.134768E+0	2.625088E+0
76.800000	3.131565E+0	2.624344E+0
76.866667	3.129480E+0	2.644904E+0
76.933333	3.127380E+0	2.668680E+0
77.000000	3.130980E+0	2.666463E+0
77.066667	3.135095E+0	2.686324E+0
77.133333	3.131758E+0	2.711693E+0
77.200000	3.133085E+0	2.722514E+0
77.266667	3.135435E+0	2.714917E+0
77.333333	3.137089E+0	2.707583E+0
77.400000	3.135722E+0	2.707778E+0
77.466667	3.134456E+0	2.689533E+0
77.533333	3.132810E+0	2.681357E+0
77.600000	3.130465E+0	2.676300E+0
77.666667	3.127151E+0	2.658731E+0
77.733333	3.123742E+0	2.660204E+0
77.800000	3.117701E+0	2.676653E+0
77.866667	3.110724E+0	2.666846E+0
77.933333	3.098810E+0	2.741767E+0
78.000000	3.087367E+0	2.623066E+0
78.066667	3.081868E+0	2.598013E+0
78.133333	3.073133E+0	2.615364E+0
78.200000	3.069057E+0	2.622247E+0
78.266667	3.057824E+0	2.606572E+0
78.333333	3.045575E+0	2.568548E+0
78.400000	3.040692E+0	2.548417E+0
78.466667	3.030892E+0	2.564611E+0
78.533333	3.013707E+0	2.543074E+0
78.600000	2.985338E+0	2.504487E+0
78.666667	2.937777E+0	2.471159E+0
78.733333	2.886389E+0	2.410344E+0
78.800000	2.824497E+0	2.340286E+0
78.866667	2.800067E+0	2.326842E+0
78.933333	2.779489E+0	2.308056E+0
79.000000	2.765938E+0	2.221029E+0
79.066667	2.755477E+0	2.185748E+0
79.133333	2.749279E+0	2.153879E+0
79.200000	2.738948E+0	2.143276E+0
79.266667	2.732270E+0	2.083377E+0
79.333333	2.721510E+0	2.070881E+0
79.400000	2.709988E+0	2.050689E+0
79.466667	2.701569E+0	2.039537E+0
79.533333	2.697941E+0	1.995156E+0
79.600000	2.688787E+0	1.969682E+0
79.666667	2.677943E+0	2.023599E+0
79.733333	2.670626E+0	1.993736E+0
79.800000	2.662324E+0	1.959552E+0
79.866667	2.652712E+0	1.924602E+0
79.933333	2.643339E+0	1.895648E+0
80.000000	2.630825E+0	1.855686E+0
80.066667	2.622056E+0	1.818496E+0
80.133333	2.613442E+0	1.785492E+0
80.200000	2.609999E+0	1.757065E+0
80.266667	2.606035E+0	1.652620E+0
80.333333	2.601499E+0	1.601896E+0
80.400000	2.596683E+0	1.579247E+0
80.466667	2.593734E+0	1.547168E+0
80.533333	2.591928E+0	1.498165E+0
80.600000	2.590714E+0	1.487359E+0
80.666667	2.593207E+0	1.498593E+0
80.733333	2.591818E+0	1.498481E+0
80.800000	2.591786E+0	1.519431E+0
80.866667	2.588900E+0	1.499548E+0
80.933333	2.585119E+0	1.428031E+0
81.000000	2.583415E+0	1.405631E+0
81.066667	2.582716E+0	1.343297E+0
81.133333	2.584701E+0	1.338202E+0
81.200000	2.584247E+0	1.340374E+0
81.266667	2.584309E+0	1.283947E+0
81.333333	2.582932E+0	1.259247E+0
81.400000	2.583051E+0	1.302734E+0
81.466667	2.583863E+0	1.305288E+0
81.533333	2.585134E+0	1.262275E+0
81.600000	2.585642E+0	1.208644E+0
81.666667	2.585838E+0	1.240716E+0
81.733333	2.585988E+0	1.331206E+0
81.800000	2.586525E+0	1.316951E+0
81.866667	2.587681E+0	1.306724E+0
81.933333	2.588419E+0	1.256609E+0
82.000000	2.587133E+0	1.273382E+0
82.066667	2.586329E+0	1.330763E+0
82.133333	2.585942E+0	1.337819E+0
82.200000	2.585475E+0	1.327133E+0
82.266667	2.586105E+0	1.326389E+0
82.333333	2.583911E+0	1.340201E+0
82.400000	2.584209E+0	1.285405E+0
82.466667	2.584263E+0	1.251912E+0
82.533333	2.585707E+0	1.251664E+0
82.600000	2.586621E+0	1.237965E+0
82.666667	2.584980E+0	1.264266E+0
82.733333	2.583815E+0	1.278409E+0
82.800000	2.583993E+0	1.283774E+0
82.866667	2.582707E+0	1.256737E+0
82.933333	2.582455E+0	1.233847E+0
83.000000	2.580833E+0	1.214986E+0
83.066667	2.580527E+0	1.205367E+0
83.133333	2.580506E+0	1.213483E+0
83.200000	2.580385E+0	1.225566E+0
83.266667	2.580387E+0	1.232630E+0
83.333333	2.580693E+0	1.228655E+0
83.400000	2.580702E+0	1.222748E+0
83.466667	2.580770E+0	1.213070E+0
83.533333	2.580631E+0	1.215001E+0
83.600000	2.580560E+0	1.210500E+0
83.666667	2.580568E+0	1.204886E+0
83.733333	2.580577E+0	1.196635E+0
83.800000	2.580560E+0	1.191443E+0
83.866667	2.580497E+0	1.198131E+0
83.933333	2.580583E+0	1.197785E+0
84.000000	2.580512E+0	1.194599E+0
84.066667	2.580522E+0	1.192540E+0
84.133333	2.580637E+0	1.194186E+0
84.200000	2.580641E+0	1.190481E+0
84.266667	2.580348E+0	1.181133E+0
84.333333	2.580348E+0	1.183252E+0
84.400000	2.580581E+0	1.180532E+0
84.466667	2.580549E+0	1.169380E+0
84.533333	2.580583E+0	1.157462E+0
84.600000	2.580562E+0	1.153742E+0
84.666667	2.580491E+0	1.150624E+0
84.733333	2.580437E+0	1.158048E+0
84.800000	2.580452E+0	1.156718E+0
84.866667	2.580591E+0	1.150488E+0
84.933333	2.580358E+0	1.135316E+0
85.000000	2.580502E+0	1.136451E+0
85.066667	2.580470E+0	1.136098E+0
85.133333	2.580379E+0	1.124075E+0
85.200000	2.580560E+0	1.120265E+0
85.266667	2.580266E+0	1.107986E+0
85.333333	2.580414E+0	1.103718E+0
85.400000	2.580447E+0	1.099532E+0
85.466667	2.580452E+0	1.091356E+0
85.533333	2.580554E+0	1.087742E+0
85.600000	2.580522E+0	1.077499E+0
85.666667	2.580487E+0	1.077469E+0
85.733333	2.580368E+0	1.078611E+0
85.800000	2.580597E+0	1.063026E+0
85.866667	2.580550E+0	1.042624E+0
85.933333	2.580406E+0	1.043984E+0
86.000000	2.580312E+0	1.039806E+0
86.066667	2.580268E+0	1.035237E+0
86.133333	2.580312E+0	1.032615E+0
86.200000	2.580408E+0	1.031743E+0
86.266667	2.580239E+0	1.028128E+0
86.333333	2.580308E+0	1.024176E+0
86.400000	2.580302E+0	1.019682E+0
86.466667	2.580314E+0	1.029173E+0
86.533333	2.580499E+0	1.028715E+0
86.600000	2.580654E+0	1.031427E+0
86.666667	2.580450E+0	1.024649E+0
86.733333	2.580502E+0	1.020291E+0
86.800000	2.580487E+0	1.027009E+0
86.866667	2.580447E+0	1.030218E+0
86.933333	2.580420E+0	1.036319E+0
87.000000	2.580493E+0	1.045998E+0
87.066667	2.580541E+0	1.029722E+0
87.133333	2.580433E+0	1.033336E+0
87.200000	2.580385E+0	1.020847E+0
87.266667	2.580479E+0	1.016902E+0
87.333333	2.580410E+0	1.015489E+0
87.400000	2.580362E+0	1.023522E+0
87.466667	2.580458E+0	1.017691E+0
87.533333	2.580385E+0	1.016105E+0
87.600000	2.580270E+0	1.009673E+0
87.666667	2.580279E+0	1.009628E+0
87.733333	2.580200E+0	1.004999E+0
87.800000	2.580133E+0	9.996858E-1
87.866667	2.580183E+0	1.005322E+0
87.933333	2.580312E+0	1.004999E+0
88.000000	2.580189E+0	1.006637E+0
88.066667	2.580298E+0	9.906533E-1
88.133333	2.580310E+0	9.826428E-1
88.200000	2.580270E+0	9.957782E-1
88.266667	2.580272E+0	1.006163E+0
88.333333	2.580239E+0	1.008703E+0
88.400000	2.580270E+0	1.010462E+0
88.466667	2.580435E+0	1.011844E+0
88.533333	2.580258E+0	1.019502E+0
88.600000	2.580370E+0	1.022665E+0
88.666667	2.580220E+0	1.017563E+0
88.733333	2.580154E+0	1.018044E+0
88.800000	2.580266E+0	1.026904E+0
88.866667	2.580139E+0	1.035838E+0
88.933333	2.580314E+0	1.036951E+0
89.000000	2.580200E+0	1.037965E+0
89.066667	2.581353E+0	1.027189E+0
89.133333	2.591124E+0	8.948726E-1
89.200000	2.599133E+0	7.523286E-1
89.266667	2.602255E+0	7.759544E-1
89.333333	2.604765E+0	7.998508E-1
89.400000	2.605533E+0	8.062757E-1
89.466667	2.610013E+0	7.769013E-1
89.533333	2.613098E+0	7.859037E-1
89.600000	2.615466E+0	8.163002E-1
89.666667	2.619063E+0	8.777318E-1
89.733333	2.623085E+0	9.614742E-1
89.800000	2.629103E+0	9.819665E-1
89.866667	2.633691E+0	1.002534E+0
89.933333	2.634393E+0	1.066535E+0
90.000000	2.636818E+0	1.109977E+0
90.066667	2.642027E+0	1.167667E+0
90.133333	2.647303E+0	1.202421E+0
90.200000	2.653418E+0	1.223199E+0
90.266667	2.657303E+0	1.168959E+0
90.333333	2.662918E+0	1.124360E+0
90.400000	2.666502E+0	1.178916E+0
90.466667	2.665063E+0	1.168741E+0
90.533333	2.676004E+0	1.263537E+0
90.600000	2.675192E+0	1.286705E+0
90.666667	2.669391E+0	1.275846E+0
90.733333	2.674071E+0	1.260261E+0
90.800000	2.677944E+0	1.284992E+0
90.866667	2.681726E+0	1.292919E+0
90.933333	2.685704E+0	1.270135E+0
91.000000	2.689760E+0	1.385401E+0
91.066667	2.700107E+0	1.594066E+0
91.133333	2.707285E+0	1.577910E+0
91.200000	2.715293E+0	1.604316E+0
91.266667	2.715685E+0	1.661757E+0
91.333333	2.716193E+0	1.658210E+0
91.400000	2.721767E+0	1.706845E+0
91.466667	2.730211E+0	1.722873E+0
91.533333	2.739679E+0	1.736369E+0
91.600000	2.751462E+0	1.800596E+0
91.666667	2.749214E+0	1.802686E+0
91.733333	2.749871E+0	1.763272E+0
91.800000	2.749431E+0	1.735836E+0
91.866667	2.751376E+0	1.728133E+0
91.933333	2.756136E+0	1.756261E+0
92.000000	2.760414E+0	1.766706E+0
92.066667	2.767579E+0	1.798853E+0
92.133333	2.772801E+0	1.814002E+0
92.200000	2.771295E+0	1.823591E+0
92.266667	2.773923E+0	1.843986E+0
92.333333	2.778762E+0	1.855753E+0
92.400000	2.789545E+0	1.908491E+0
92.466667	2.799930E+0	1.913473E+0
92.533333	2.805793E+0	1.917598E+0
92.600000	2.810594E+0	1.929960E+0
92.666667	2.814055E+0	1.956915E+0
92.733333	2.819998E+0	2.012380E+0
92.800000	2.831553E+0	2.024628E+0
92.866667	2.830891E+0	2.048502E+0
92.933333	2.831289E+0	2.047120E+0
93.000000	2.829416E+0	2.047691E+0
93.066667	2.834469E+0	2.068964E+0
93.133333	2.840135E+0	2.079485E+0
93.200000	2.847162E+0	2.081536E+0
93.266667	2.857481E+0	2.086316E+0
93.333333	2.876666E+0	2.171967E+0
93.400000	2.893999E+0	2.244422E+0
93.466667	2.907625E+0	2.282694E+0
93.533333	2.915665E+0	2.238659E+0
93.600000	2.932059E+0	2.207353E+0
93.666667	2.947104E+0	2.302006E+0
93.733333	2.966337E+0	2.264629E+0
93.800000	2.977688E+0	2.249622E+0
93.866667	2.989196E+0	2.217926E+0
93.933333	3.001316E+0	2.243160E+0
94.000000	3.005117E+0	2.208766E+0
94.066667	3.008094E+0	2.194495E+0
94.133333	3.010329E+0	2.203641E+0
94.200000	3.013686E+0	2.248044E+0
94.266667	3.013320E+0	2.240898E+0
94.333333	3.006894E+0	2.236983E+0
94.400000	3.007129E+0	2.270498E+0
94.466667	3.006332E+0	2.288600E+0
94.533333	3.011726E+0	2.325489E+0
94.600000	3.023617E+0	2.336491E+0
94.666667	3.032996E+0	2.352489E+0
94.733333	3.041682E+0	2.406835E+0
94.800000	3.046301E+0	2.419497E+0
94.866667	3.049169E+0	2.446827E+0
94.933333	3.042063E+0	2.453350E+0
95.000000	3.032240E+0	2.456859E+0
95.066667	3.024715E+0	2.448338E+0
95.133333	3.025794E+0	2.440680E+0
95.200000	3.025271E+0	2.429626E+0
95.266667	3.018279E+0	2.412456E+0
95.333333	3.015075E+0	2.398862E+0
95.400000	3.009252E+0	2.383795E+0
95.466667	3.003482E+0	2.414515E+0
95.533333	2.999164E+0	2.381916E+0
95.600000	2.999708E+0	2.408646E+0
95.666667	2.998946E+0	2.403972E+0
95.733333	2.998008E+0	2.408743E+0
95.800000	3.005567E+0	2.406098E+0
95.866667	3.010374E+0	2.415807E+0
95.933333	3.006113E+0	2.429544E+0
96.000000	2.996390E+0	2.421834E+0
96.066667	2.989731E+0	2.430814E+0
96.133333	2.992022E+0	2.446294E+0
96.200000	2.998765E+0	2.457333E+0
96.266667	3.005730E+0	2.452433E+0
96.333333	3.006671E+0	2.449615E+0
96.400000	3.011774E+0	2.462255E+0
96.466667	3.018177E+0	2.478261E+0
96.533333	3.025587E+0	2.474218E+0
96.600000	3.028695E+0	2.468289E+0
96.666667	3.036699E+0	2.462375E+0
96.733333	3.050721E+0	2.473203E+0
96.800000	3.062420E+0	2.479598E+0
96.866667	3.068709E+0	2.508003E+0
96.933333	3.069854E+0	2.522597E+0
97.000000	3.070115E+0	2.528578E+0
97.066667	3.073582E+0	2.538174E+0
97.133333	3.075174E+0	2.554609E+0
97.200000	3.066488E+0	2.556360E+0
97.266667	3.066842E+0	2.554864E+0
97.333333	3.069958E+0	2.548913E+0
97.400000	3.072458E+0	2.555458E+0
97.466667	3.074899E+0	2.562431E+0
97.533333	3.081793E+0	2.564798E+0
97.600000	3.090529E+0	2.579820E+0
97.666667	3.090177E+0	2.588116E+0
97.733333	3.092197E+0	2.593339E+0
97.800000	3.092878E+0	2.597945E+0
97.866667	3.086836E+0	2.600388E+0
97.933333	3.086461E+0	2.605054E+0
98.000000	3.091674E+0	2.614943E+0
98.066667	3.093467E+0	2.625772E+0
98.133333	3.095690E+0	2.631363E+0
98.200000	3.096027E+0	2.628545E+0
98.266667	3.090993E+0	2.641830E+0
98.333333	3.087371E+0	2.653974E+0
98.400000	3.088902E+0	2.665554E+0
98.466667	3.092272E+0	2.658250E+0
98.533333	3.095330E+0	2.669927E+0
98.600000	3.090324E+0	2.672092E+0
98.666667	3.096159E+0	2.667463E+0
98.733333	3.095078E+0	2.667921E+0
98.800000	3.095244E+0	2.681297E+0
98.866667	3.093180E+0	2.682432E+0
98.933333	3.091289E+0	2.679809E+0
99.000000	3.089250E+0	2.683484E+0
99.066667	3.082605E+0	2.680245E+0
99.133333	3.083207E+0	2.685888E+0
99.200000	3.083905E+0	2.684107E+0
99.266667	3.080254E+0	2.673076E+0
99.333333	3.078477E+0	2.684506E+0
99.400000	3.075267E+0	2.675067E+0
99.466667	3.072333E+0	2.666967E+0
99.533333	3.067076E+0	2.669371E+0
99.600000	3.059123E+0	2.670589E+0
99.666667	3.046106E+0	2.655567E+0
99.733333	3.030209E+0	2.632377E+0
99.800000	3.023811E+0	2.622691E+0
99.866667	3.020974E+0	2.611013E+0
99.933333	3.008029E+0	2.584442E+0
100.000000	2.998827E+0	2.580233E+0

